1269766083327725568
1269766097903005701
1269766099240804353
1269766291449053194
1269766413511786497
1269766497615912960
1269766526925750272
1269766625789480962
1269766841993498629
1269766875589697536
1269766946326806539
1269766968929849345
1269766996666638336
1269767097330040838
1269767240041271300
1269767294424616962
1269767298325327873
1269767338175467521
1269767488117657602
1269767593302339586
1269767597110648832
1269767661032013825
1269767668996935683
1269767785774829572
1269767789633581056
1269767877567164417
1269767914338480130
1269768032626315265
1269768057129443329
1269768111722463232
1269768203565248518
1269768268367065089
1269768280346177547
1269768309337206788
1269768309970472961
1269768691056599040
1269768782479679493
1269768833918816259
1269768871290028033
1269768877149487111
1269769051670286341
1269769169312104448
1269769193982791680
1269769322211278849
1269769349335642112
1269769482995527681
1269769505804374021
1269769526847176704
1269769543448006656
1269769673329049600
1269769677279858688
1269769689477111818
1269769693541232640
1269769874890469381
1269769995505922048
1269770112833327107
1269770143535685632
1269770280278192128
1269770284447330304
1269770398134124545
1269770433429151746
1269770456820781058
1269770481634181120
1269770637406502913
1269770638060777472
1269770708416180229
1269770779492790272
1269770915388297216
1269771017607688194
1269771032510029825
1269771107017486336
1269771250424877056
1269771476347084805
1269771493132640259
1269771520068382720
1269771925896781825
1269771957849010177
1269771979634159619
1269771983954350083
1269772034701213699
1269772115583987712
1269772167593578508
1269772860958167040
1269772942881304579
1269772983008198658
1269772992378212352
1269773363364466691
1269773368770920449
1269773382943494147
1269773460156407810
1269773472718303232
1269773487079665667
1269773560412803073
1269773611021340673
1269773707490111489
1269773817188167682
1269773846871248896
1269773917692071937
1269774001993322497
1269774063574102016
1269774110663471104
1269774185481543681
1269774186127425536
1269774214405541888
1269774214875185152
1269774308429172738
1269774316335325184
1269774349482917889
1269774358282743811
1269774378280972288
1269774433016664066
1269774441095008257
1269774449320083456
1269774454063652864
1269774503829295104
1269774721232646145
1269774798110044160
1269774865516474368
1269774894025388032
1269774937423740929
1269774948790202369
1269775140566429697
1269775319101313024
1269775382716301312
1269775670080679942
1269775797818200066
1269775825185972224
1269775907771879424
1269775922682638336
1269775936309923845
1269775943431622656
1269775976160022528
1269776277483008005
1269776341768929280
1269776348169584641
1269776495469182976
1269776640072007680
1269776770179280896
1269776829189062657
1269776853730045953
1269776966321876998
1269776976128114688
1269777016146087937
1269777159272398848
1269777163894624258
1269777223512231936
1269777268525527040
1269777347684659200
1269777386658246656
1269777446817001472
1269777612471238656
1269777659304820736
1269777742293110784
1269778035655524352
1269778056778047491
1269778064994496513
1269778451701121025
1269778618479149056
1269778732975177729
1269778913523367939
1269778932326424578
1269779021648314369
1269779030040915969
1269779243648512001
1269779576324075520
1269779583580110856
1269779605264703488
1269779642690330624
1269779684725833728
1269779844616736768
1269779877726691330
1269779911369203712
1269779952637022208
1269780003912384517
1269780029392723969
1269780186280624128
1269780205301874689
1269780217943461889
1269780271215321090
1269780501792845825
1269780569933692934
1269780616104611841
1269780721796874241
1269780725315915777
1269780771532951553
1269780947336966145
1269780960133947393
1269780972289089537
1269781001166819329
1269781089645735936