1267576697286729728
1267576759555362817
1267576760293625868
1267576965898407936
1267577091404505094
1267577179937943553
1267577326193311746
1267577654355451904
1267577880353128449
1267578070493548546
1267578311766683652
1267578459364229121
1267578708824653826
1267578852764798978
1267579205337837569
1267579257708052480
1267579319204765696
1267579337722773504
1267579339480145921
1267579356714582018
1267579541167517698
1267579675418779650
1267579683958394881
1267579806440292352
1267579918705217536
1267579981137358861
1267580093829791744
1267580161572179970
1267580291666894848
1267580359501381633
1267580586731978754
1267580837219823617
1267581042434740224
1267581268880961537
1267581449454018561
1267581457914085377
1267581692920938496
1267581744473149443
1267581856171429892
1267581919501352960
1267581919589314561
1267581923204968448
1267582397702213632
1267582489133846529
1267582544020533248
1267582703194517504
1267582761423929344
1267582829673590786
1267582842609061889
1267582950754807810
1267582985034969089
1267583118610968580
1267583146821910530
1267583231781507072
1267583240631652352
1267583312287105025
1267583437965160448
1267583625949786114
1267583680878280705
1267583807047294978
1267583898751508484
1267583900592848897
1267583940614860811
1267583945518055424
1267584088061313025
1267584194558885888
1267584209616621568
1267584297524813824
1267584389963227136
1267584557693485058
1267584562072375298
1267584565411033089
1267584704603058177
1267584925877878786
1267584957972713472
1267584977404866560
1267585052235321344
1267585065057308673
1267585075572387840
1267585090453995522
1267585157948739587
1267585404422651904
1267585597352185856
1267585694341320705
1267585723311538178
1267586024424607746
1267586079500013568
1267586085535678466
1267586171909087232
1267586297931186177
1267586394777501696
1267586641155313671
1267586710390689793
1267586735787192323
1267586927584305154
1267587040889253890
1267587204504629249
1267587258493710336
1267587313053376518
1267587724514603013
1267587740956266497
1267587742793424899
1267587915951026181
1267588006447374336
1267588269081952259
1267588445985275904
1267588734385446912
1267588735153168384
1267588765477994521
1267588936299249664
1267589298259464194
1267589334393335811
1267589460105011201
1267589460511854594
1267589469210886149
1267589494150172672
1267589519693492225
1267589586194067456
1267589745825050625
1267589792616910852
1267589841291599872
1267589993645703168
1267590068522283008
1267590390867247104
1267590596371320834
1267590685437259776
1267590689245876225
1267590712440360971
1267590781604372482
1267590796083105792
1267590811341946881
1267590991147675648
1267591054381010945
1267591255279755264
1267591281015844867
1267591339832750080
1267591369037619201
1267591414793277441
1267591509735542787
1267591641398820865