1276953447363866624
1276953448601223175
1276953450425835523
1276953458482921472
1276953467429556226
1276953474668920832
1276953478980464641
1276953483829182465
1276953485666398210
1276953495715885058
1276953525503877120
1276953559309799430
1276953579463548928
1276953591841009665
1276953592839245825
1276953605472284672
1276953612611182594
1276953616717398016
1276953618290298881
1276953643288125440
1276953684891652097
1276953693712265222
1276953694563528706
1276953705661763584
1276953710615281664
1276953730303156224
1276953748561186817
1276953756366766080
1276953778621755394
1276953808120274946
1276953823093813253
1276953823261724673
1276953839674044418
1276953861064921088
1276953881432506370
1276953885752598528
1276953889875484672
1276953902810873857
1276953924013096968
1276953970402045957
1276953982792065024
1276953987053469701
1276953987393089542
1276954003268669440
1276954007701843969
1276954022201589761
1276954024973983744
1276954030124621825
1276954045471690753
1276954079420395523
1276954082809466880
1276954100978999296
1276954108058976256
1276954146105511937
1276954146411667456
1276954150404648960
1276954150794866688
1276954162052333570
1276954217312325634
1276954242041950211
1276954250371874816
1276954262728253440
1276954317954654208
1276954330713620480
1276954330734776321
1276954339450519557
1276954342772203520
1276954347864240128
1276954367644573698
1276954368059695104
1276954376368607232
1276954376586891267
1276954393464668161
1276954427178524673
1276954439321096194
1276954440898154496
1276954444463329281
1276954454143598594
1276954481322844162
1276954515044999169
1276954519092559872
1276954523710500867
1276954561425469440
1276954578081046528
1276954586297896965
1276954598935105536
1276954612138901504
1276954637258698752
1276954658301493249
1276954712424755202
1276954725192171521
1276954727406874624
1276954737926160385
1276954741856260098
1276954742053363715
1276954750366277632
1276954750466973696
1276954783245426690
1276954808977625090
1276954817840050177
1276954838014865408
1276954861276483585
1276954895132897281
1276954913998802945
1276954934135701506
1276954945229672448
1276954947452637191
1276954947515342850
1276954951739150338
1276954968205991936
1276954980843507714
1276954997532635140
1276954998127996928
1276955014460608512
1276955039483916288
1276955056169013249
1276955060145192965
1276955060648513538
1276955115526684674
1276955127333740546
1276955127971287044
1276955140587687937
1276955157574455296
1276955157922828293
1276955178089033728
1276955181389922305
1276955190269145088
1276955203254857729
1276955274885111808
1276955311673229312
1276955357877694465
1276955388135575556
1276955400353378304
1276955400605257729
1276955412949020672
1276955422868439040
1276955492145758211
1276955496465879040
1276955496776454146
1276955525654155264
1276955536735559680
1276955547128881152
1276955584533868545
1276955596726718472
1276955597557006336
1276955601885675526
1276955606864343042
1276955643203784704
1276955689425002496
1276955694625890305
1276955773969498113
1276955804923551744
1276955816122171392
1276955823705427968
1276955836129124353
1276955899438018560
1276955932795101184
1276955947215314946
1276955955700342784
1276955969881346051
1276955989850365953
1276956004660346880
1276956007940448258
1276956008867418113
1276956025728331776
1276956033139736576
1276956071513460736
1276956083576279040
1276956100923973632
1276956104438808580
1276956159472275462
1276956163167391748
1276956178057052163
1276956247162449920
1276956255882338304
1276956267076939776
1276956269040013314
1276956306059005953
1276956310513254400
1276956342129881088
1276956373004234753
1276956386358775808
1276956398568562690
1276956399478517761
1276956410773790720
1276956414670278658
1276956428117454848
1276956436380164096
1276956461143412737
1276956471125848065
1276956474120364032
1276956508190846976
1276956528944320513
1276956532555632642
1276956553749250048
1276956590961315844
1276956607553945612
1276956614638043137
1276956637794721792
1276956646820864000
1276956653573885952
1276956704391995398
1276956714038964224
1276956715070754817
1276956716521881600
1276956726005129216
1276956813347479553
1276956838525726720
1276956839435997184
1276956844401946624
1276956855323856896
1276956872268890113
1276956885439131648
1276956893081206785
1276956914383876098
1276956918704209921
1276956921887514629
1276956997733306370
1276957027277787136
1276957048819744768
1276957079442345984
1276957086522306561
1276957103228252160
1276957162577764355
1276957166063226880
1276957188863545345
1276957203744690177
1276957207922454536
1276957211957309440
1276957236754071554
1276957251614281729
1276957262494552064
1276957275513434112
1276957286859255810
1276957317536219137
1276957321265061891
1276957343712980993
1276957363715502085
1276957369851883523
1276957387337973762
1276957392723341312
1276957402156486656
1276957404417134592
1276957409655824384
1276957446788055042
1276957461568618496
1276957463611351042
1276957464362188802
1276957476970168325
1276957488663990272
1276957501469032448
1276957516547518464
1276957551863771138
1276957576643710976
1276957576916348930
1276957577578983430
1276957613750726662
1276957630389465088
1276957635384938504
1276957635967963136
1276957661490286594
1276957674299678720
1276957682327367683
1276957711654060032
1276957717056413696
1276957727626010624
1276957736895500288
1276957761197297673
1276957786044317696
1276957791505301504
1276957820919910400
1276957837013336064
1276957845989330950
1276957849533308928
1276957856147869696
1276957873952546816
1276957874040778752
1276957879216607232
1276957912519323649
1276957912859136002
1276957919787905024
1276957929091084288
1276957984334262274
1276958002403311619
1276958038478422017
1276958057180934145
1276958059231940609
1276958060028628992
1276958063786745857
1276958076298551306
1276958088403156992
1276958110205304832
1276958139146014723
1276958142815969281
1276958143474524162
1276958156300509184
1276958159635132419
1276958189821530113
1276958210319155200
1276958210973458433
1276958222079983616
1276958323783294977
1276958332268490753
1276958349586690048
1276958374094045184
1276958390867165187
1276958466230423552
1276958466578485248
1276958476720275462
1276958479081541632
1276958503312093185
1276958503635124224
1276958505606565889
1276958525265186816
1276958542008913920
1276958562724577280
1276958577215918084
1276958579489005568
1276958605393133569
1276958641359335424
1276958650456608773
1276958651425619969
1276958658853814273
1276958684183236608
1276958684795621377
1276958691275804674
1276958705582518276
1276958726310834182
1276958745008893952
1276958745633964032
1276958755666739204
1276958759198134273
1276958762759307265
1276958772586524674
1276958778869477378
1276958793751056388
1276958797911687171
1276958806086483969
1276958808137441283
1276958818228994048
1276958822800728067
1276958827343216641
1276958856694939651
1276958871118942209
1276958872884916225
1276958900110098432
1276958914618130433
1276958931676512258
1276958941038198792
1276958944838254593
1276958952580952064
1276958953365286912
1276958969836298247
1276958971748732928
1276958989268463619
1276959016468598788
1276959050731790336
1276959082763571200
1276959091454283780
1276959115517087751
1276959133300936704
1276959158097424385
1276959162019115008
1276959297277132803
1276959346660761600
1276959359482896391
1276959363090001920
1276959366260891651
1276959368177758214
1276959376297746432
1276959380240556034
1276959414528794624
1276959426570829824
1276959465917513732
1276959481335894017
1276959544195919873
1276959564928253954
1276959574113861635
1276959602412793857
1276959634436132864
1276959644850589703
1276959653344272387
1276959661791608832
1276959681433370624
1276959686433046533
1276959729613508608
1276959779336982530
1276959783111651329
1276959791290765314
1276959810496258048
1276959837474091008
1276959857623666695
1276959867023097858
1276959868562206720
1276959868860207108
1276959884303642624
1276959888535629824
1276959921574236160
1276959929673244672
1276959950414249984
1276959955044745216
1276959955484999681
1276959984421650432
1276959987508613127
1276959989303828481
1276960014381527040
1276960043259367424
1276960048250589186
1276960064209854466
1276960079825289223
1276960081083543553
1276960135328530432
1276960151975706624
1276960153112281091
1276960153636679686
1276960156094533634
1276960219256496129
1276960235152949249
1276960241003958277
1276960244338319361
1276960244522979328
1276960252857024513
1276960307936518144
1276960323891638272
1276960354250170375
1276960374349316104
1276960387674431488
1276960391499825153
1276960395442425856
1276960416594354176
1276960420889333761
1276960474383384580
1276960479408082944
1276960496495689728
1276960551696908288
1276960584395882498
1276960634849169409
1276960643162071040
1276960668353064960
1276960687818973186
1276960740042321923
1276960743397744644
1276960769280794625
1276960771440734208
1276960815728349184
1276960840239865857
1276960848062418944
1276960874436182016
1276960877154054146
1276960890429022209
1276960894447165441
1276960895025938438
1276960902743339008
1276960937279447041
1276960970821136385
1276960974432542720
1276961020305723392
1276961028488794115
1276961041696653314
1276961045534453761
1276961046524280835
1276961049934249996
1276961066782789636
1276961096348434434
1276961107039707137
1276961117357539328
1276961129651200000
1276961133769953285
1276961141688860678
1276961153952948224
1276961167353630720
1276961179513077766
1276961221472854019
1276961257002844160
1276961261562052614
1276961285519933445
1276961293564547078
1276961301990830080
1276961305916833792
1276961322844844032
1276961352305774593
1276961355971559425
1276961376645324801
1276961377572315137
1276961406261354496
1276961409796984832
1276961410858323969
1276961435671650306
1276961490851909633
1276961494878638080
1276961527891927042
1276961544241217536
1276961553292632065
1276961557843410946
1276961578626306053
1276961582451490820
1276961582816415745
1276961588109389824
1276961595978022913
1276961622683156483
1276961637283569664
1276961646334836737
1276961661937729539
1276961771417489408
1276961773229391873
1276961826236960768
1276961830108348416
1276961830167097345
1276961830481600512
1276961850844995584
1276961867928227840
1276961884839841792
1276961907652476929
1276961911997857792
1276961913965105152
1276961934865313792
1276961956331749384
1276961960484012033
1276961973394178048
1276961984819286016
1276961989131198466
1276961989806309376
1276962001349234695
1276962005698506752
1276962031330000897
1276962048367362051
1276962073763876865
1276962081397448706
1276962086506172420
1276962102767484928
1276962103073501184
1276962111059406848
1276962111432781830
1276962121025228800
1276962121553756160
1276962127488659456
1276962131771101188
1276962136070086656
1276962136397213696
1276962170224467969
1276962186733268993
1276962202981810177
1276962207461449730
1276962223961845764
1276962299928915968
1276962325036240896
1276962325132644352
1276962345793630208
1276962349631619073
1276962363409907717
1276962363443421185
1276962392904261634
1276962392983797760
1276962421836525568
1276962435686191104
1276962452014596097
1276962459434340352
1276962467403362304
1276962491952701440
1276962501268254721
1276962517965631489
1276962530590633985
1276962536244613120
1276962589029724160
1276962589348466689
1276962603361808384
1276962644013002753
1276962648152817672
1276962652225449989
1276962660899344387
1276962673335455745
1276962736446992384
1276962737264840704
1276962737386635265
1276962753857478656
1276962786355142656
1276962820475817986
1276962845108862978
1276962849563258880
1276962857649872898
1276962874527711232
1276962882526167041
1276962950352429056
1276962953779007488
1276962971193954308
1276962983063650304
1276962983357317127
1276962992127717377
1276963004345614342
1276963014130888704
1276963029675016192
1276963037828833281
1276963072410705921
1276963077439852544
1276963088315625473
1276963139037298691
1276963143923662848
1276963147761496064
1276963167805947904
1276963175850639360
1276963243139854337
1276963249049788416
1276963259829178368
1276963289466056706
1276963293698183168
1276963298081075200
1276963313662951426
1276963318876569600
1276963382260903936
1276963398220161025
1276963398924693505
1276963411008663552
1276963415085527040
1276963415404220418
1276963415463002113
1276963440381181952
1276963444189618176
1276963449516539904
1276963449629638656
1276963461403037697
1276963470613807105
1276963482731233282
1276963498250194944
1276963566755524608
1276963572212367360
1276963608396791808
1276963616906973184
1276963629401808898
1276963656744534019
1276963658317180930
1276963671227412480
1276963680786268163
1276963696506335232
1276963700520267778
1276963729964482562
1276963730635526145
1276963747005947909
1276963747521638400
1276963749904121857
1276963780187086849
1276963792778399748
1276963792837017601
1276963801301204992
1276963810314723328
1276963819529609216
1276963839154827266
1276963865058779137
1276963872344326150
1276963873266991106
1276963879000723461
1276963884117757954
1276963885883547649
1276963943706230785
1276963960684793858
1276963962941292544
1276963964715503619
1276963969505333249
1276963986206949377
1276964010706042882
1276964024404541442
1276964031631364099
1276964032117911553
1276964032415760386
1276964066079064064
1276964084672532480
1276964116955926528
1276964119585992704
1276964126556913664
1276964136484659200
1276964145800282113
1276964174288085000
1276964174820790272
1276964195716775937
1276964207720673280
1276964224988823563
1276964254147588096
1276964266910851073
1276964283515940865
1276964283792809984
1276964300058476545
1276964304684757000
1276964308866514944
1276964308950355968
1276964313878671360
1276964321910800387
1276964326008434688
1276964356010455042
1276964387312545799
1276964387757019136
1276964409370279938
1276964409999454210
1276964426948567040
1276964439028269057
1276964450378158080
1276964476382674944
1276964496809103360
1276964522566148096
1276964554275123200
1276964577876508673
1276964582079119360
1276964607064711169
1276964608557776898
1276964614861844481
1276964631785795584
1276964669618393088
1276964677969424391
1276964699230187520
1276964728783470595
1276964741051822080
1276964745153859585
1276964753601187840
1276964782214721536
1276964783468752896
1276964786107015169
1276964797712564232
1276964807560900608
1276964808621875203
1276964820370292737
1276964875802226690
1276964904491196418
1276964926897168391
1276964929229205505
1276964937730895872
1276964942776807424
1276964954776748034
1276964963224084484
1276964988410888192
1276965001832660992
1276965008447070211
1276965018416877575
1276965038482501636
1276965055280680961
1276965084749860864
1276965130849452032
1276965131402924032
1276965140601147392
1276965147592937474
1276965151661572096
1276965168665161730
1276965173316784129
1276965177825492993
1276965190785957896
1276965202379116544
1276965205470306304
1276965223363215365
1276965232364093441
1276965252501037056
1276965261145505794
1276965289238892544
1276965312232132609
1276965318678597632
1276965323699298304
1276965332331253762
1276965340426240000
1276965370956599298
1276965395392577537
1276965399490330625
1276965421141221376
1276965428309430272
1276965445497769986
1276965462639869952
1276965484043239425
1276965487893712897
1276965496655458305
1276965525613150209
1276965541983539201
1276965546995650561
1276965560329232384
1276965561000513536
1276965574661160960
1276965580046839810
1276965581087019010
1276965613215158272
1276965625383051264
1276965625974239232
1276965631246696449
1276965638582435842
1276965647344447488
1276965673202155521
1276965693137784832
1276965770837340167
1276965789082562560
1276965814248312833
1276965865569878017
1276965865649561607
1276965919152111616
1276965941549596672
1276965965616611330
1276965974449635329
1276965999254867968
1276966027021213696
1276966048894509056
1276966066523041792
1276966091043020801
1276966092330741761
1276966104070410240
1276966125436370945
1276966251139653632
1276966255388483587
1276966271481901056
1276966293208514560
1276966297096433665
1276966297310388225
1276966316918870016
1276966389190758400
1276966405993160704
1276966406156935168
1276966430014091269
1276966444551544832
1276966464789139457
1276966503477399552
1276966508644556800
1276966524419481601
1276966535991525377
1276966573849415687
1276966576030441473
1276966629604233216
1276966653910298624
1276966658486272001
1276966665792544769
1276966695748472834
1276966695815524352
1276966700039041025
1276966700353826823
1276966725351698432
1276966728568840195
1276966749523460096
1276966783107452931
1276966796201881604
1276966804758413314
1276966808432652288
1276966825566384134
1276966829689364481
1276966829714440195
1276966871649026048
1276966935226449920
1276967013970305024
1276967026075074561
1276967039136157696
1276967052054425600
1276967101253799947
1276967110665789442
1276967166093529088
1276967169868398593
1276967198502854656
1276967220128735234
1276967231402864640
1276967240659800074
1276967241087479808
1276967303788343302
1276967307844165635
1276967316371243009
1276967320427134977
1276967329302102016
1276967341662887939
1276967358658199552
1276967375577821184
1276967383815651335
1276967404854272002
1276967429126619138
1276967429298696193
1276967450492506112
1276967475360477189
1276967482989989888
1276967484550234112
1276967542599360513
1276967551122190338
1276967555702407178
1276967562916569089
1276967588472422405
1276967605807591431
1276967621607526400
1276967635138367493
1276967651605176322
1276967698488934403
1276967698518474756
1276967706143703040
1276967727119233024
1276967729338122245
1276967744530010113
1276967748539645954
1276967750578012161
1276967775903404034
1276967786426884108
1276967839413436416
1276967840277565440
1276967858078191620
1276967860259127296
1276967890206556164
1276967896321646592
1276967956224843776
1276967974868574213
1276968017042255872
1276968050235969540
1276968100307570689
1276968104992612353
1276968109031804928
1276968117470707717
1276968118485647360
1276968192959791104
1276968239189372929
1276968256302018565
1276968256667095040
1276968294189277184
1276968314644738048
1276968318507847681
1276968322576211968
1276968327026368512
1276968364976607232
1276968390163300352
1276968414997737472
1276968431653400576
1276968457125289984
1276968465400844289
1276968486544105473
1276968515438870531
1276968523512852480
1276968531230367748