1270687168000909312
1270687176242724864
1270687243842334721
1270687272942342144
1270687280886407168
1270687281754619906
1270687293666398209
1270687322800115713
1270687347752030208
1270687357042339840
1270687381327355904
1270687444124315649
1270687563985059840
1270687709309345792
1270687850955247618
1270687868248260608
1270687884421537795
1270687895641305088
1270687908719136769
1270687922707148801
1270688048913604608
1270688101967503361
1270688171123249154
1270688189074767873
1270688212646719488
1270688329273683968
1270688371497631744
1270688371854229506
1270688376669290496
1270688442855444480
1270688446814838784
1270688476321796099
1270688509087678464
1270688552452423682
1270688578020900864
1270688616230973441
1270688648011317248
1270688728739127298
1270688733327691777
1270688905218539520
1270689084919484417
1270689110013796353
1270689122462679040
1270689147330498561
1270689175688359936
1270689240616239110
1270689394874372096
1270689500856029185
1270689525770133504
1270689529771560962
1270689697354993664
1270689786001580034
1270689824031342592
1270689866301440002
1270689886073470978
1270689890376835073
1270689934828015618
1270689986250039299
1270690024074379265
1270690168211734528
1270690204391636992
1270690243172327425
1270690276428992512
1270690490682347520
1270690591056240651
1270690603320389632
1270690607313440768
1270690711470571521
1270690892605775874
1270690984653991936
1270691223813140485
1270691324296081409
1270691492454191105
1270691493410463745
1270691575904047105
1270691631356882946
1270691731856601091
1270691887188520964
1270691959552856065
1270692059368706048
1270692203736809472
1270692259864801283
1270692355780292608
1270692407265419264
1270692410436313090
1270692410549551111
1270692439863332866
1270692495685332992
1270692919251554304
1270692939249975296
1270692969646034944
1270692981855653890
1270692988516282368
1270693022204903425
1270693064957407234
1270693228589785089
1270693281207169026
1270693404754808832
1270693434236567555
1270693476771004416
1270693476821348354
1270693585176932357
1270693687136321536
1270693830992388096
1270693892128518144
1270693929390931974
1270693955475144705
1270694017563385859
1270694177072771072
1270694182064136192
1270694252473995265
1270694273533517824
1270694314948145155
1270694348435255296
1270694382497402883
1270694411513536512
1270694441108594688
1270694474931482624
1270694495391113216
1270694508028723200
1270694508074881027
1270694521119129602
1270694540190638080
1270694571970830336
1270694747502448642
1270694860677406721
1270694954961117184
1270694999110361088
1270695016638398464
1270695020065103872
1270695237325688833
1270695329906778117
1270695350815330305
1270695372365746179
1270695398269730816
1270695468264067073
1270695665237098501
1270695725073080320
1270695796413956096
1270695962730729473
1270696034826665987
1270696059858116609
1270696081144393728
1270696093320392705
1270696175713337344
1270696240553091073
1270696346056642562
1270696513602273287
1270696609056264192
1270696664118878211
1270696664467202051
1270696824286973954
1270696899486666753
1270697004302168064
1270697112339021824
1270697200696406018
1270697486911524866
1270697511880196100
1270697532600057858
1270697633393319937
1270697663030272000
1270697716692201477
1270697718285889536
1270697865480933377
1270697909487636483
1270697960708268032
1270697976500019202
1270698068271341569
1270698077180047366
1270698191172878340
1270698367312633856
1270698461655175169
1270698468563210241
1270698489350103048
1270698490956480512
1270698631092490240
1270698707147767809
1270698862592868352
1270698887456710658
1270698924593098755
1270699150653472768
1270699570469765120
1270699599930556419
1270699630171312128
1270699670776565760
1270699776380555264
1270699797142548480
1270699826842238983
1270699843200180224
1270699889329143815
1270699965388554241
1270700032107458567
1270700057336188933
1270700057856221184
1270700225779372032
1270700585839398917
1270700611118522368
1270700652721733637
1270700833177432066
1270700896175955973
1270701067580383232
1270701273369784325
1270701345645846529
1270701471424806912
1270701475199623169
1270701555004641280
1270701575476936704
1270701592950554629
1270701629902381062
1270701685422292992
1270701759569289218
1270701785750126596
1270701822957813760
1270701860798607361
1270701860920360960
1270701877919916032
1270701978113527809
1270702086959894530
1270702145763868673
1270702179196850177
1270702237921218560
1270702237967409152