1271819615434190848
1271819651119484928
1271819659277459457
1271819667359834114
1271819718773690369
1271819793793011712
1271819911615086592
1271819957358166019
1271819982154817536
1271819988584857603
1271820041118535680
1271820099826208769
1271820261382336512
1271820261470416896
1271820283385692160
1271820351408930818
1271820355049607170
1271820385567342599
1271820394719313920
1271820465892470790
1271820511715057666
1271820525673893888
1271820532393168896
1271820624856481792
1271820625099849728
1271820678635847680
1271820695262171136
1271820720956301312
1271820724110610435
1271820813679788033
1271820822844510208
1271820899424120836
1271820903882481664
1271820922475835396
1271820975617835009
1271821240416776202
1271821253859520518
1271821299489230853
1271821324336295942
1271821341532942346
1271821433681973250
1271821470612598786
1271821487519997952
1271821547850719233
1271821643552358400
1271821752189018115
1271821861731446785
1271821891204866048
1271821928555307008
1271822041558155265
1271822076010098688
1271822081731309571
1271822150584930304
1271822167437725696
1271822260479778818
1271822333301288961
1271822389970534405
1271822393737183233
1271822399726661635
1271822436242272256
1271822512066891777
1271822527845658624
1271822628077088768
1271822648583086082
1271822893199081473
1271822968335872005
1271822994080292866
1271823031740973056
1271823040545009664
1271823064704208896
1271823123894001666
1271823204927942656
1271823268576727041
1271823283713798146
1271823353947361280
1271823403725529089
1271823425707872259
1271823527021359108
1271823564405116928
1271823627361624064
1271823668566388736
1271823668910403588
1271823741035655169
1271823841157939201
1271823865157738496
1271824021819199491
1271824065016270850
1271824101397725185
1271824218494140417
1271824262270267392
1271824281270472704
1271824325960765441
1271824352590389251
1271824375721967623
1271824411037806596
1271824613366996992
1271824760373161986
1271824774042288128
1271824813422755841
1271824886084841476
1271824952640053248
1271824960013520897
1271824994360676353
1271825048182173696
1271825052993048577
1271825099864322049
1271825107330220034
1271825154654552064
1271825182982717442
1271825238469246982
1271825297072025605
1271825299605467138
1271825324825706502
1271825349286993922
1271825446926196736
1271825460046020608
1271825482674089986
1271825564731572226
1271825582989422593
1271825586516889603
1271825635929993216
1271825648714084355
1271825657698320384
1271825730297626624
1271825791030972418
1271825804146511873
1271825829761179649
1271825832646864899
1271825838275588097
1271825888699731977
1271825918797811713
1271825992835911680
1271826012305686528
1271826026193195008
1271826094321262593
1271826121760428032
1271826143797112832
1271826154756833280
1271826273308819457
1271826278887362560
1271826282083385344
1271826295001923590
1271826307425300487
1271826356062617600
1271826369018834944
1271826417886478336
1271826465378586626
1271826467345874946
1271826504587128833
1271826651459072001
1271826663332909056
1271826728122540032
1271826794644148227
1271826800138579968
1271826810628640770
1271826831713452033
1271826834536062977
1271826835685486593
1271826881034235904
1271826945093795847
1271826984906129409
1271827051163447297
1271827183728840708
1271827343967911936
1271827377304358914
1271827662739308552
1271827691201720320
1271827754422611969
1271827804900986880
1271827828443660289
1271827867597508610
1271827891962208257
1271827951286247425
1271828040197251072
1271828043779227648
1271828085751635974
1271828103518707712
1271828114902003714
1271828148829564928
1271828155863650304
1271828184930099201
1271828300621586433
1271828328153059328
1271828379076091904
1271828387502440455
1271828434453327872
1271828501583343618
1271828516116430854
1271828542251167744
1271828547053793280
1271828603660111873
1271828661444898817
1271828680658935810
1271828684803096576
1271828739735932930
1271828765094674434
1271828790205972481
1271828803686408192
1271828815438925826
1271828971022282752
1271829079566802944
1271829134356779008
1271829149804421120
1271829151503151104
1271829167517073409
1271829180695506944
1271829189637943297
1271829239499644929
1271829251449372672
1271829259904905218
1271829260718665734
1271829299524329472
1271829308328292353
1271829356394852357
1271829423390507008
1271829457334988800
1271829474074451968
1271829491107524608
1271829528999071745
1271829530626289664
1271829536775290883
1271829547160387585
1271829758955970562
1271829760872796162
1271829863918268418
1271829884718002177
1271829990833872896
1271830020265304066
1271830032449777664
1271830066373279744
1271830091216101376
1271830098782625792
1271830111994642434
1271830118604947459
1271830128293752833
1271830134056771587
1271830351455928321
1271830422612094977
1271830449795461126
1271830528988250114
1271830539234758656
1271830556062384128
1271830795011919872
1271830923785502721
1271830936246575106
1271830979733323778
1271831041913819136
1271831045877436417
1271831097333157888
1271831191704961025
1271831197824495617
1271831284319313920
1271831286185893889
1271831289939636224
1271831345128337413
1271831345459720192
1271831381707030533
1271831401093042177
1271831424778358785
1271831466524237825
1271831478771560450
1271831551165132800
1271831551215652867
1271831575504666624
1271831584291913728
1271831647474733058
1271831796418662400
1271831806560501761
1271831843814293504
1271831986915758080
1271831994419359744
1271832023502434304
1271832100568625153
1271832263668518915
1271832439061655553
1271832456111493120
1271832502814957568
1271832623690612738
1271832641063604230
1271832682809438210
1271832833875677187
1271832841278668805
1271832875411951616
1271832898904240128
1271832921763086336
1271832936883433472
1271832999093350401
1271833049869815808
1271833053493465089
1271833060116279296
1271833081390026756
1271833304799547398
1271833316279357440
1271833319878033408
1271833396164124673
1271833408365375489
1271833509179592704
1271833677660643328
1271833725936910336
1271833849249611776
1271833898876428288
1271833991868383235
1271834058952192000
1271834075410636800
1271834167760818177
1271834259825647618
1271834261105119232
1271834298509930497
1271834337856626688
1271834482740510723
1271834545382256642
1271834582468493312