1272967188828360705
1272967253059932163
1272967263205949442
1272967280058667010
1272967287780388864
1272967307682131968
1272967396110798848
1272967405556436994
1272967444081098754
1272967449227526144
1272967451827986433
1272967476498874370
1272967555947409411
1272967556580679685
1272967615116447744
1272967682044936193
1272967724591964161
1272967800185815047
1272967861129154562
1272967897854468096
1272967925901729797
1272967956020985859
1272967967714746376
1272968034697830408
1272968063898447872
1272968093476716545
1272968105812037632
1272968109138173954
1272968118290309128
1272968157750272001
1272968266420543489
1272968294396551170
1272968315691053056
1272968315821076484
1272968361534582784
1272968387577016320
1272968473677889536
1272968487380619265
1272968554929950722
1272968572227198978
1272968588534722560
1272968622671925248
1272968662341861377
1272968711331295233
1272968738120388608
1272968784622637056
1272968802704244736
1272968824250343425
1272968907075268615
1272968986745954304
1272969033336459264
1272969066974773248
1272969074662871042
1272969096066404355
1272969103989301250
1272969402418429953
1272969440515194885
1272969452573736962
1272969641376092160
1272969648716251137
1272969695470157824
1272969709315600385
1272969796301225990
1272969804593467392
1272969858750115840
1272969914496638976
1272969922411257856
1272969972030021632
1272969989713256456
1272969997824880640
1272970110844776449
1272970231464394752
1272970265769775105
1272970312762736640
1272970341485346819
1272970350263889920
1272970411463118848
1272970421374255105
1272970450394656769
1272970483064070150
1272970672726110208
1272970693970452480
1272970765705625601
1272970828490014720
1272970912078295040
1272970966872715264
1272970970559586304
1272970978491084801
1272970999802232834
1272971008681684993
1272971143062798336
1272971205734281217
1272971210016489472
1272971227108454400
1272971233898885125
1272971272260067328
1272971298176733184
1272971520734720000
1272971524362903554
1272971527130984448
1272971582969802752
1272971671788572684
1272971897479720961
1272971955784876032
1272972023212498945
1272972044536352769
1272972077931409409
1272972215571681280
1272972225151479809
1272972278599385090
1272972317694492678
1272972350363844608
1272972354256171008
1272972392558665728
1272972405355528192
1272972421730127872
1272972548595204096
1272972577703673856
1272972601703362567
1272972639456210944
1272972674139119616
1272972683182030850
1272972689150545920
1272972698927292416
1272972705260863488
1272972716006490112
1272972773086896128
1272972795492864002
1272972849796411392
1272972870784897025
1272973051139743745
1272973131054043137
1272973131234213890
1272973134468009984
1272973155682967556
1272973357336506368
1272973414924460034
1272973432108408834
1272973453319180288
1272973462043348994
1272973487142055936
1272973524756582400
1272973555567939585
1272973567110463489
1272973614325870594
1272973617756811264
1272973687826898947
1272973790578905088
1272973839090061313
1272973856815427587
1272973937685733376
1272973974603886592
1272974015460712449
1272974074378100741
1272974170490617858
1272974196075888641
1272974305266040832
1272974335402299393
1272974338950664194
1272974393212153856
1272974431992844289
1272974471087915009
1272974485780680704
1272974594778042371
1272974630907764741
1272974665976287234
1272974674864091143
1272974682434797569
1272974716383436802
1272974722880483330
1272974782255030273
1272974793512542208
1272974799837560834
1272974805893971969
1272974858998018048
1272974859170189313
1272974892145741826
1272975001898168322
1272975071334690817
1272975086300155906
1272975140012339203
1272975151664033793
1272975155313152000
1272975169708011520
1272975176406151168
1272975177526190082
1272975236875485185
1272975316856832000
1272975378114416641
1272975547178483712
1272975558595481601
1272975605236187136
1272975672084967426
1272975672915316737
1272975723456876544
1272975728892665856
1272975730050166784
1272975765466947587
1272975868764344325
1272975895372787713
1272975957566066688
1272976050146938882
1272976062658547714
1272976141628907522
1272976158804434944
1272976168061468680
1272976234906095616
1272976238894821376
1272976260122230786
1272976289486344192
1272976314312593413
1272976410953408512
1272976419153469443
1272976448287096833
1272976515618177024
1272976540876193793
1272976633666945024
1272976658543325187
1272976671356813314
1272976696560553985
1272976716613455878
1272976796909068288
1272976830048460807
1272976851166773249
1272976854861983744
1272976989843075072
1272976993181556737
1272977084906905601
1272977098550857728
1272977258681192449
1272977350536441858
1272977417120997376
1272977483059597323
1272977488482906112
1272977538977902592
1272977627385671686
1272977630975983617
1272977656808603654
1272977689784184833
1272977702362939393
1272977719459020800
1272977744318681091
1272977744482037760
1272977748911325184
1272977786735431680
1272977802783002629
1272977819019198465
1272977829567893506
1272977924413677568
1272977954390212609
1272977966893498372
1272978076834635779
1272978147705831430
1272978188902203397
1272978307127091202
1272978366946131968
1272978373304823808
1272978380833591297
1272978394993623041
1272978430783565824
1272978490812489730
1272978503932280836
1272978514858463232
1272978552875515906
1272978746962841600
1272978794014371841
1272978885160783875
1272978891792154626
1272978910326603781
1272979007814930432
1272979040953962496
1272979102299852800
1272979120213815296
1272979300505882625
1272979321515200512
1272979338393079808
1272979367472308226
1272979490701000706
1272979599241011200
1272979620774793216
1272979649602236420
1272979669890019331
1272979739976724480
1272979741075632128
1272979748826894337
1272979754363338757
1272979873804554242
1272979890904719360
1272979990296977408
1272980013311090688
1272980024812019712
1272980035230511104
1272980040746258433
1272980141178867712
1272980149038977028
1272980203799638016
1272980236129484803
1272980260339036160
1272980349535076357
1272980369860636681
1272980406539890691
1272980407911415815
1272980421358292992
1272980454711398401
1272980492019630080
1272980550093901824
1272980554284072960
1272980613881122818
1272980729421586439
1272980801878216714
1272980834572623872
1272980846161453056
1272980859939946496
1272980865925165057
1272980900750528514
1272980914646196225
1272980924540608512
1272980991481700355
1272981003196383237
1272981040089329664
1272981103889039360
1272981150827286528
1272981175271915520
1272981232159281154
1272981343672995840
1272981398719213569
1272981399784632322
1272981456319438848
1272981464766910465
1272981478201319425
1272981481984536576
1272981510891671552
1272981523327848449
1272981582333136896
1272981624217616385
1272981674058559495
1272981809077379073
1272981819974131729
1272981851435495424
1272981880606949377
1272981897648504835
1272981913456631809
1272981930242461703
1272981939390054400
1272981946138800131
1272981980708311040
1272981985057632256
1272982010756096000
1272982026094698496
1272982040149757952
1272982072387203072
1272982101952917504
1272982106264797184
1272982165249294339
1272982168172744705
1272982218999283718