1277844313842388993
1277844516851134465
1277844538342559744
1277844547205120006
1277844584891068421
1277844644043390976
1277844663479816192
1277844697323470848
1277844735131103232
1277844789711589377
1277844869839572992
1277844882879590400
1277844957168984064
1277844996486361089
1277845138589405185
1277845171992846337
1277845180486348800
1277845234844655617
1277845316407119872
1277845330403434497
1277845443960090624
1277845469025071106
1277845515212918784
1277845553150398465
1277845682729046016
1277845770910261248
1277845780607324160
1277845885209030657
1277845905899753472
1277845927093559296
1277845961247621120
1277846102784585728
1277846220455755782
1277846224377282562
1277846229129494530
1277846229129584641
1277846333492166657
1277846408180011008
1277846442955042816
1277846501268566018
1277846676565184512
1277846695074652161
1277846790499434503
1277846812649574402
1277846858015084544
1277846996829732865
1277847110591713280
1277847134188994562
1277847239436746760
1277847256700338177
1277847301407617024
1277847302778961920
1277847482635112454
1277847556031201280
1277847584586031104
1277847681415753729
1277847691817398272
1277847718463975424
1277847746611949569
1277847786839511041
1277847957463678976
1277847978338734080
1277848019799605249
1277848057141288960
1277848124715929600
1277848165836656642
1277848234413690883
1277848260309385216
1277848317632950273
1277848371915452417
1277848435081637888
1277848505646755841
1277848557387685888
1277848595920826368
1277848612257619971
1277848627885506565
1277848653663789056
1277848669375672320
1277848673544798208
1277848678661787648
1277848708466556928
1277848713499729920
1277848715693154305
1277848887823343617
1277848895775821824
1277848934077984768
1277849017876131842
1277849026365456384
1277849089028300802
1277849092815597569
1277849122729422848
1277849129629044737
1277849232309915655
1277849248424513536
1277849265608380417
1277849312601481216
1277849341151985669
1277849365843972098
1277849434026586112
1277849438313017344
1277849458663919616
1277849607763111936
1277849643880050688
1277849717930688512
1277849726365437952
1277849767352164353
1277849828035264513
1277850116179795968
1277850133145608198
1277850151021768704
1277850229971263489
1277850242352734209
1277850246756925441
1277850386737647616
1277850415296634886
1277850439136862210
1277850482057363457
1277850556602527747
1277850573669367809
1277850587460251654
1277850589830033408
1277850611439075335
1277850657308004352
1277850863055273984
1277850871749984256
1277850923314769926
1277850930290085888
1277851001102331904
1277851030483423233
1277851089279254529
1277851089715359744
1277851140768641025
1277851165166899201
1277851232871251975
1277851236608417792
1277851240706129920
1277851370696003585
1277851400114974720
1277851432683810816
1277851437565792257
1277851438299795456
1277851459300683778
1277851525608550401
1277851568411480065
1277851681137582080
1277851733578993664
1277851770212016131
1277851783570702336
1277851789933580290
1277851831972950016
1277851844601999360
1277851849987514368
1277851890429177857
1277851915989266432
1277851970208796674
1277851983404097537
1277851983672729601
1277852020628574209
1277852033802924033
1277852095803125760
1277852175725715457
1277852223800659970
1277852231820128256
1277852236723486721
1277852251101380609
1277852335784550400
1277852411768553472
1277852466134937600
1277852503678218241
1277852512540917761
1277852570778812416
1277852584238350336
1277852612780453888
1277852633286443008
1277852935955726336
1277852980998320129
1277853014854950918
1277853015471460352
1277853112628211717
1277853208610775040
1277853283957301248
1277853296175316994
1277853321672392704
1277853414160920576
1277853468393263104
1277853501398212608
1277853549490319371
1277853606377590784
1277853652569526275
1277853656746848257
1277853657820692481
1277853676086927360
1277853697817612288
1277853697972695042
1277853702737584128
1277853740238802945
1277853891409870848
1277853921504092161
1277853991557312512
1277854015099932672
1277854021881958400
1277854114446299136
1277854135124135936
1277854240388587521
1277854286047662081
1277854389542064129
1277854429237129216
1277854580102086657
1277854581779726339
1277854684166774784
1277854684556877824
1277854779008413696
1277854895014436864
1277854902614540297
1277855015655206913
1277855057678139398
1277855096131354626
1277855139034882049
1277855151739420674
1277855170609717249
1277855191040028672
1277855347202494464
1277855359449870339
1277855359475109888
1277855375530885120
1277855489250832385
1277855515419111425
1277855649548787714
1277855652992495622
1277855666690904067
1277855687410806784
1277855690699051008
1277855716070522880
1277855718008213504
1277855720319434752
1277855737146998784
1277855832579940352
1277855887802195968
1277855900263383041
1277855955707887617
1277855977321172992
1277855980580110337
1277855980613627904
1277855997139148800
1277856009730396160
1277856053087043584
1277856080911986688
1277856084993032192
1277856172847095810
1277856207345274880
1277856275896979456
1277856383841513473
1277856454301622273
1277856487449059329
1277856488489279488
1277856546504900608
1277856550439268352
1277856697344647169
1277856768702345216
1277856853247041536
1277856941377638401
1277857004208427008
1277857004661256192
1277857008239157249
1277857053441056769
1277857182369943552
1277857216951799809
1277857231128727552
1277857271440162816
1277857320467410944
1277857321927028737
1277857398225420288
1277857569797632000
1277857604220284928
1277857654027804672
1277857766841999360
1277857772500107264
1277857775280783360
1277857787456806912
1277857813503578112
1277857846655283200
1277857854695890944
1277858136557334528
1277858139891785729
1277858175023083521
1277858253527855105
1277858286742765568
1277858383152832512
1277858397149212672
1277858475616292864
1277858519140556800
1277858521606995969
1277858526791163904
1277858551310974976
1277858552003137537
1277858598681554946
1277858647301898242
1277858727966597120
1277858782270251009
1277858786506489857
1277858815874985986
1277858929251430400
1277858965645230080
1277859000713871360
1277859041654509569
1277859045404262401
1277859109430321152
1277859115339878401
1277859126622601216
1277859256511987713
1277859268256059392
1277859377664294913
1277859410174455808