1275534090956144642
1275534124208578563
1275534127345930247
1275534141048721413
1275534145897271297
1275534147713478656
1275534177379561472
1275534206152687621
1275534211039014915
1275534247235850241
1275534256551481344
1275534264843538434
1275534307763712002
1275534335773310977
1275534369705377792
1275534460453367813
1275534479319326720
1275534558402920448
1275534563511500802
1275534575494627332
1275534728951746561
1275534781342715904
1275534814716801024
1275534834870423553
1275534848216543232
1275534890142969856
1275534890155606016
1275534918886387713
1275534974540820480
1275535063791341568
1275535074784620547
1275535166891532289
1275535167533142017
1275535195899334662
1275535225750257664
1275535301570633730
1275535309497749510
1275535481329971200
1275535527706456064
1275535557154820097
1275535619981271042
1275535649144295429
1275535660225630213
1275535674821816323
1275535746183696384
1275535767129821184
1275535779960414208
1275535905399484419
1275535921505501184
1275535926706548751
1275535934776360960
1275535938920144896
1275535953172594695
1275536005437718530
1275536055920459784
1275536106067570688
1275536122987401217
1275536173239341056
1275536213005332480
1275536219712020480
1275536275056070656
1275536277052555268
1275536460943368202
1275536472498671617
1275536472762974208
1275536483701739522
1275536605827063808
1275536618170933248
1275536630330175488
1275536664463659014
1275536701725659136
1275536760689160192
1275536769287704576
1275536774828306433
1275536806914723840
1275536885042024448
1275536903987761153
1275536911503933440
1275536966285774849
1275537004718145537
1275537007784144899
1275537066672209930
1275537079833964554
1275537175984123911
1275537213539913729
1275537226542182400
1275537255663382528
1275537259601768449
1275537283702087680
1275537323082444800
1275537335015346178
1275537402933784579
1275537427864616961
1275537467815399427
1275537482134642689
1275537486815678464
1275537532348964865
1275537562275373058
1275537599529136129
1275537637114286082
1275537666621218820
1275537721591599104
1275537739572588544
1275537758509924352
1275537779519377408
1275537839682355200
1275537857785016320
1275537863707426817
1275537897190567940
1275537924289855489
1275537943525044224
1275538011091075072
1275538032133898240
1275538040736419840
1275538094763147270
1275538140850057216
1275538191261589509
1275538328608276481
1275538332295073792
1275538379829116928
1275538404676009985
1275538468316340225
1275538526906519553
1275538580576722944
1275538719315947520
1275538731748020230
1275538750370701312
1275538765386256396
1275538795329318912
1275538795778019329
1275538816242036738
1275538837163433986
1275538849444302849
1275538909020053504
1275538914090954752
1275538933506428928
1275538958236164096
1275538966075322368
1275538983133548545
1275539006172823553
1275539134686380032
1275539168240828417
1275539180286889984
1275539210884321282
1275539231272828928
1275539248364441600
1275539260418985986
1275539290118856704
1275539294573084672
1275539419806740481
1275539437162827777
1275539451171627009
1275539482259881984
1275539491210448897
1275539494855307264
1275539587843022848
1275539596340719617
1275539608344895489
1275539630046183425
1275539638233583616
1275539642226487296
1275539654742355971
1275539669808115712
1275539705178681344
1275539709285085186
1275539724594081792
1275539935705985024
1275540019361443842
1275540028710625281
1275540099405471745
1275540115549376512
1275540157962338305
1275540191432732672
1275540195862077446
1275540208503721985
1275540275050381312
1275540287935451136
1275540317505228800
1275540320546181122
1275540338736857091
1275540371934593025
1275540399583617026
1275540401097781250
1275540405870825473
1275540438972317699
1275540484614569984
1275540536053678083
1275540569498894337
1275540588482486272
1275540652990832640
1275540728287035394
1275540741536624642
1275540753616420864
1275540828027420672
1275540829436862464
1275541101651333120
1275541126762631172
1275541135704948736
1275541137462353920
1275541159788544000
1275541177408856064
1275541205158428673
1275541232396242946
1275541273638842369
1275541286959882243
1275541294484525060
1275541314122088448
1275541321319698434
1275541330354192384
1275541406229151748
1275541433408040960
1275541473694330880
1275541654024445953
1275541663692328963
1275541675943870465
1275541693538828289
1275541747985199107
1275541823285424129
1275541836384350210
1275541849005076480
1275541883075342338
1275541885847851010
1275542011555258370
1275542042102370311
1275542069784666112
1275542095743397894
1275542112562446337
1275542137879384065
1275542162864836613
1275542217935880192
1275542222180462592
1275542243009540103
1275542259719639041
1275542301985705987
1275542318012141568
1275542336622256128
1275542339566604293
1275542358562504705
1275542372710068229
1275542381639548930
1275542417618333696
1275542553077710848
1275542557330726913
1275542565274746880
1275542649617833985
1275542679150039047
1275542729733308416
1275542789623873539
1275542821743837190
1275542888579989505
1275542895957692416
1275542938756530177
1275542943508631552
1275542964450865157
1275543043995766785
1275543077315207168
1275543178834255872
1275543215265980417
1275543235964870657
1275543241430052864
1275543266176327680
1275543293292666880
1275543465158467585
1275543555998486530
1275543580808032259
1275543590698172416
1275543668733206532
1275543694272274438
1275543702392442882
1275543752547995648
1275543756813541376
1275543765302771715
1275543769283096578
1275543787058561025
1275543827965755392
1275543898916638720
1275543903869927428
1275543951731294210
1275543953597558789
1275543987223478274
1275543992072110080
1275544004306886658
1275544009268703237
1275544025412497409
1275544100423585793
1275544104601030659
1275544136037412865
1275544184661987329
1275544197747990531
1275544231105495040
1275544251724595201
1275544289309872134
1275544309886889984
1275544360977743874
1275544387083173888
1275544432662593538
1275544461469196291
1275544524606054412
1275544577215279111
1275544583351435264
1275544612728442880
1275544633586733058
1275544637416103938
1275544644827389952
1275544666595713025
1275544729246208001
1275544729661341701
1275544733817942016
1275544738628726784
1275544740323196929
1275544751933136898
1275544912419749889
1275544928513392641
1275545057177800706
1275545096579166212
1275545140703174658
1275545148173291523
1275545156180152321
1275545303748349955
1275545313604820995
1275545337701249026
1275545358760902656
1275545359553626114
1275545382747947008
1275545397008752646
1275545429531336707
1275545435105423360
1275545485546147843
1275545512108789761
1275545565309222912
1275545565833510912
1275545686801551363
1275545741293948929
1275545744536031232
1275545763729326092
1275545786453917696
1275545829487460357
1275545849100144640
1275545858960953344
1275545866879873032
1275545918859694080
1275545931614732299
1275545937734238209
1275546059779878914
1275546074737004549
1275546118193991680
1275546138729463808
1275546181624422401
1275546206018703362
1275546214457585669
1275546214931415042
1275546231478116354
1275546244484665344
1275546265728794625
1275546331944292352
1275546368807927808
1275546382494044160
1275546389985071113
1275546470058471431
1275546516481019904
1275546529827295239
1275546596386779137
1275546596592287750
1275546629593083905
1275546753253675010
1275546776427270146
1275546835302723584
1275546889702776833
1275546957671514114
1275547078886735872
1275547108653883392
1275547254728921093
1275547319308414976
1275547339017551872
1275547342884810752
1275547371779133440
1275547380767764481
1275547389538025478
1275547401328029696
1275547422735962114
1275547456525217794
1275547506936610816
1275547598326321152
1275547708238028802
1275547760654155776
1275547804375478272
1275547837711990784
1275547842094829568
1275547875276013568
1275547976925097984
1275548064128708608
1275548080780111873
1275548080813809665
1275548108706000897
1275548110240927745
1275548126951223298
1275548127710371850
1275548190146727937
1275548236619616259
1275548269888897024
1275548349962297346
1275548362532683776
1275548405087956992
1275548412176457734
1275548412381970432
1275548442958467072
1275548492438499328
1275548538135556096
1275548545303621635
1275548572054728704
1275548576102453249
1275548605907165185
1275548701616779264
1275548704716406784
1275548773494730753
1275548958127845376
1275549007868239877