1270204025431097345
1270204051901362176
1270204320621883392
1270204345796214789
1270204482203389952
1270204500188426240
1270204622544736260
1270204643377704961
1270204703545180160
1270204713904959488
1270204760050659330
1270204803486867457
1270204831731453957
1270204852380020738
1270204877356978178
1270204910471184391
1270205166785101828
1270205201069285376
1270205259571507200
1270205415163170816
1270205422570483712
1270205506645262337
1270205628389220353
1270205675570782208
1270205730814144513
1270205788297052160
1270205788548665345
1270205790884753408
1270205872153780225
1270206064403910657
1270206069805969409
1270206170846945281
1270206404066869248
1270206450187423744
1270206505606762496
1270206783433461761
1270206929110020101
1270207037872508930
1270207073481920513
1270207190385688580
1270207221717258241
1270207285642420226
1270207290478432256
1270207344757157889
1270207424859791362
1270207565712982022
1270207673011597314
1270207793484705793
1270207855363158016
1270207983989821440
1270208090697236481
1270208229813956609
1270208237963317249
1270208446336393217
1270208548417437696
1270208653866545153
1270208682547085312
1270208778479325184
1270209037964058628
1270209059615055873
1270209159376625664
1270209508707614722
1270209726970654720
1270209808650498048
1270209828112097280
1270209872714502149
1270209935629062144
1270210070383456256
1270210275933745152
1270210435925434368
1270210473326186497
1270210774892449794
1270211021618085888
1270211145266278400
1270211197179133959
1270211295577608195
1270211303559200769
1270211317039800320
1270211320403521537
1270211337243762689
1270211345183657984
1270211382638710785
1270211411722088449
1270211504168730624
1270211533793112073
1270212037516439553
1270212126527774721
1270212305372971009
1270212330417258496
1270212662580981761
1270212725818474497
1270212776087244800
1270212783947370496
1270212922996690944
1270213040059715584
1270213056136536064
1270213166480396290
1270213384613617664
1270213808632606720
1270213879126245379
1270213953042317312
1270214100941860865
1270214194307063808
1270214223205785602
1270214302088060928
1270214595542757376
1270214675024818176
1270214750849228800
1270214759259004928
1270214893321388032
1270215094023024641
1270215111966326786
1270215297287499776
1270215339205292032
1270215351024914433
1270215417903095808
1270215576024084480
1270215690188754946
1270215733172027393
1270215769528336384
1270215809156222976
1270215909513314305
1270215926538031105
1270216063683145728
1270216067525337088
1270216360455438336
1270216411944833024
1270216782473764865
1270216789461307392
1270216986866245632
1270217073105354752
1270217081892544512
1270217159260532736
1270217194962632705
1270217212482039808
1270217523728756736
1270217560928079874
1270217603341058054
1270217651114004480
1270217721062371329
1270217753866022912
1270217951392796672
1270218090177949697
1270218170184466434
1270218257220296704
1270218406671908864
1270218685559345152
1270218694917001216
1270218781340528641
1270218826077163520
1270218832431312897
1270218876819656704
1270218971053203456