1267320081425498114
1267320194344587265
1267320354164408320
1267320368584257537
1267320421000470529
1267320421021388802
1267320509131223040
1267320715180675075
1267320803818962947
1267321264894619648
1267321289359994880
1267321708588892161
1267321948465496064
1267322317509660672
1267322455233908736
1267322467787223041
1267322627154214912
1267322727792246787
1267322804208373766
1267322826471755778
1267323516376023041
1267323709473185793
1267324308621156352
1267324585692803073
1267324594404249601
1267324677279580163
1267324750046597120
1267325069082198016
1267325198539329536
1267325231774892035
1267325328835428357
1267325437245624320
1267325454962262017
1267325919536066561
1267326066307272704
1267326213997109250
1267326263846371328
1267326365029879810
1267326375159123970
1267326444557996035
1267326574484811777
1267326582949117952
1267326587055136768
1267326595301142528
1267326678935601154
1267326687408123905
1267326818853498883
1267327090657034242
1267327278868049921
1267327534259208198
1267327560138067969
1267327591339438080
1267327677779685379
1267328032571867137
1267328193163223041
1267328348495151106
1267328424265216000
1267328443588345856
1267328508377935874
1267328713189928960
1267328901891739649
1267328982850195456
1267329455288131584
1267329720640663552
1267329759605690368
1267329825510842370
1267329925905694720
1267329958889717760
1267329966200553472
1267330034760667141
1267330243972542473
1267330350767718400
1267330474587729920
1267330612668456960
1267330648034992128
1267330804398592001
1267330822450769920
1267330919398084609
1267330987572301826
1267331309380100101
1267331451831283713
1267331469115981824
1267331557452156928
1267331562649128960
1267331645209796610
1267331706559889409
1267331721172787200
1267331875850371074
1267332425362874376
1267332481101041664
1267332652144697347
1267332685204258816
1267332977291223040
1267333188613005313
1267333205566402561
1267333314962227200
1267333570680553475
1267333629618814976
1267333902428803072
1267334019827539968
1267334574541017090
1267334652639019008
1267334669919563782
1267334706086834177
1267334858486865920
1267334946349334529
1267334972404371457
1267334983753977856