1271215639420698626
1271215639898787840
1271215686476423169
1271215713156562951
1271215775651639301
1271215858992513031
1271215895067725827
1271215954236780549
1271215990009786368
1271216018623430661
1271216040110960647
1271216069579952128
1271216107878264832
1271216119936884738
1271216291764768768
1271216304637313026
1271216392134512640
1271216413382852608
1271216481619963904
1271216502381752320
1271216531750469638
1271216577086730241
1271216648658153472
1271216667994005504
1271216678500777996
1271216707454087168
1271216753700454400
1271216783052222465
1271216795228221443
1271216857731657729
1271216883879026688
1271216887561482241
1271216892137443329
1271216946676215808
1271217299102420993
1271217306832474112
1271217345571119104
1271217357869002753
1271217614073655297
1271217625469607938
1271217637578735616
1271217655211589644
1271217655505195009
1271217684827553793
1271217693044150274
1271217717853421568
1271217745246294019
1271217839056121856
1271217900809043968
1271217906941132802
1271217982337769473
1271218007084335104
1271218012624949249
1271218041142095873
1271218074818015232
1271218164014239744
1271218164207140865
1271218179734491137
1271218234239225856
1271218238643490817
1271218293513187328
1271218296755572737
1271218309913104384
1271218337226166273
1271218343270285312
1271218389608919040
1271218393132064770
1271218534924922886
1271218544110338049
1271218565685940230
1271218590310686720
1271218590964842497
1271218636414423040
1271218657746706433
1271218666592522245
1271218678609174529
1271218679108317185
1271218746129031169
1271218758149791744
1271218802328350721
1271218905696989184
1271218913603284995
1271218994150768643
1271219077206302720
1271219111641538561
1271219138741010432
1271219158802407426
1271219299944927234
1271219392303505408
1271219408636182529
1271219411655864321
1271219465720672256
1271219476004876288
1271219541847113729
1271219584872386562
1271219598726180865
1271219765118406658
1271219828141854720
1271219840792100865
1271219870072483841
1271219904083943424
1271220021188935680
1271220055221645314
1271220084380446720
1271220108602380288
1271220154383261696
1271220159710138368
1271220168325201920
1271220179305971713
1271220234654023680
1271220248369340416
1271220331483553796
1271220339763183617
1271220410638635008
1271220415147454464
1271220477663608833
1271220536589369345
1271220598484557826
1271220671620673537
1271220681267544064
1271220759722106884
1271220766936150020
1271220805322641414
1271220855905927170
1271220868660596736
1271220922750578693
1271221196311461891
1271221313710034944
1271221346484187136
1271221392642469889
1271221434598281216
1271221445373366278
1271221455402029059
1271221530589085698
1271221552294457344
1271221576965304320
1271221581617025026
1271221808293801986
1271221832516067331
1271221895300435968
1271221913134804992
1271222040209567745
1271222056349085696
1271222072232906753
1271222100833865728
1271222102788538368
1271222115862106114
1271222195247710210
1271222205028810752
1271222227275374592
1271222253364154371
1271222415692046337
1271222491378262018
1271222544071380993
1271222558126305281
1271222705640148997
1271222782257315840
1271222793540120577
1271222848280027137
1271222882732032002
1271222894601920514
1271222947974393861
1271222977690914816
1271222981994283009
1271222991024721920
1271223002265317378
1271223125372547073
1271223195803226112
1271223200031150080
1271223221111709698
1271223259485347851
1271223338132811778
1271223346634637313
1271223367820021760
1271223368893763587
1271223385343787010
1271223397004042241
1271223429996244992
1271223472996442113
1271223544941338624
1271223556702076929
1271223602235375616
1271223645369536512
1271223653254918145
1271223661878562817
1271223678039097346
1271223728416882688
1271223732825059329
1271223737149341697
1271223779201552384
1271223825116663810
1271223829222866944
1271223867768483840
1271223876370919424
1271223917395546114
1271223968142438400
1271223996780998656
1271224018700361728
1271224039479095296
1271224076959395840
1271224115093856256
1271224158580441089
1271224211663708161
1271224234535157762
1271224282128015360
1271224354047692803
1271224448952172545
1271224449707069446
1271224487472701440
1271224512558911488
1271224534402764800
1271224538836148231
1271224585040441344
1271224744151592960
1271224832349224960
1271224841132261376
1271224885893873665
1271224898795569152
1271224911030337537
1271225019104927747
1271225041104056321
1271225070464237569
1271225088075939841
1271225092178092032
1271225099857866754
1271225122163060736
1271225124205797384
1271225187875336193
1271225297552236545
1271225364233117696
1271225376350576640
1271225376736501766
1271225389038305281
1271225603409117184
1271225607947337728
1271225682845151234
1271225686359830528
1271225695822282753
1271225696841580546
1271225699798482944
1271225753724522496
1271225824063025152
1271225833928024064
1271225914576306178
1271225922205646861
1271226124329037824
1271226254361088000
1271226266537152519
1271226479112671232
1271226529188581378
1271226572205219840
1271226580593852416
1271226597173899264
1271226614571917312
1271226618074353667
1271226627926745088
1271226664421376000
1271226669223890946
1271226916725338113
1271226926837960704
1271227024850345985
1271227046161678336
1271227112977043459
1271227197404016640
1271227252080963584
1271227252248846336
1271227281130893313
1271227330808012801
1271227386713894914
1271227470042198016
1271227617132392449
1271227632097488897
1271227642075680769
1271227646928543744
1271227711109754880
1271227731758288896
1271227738637156353
1271227860901138435
1271227868895477762
1271227978199052289
1271227982359773185
1271228078010904577
1271228078656753669
1271228094700040198
1271228137678860288
1271228179034730496
1271228237398638593
1271228334089949185
1271228405229510656
1271228414234517504
1271228420840660992
1271228438414753793
1271228527640076288
1271228556920545280
1271228640676777989
1271228824085241857
1271228829516746752
1271228861217456129
1271228871010971648
1271228934391132160
1271228934403874818
1271228959166853121
1271228969300320260
1271228976413970438
1271229013894352898
1271229046496432128
1271229064179662853
1271229088880041994
1271229172938047490
1271229281448968200
1271229307722104833
1271229340198539270
1271229357638352896
1271229442258501632
1271229449418100736
1271229450001289221
1271229495635255296
1271229505391038464
1271229545769828353
1271229545828380672
1271229586647535621
1271229638048612355
1271229650933448704
1271229873353363456
1271229893087571971
1271229898472869893
1271229952000573440
1271229969775996929
1271229991288573953
1271230292808757249
1271230326036205568
1271230376426569730
1271230532701978624
1271230536317464577
1271230551546986496
1271230590495232005
1271230652738830336
1271230657176301568
1271230680404357120
1271230694560337924
1271230733168803843