1276877947484409856
1276877947656339457
1276877973958922242
1276877981567389703
1276877997971320832
1276878011162189824
1276878019420983297
1276878038261731329
1276878046549741568
1276878073695285249
1276878074403885056
1276878095644049409
1276878099368599556
1276878107362971648
1276878145661124608
1276878207845838848
1276878246269857793
1276878254641741824
1276878298119843840
1276878359109275648
1276878371302055937
1276878401761091590
1276878413312200707
1276878418060214276
1276878422778798085
1276878435206533120
1276878451719450626
1276878459621404674
1276878468978884614
1276878552105918465
1276878572955693056
1276878587753160705
1276878619021848576
1276878625330077696
1276878627850743809
1276878666337644544
1276878685249945600
1276878707085492224
1276878707534299136
1276878749997432837
1276878782515810305
1276878820776108033
1276878837033435136
1276878853256822785
1276878883459981313
1276878904502956034
1276878916251258880
1276878931317137411
1276878938476855300
1276878942260080649
1276878962430525441
1276878971469213696
1276878980298113025
1276879151614570497
1276879159936135170
1276879168303595522
1276879171764064262
1276879180517556226
1276879189308653571
1276879191464697858
1276879197928148994
1276879206287314944
1276879223383379971
1276879235471335432
1276879276202229760
1276879277414395906
1276879312822710273
1276879324516429824
1276879340114898952
1276879370486009857
1276879374080512001
1276879387326103552
1276879391860162561
1276879420163100678
1276879450466967553
1276879475108728833
1276879580146683904
1276879592381452288
1276879637994516481
1276879647121256449
1276879726334935040
1276879773285916672
1276879776062615553
1276879777408921601
1276879794160971777
1276879801727344640
1276879814327238656
1276879848741486592
1276879959202512897
1276879987342217217
1276880078547402759
1276880079218446336
1276880086692704263
1276880087229612033
1276880141277376518
1276880151037521920
1276880190400942081
1276880192477282304
1276880196545720322
1276880208470179840
1276880275843104774
1276880279987257344
1276880368352796672
1276880402205081601
1276880456659525632
1276880481410138113
1276880489652117504
1276880515153494017
1276880522979840000
1276880545125994497
1276880556995772417
1276880558211993601
1276880620476665856
1276880657239678976
1276880670485368833
1276880705075638275
1276880714307379202
1276880733328424962
1276880738072354818
1276880766589419521
1276880779503689728
1276880779738578955
1276880812789637120
1276880846146985984
1276880856527888384
1276880900622553088
1276880942490161152
1276880964367646720
1276880967672582144
1276880968532529156
1276880972269735937
1276881001822793731
1276881014095327233
1276881014153859073
1276881035939086336
1276881039324045312
1276881121008025600
1276881136174669824
1276881215606398976
1276881219658100737
1276881236091219968
1276881245121675265
1276881257310367744
1276881278982402048
1276881279288565760
1276881291447844864
1276881303523282946
1276881311916003330
1276881330681319425
1276881408636547074
1276881412797468674
1276881448377647106
1276881458607554560
1276881459463122944
1276881466933182464
1276881605319995397
1276881618334932993
1276881634688675843
1276881642951303173
1276881643236732928
1276881643253280768
1276881643681255425
1276881731644198919
1276881735641374720
1276881786182799361
1276881832018141191
1276881857070555137
1276882050730070019
1276882067310116865
1276882075086438401
1276882121769041920
1276882137870983169
1276882175640473600
1276882188819140610
1276882190224232448
1276882225489948672
1276882243168931841
1276882261871337474
1276882272885575683
1276882273212805123
1276882280787607552
1276882289855627265
1276882293622288386
1276882300710653953
1276882310831443971
1276882311032774658
1276882314442739714
1276882326627266560
1276882390737174528
1276882425247928322
1276882508341227520
1276882515454820358
1276882525051219969
1276882531787382785
1276882549135073281
1276882558165250049
1276882563253112833
1276882603472293888
1276882629015547906
1276882633222479873
1276882649647386624
1276882687610032132
1276882704701820934
1276882713023258624
1276882716944982021
1276882730089959425
1276882739719962624
1276882789195972608
1276882805360922624
1276882814047305728
1276882814076694528
1276882818191306752
1276882842765742082
1276882864974544896
1276882876248862720
1276882899929829377
1276882934818131973
1276882984503848961
1276883016820781056
1276883042267590656
1276883074307899392
1276883098941026307
1276883124371312642
1276883140146069505
1276883203324735488
1276883216130023426
1276883233297371137
1276883288335015936
1276883312640811015
1276883346371547136
1276883358916755456
1276883361538203649
1276883429867560965
1276883442622488576
1276883473605656578
1276883476176875521
1276883486218035200
1276883522943250432
1276883572650119168
1276883576542429185
1276883594200461323
1276883597857824770
1276883598340218882
1276883602068946944
1276883610893791232
1276883614458761218
1276883615302012931
1276883636541890560
1276883660160073730
1276883690598084608
1276883693680746498
1276883705039118339
1276883720121827328
1276883753458114562
1276883799025102855
1276883823943450626
1276883886992003072
1276883891597557763
1276883895766732800
1276883899356868608
1276883908286701568
1276883929610498049
1276883954214277120
1276883966352601090
1276883971645767680
1276883975093448704
1276883991560245248
1276884013190389762
1276884066931929090
1276884151979786240
1276884180543115265
1276884198863695872
1276884201464266757
1276884354317385729
1276884369437851650
1276884391093035008
1276884453030125568
1276884487658287105
1276884498026770433
1276884515798089728
1276884545804083201
1276884549750992898
1276884558844170244
1276884571657834498
1276884580402892801
1276884587696676877
1276884631405682688
1276884642537275397
1276884672186929153
1276884679770148865
1276884679904202754
1276884696748765185
1276884697214324737
1276884717695049729
1276884741673717760
1276884750951645187
1276884773093376000
1276884802231308289
1276884831511732228
1276884873161170945
1276884877737107457
1276884906652532736
1276884926600634369
1276884931885572096
1276884933168910337
1276884957722525696
1276884969453838339
1276884989452472323
1276885012533481472
1276885015700307968
1276885016979673088
1276885045614166016
1276885075569729536
1276885120453152768
1276885125989425152
1276885135787515906
1276885164262477824
1276885165818683394
1276885183262842881
1276885191106183175
1276885199922647040
1276885242486325249
1276885254498729984
1276885275952795655
1276885284328701952
1276885294747246595
1276885304713060354
1276885322375331843
1276885324996608000
1276885331627966466
1276885376133726209
1276885376351772673
1276885486074646530
1276885489832902656
1276885493616173056
1276885496921194496
1276885665742049281
1276885688902975488
1276885729084190726
1276885774479179777
1276885807903711233
1276885842309476353
1276885846516330496
1276885892385304576
1276885986673213441
1276886005900029953
1276886030164078598
1276886089840631810
1276886160812339200
1276886164574699520
1276886168726953985
1276886168949456896
1276886223550910464
1276886232035995649
1276886244224532480
1276886252848140292
1276886257084198912
1276886295093133312
1276886302361862145
1276886316966449154
1276886332665667586
1276886335840796674
1276886343193440257
1276886366069174274
1276886378698153985
1276886420506869760
1276886447795040256
1276886458368958464
1276886462902857729
1276886470419243008
1276886509011042304
1276886510512623616
1276886526316679170
1276886553785073665
1276886573351448576
1276886592569913344
1276886655576702982
1276886706025684992
1276886776980951045
1276886791958773760
1276886794227892225
1276886796987752448
1276886820207411201
1276886874196529153
1276886881683116038
1276886954727084032
1276886965565165569
1276886969746939905
1276886976810139654
1276886986981289985
1276886995650953216
1276887014982418435
1276887024088293381
1276887108460990464
1276887121194876929
1276887125091368961
1276887125363810306
1276887137586044929
1276887146364915712
1276887159237226496
1276887166740828160
1276887197011116037
1276887204648927236
1276887205433225219
1276887215851950085
1276887234667360256
1276887287905710080
1276887304091701249
1276887321913237506
1276887322550833153
1276887330700353538
1276887369271123968
1276887389143617536
1276887402150273034
1276887422916272129
1276887427391598592
1276887444693139458
1276887464901332994
1276887469347221506
1276887490012405762
1276887511642583041
1276887528407207938
1276887535348785153
1276887628814659591
1276887653506592769
1276887700147240960
1276887717419159552
1276887721399721985
1276887728895000577
1276887754245320704
1276887758783614977
1276887764714369024
1276887801133481986
1276887801150058496
1276887805189226496
1276887814916001792
1276887828232908801
1276887838047469569
1276887838987038721
1276887842870919170
1276887843881680896
1276887883899711489
1276887913729609728
1276887930716532736
1276887946130599938
1276887984693018625
1276887985674350593
1276888002195861505
1276888014170587136
1276888077991137280
1276888081858269185
1276888137944330240
1276888144105951233
1276888145083002880
1276888207699795969
1276888239366975490
1276888253476585473
1276888262267682816
1276888337484308480
1276888356220276736
1276888387379777536
1276888438520889344
1276888443080015874
1276888458351513600
1276888480707117056
1276888489678606336
1276888510184783874
1276888538215256065
1276888601545056258
1276888660252733440
1276888707346231299
1276888710567669760
1276888723469336585
1276888744688263168
1276888752342945792
1276888760765034496
1276888781396811777
1276888791693787138
1276888844722413568
1276888894470975490
1276888944672509954
1276888950636978181
1276888956991307776
1276889004399407112
1276889008782618625
1276889035622006785
1276889054932582400
1276889063430160385
1276889079670607879
1276889084603043841
1276889127385010183
1276889134066434048
1276889167029469191
1276889167750991872
1276889176370229250
1276889201494110208
1276889238286618626
1276889273313222658
1276889289939456001
1276889377390673920
1276889381480038402
1276889387381506055
1276889407291867138
1276889466033123332
1276889481963069441
1276889490905235457
1276889494013112320
1276889549885657088
1276889655271718912
1276889683453190144
1276889683478241280
1276889755335168001
1276889780882677760
1276889783269236736
1276889808246173696
1276889880317038593
1276889910281211904
1276889932267761665
1276889960759439360
1276889963863384064
1276889983459065857
1276889985808023552
1276889992187396096
1276890019127533568
1276890025276424192
1276890036244488202
1276890044607930369
1276890052820230144
1276890069920604165
1276890103382605824
1276890107602259968
1276890116041191424
1276890117509189632
1276890123897114626
1276890127839555585
1276890174656405504
1276890197133680640
1276890199834984451
1276890225730609152
1276890232617496578
1276890238158123008
1276890254893441024
1276890262468509697
1276890317040619520
1276890333473898497
1276890357687607296
1276890404969943040
1276890451975516161
1276890506333749249
1276890519033896961
1276890527355396096
1276890541502889986
1276890556581494792
1276890594435043330
1276890614756446208
1276890710898163712
1276890758000279553
1276890766732939265
1276890795606446082
1276890829207068677
1276890879177838593
1276890894948597760
1276890929278967808
1276890946303660037
1276890967166025729
1276890971356135425
1276890992185085953
1276891013500538881
1276891017262727170
1276891075165241344
1276891088729432065
1276891101559832577
1276891122648973314
1276891130588733440
1276891143440138241
1276891143498850305
1276891164776505345
1276891173278437378
1276891203133493248
1276891214508417028
1276891219348451328
1276891260654104581
1276891267927027712
1276891335677677569
1276891340614352897
1276891394716696582
1276891431534239744
1276891432821850114
1276891499494551552
1276891537306255363
1276891542087782403
1276891559632474112
1276891565252841478
1276891570898264064
1276891597666422784
1276891608546492416
1276891656432889857
1276891667208065025
1276891680302645248
1276891685558071297
1276891729665425408
1276891731460571138
1276891756919836672
1276891768139714562
1276891772753453061
1276891789023236096
1276891789064953858
1276891789325225986
1276891801496940546
1276891801954156544
1276891801970896896
1276891852243787782
1276891857046441987
1276891860720648194
1276891928177582081
1276891948335296512
1276892033312010240
1276892057592688640
1276892068892286976
1276892070238539776
1276892103537197057
1276892108289454080
1276892108767420416
1276892145199091713
1276892159157944323
1276892162299506689
1276892204057989122
1276892204271796225
1276892236752588800
1276892242003865607
1276892267647660034
1276892276195721218
1276892304905814017
1276892321636728833
1276892342709096451
1276892372304003072
1276892422845239296
1276892427522097153
1276892456227753985
1276892472870723584
1276892473948848129
1276892510447681546
1276892565757886467
1276892577812418560
1276892581981454336
1276892590193819651
1276892645047128065
1276892663246196737
1276892678643474434
1276892684741992448
1276892694640578560
1276892710243201024
1276892737313181698
1276892745718575105
1276892766015049729
1276892792195858432
1276892809052565505
1276892825548980225
1276892890082525184
1276892892213043200
1276892905307639809
1276892908990406656
1276892930368831490
1276892944100966400
1276892987793059840
1276892988782923776
1276893006017081344
1276893016121319426
1276893022098092032
1276893025814249472