1276772251774226432
1276772269285572608
1276772353540788225
1276772355994382337
1276772545417498625
1276772558470352896
1276772651080380416
1276772651135127558
1276772675038384128
1276772743099211777
1276772755942322176
1276772790343995392
1276772802608222209
1276772810644471808
1276772827975294976
1276772839455105024
1276772852411187200
1276772919281098754
1276773000130355200
1276773029956247552
1276773099179053057
1276773124072189952
1276773133161164800
1276773197057122304
1276773213494747137
1276773263750901760
1276773288832716807
1276773325675458560
1276773359498326017
1276773388443193345
1276773689011269632
1276773765515534339
1276773787153960962
1276773792803667969
1276773803180396546
1276773825292783616
1276773892657278976
1276773893122846720
1276773905005453312
1276773914136346624
1276773972554678273
1276774021561024512
1276774027395321856
1276774108257153032
1276774126225690624
1276774132106039296
1276774160027406336
1276774171704528896
1276774202742173697
1276774232471502849
1276774240599994369
1276774253505867777
1276774282534805504
1276774290541641729
1276774305460715520
1276774332220559360
1276774357642039296
1276774365233737728
1276774377988804608
1276774412746919937
1276774429264154624
1276774445009362944
1276774484226330624
1276774520909676545
1276774541851852800
1276774555114041345
1276774571597877248
1276774625955983361
1276774713403064321
1276774717366534144
1276774765471162368
1276774772190449664
1276774819212587009
1276774848006696962
1276774890369159172
1276774954739130369
1276775040730660869
1276775042274086913
1276775045012967425
1276775079326572544
1276775088218652673
1276775153645441025
1276775200105758722
1276775268527587328
1276775269013917697
1276775292401573888
1276775325842595840
1276775465672298496
1276775561390485504
1276775604743012352
1276775616654610432
1276775632156925954
1276775641225060353
1276775653694672896
1276775655640666112
1276775758770274304
1276775787962806273
1276775855654567936
1276775855889412099
1276775862994710529
1276775884125614081
1276775921119158272
1276775937397358592
1276775995144634368
1276776002849406983
1276776011506397184
1276776055882186752
1276776085225476097
1276776122638692352
1276776145241833472
1276776195523325952
1276776244541964291
1276776266927136768
1276776285302394881
1276776345230381057
1276776398439538695
1276776399668252672
1276776413484417025
1276776434246324230
1276776441749762050
1276776448225734658
1276776474096267264
1276776495973715968
1276776550176665600
1276776558640930817
1276776568581353472
1276776589502676992
1276776607647019008
1276776610562269184
1276776613770747906
1276776627570184192
1276776711720521729
1276776728740818947
1276776731416780802
1276776778963402754
1276776874945974272
1276776912845631488
1276777196023996416
1276777385942151168
1276777458029789184
1276777482415484929
1276777482838962176
1276777486462914563
1276777496621445120
1276777539885772800
1276777541039271936
1276777549742387200
1276777596664123392
1276777697163739136
1276777744920014848
1276777763668705280
1276777769096093696
1276777795847426048
1276777796585447424
1276777901166415875
1276777939674095618
1276778019441594370
1276778028064899072
1276778035895832581
1276778120482295808
1276778141852237824
1276778258588196864
1276778313139118080
1276778351533817857
1276778363508621314
1276778371729502209
1276778388137615361
1276778560527773697
1276778657235730432
1276778683026386944
1276778695764647936
1276778703108952066
1276778811888209923
1276778828174626816
1276778849477341185
1276778855156588549
1276778913188868101
1276778950056796160
1276779079820165127
1276779180856934402
1276779337451110400
1276779358196084736
1276779363548217345
1276779366714937346
1276779390588923909
1276779487456157696
1276779490564341760
1276779495505031169
1276779515910422528
1276779521413271553
1276779591651246082
1276779600459313152
1276779662870544384
1276779714900717568
1276779861407862784
1276779919218008064
1276779919771656193
1276780007252127750
1276780015632486407
1276780058481287168
1276780146733854723
1276780172029489152
1276780209321185280
1276780225632694272
1276780241537708033
1276780260604944384
1276780297087070208
1276780360978833408
1276780486329679873
1276780544232062976
1276780586338836481
1276780624775458817
1276780649471410178
1276780660598824960
1276780734209044481
1276780745810300929
1276780791763095556
1276780853843107840
1276780863007551490
1276780863070535680
1276780940208078848
1276780954686640128
1276781060873912321
1276781071657566208
1276781072764764171
1276781085230108673
1276781098744213504
1276781120424534016
1276781134764863489
1276781211029995520
1276781217271001088
1276781224799985666
1276781248854269953
1276781262347407367
1276781265862172677
1276781311919828992
1276781357067198464
1276781387488452608
1276781409215090688
1276781462222766080
1276781464206692352
1276781517969043456
1276781529260310528
1276781549673832453
1276781550579965952
1276781594682904576
1276781621392429056
1276781665302396929
1276781676434055168
1276781694398402561
1276781853370986497
1276781941942095874
1276782053619458052
1276782100583153665
1276782104768962560
1276782112905936896
1276782248675676160
1276782256283979778
1276782260738560000
1276782347862630402
1276782349624246272
1276782404225699841
1276782464048885760
1276782511889285120
1276782523436208129
1276782531904286722
1276782544709496832
1276782598530961408
1276782781381689344
1276782801694658560
1276782824771563520
1276782994041135104
1276783010944335872
1276783024269668353
1276783048684683267
1276783227999576064
1276783232168669184
1276783232273563648
1276783261398839296
1276783267178516481
1276783287491457025
1276783354579308544
1276783387701727233
1276783412997689345
1276783442764738560
1276783539812478977
1276783589510844416
1276783640098205696
1276783737238421504
1276783773682667522
1276783807480213504
1276783816519057409
1276783825536892928
1276783862320898048
1276783913751453698
1276784004809687040
1276784030185218051
1276784049348997120
1276784101660516353
1276784126499016704
1276784150645575680
1276784319814676488
1276784331776831489
1276784337896251392
1276784405000970240
1276784499485929480
1276784529877815296
1276784630289612800
1276784630545305600
1276784694760050688
1276784697817747457
1276784768672292866
1276784911060361216
1276784960083333120
1276785011098820609
1276785116900208641
1276785125267656708
1276785140677644288
1276785165738692611
1276785224710590469
1276785287964717056
1276785309590720512
1276785337562533888
1276785358848397312
1276785362841583616
1276785401194336256
1276785472849588225
1276785489341800448
1276785577497636865
1276785616747786240
1276785644518416384
1276785686331494401
1276785712407425024
1276785745131438080
1276785795873947649
1276785807949475843
1276785846264496128
1276785853818384384
1276785981102972928
1276785984898818049
1276786220060692480
1276786302701187072
1276786340223307776
1276786357906661377
1276786429251780608
1276786617295011841
1276786635636707328
1276786651784720384
1276786685087494145
1276786739542097920
1276786747565801474
1276786760002002944
1276786793463963653
1276786889702273026
1276786928516382720
1276786941481160705
1276787023131619328
1276787054580363264
1276787054949437440
1276787314165862400
1276787346491478016