1268965853820645376
1268965904588640258
1268966023455219714
1268966034863804422
1268966155747721223
1268966190212190212
1268966379308191745
1268966419204538368
1268966440729817089
1268966567007735812
1268966570149240838
1268966617339228160
1268966635299311616
1268966667851366402
1268966765289263105
1268967012858036237
1268967075101454340
1268967091824140290
1268967268366639105
1268967285110251520
1268967322947067905
1268967414701666306
1268967499430756352
1268967598886191104
1268967603399127041
1268967679462748162
1268967700174376961
1268967801156501512
1268967823822422019
1268967918160818176
1268968009382707201
1268968023458746376
1268968047630483460
1268968048360329218
1268968237049376768
1268968269056270343
1268968308700741633
1268968439181225984
1268968501651353604
1268968610011082752
1268968618961887232
1268968673806614531
1268968766173569026
1268968800604520448
1268968858162991104
1268968950542536711
1268969055291146241
1268969189051695107
1268969238175395842
1268969261294288898
1268969307448332288
1268969512520613888
1268969529536905216
1268969759636443137
1268969843144962049
1268969861465735171
1268969877466804227
1268970103791640576
1268970110422675456
1268970334750793728
1268970410093146112
1268970572832223235
1268970653476106242
1268970673868664832
1268970867138191362
1268970883739037696
1268970941738033161
1268971098244186113
1268971161066655746
1268971512591192064
1268971538507759625
1268971567662403584
1268971630270861313
1268971722314854401
1268971739511472129
1268971848554786817
1268971907677855750
1268971969132756992
1268972297337143302
1268972423464062976
1268972535519068160
1268972561209135104
1268972621019971586
1268972864050348033
1268972924528197634
1268973011178307587
1268973012256280584
1268973040781705218
1268973098679894018
1268973149355479040
1268973318222290947
1268973383670288384
1268973394877349892
1268973422681473030
1268973422790541312
1268973492806000641
1268973513362288643
1268973513722916865
1268973572615176199
1268973661823746049
1268973737820512261
1268973867911045120
1268973983413817345
1268974076044992512
1268974134131929088
1268974367557312512
1268974436188741632
1268974566610743297
1268974574747750402
1268974591667580930
1268974725671407617
1268974814317944832
1268974852213530624
1268974952822308864
1268974985835618305
1268975166597578752
1268975224596422656
1268975291877261312
1268975335732895749
1268975591430270979
1268975649651396609
1268975774402568195
1268975787253870602
1268975793733943296
1268975820628013057
1268975841058287616
1268975858586443776
1268975979722129409
1268976219040747521
1268976301861490689
1268976355477241857
1268976416676290560
1268976513073938440
1268976726400544771
1268976845338238977
1268976873368944648
1268976886346125319
1268976894214574080
1268976923692142594
1268976978784378886
1268976979522523145
1268977179641237505
1268977183600435200
1268977279855517696
1268977318275530755
1268977456620470273
1268977524056391681
1268977611285422080
1268977833994584065
1268977926642348032
1268977959563649026
1268978081064255492
1268978119714787328
1268978198903164928
1268978246550503427
1268978425450115073
1268978471323099137
1268978511231975427
1268978530005762052
1268978601703194625
1268978607856156672
1268978618224513025
1268978623689736192
1268978647534170112
1268978694053388288
1268978824420753409
1268978832004001792
1268978861490032640
1268978953387204609
1268979037386362880
1268979134056640513
1268979160715837440
1268979339716067333
1268979371882221574
1268979479075885057
1268979721179738112
1268979893619978241
1268980082250522624
1268980086084075521
1268980108146159616
1268980195891056641
1268980365865050112
1268980665145425920
1268980799300395014
1268980879042494464