1275186805470445568
1275186808360521728
1275186821257977861
1275186837984817157
1275186956268384258
1275186968792641539
1275186976950493185
1275186989180964864
1275186989600591874
1275187014644596737
1275187047695822848
1275187060622725121
1275187081246097408
1275187111906414593
1275187114968330243
1275187131867033600
1275187179162132481
1275187203002576901
1275187207867957248
1275187231431561216
1275187232396193792
1275187260540010496
1275187262020415488
1275187266823036928
1275187288331423749
1275187324708519938
1275187357722042374
1275187404664721412
1275187408561111040
1275187459094183937
1275187459165499393
1275187459308097537
1275187514228248576
1275187526643224576
1275187543743451136
1275187558998142977
1275187564341792768
1275187601171980295
1275187622110007301
1275187639591800834
1275187689860370432
1275187740837961728
1275187753639124992
1275187878587441152
1275187908719161344
1275187919003803651
1275187984715984896
1275188013547638784
1275188017314123776
1275188130610585601
1275188134678900737
1275188166266363904
1275188198084403202
1275188222906302468
1275188323485507584
1275188352539660289
1275188361305735168
1275188448714911744
1275188457074069504
1275188466242990087
1275188501592576001
1275188600003596288
1275188624968073216
1275188629938323458
1275188641921294343
1275188652784697345
1275188659935985664
1275188672049164289
1275188809500635146
1275188980225622016
1275188994914111489
1275189182890156032
1275189192188989441
1275189206910992385
1275189275529805824
1275189304654999552
1275189343137738752
1275189361261326337
1275189367880011777
1275189465162690560
1275189480593461254
1275189616094609408
1275189636239933442
1275189689331249153
1275189709149536256
1275189715017187329
1275189760093347840
1275189808420151297
1275189817807179777
1275189828699721728
1275189829974863874
1275189946412924940
1275190009063247874
1275190009268711424
1275190034107371521
1275190085126770688
1275190139535400961
1275190143184494595
1275190169545703430
1275190172775137281
1275190180438212608
1275190190227820544
1275190243587735552
1275190264781561856
1275190349003141126
1275190370276528129
1275190387213287429
1275190392066060295
1275190438429962241
1275190452740698112
1275190458327527425
1275190462345646081
1275190495841521664
1275190545799839746
1275190578024767491
1275190646668775425
1275190651546505217
1275190652389650432
1275190684971040768
1275190694672392192
1275190731007803395
1275190890223382528
1275190961254141954
1275191000084836355
1275191008125321216
1275191053486657536
1275191066187137025
1275191121560375302
1275191130972291072
1275191163306336256
1275191174907731970
1275191179345264640
1275191184202371072
1275191188316971012
1275191205534498816
1275191208344772609
1275191217051938818
1275191296873857024
1275191317996462084
1275191427228721156
1275191475299479552
1275191505884516358
1275191506576355328
1275191528017629184
1275191536351879169
1275191540349112320
1275191545780736009
1275191546720079872
1275191549123457025
1275191590500405248
1275191624251969539
1275191646037123072
1275191707890573313
1275191847669960705
1275191948001923072
1275191984798478337
1275191989429047297
1275192044579950593
1275192081066188808
1275192095221874690
1275192098044563456
1275192136032542722
1275192136229519360
1275192287119753219
1275192316718985217
1275192344652902401
1275192347337404416
1275192388022161408
1275192446520037376
1275192451729444865
1275192492942520321
1275192504770592770
1275192572823011328
1275192581870153729
1275192597141741568
1275192651604623362
1275192676904849409
1275192679861678080
1275192714477350912
1275192752964341761
1275192756558757890
1275192765589192712
1275192773298225153
1275192831158575106
1275192840893521920
1275192873869357058
1275192883289583616
1275192924251267074
1275192971122675713
1275193154853994496
1275193239428042753
1275193263549558785
1275193318448611328
1275193351906590720
1275193397557559303
1275193465039708160
1275193465505226776
1275193506579886081
1275193519955759106
1275193529481023488
1275193540235210752
1275193540725870592
1275193540889305088
1275193587907432449
1275193593154732035
1275193607880880128
1275193637647773696
1275193643763146752
1275193674301726721
1275193703968227331
1275193729863897088
1275193775116017665
1275193831013650433
1275193834071298050
1275193985137401857
1275193990661337090
1275193997732876288
1275194052418457601
1275194065366245379
1275194150519025665
1275194271050711048
1275194363195174914
1275194392660279303
1275194413296365568
1275194521614086144
1275194543101612032
1275194560558141440
1275194581672329216
1275194723498483712
1275194770596528133
1275194815785971712
1275194858412613640
1275194903753035777
1275194952268603393
1275194987295264769
1275194992844255232
1275195035298873344
1275195130002243584
1275195132871131142
1275195222494830592
1275195244095602689
1275195273778790402
1275195303696752640
1275195307072958464
1275195373443862529
1275195377969508355
1275195512342208512
1275195533699710977
1275195621339811840
1275195659470032898
1275195722741227524
1275195751535046658
1275195759739142146
1275195788310831105
1275195864433090563
1275195944003424262
1275195991755493377
1275196057211695104
1275196078028140545
1275196078309150721
1275196095254204417
1275196098890461184
1275196141936803842
1275196145589825536
1275196217287299074
1275196300456153088
1275196323411746827
1275196395801067520
1275196443184119808
1275196447315693568
1275196468412858368
1275196523345670144
1275196540387127296
1275196553171435521
1275196568405184513
1275196585614340096
1275196635119783945
1275196669697699840
1275196760705687555
1275196762119168000
1275196770213957632
1275196808113852418
1275196829076910080
1275196867727355906
1275196921326510080
1275196946219626497
1275196964427239424
1275196967593955330
1275196997222481922
1275197000686931969
1275197019091591173
1275197034320916480
1275197038628659201
1275197046023225351
1275197047675719681
1275197056240488448
1275197088998006784
1275197093775314945
1275197121944145921
1275197122833461251
1275197143850967040
1275197168815652865
1275197186066743297
1275197188331769862
1275197356711919616
1275197404145467392
1275197410302517248
1275197476052643841
1275197508684328960
1275197533380317186
1275197593153306624
1275197613919404032
1275197643665399808
1275197713173405697
1275197760212316160
1275197785290096641
1275197814851559424
1275197856819765248
1275197965477580801
1275198057680744448
1275198142657462276
1275198149095759873
1275198154258829314
1275198170897793026
1275198189922967554
1275198239122141185
1275198242767228928
1275198296407994370
1275198394483515392
1275198420622270465
1275198471922835457
1275198494157017088
1275198499974512640
1275198540365660162
1275198541070303236
1275198544098529280
1275198552545931264
1275198604370743296
1275198616878166018
1275198681977774080
1275198712931852294
1275198771639566341
1275198876404928514
1275198917479628804
1275199022496493569
1275199026019827714
1275199044223148036
1275199051030507520
1275199060790501376
1275199089836097537
1275199097729806336
1275199106416365569
1275199156089479174
1275199181863387142
1275199207519981569
1275199215765827584
1275199280660258816
1275199310666203137
1275199391712731136
1275199430019481605
1275199438642909184
1275199513775521792
1275199552375721984
1275199555965906945
1275199564581163008
1275199605827760129
1275199626799468544
1275199649914200069
1275199865673433089
1275199920358789121
1275199932568240128
1275199950457053185
1275199983965188096
1275200004269805568
1275200013556043776
1275200025031856129
1275200042400468993
1275200054245109761
1275200108716589056
1275200171123539968
1275200206074793988
1275200381207764992
1275200383804203011
1275200453094096897
1275200509482135552
1275200528369225730
1275200532706197504
1275200583067226116
1275200615371636741
1275200624532037632
1275200649886662658
1275200661647429634
1275200703745662979
1275200742064824320
1275200809777520640
1275200923762135041
1275200981567848448
1275200985929936896
1275201040011403266
1275201068637528067
1275201078380953602
1275201103399759872
1275201107573248002
1275201149944188928
1275201171716620288
1275201231313604609
1275201279065800704
1275201283482357760
1275201362976964609
1275201364008800256
1275201477603196929
1275201489355649025
1275201544380715008
1275201589456715777
1275201606934544387
1275201610684067840
1275201619395784704
1275201628518440965
1275201666560770056
1275201686194122752
1275201699423100929
1275201715382308864
1275201715604611074
1275201786819870721
1275201792553316352
1275201795069849600
1275201807388729345
1275201854117425152
1275201871888576512
1275201874711511041