1268407353776496643
1268407387918151683
1268407567757148160
1268407600053444608
1268407626372485120
1268407672581341192
1268407899010691072
1268407947161489409
1268408301743747072
1268408440839237634
1268408656569090050
1268409102759272450
1268409128139067392
1268409140671438848
1268409174343335936
1268409455106015233
1268409557761605632
1268409657355374593
1268409962599940096
1268409987895709696
1268410348731760640
1268410609302986753
1268410797463609344
1268410814102290432
1268410885950844929
1268411242001182720
1268411413862678533
1268411473081987073
1268411682646380544
1268411719690473475
1268412001983688705
1268412265788780550
1268412391127040001
1268412513734909952
1268412777288302593
1268412839502512129
1268412940928954368
1268412993714434048
1268413094457421826
1268413381570002951
1268413464948736000
1268413495613313024
1268413700278452224
1268413746390556672
1268413762597511171
1268413952087617537
1268414309605859329
1268414648572719104
1268414745473724416
1268414854383239169
1268415020926451712
1268415073518829570
1268415075867557888
1268416094764699658
1268416354685722627
1268416812234027009
1268417134947786752
1268417759861370881
1268417868820971521
1268417987184295936
1268418079605886978
1268418464898846723
1268418565192982528
1268418632976982018
1268418685238198273
1268418864695697408
1268419006500933633
1268419064235352065
1268419317957353472
1268419358235058178
1268419606554632192
1268419710955081728
1268419731171794944
1268420028292087809
1268420197226090498
1268420440856248320
1268420591234629633
1268420658603552771
1268420822462533633
1268420851067752450
1268420859862978560
1268420935775903749
1268420983121014785
1268421098854629377
1268421232367525888
1268421367277502466
1268421503898415106
1268421568553779200
1268421585683308546
1268421719401861120
1268421946900766720
1268422085493301248
1268422122231087105
1268422150840553475