1274628211431936000
1274628313705639937
1274628329765842944
1274628404587958274
1274628438347911169
1274628532694646785
1274628668829155328
1274628721186689024
1274628728967041024
1274628828200087552
1274628946470920192
1274629278408335360
1274629294891753473
1274629324352761856
1274629389955858432
1274629478132535296
1274629731032264704
1274629923399843840
1274629978525753344
1274629978613780480
1274629985349836801
1274630065800851456
1274630099145388032
1274630116149268481
1274630262572437504
1274630334240501760
1274630723899666434
1274630775086841856
1274630824990773250
1274630846163509249
1274630892535910405
1274630893743767552
1274630964329791488
1274631138523439104
1274631143569199104
1274631146886873088
1274631180902633472
1274631450030149634
1274631541667311616
1274631735620370432
1274631806176784384
1274631899214835714
1274631910648680450
1274631928935706630
1274631948691017729
1274632061655998464
1274632079238545409
1274632192275165184
1274632234012536832
1274632276328898560
1274632427160457216
1274632483166924800
1274632586573348865
1274632649894739969
1274632716441575428
1274632736184184835
1274632749828108289
1274632837669543938
1274632877821562880
1274633127185563649
1274633153848672257
1274633194201964547
1274633270886612992
1274633435164876801
1274633443930853376
1274633630330093569
1274633739713359873
1274633774194741254
1274633951613718529
1274634012070481921
1274634081406455809
1274634133835218946
1274634155746156544
1274634265125404672
1274634309949960192
1274634416606851073
1274634519598043148
1274634525021048832
1274634570864799744
1274634763173855232
1274634809168535554
1274635027620540418
1274635036503965696
1274635056234082304
1274635215009349633
1274635279161159680
1274635386506170369
1274635456165093377
1274635557797335041
1274635761946689536
1274635791227064321
1274635975201665024
1274635983552643072
1274635983930228738
1274636047041863682
1274636160640397312
1274636169054216196
1274636374797402112
1274636517445644295
1274636566191919105
1274636632084414464
1274636663126462464
1274636801819529216
1274636874305417216
1274636899429253122
1274636931301769216
1274636969243488256
1274636990030286848
1274637037174288384
1274637116778188803
1274637289780436995
1274637455673737223
1274637628382511104
1274637829847515138
1274637862357606400
1274637972923723776
1274637998752227329
1274638032067534849
1274638122802970624
1274638195163095046
1274638231120814080
1274638283356733441
1274638378730995712
1274638392366637057
1274638434473259008
1274638463904526337
1274638485329076224
1274638580271415296
1274638622952550402
1274638685431087104
1274638710689144832
1274638740493938688
1274638756524548098
1274638795019825152
1274638821209116672
1274638974762483713
1274638996413517825
1274639045507891200
1274639080064561152
1274639238311616513
1274639252492517376
1274639445908570112
1274639466121113602
1274639552595009536
1274639565664509952
1274639620349857792
1274639629245919232
1274639696879026177
1274639838956961792
1274639875975888896
1274639998709612545
1274640124299505665
1274640252905422850
1274640396065189888
1274640435294732289
1274640437618171904
1274640447357550594
1274640475773861890
1274640518337556482
1274640564487684096
1274640600999112705
1274640724575780869
1274640799343489027
1274641121986174976
1274641208011341824
1274641272662298625
1274641395538632707
1274641587323035650
1274641653979131904
1274641663365771265
1274641843494572037
1274641901803565057
1274642037120176129
1274642073291980800
1274642149347377152
1274642171698851843
1274642238052667392
1274642349264703491
1274642593603870722
1274642720129089542
1274642750261080064
1274642832750493698
1274642853612879872
1274642879051227137
1274642979622395905
1274643073159647234
1274643204843831296