1268467546019291137
1268467726588223488
1268467781755908097
1268467853008801797
1268467948923973632
1268468120030597120
1268468523644289024
1268468564953935872
1268468678716162049
1268468702850187266
1268468738489290757
1268468918995345409
1268469014205829123
1268469048708231174
1268469057927426048
1268469178119438337
1268469559146672133
1268469626759000064
1268469648237957121
1268470029496070144
1268470130901766145
1268470159611703296
1268470181187198977
1268470595299102720
1268470630589927424
1268470654170431489
1268470658586959872
1268470994739564546
1268471107817885698
1268471158430732290
1268471200331763725
1268471246108233729
1268471392867147776
1268471470658904064
1268471555836661760
1268471673335898112
1268471692298502150
1268471706387169280
1268471711357440001
1268471909311791104
1268471999799623680
1268472274274967552
1268472332554821633
1268472370081251328
1268472488301903879
1268472567385513986
1268472584011526145
1268472634108514306
1268472731437318152
1268472827692400645
1268472844377358336
1268472844977156096
1268472852371603456
1268472858189201408
1268473024476569600
1268473124263092224
1268473210036563968
1268473224758734849
1268473306069585920
1268473331054977025
1268473639093108737
1268473875941261317
1268473913509580800
1268474058267639809
1268474076600942597
1268474084733538305
1268474111014998016
1268474245153206272
1268474305043738625
1268474321627987968
1268474846297690112
1268474857970270208
1268474869542522882
1268475095913291781
1268475117664899074
1268475524697001984
1268475549694873600
1268475976826212353
1268475978591977472
1268476010816851968
1268476019754897411
1268476082073862145
1268476098246930433
1268476135790313472
1268476189829627904
1268476195126927360
1268476359220908032
1268476480511709189
1268476513730650113
1268476566444535808
1268477026014461952
1268477213726433286
1268477318042750976
1268477341073842176
1268477555327320064
1268477571823357952
1268477583194075136
1268477591889104896
1268477764237213696
1268478002268114946
1268478016432279554
1268478037508620288
1268478066969509890
1268478137932775424
1268478195332009984
1268478766822699008
1268478967574663174
1268479026743648256
1268479236949659650
1268479639070085120
1268479702190227459
1268479731646771200
1268479915717869568
1268480028737748993
1268480153388224513
1268480310578221056
1268480330782011392
1268480335748227073
1268480410264039425
1268480443956867075
1268480481353482241
1268480564027416580
1268480590724169728
1268480661893120000
1268480746538168322
1268480775738937345
1268480789005524992
1268480814326652929
1268480918181646336
1268480949299314688
1268481004865552384
1268481006966726656
1268481010636861441
1268481282666889216
1268481338295889920
1268481814835761154
1268482000827985921
1268482042745901056
1268482353225240582
1268482411114958851
1268482436775673857