1274386569118584834
1274386592984162304
1274386610868674568
1274386632309796865
1274386640807608321
1274386657643343872
1274386674391355392
1274386732386058241
1274386759137329152
1274386804192485378
1274386875525083136
1274386884152537088
1274386938561097729
1274386938833694721
1274386952117239808
1274386980709728256
1274386984413409281
1274387081205288961
1274387085479292928
1274387116739477506
1274387143805173760
1274387202429128704
1274387225447469057
1274387231671812099
1274387261048659974
1274387273862320128
1274387282682765312
1274387324781150208
1274387330397323265
1274387375041511425
1274387412848951298
1274387437624557568
1274387479861383170
1274387522060197892
1274387559045570560
1274387668353396736
1274387676968497152
1274387711064002560
1274387715316781056
1274387792768970753
1274387882367610881
1274387911794806784
1274387935081701376
1274387983228166145
1274387987090903041
1274387988043034624
1274388013045301248
1274388096143024130
1274388175348043777
1274388213994569728
1274388227902799875
1274388291232518145
1274388313865142279
1274388326594854913
1274388360362995712
1274388381020102658
1274388410195640320
1274388423713984513
1274388437022453761
1274388460141531136
1274388515409846275
1274388535504711682
1274388536133849089
1274388554794381313
1274388583160348674
1274388618665132034
1274388736512491522
1274388774689157121
1274388775406317569
1274388794599489538
1274388796986077186
1274388797631987713
1274388831500816384
1274388838673051648
1274388858986168321
1274388871938215936
1274388885137764352
1274388906285379584
1274388935238512641
1274388976577556480
1274389077341528065
1274389086317547520
1274389095410696193
1274389097247899648
1274389131888594944
1274389165413552129
1274389237442412544
1274389283890216960
1274389285807013895
1274389310670868484
1274389317239148546
1274389317583089664
1274389333051691011
1274389337745080323
1274389418049073153
1274389429868625920
1274389442187472898
1274389475632664576
1274389505340895232
1274389537016463360
1274389564258504707
1274389578238083074
1274389601512120320
1274389631694508032
1274389643014950912
1274389684551024640
1274389748954660865
1274389773373681664
1274389832387776515
1274389869939343361
1274389870476095488
1274389903699251200
1274389911903145984
1274389916567269382
1274390084792594432
1274390088236097539
1274390100609286145
1274390117273071616
1274390163821441025
1274390197988478978
1274390202220494849
1274390202291650561
1274390210391015424
1274390227239362561
1274390235196112896
1274390235431010304
1274390252484886528
1274390255756611587
1274390274039525379
1274390275373314051
1274390308575379458
1274390318524350466
1274390318754828288
1274390378179854336
1274390394177040384
1274390495259578369
1274390512263475200
1274390527828467712
1274390529812250624
1274390565451206656
1274390578789310471
1274390585974099970
1274390633847959553
1274390646644772866
1274390671823114240
1274390675241545728
1274390678886178816
1274390692979228680
1274390701216878592
1274390731264851968
1274390732657299462
1274390759668625409
1274390788722397184
1274390800898461696
1274390842220916738
1274390852861902850
1274390901452763136
1274390902782472193
1274390948542218240
1274390950211735553
1274390960919785473
1274390964732399616
1274390965168549889
1274390998148358148
1274391035918123008
1274391062346256384
1274391099088527361
1274391132969947136
1274391137034342402
1274391137617313792
1274391140545040384
1274391162078531585
1274391196937400321
1274391203681886209
1274391233968910338
1274391258899910656
1274391275807047680
1274391280018055168
1274391284027777026
1274391313538879489
1274391330337275911
1274391346720243712
1274391467889496064
1274391583362813955
1274391610529329154
1274391623174983680
1274391630976626689
1274391649095954437
1274391672252764161
1274391673448079362
1274391673716555784
1274391682537213952
1274391711452745732
1274391741416628224
1274391786794991616
1274391796236398598
1274391802859192322
1274391807917346816
1274391858827804672
1274391862506291200
1274391878914498561
1274391878973063170
1274391931540381696
1274391938825740288
1274392033197584386
1274392067721003020
1274392123031289856
1274392159328731137
1274392236067663872
1274392290019205122
1274392328309018627
1274392340887715841
1274392361813135360
1274392370226888705
1274392378569183232
1274392407413362690
1274392412153135106
1274392420113739776
1274392421174927360
1274392427420356609
1274392474899771397
1274392503903494144
1274392525491576834
1274392543350972418
1274392617057484803
1274392618827276289
1274392622908551169
1274392654931869696
1274392663270330369
1274392664494964736
1274392668768997377
1274392692634480642
1274392789455966208
1274392789653094401
1274392802869338114
1274392814143463424
1274392826554482690
1274392827145977856
1274392840286752769
1274392865766912000
1274392878165491714
1274392881382346754
1274392881617342466
1274392898193276930
1274392915918422017
1274392970222075906
1274392982570127361
1274392990606258176
1274393007136157697
1274393024177594369
1274393033048354816
1274393070906281986
1274393074530058246
1274393086785916929
1274393129492156416
1274393133791485952
1274393146466742273
1274393192343810048
1274393205300244484
1274393224971460612
1274393230495408128
1274393247196909568
1274393254935646208
1274393259003899905
1274393275680600066
1274393303732162565
1274393304793317379
1274393304982003715
1274393321926885376
1274393321989783552
1274393335353008131
1274393360111812609
1274393367992991752
1274393397940359173
1274393487920762886
1274393527343030272
1274393592610516993
1274393594489704449
1274393607005278208
1274393618049118209
1274393630539726851
1274393633186168833
1274393636050960384
1274393683349999619
1274393684851769345
1274393691524861955
1274393698005061633
1274393700370653184
1274393737645510661
1274393764509802496
1274393768184156166
1274393917878910976
1274393938598801408
1274393961478500353
1274393972148965378
1274394009893588994
1274394084732370945
1274394087022616582
1274394088595501062
1274394089400741893
1274394114352611328
1274394209303158784
1274394320662118401
1274394349502169088
1274394354753273856
1274394383412949002
1274394383551356929
1274394404149755905
1274394408352468993
1274394413922426888
1274394416464060420
1274394417038835713
1274394424550854656
1274394455320096768
1274394466749538306
1274394488476221441
1274394505853186048
1274394572563587072
1274394578796318722
1274394601109897216
1274394614011760640
1274394647360532480
1274394660211953666
1274394664125239296
1274394677362470913
1274394713018314754
1274394723860410368
1274394744228139009
1274394744546709504
1274394773688930304
1274394777602195456
1274394779825168392
1274394794756898817
1274394805951361025
1274394843599572993
1274394890571378688
1274394928920113156
1274394962000523264
1274394970380632064
1274394974356987904
1274394987451559945
1274395003687768064
1274395054912622592
1274395066820374528
1274395073753624579
1274395100353789954
1274395113549111298
1274395142993195008
1274395167492055042
1274395205874192385
1274395213994303488
1274395368831270913
1274395371297439744
1274395398359134214
1274395426314244096
1274395449198366722
1274395465619038212
1274395490419908611
1274395557537230849
1274395603452063744
1274395608611201026
1274395641947385856
1274395646519377922
1274395649459589120
1274395700906713088
1274395709010096130
1274395725925769216
1274395750978461696
1274395806720823296
1274395811988766721
1274395822013075457
1274395838895190016
1274395838954049537
1274395939482923009
1274395964749623296
1274395965210886145
1274395974702477313
1274396048467939329
1274396094915645440
1274396117724061697
1274396128822259713
1274396157905600513
1274396233180864514
1274396240923394048
1274396245994414081
1274396257826623488
1274396262410776577
1274396270161915905
1274396296762347522
1274396308502188039
1274396313086504963
1274396320971841539
1274396324939644929
1274396333881921536
1274396337849561091
1274396392321056773
1274396405285650432
1274396426584408065
1274396434427600896
1274396467847888896
1274396480426528773
1274396496629321730
1274396564153184257
1274396568859353089
1274396589608652800
1274396631576838144
1274396722345762821
1274396732777005059
1274396808173637632
1274396865983909893
1274396904554545152
1274397025535057920
1274397033575702528
1274397033642758145
1274397050164187136
1274397051573305344
1274397068455407616
1274397071924244484
1274397084003819524
1274397160784748545
1274397189930876929
1274397197942095872
1274397199842107392
1274397235988574211
1274397350702641157
1274397362048253952
1274397384018141184
1274397390284312576
1274397470072676356
1274397470588534786
1274397542638329866
1274397552880869379
1274397569293135873
1274397633596084224
1274397646304743425
1274397667074998275
1274397717255479298
1274397743176273921
1274397810452987904
1274397810595635200
1274397815746117637
1274397826496241666
1274397826957508608
1274397827700076549
1274397839712534529
1274397843894104069
1274397864274378752
1274397867340414976
1274397873074049029
1274397898361524224
1274397914480197633
1274398011691597826
1274398020491239427
1274398053143699457
1274398062216122370
1274398086836752389
1274398155203805184
1274398175407648768
1274398186510180354
1274398263588913154
1274398284350660608
1274398305401794560
1274398334719979520
1274398397550800898
1274398409798139905
1274398472624537603
1274398485568204801
1274398506476847105
1274398535656464385
1274398557294878720
1274398569307541504
1274398582162980865
1274398603222474753
1274398606477479937
1274398638626820096
1274398661338959873
1274398661384925184
1274398716301119490
1274398745572962305
1274398753693282305
1274398753810788354
1274398765366067201
1274398787398627328
1274398812682018817
1274398812719796224
1274398815332818950
1274398817157132288
1274398817308168193
1274398846718795776
1274398858341048320
1274398875202121728
1274398892218605570
1274398897096409088
1274398964285136896
1274398971457306624
1274398974687010817
1274398983176310785
1274398984224813058
1274399018563633153
1274399107507945473
1274399139321778177
1274399139669868545
1274399143931383808
1274399147626582016
1274399159597125634
1274399202735505412
1274399215276318720
1274399223384072193
1274399223698595845
1274399236730294274
1274399282305490945
1274399307580551173
1274399509284556802
1274399526460305409
1274399539395428355
1274399546114805762
1274399575575535616
1274399656924131328
1274399718295121921
1274399718517415939
1274399754156478464
1274399756362620936
1274399764214398982
1274399772896567300
1274399773257109504
1274399819193356294
1274399823450509318
1274399853016211457
1274399869822631936
1274399873270415361
1274399878261600262
1274399895022194689
1274399957617979392
1274399965809242112
1274399991143030790
1274399991143030795
1274400045727731713
1274400050102198277
1274400096214368256
1274400104976396295
1274400133816422400
1274400155085701120
1274400157984067589
1274400175662882816
1274400199377633283
1274400221045444617
1274400221552934914
1274400226397257729
1274400276838039555
1274400284379357193
1274400296844705792
1274400314003787777
1274400352360632320
1274400363446251520
1274400376930865153
1274400414608302082
1274400444333293569
1274400492018270208
1274400535563640837
1274400557466218497
1274400599816187910
1274400633186025472
1274400679386324993
1274400683253534722
1274400712517021696
1274400753906356225
1274400804884054017
1274400821959176192
1274400848265859074
1274400875973242880
1274400900992376833
1274401030973816832
1274401040113242112
1274401047839158278
1274401072971309056
1274401073629810688
1274401075467096064
1274401115430440960
1274401148313747456
1274401158166183937
1274401165497774080
1274401169834561537
1274401174062534658
1274401199287152643
1274401199752712195
1274401203204640774
1274401244837302272
1274401264818778113
1274401273308217345
1274401273563865088
1274401291062652929
1274401303813185536
1274401312373747712
1274401363280175104
1274401363435405314
1274401373761626113
1274401446289567745
1274401457270185984
1274401513646030853
1274401521631768576
1274401539348664320
1274401547800047616
1274401593228693505
1274401610026946560