1277451732134445057
1277451732910399488
1277451787801329664
1277451842511941632
1277451888917708800
1277451992722550785
1277452006282588161
1277452026943696897
1277452040608739328
1277452106337792000
1277452157848031233
1277452169973690368
1277452177838047233
1277452249770287106
1277452294653644801
1277452325079179264
1277452358922862593
1277452362005622786
1277452370331316225
1277452389105250305
1277452404242300928
1277452434667945989
1277452467517751297
1277452484588351490
1277452515999535104
1277452522450386944
1277452538598420485
1277452542427959296
1277452626871771136
1277452715623215104
1277452727270944768
1277452735231778816
1277452799526215681
1277452840068399104
1277452911417540608
1277452991138684928
1277453020859633664
1277453122441555968
1277453133950496769
1277453155211476994
1277453175956668416
1277453200895782913
1277453202967814144
1277453243149361153
1277453276267479040
1277453286229061632
1277453292977692673
1277453311160078338
1277453403434758144
1277453414633320449
1277453487329214464
1277453519814037506
1277453520787169281
1277453538004807681
1277453570233729025
1277453583164878849
1277453628740038656
1277453637070004225
1277453646284894208
1277453650848370689
1277453691772076039
1277453733434138630
1277453767114461184
1277453783904239616
1277453807337734144
1277453812337455109
1277453876636024839
1277453968562626560
1277453977551069186
1277453994227621888
1277454011533193216
1277454061785227265
1277454070710767616
1277454086766354432
1277454133017141261
1277454144647938054
1277454195424182273
1277454208065773569
1277454216647213056
1277454229288841216
1277454232845770752
1277454242748473344
1277454249815953411
1277454317851537410
1277454351674400771
1277454363741609985
1277454388231987200
1277454405231448064
1277454418062061569
1277454447078019073
1277454489021288449
1277454515223093252
1277454518003924994
1277454527634030593
1277454531249541121
1277454543928745984
1277454573968359424
1277454584059838464
1277454593891414017
1277454631627558912
1277454664938774529
1277454681690607616
1277454682181578754
1277454701131374595
1277454737399373824
1277454795872362497
1277454816868958208
1277454827858153472
1277454835663745024
1277454861806813184
1277454897303171073
1277454925967040513
1277454938600124417
1277454954228338688
1277454958275723269
1277454988697047040
1277455072352284672
1277455075791831040
1277455142791655424
1277455162290757632
1277455215558397953
1277455222567251968
1277455227357200386
1277455244406984704
1277455269887262720
1277455327651221507
1277455357875380226
1277455388275732480
1277455390448336897
1277455398950371328
1277455416927178754
1277455453321080834
1277455456877703169
1277455471000027136
1277455498254577665
1277455525337133056
1277455550259752961
1277455558602358784
1277455587727597569
1277455616760569856
1277455677057892352
1277455682627874821
1277455718401150977
1277455763724816384
1277455768690835456
1277455801431420928
1277455869228150786
1277455877801496578
1277455881626509312
1277455943903526914
1277455949549068288
1277455956398481408
1277455986807234562
1277456028439842816
1277456030050353154
1277456075038560261
1277456078842847234
1277456125181468672
1277456146736054273
1277456166872731648
1277456225324630016
1277456244320673792
1277456250234642432
1277456314071830528
1277456362021310466
1277456371961794560
1277456389540130816
1277456414953353216
1277456478409023488
1277456481420369920
1277456506364006400
1277456556246827009
1277456637540708352
1277456640539791361
1277456654087249921
1277456717224132612
1277456783192317952
1277456815295549440
1277456846245072897
1277456850494128129
1277456854512283649
1277456858681421826
1277456960510664705
1277456980236398593
1277456983218675712
1277456997718405120
1277457034850349056
1277457060968443906
1277457127070629888
1277457173065457665
1277457195471458304
1277457225535983616
1277457231907184640
1277457248961191936
1277457253361168385
1277457267437289477
1277457312483926016
1277457386815414272
1277457387369226240
1277457399662743552
1277457495389278210
1277457559046275072
1277457567925432320
1277457575802527744
1277457596463677446
1277457605837729792
1277457618538303490
1277457631582597121
1277457680701861893
1277457694052548620
1277457697621921792
1277457709705510913
1277457739602485248
1277457740097617920
1277457769386385410
1277457855944118272
1277457920809033728
1277458003445211136
1277458017601179650
1277458037142413312
1277458079194505219
1277458130335653889
1277458143803592704
1277458170382696448
1277458175629934593
1277458209977110530
1277458218051125249
1277458226146160642
1277458229736271872
1277458335143530497
1277458351484399616
1277458356597174273
1277458360384839680
1277458439862538244
1277458445772488704
1277458449375219713
1277458462029406208
1277458484846608384
1277458528467333120
1277458531583619072
1277458583605719040
1277458583618310145
1277458603125997568
1277458611694862337
1277458641717727234
1277458656511045632
1277458727021445120
1277458763142873090
1277458826749501440
1277458830557921280
1277458834613841921
1277458927563702274
1277458935021256706
1277458947763552256
1277458956642746368
1277459056865599489
1277459099328720896
1277459128563249155
1277459182816387072
1277459202454065152
1277459202982793216
1277459276743786497
1277459289662251008
1277459332951683072
1277459342048935936
1277459392070328321
1277459446063435780
1277459455420985344
1277459496839843842
1277459505542868993
1277459530763210754
1277459622794649600
1277459643917389825
1277459677962481666
1277459727853576193
1277459740679901184
1277459751681486848
1277459795063246848
1277459916387573760
1277459924272861185
1277459958066491392
1277459979067408384
1277459979713290246
1277460050378985473
1277460117508820993
1277460193115344897
1277460197514989569
1277460205626851328
1277460244562575361
1277460269468225537
1277460273637527557
1277460277366161409
1277460277622190083
1277460294051266562
1277460344840077312
1277460363986911237
1277460402591289344
1277460437794160641
1277460482492751872
1277460557856202752
1277460561773629440
1277460605302079488
1277460637774479360
1277460668116021248
1277460672494931982
1277460679784632322
1277460729621213185
1277460764383731713
1277460798827368448
1277460856213852161
1277460865013485569
1277460920206311425
1277460939646869504
1277460960400326656
1277460986375610369
1277461023830786049
1277461107477753856
1277461140713410561
1277461145897574400
1277461170123870208
1277461191057686528
1277461224867926016
1277461228873375744
1277461229297176577
1277461316895223811
1277461322314080256
1277461326692900865
1277461367675473926
1277461416631468032
1277461422730096641
1277461423069814789
1277461431525478409
1277461448101433345
1277461515344457729
1277461540770394112
1277461557161713664
1277461574408638464
1277461596005191680
1277461611121344513
1277461615940530181
1277461636861829120
1277461651776606208
1277461660266102785
1277461673217978368
1277461681560379393
1277461681711591425
1277461724644466689
1277461728645840897
1277461779086442496
1277461829661462545
1277461880085217281
1277461925367091200
1277461937815719945
1277461948150329345
1277461960251015170
1277461964147621890
1277461967012114433
1277462001598504961
1277462038319476737
1277462043596128256
1277462050248298502
1277462096935104517
1277462105181097989
1277462130862759936
1277462131122765824
1277462159484522496
1277462176769269760
1277462200001716224
1277462260919627776
1277462319421784064
1277462340397604865
1277462450145824768
1277462483502903297
1277462513102270467
1277462562812989440
1277462568290918400
1277462631067062273
1277462643108798465
1277462658099314691
1277462681985978368
1277462726554587137
1277462740349714433
1277462747446378499
1277462755746942976
1277462763846033408
1277462773245472768
1277462798864248832
1277462819189829638
1277462873296400384
1277462906649657344
1277462923955236865
1277462959032340480
1277462966351343618
1277463007845658625
1277463041005613057
1277463041035038721
1277463083523375104
1277463103840702464
1277463108861087744
1277463154008653826
1277463238150504448
1277463242311208960
1277463296015249413
1277463303619371008
1277463318337392643
1277463319419346944
1277463415221616641
1277463469273411584
1277463474361241600
1277463476940800001
1277463478437949440
1277463480405295107
1277463514597208070
1277463560877203461
1277463586298716160
1277463602727915520
1277463662395977730
1277463775147409408
1277463829530673158
1277463883712782338
1277463889454657541
1277463960262975499
1277464025761112065
1277464101346664450
1277464131810070528
1277464184729620480
1277464199489298433
1277464220078977029
1277464224466448386
1277464228488605700
1277464228710846465
1277464251469377536
1277464287133364224
1277464308667072512
1277464397275791360
1277464413117665280
1277464458621710341
1277464483515052032
1277464489214930950
1277464567904436224
1277464580868972544
1277464581061763073
1277464634283474944
1277464644634832896
1277464740403568640
1277464741477142528
1277464791079141376
1277464795193565184
1277464798288990209
1277464857093136384
1277464857747439616
1277464865477726208
1277464878157123585
1277464878480076806
1277464899862564870
1277464912667656192
1277464970104455168
1277465022155743232
1277465154846724096
1277465211000311810
1277465222089826304
1277465226171080706
1277465255883313153
1277465268604801025
1277465269586165760
1277465407570362368
1277465436041478146
1277465491263508480
1277465507906703362
1277465545324052481
1277465567360962561
1277465620871892992
1277465666593845250
1277465696855719936
1277465712836128770
1277465729512673280
1277465746960941056
1277465758952497153
1277465767030648832
1277465796654989313
1277465800438235136
1277465818566021121
1277465880830464000
1277465902145929218
1277465965652033542
1277466031380934662
1277466070543216640
1277466135512748035
1277466156882890753
1277466161354018818
1277466175115386880
1277466182132457472
1277466182262468615
1277466194778316800
1277466245256941569
1277466266555604993
1277466304526483456
1277466395664670720
1277466401767374848
1277466462966382592
1277466489738559488
1277466502833360898
1277466505882599426
1277466518973026305
1277466527449530368
1277466534789689344
1277466648971280384
1277466669930119168
1277466702926807040
1277466714830262273
1277466715799130114
1277466752851472384
1277466769817513985
1277466790566780928
1277466799164887040
1277466804206649344