1267909242616451073
1267909284131565568
1267909318780780545
1267909343212691458
1267909410380275713
1267909603666378757
1267909641716920320
1267909840158015489
1267909908978171905
1267909935318302723
1267910052448333824
1267910207599972354
1267910349224767488
1267910354333577216
1267910492472967168
1267910521929359360
1267910585628360705
1267910605727391745
1267910607975538688
1267910627500195841
1267910631564488704
1267910694105747456
1267910743845994496
1267910858547527681
1267910869788303365
1267910936871997441
1267911061157666818
1267911080375877632
1267911109652082688
1267911176626765824
1267911388900573185
1267911420005548035
1267911546086273026
1267911621311168519
1267911654794235907
1267911663056977930
1267911755293958145
1267912090586669056
1267912215912493057
1267912414793592832
1267912513938653186
1267912631865745412
1267912657023070208
1267912686018363400
1267912724132044801
1267912941950717953
1267913079058243587
1267913135450722304
1267913256146014208
1267913491760975876
1267913529757184002
1267913575584149506
1267913643011837959
1267913688020811784
1267913894594523136
1267913950907101184
1267914015516307459
1267914035208445952
1267914108193693703
1267914134928195584
1267914250846175232
1267914258836316160
1267914473605492736
1267914611887673345
1267914757983657984
1267914786806943745
1267914892855697409
1267914946790035456
1267914993292333056
1267915131813457920
1267915164722044934
1267915207445229569
1267915493387776002
1267915605845344257
1267915626443669504
1267915630499336192
1267915655539392512
1267915659813376000
1267915803191582720
1267915834732789760
1267915890672230400
1267915969193803776
1267916188258107392
1267916253206888448
1267916280616701952
1267916695731146758
1267916859669651457
1267916897695281153
1267916913944023046
1267917128578953217
1267917140994265094
1267917485715656705
1267917702703824897
1267917740020584448
1267917858320900096
1267917928814522370
1267917937538674688
1267917958585581569
1267918159962451969
1267918201607856128
1267918226912153600
1267918235019640832
1267918256897232898
1267918340120592389
1267918395233710087
1267918432231542784
1267918432911138817
1267918575416807425
1267918659315531781
1267918688268611584
1267918746913583109
1267918831114207232
1267918881223475201
1267919046512689155
1267919111608246273
1267919213794152458
1267919434246615040
1267919610919165962
1267919815156609024
1267919913747992578
1267920059525214219
1267920072045142016
1267920139980288006
1267920143536939008
1267920193860206592
1267920214886359041
1267920335883640832
1267920386693316608
1267920500665331713
1267920923560153090
1267920957949149184
1267921108742766592
1267921213348855820
1267921217891323904
1267921229639569408
1267921288712130561
1267921494337863683
1267921613091147778
1267921670611693568
1267921674227331072
1267921687020011526
1267921758444834816
1267922014184095753
1267922074707931136
1267922175463309312
1267922182509715456
1267922878659469314
1267923027553107968
1267923096985653252
1267923284823334913
1267923425982664706
1267923511986622464
1267923606136254464
1267923663053033475