1276002177119649795
1276002224330510336
1276002248678465537
1276002299450621952
1276002337086156800
1276002345994924037
1276002370128764929
1276002418690424833
1276002445684961280
1276002455172546563
1276002458142113794
1276002505000775682
1276002525435527168
1276002663600193536
1276002665051361285
1276002672278147073
1276002697418878977
1276002744181063685
1276002755975487489
1276002789714427904
1276002810941919232
1276002844420816896
1276002940235288577
1276002974863679491
1276003039560601601
1276003121362280454
1276003130317041664
1276003201016188929
1276003218624073729
1276003227016638464
1276003272101249024
1276003327260504065
1276003334990807045
1276003335242383361
1276003377911119874
1276003406134611968
1276003427026382857
1276003427508617216
1276003477504905216
1276003506797924352
1276003526204891136
1276003558148714507
1276003599429128192
1276003624150347779
1276003662184275975
1276003671453716486
1276003699807211521
1276003738122022913
1276003788462198785
1276003826001154049
1276003838294540289
1276003851640979456
1276003934973427718
1276003977205866497
1276003989306388481
1276003998705881089
1276003998823116800
1276004056272482304
1276004064992432128
1276004093409050624
1276004102460321798
1276004155870654464
1276004169862623232
1276004203157127170
1276004248896122880
1276004252553543680
1276004258362556417
1276004295029084161
1276004299852484615
1276004299881844736
1276004329476878336
1276004345729990656
1276004355024527361
1276004363224461313
1276004368341282817
1276004396317454338
1276004401069600769
1276004437228568576
1276004446749642752
1276004451485188101
1276004463086465030
1276004534003826688
1276004602232467456
1276004602316353541
1276004711993430016
1276004799771807745
1276004832789368832
1276004845795840001
1276004886916870144
1276004891178274822
1276004925051371520
1276004932601163777
1276004954029936640
1276004975685091328
1276005025899298816
1276005155205513217
1276005177246564352
1276005264165163014
1276005269156139009
1276005304719663105
1276005332100149249
1276005349472915456
1276005361489547264
1276005376761233408
1276005386382958593
1276005402723958790
1276005411984797697
1276005461406384129
1276005474605821952
1276005549616881664
1276005562216583169
1276005596655955968
1276005604880871426
1276005613194088448
1276005621188513793
1276005633171619841
1276005641581191169
1276005654549811200
1276005668730929152
1276005689094266880
1276005729716113413
1276005747738980353
1276005768085397504
1276005792534147072
1276005793482104833
1276005831553634304
1276005835374768135
1276005838956576772
1276005923891355648
1276005969047117824
1276005990958170112
1276005994300993536
1276006015352238080
1276006037116432385
1276006053570850818
1276006065486864384
1276006070851457027
1276006083333521408
1276006086198231041
1276006116460126208
1276006120541155328
1276006130842402817
1276006166607339523
1276006170713444353
1276006177730703361
1276006237688209408
1276006258349346819
1276006279522275329
1276006346673061888
1276006357209137153
1276006367380279299
1276006396799172609
1276006434950524931
1276006497634451456
1276006506513735680
1276006552319799296
1276006562440437761
1276006581914742784
1276006598142558208
1276006598498975744
1276006598855536641
1276006606258528258
1276006635941408768
1276006636746833921
1276006648893419520
1276006651368058880
1276006655772295168
1276006669764395009
1276006688017940480
1276006707035021313
1276006791998869505
1276006824588611584
1276006850559950850
1276006871044947968
1276006874886922242
1276006923385503744
1276006954830139392
1276007022454956032
1276007030302674946
1276007093192011790
1276007105380716544
1276007110871056385
1276007111730720768
1276007134468075520
1276007152797220899
1276007181398073345
1276007203153969157
1276007236469288961
1276007254718681095
1276007324595847168
1276007366333530112
1276007395722956800
1276007471471943682
1276007473330057216
1276007479600504834
1276007512257335296
1276007512832126976
1276007562886987781
1276007679337525248
1276007692994297856
1276007713353465858
1276007726695530502
1276007760384135168
1276007827220369408
1276007868261560320
1276007911571877888
1276007940827250690
1276007978727100417
1276008112244297728
1276008146927042562
1276008186319785986
1276008220604030977
1276008251708936192
1276008253202325505
1276008254632423425
1276008275671162880
1276008284680417280
1276008308600496128
1276008335276412928
1276008381459820544
1276008414359904256
1276008420739612672
1276008460551958529
1276008477077450753
1276008506538278913
1276008506588573698
1276008594610073602
1276008607893671936
1276008653615534081
1276008732778827776
1276008733236232192
1276008741771587584
1276008746481643520
1276008754069164032
1276008771471335425
1276008787736813568
1276008804044271616
1276008813062209542
1276008817046757376
1276008817625620480
1276008820934881281
1276008846432047104
1276008872612818947
1276008901398327296
1276008924559192065
1276008939193278464
1276008956176019456
1276008959426678784
1276009030763163651
1276009035515539456
1276009048064823296
1276009060995923969
1276009064250527748
1276009064258924546
1276009123742703623
1276009153111220225
1276009186023878656
1276009215216062464
1276009236225499136
1276009266009104385
1276009266445529092
1276009270279110656
1276009298959761414
1276009313375420416
1276009328382631937
1276009366089588741
1276009408888070145
1276009483735404544
1276009513661890560
1276009538404052992
1276009643215478784
1276009664526692352
1276009697695367174
1276009731610591233
1276009777227657216
1276009784823734278
1276009812619231232
1276009827534360576
1276009837181251584
1276009849281634304
1276009873961103370
1276009887194120192
1276009895678980096
1276009906815012864
1276009945486561284
1276009966072066048
1276010050117447686
1276010063497322497
1276010075157680128
1276010125384388609
1276010180015243264
1276010197891375105
1276010305059872768
1276010319266095104
1276010469862465536
1276010493396742144
1276010499541516290
1276010539936702464
1276010637148057602
1276010641866686464
1276010643431268354
1276010645734019072
1276010647386537984
1276010648896303107
1276010650905403392
1276010654839697408
1276010679326183425
1276010783831461892
1276010821982642176
1276010872901636099
1276010880346525696
1276010884574437379
1276010935644065793
1276010940090273793
1276010994582650881
1276011090367991810
1276011092360257537
1276011104838139906
1276011128569704455
1276011136173789190
1276011157224951808
1276011170240049155
1276011174287437824
1276011233469177862
1276011274028056576
1276011319079178242
1276011321318936578
1276011346560274433
1276011352578879488
1276011413891354625
1276011427036184578
1276011472036888576
1276011501648850949
1276011555809832966
1276011556434657281
1276011608960110593
1276011611023642624
1276011614206980096
1276011648365531136
1276011701297651715
1276011723619590144
1276011723636400128
1276011762077151233
1276011769505263618
1276011806130089984
1276011879446351872
1276011884462800896
1276011892146704384
1276011933733474304
1276011941685649408
1276011983456710661
1276011991958773763
1276011999550455817
1276012000821288960
1276012014259671041
1276012034505601024
1276012049978572800
1276012081024831488
1276012105599037445
1276012113601978368
1276012113966874627
1276012147244445697
1276012188952432645
1276012235819646977
1276012298885148672
1276012302202843137
1276012306841784320
1276012310797135873
1276012340585127936
1276012348919046145
1276012358301868032
1276012374823075840
1276012416309100545
1276012467013840896
1276012474869993473
1276012517932883971
1276012541102166016
1276012574916505600
1276012638804344832
1276012642126245890
1276012696547270657
1276012713337028609
1276012760531374081
1276012823202664449
1276012831616442368
1276012860074754048
1276012868538777600
1276012869860102145
1276012915825364995
1276012915846295552
1276012928110600198
1276012957424586752
1276012994284011520
1276013045521608704
1276013112991326208
1276013166401597445
1276013168955981825
1276013226342453248
1276013234588393477
1276013283355451392
1276013338384674817
1276013432081432576
1276013443364065280
1276013455921811456
1276013470211805185
1276013473361653760
1276013499920060417
1276013503451664384
1276013509482967041
1276013561681190912
1276013582354837505
1276013606941757440
1276013619818434560
1276013656241651713
1276013670095482881
1276013684318277634
1276013759010451463
1276013771396272129
1276013776882618368
1276013784079859715
1276013796411052038
1276013801553477634
1276013844351946752
1276013892913606656
1276013917618057217
1276013943497150465
1276013950606475265
1276013953315815425
1276013965508829184
1276013982919188480
1276013989458149377
1276013996261298176
1276014001022009345
1276014003391565824
1276014009981034496
1276014137458343937
1276014142877577216
1276014173521051648
1276014178445262850
1276014223982805002
1276014233310789634
1276014244706869249
1276014286486241280
1276014303183810560
1276014370812723200
1276014412634230785
1276014434205315077
1276014454002630657
1276014468405829632
1276014492602830848
1276014501301755906
1276014555907399680
1276014580540436480
1276014601193361408
1276014710303924224
1276014795091779585
1276014810459590658
1276014814545010689
1276014815593594885
1276014894735929346
1276014970275270657
1276014990894432256
1276015057672065026
1276015205323964416
1276015225435799559
1276015226723467265
1276015242749915137
1276015259329933315
1276015268209229825
1276015381216243713
1276015407539896320
1276015449273176065
1276015465073082368
1276015482424848384
1276015516151357441
1276015570090000385
1276015587047510016
1276015603493400577
1276015611785576450
1276015645713240070
1276015686578561031
1276015689166286854
1276015690898722816
1276015708070084610
1276015736209592321
1276015753016127497
1276015776173088770
1276015804778082305
1276015966812606469
1276015975142494208
1276016027248275457
1276016072999579650
1276016089823154176
1276016102246506496
1276016110622646272
1276016177735704576
1276016195351670785
1276016241048793100
1276016249135382529
1276016291489492994
1276016295662645248
1276016333398913025
1276016379733241856
1276016405385625600
1276016425388306433
1276016450491363329
1276016459961909250
1276016463804063744
1276016534293528577
1276016538986745858
1276016573086646272
1276016585765986304
1276016586562797568
1276016606926143488
1276016623326019589
1276016694159306753
1276016695811780609
1276016710160711681
1276016710898745344
1276016736769314817
1276016740456034304
1276016765491871746
1276016774593392641
1276016786203435010
1276016790540185601
1276016794302468096
1276016816041660416
1276016861373661189
1276016963253403649
1276017009806004229
1276017022095306754
1276017093494878221
1276017121508671488
1276017130371047424
1276017138692546561
1276017142480031745
1276017151242100736
1276017192392429568
1276017194392973318
1276017201330352128
1276017222767476736
1276017226886402048
1276017227049758725