1275201942453735425
1275202021843501058
1275202055657918464
1275202096908861441
1275202102059569160
1275202114478718983
1275202134867312640
1275202147068583938
1275202153217511425
1275202192161398786
1275202260658782212
1275202273325400064
1275202351268196353
1275202365814005760
1275202442741743616
1275202608962195456
1275202634266312705
1275202667950768130
1275202735483219968
1275202798355795968
1275202889439252482
1275202927427301376
1275202946548940801
1275202965696057345
1275203032888852481
1275203066325725184
1275203090917064710
1275203111871639552
1275203146827075584
1275203154586382336
1275203192645488640
1275203209233960960
1275203225671655425
1275203288368119811
1275203303857520640
1275203321175764992
1275203339081388032
1275203347008507904
1275203402050482177
1275203501807882245
1275203536347820032
1275203549350080513
1275203590571864064
1275203700953210883
1275203742019846144
1275203762508922881
1275203775830073345
1275203881514029057
1275203968319344641
1275203993015386114
1275204031175184384
1275204130861191168
1275204186049851398
1275204194287288320
1275204212402552843
1275204366560104449
1275204417814331392
1275204451502940160
1275204460978016256
1275204542657892353
1275204630205562881
1275204672840597504
1275204682005319681
1275204805401538560
1275204815845498880
1275204836305207296
1275204840780517377
1275204857369112576
1275204911576289283
1275204924364730373
1275204969973649409
1275205113863221249
1275205146843049986
1275205159681814528
1275205184289820672
1275205238983712768
1275205242662027264
1275205311964610560
1275205315273781255
1275205369351090176
1275205376846311426
1275205412988620801
1275205420295032834
1275205427278548992
1275205443804151808
1275205502725550080
1275205545088167936
1275205577774415872
1275205591053398017
1275205595398799360
1275205599731433473
1275205692731928578
1275205817441177605
1275205851100229632
1275205952074141698
1275205998521864192
1275206010500767745
1275206066121379841
1275206156445614080
1275206183104638977
1275206245151113218
1275206258581049344
1275206321470492672
1275206350394572801
1275206372204916737
1275206396472995841
1275206404773572608
1275206442392457217
1275206472402530305
1275206478996045829
1275206556381057024
1275206730817798144
1275206778184138754
1275206882420903936
1275206938175787008
1275206958606249984
1275207000163381248
1275207009550376961
1275207105172189184
1275207135056539650
1275207186998689792
1275207193529159680
1275207264996032512
1275207269379162112
1275207310969888769
1275207335498186754
1275207391756222464
1275207437990211584
1275207449033822211
1275207465781678083
1275207475181084674
1275207520315817986
1275207532768669696
1275207541002305536
1275207571427725312
1275207575156514823
1275207751019495427
1275207751451500545
1275207760444088327
1275207771613528075
1275207834372882433
1275207837329887232
1275207874793353218
1275207881097388032
1275207941688352770
1275207953130414088
1275207969714700290
1275207989872467969
1275208058826883073
1275208091060056064
1275208112098676737
1275208284354441216
1275208308853538820
1275208411534241793
1275208451115724801
1275208456253984769
1275208568510300160
1275208606443503617
1275208694125363202
1275208696990175238
1275208703235575808
1275208724106424321
1275208724861333504
1275208744821874688
1275208766561148929
1275208792645554176
1275208808369971200
1275208824576544768
1275208825314959361
1275208862367232000
1275208874853904387
1275208913638612998
1275209035562676227
1275209082023088128
1275209106018746371
1275209114159919106
1275209143520038914
1275209190219354119
1275209249434419200
1275209314110767105
1275209344594968582
1275209387146121217
1275209416707538949
1275209455496552449
1275209578708447232
1275209581107568640
1275209610157326337
1275209671972982787
1275209740046356480
1275209744433602560
1275209761764581376
1275209777379807234
1275209810917629953
1275209843830337536
1275209945659535361
1275209945701482496
1275209945814884353
1275209982544232449
1275209992962965506
1275210007144009728
1275210049489682434
1275210070876401672
1275210094200991751
1275210108713291777
1275210195338252290
1275210209372209154
1275210217525927936
1275210280461635585
1275210343913005056
1275210453862367233
1275210503250272256
1275210539782647808
1275210565699305472
1275210591620206593
1275210658426966016
1275210720439709697
1275210833186959361
1275210879819276289
1275210989021966336
1275210997540798464
1275211016381648896
1275211081829560327
1275211135780675584
1275211140126199809
1275211149332459521
1275211165325557761
1275211212268040197
1275211254060027904
1275211308141621250
1275211383420915712
1275211442128592897
1275211538845048835
1275211561007747073
1275211619145056256
1275211620919250944
1275211672974700544
1275211725143527426
1275211740091990017
1275211815186726913
1275211907880955904
1275211970967474176
1275211995726311424
1275212054996140034
1275212063909044224
1275212117189296130
1275212143252643840
1275212147056717825
1275212151553249282
1275212161355116544
1275212197430427649
1275212201650008064
1275212209879015424
1275212263058624512
1275212282461642754
1275212318675292166
1275212323096059905
1275212327982444546
1275212347775295495
1275212366175776770
1275212381879066624
1275212452691677184
1275212457116667905
1275212463781355524
1275212474195861504
1275212511579643905
1275212524510724096
1275212533146816513
1275212603489304576
1275212628634329090
1275212634325827584
1275212765221789696
1275212826139701248
1275212829650571264
1275212890161573888
1275212906213359617
1275212965386600449
1275213027525029891
1275213035729272832
1275213044407103488
1275213077655490561
1275213090959679488
1275213144449785858
1275213149487194114
1275213153941491712
1275213171360509957
1275213190733991940
1275213197839077384
1275213434972450816
1275213478299676674
1275213527205269504
1275213548055126017
1275213555739111425
1275213597979881473
1275213649200795649
1275213711192371201
1275213765500428288
1275213772282638337
1275213781879058433
1275213869678542848
1275213910111670272
1275213962791882752
1275214039266852864
1275214054810955780
1275214067897036800
1275214111853260800
1275214122808942592
1275214130639785985
1275214167926923264
1275214286768541698
1275214288576229376
1275214306708250625
1275214416041201680
1275214577060532225
1275214612762374144
1275214735378534402
1275214744740401153
1275214760548732928
1275214769205608448
1275214792995868673
1275214844623495170
1275214898465607680
1275214991432572929
1275215015948292102
1275215024722604033
1275215069924569088
1275215095409209349
1275215108738813954
1275215154242879491
1275215167660462081
1275215181308506112
1275215209108471808
1275215275252744192
1275215305963450369
1275215342533517319
1275215359906213888
1275215397512531973
1275215438960562181
1275215468974862336
1275215493725425664
1275215535693848579
1275215683345776640
1275215741181210624
1275215784894173185
1275215951114338304
1275215967929458690
1275215996765310977
1275216040037769216
1275216056345407497
1275216086175186951
1275216111450103808
1275216131280830465
1275216135806267393
1275216152042647554
1275216215401783296
1275216219302313991
1275216273979305985
1275216290672762881
1275216417118318592
1275216421660708864
1275216442510774280
1275216475729600513
1275216508696752129
1275216509321740289
1275216526052818944
1275216622500929538
1275216623826239494
1275216707901104128
1275216758627078144
1275216800741900289
1275216810481201155
1275216831628873735
1275216843779833856
1275216933357486081
1275216965703892992