1276455170289754113
1276455191429083136
1276455233254817792
1276455268633636869
1276455284588851205
1276455300334149633
1276455384987860992
1276455396950114305
1276455423407616000
1276455425970442240
1276455591855022081
1276455641406566401
1276455652752162818
1276455821589667842
1276455859304804355
1276456014942924800
1276456069452177410
1276456194543022081
1276456223689150467
1276456235592753152
1276456257097019392
1276456299195228160
1276456353444229121
1276456356501839874
1276456366362759170
1276456400370061313
1276456502690066434
1276456525368721416
1276456538454978560
1276456601822642176
1276456609464504321
1276456616435634177
1276456789874073600
1276456836133085185
1276456873584201728
1276456908505837571
1276456962742382593
1276456966328467456
1276457007998857217
1276457011543068673
1276457024251760645
1276457086591930373
1276457129646456832
1276457167642439681
1276457205093617664
1276457217319936000
1276457260382695426
1276457415727251457
1276457557486260225
1276457565870645249
1276457745152045058
1276457876563738624
1276457908914368515
1276457922860478464
1276457930083074048
1276457940648632321
1276458006259982336
1276458049482309632
1276458068939886592
1276458090993291271
1276458123532754946
1276458125957238784
1276458132516950016
1276458137172639748
1276458149151674369
1276458191237214208
1276458207397810182
1276458234426134529
1276458244748140544
1276458263903526912
1276458312574414849
1276458313157230593
1276458319306203137
1276458396401700867
1276458401870954498
1276458426873245697
1276458471366352897
1276458521463099394
1276458538932375554
1276458589218103296
1276458593735380993
1276458647720165377
1276458647984517120
1276458648215011328
1276458678040887297
1276458758340780032
1276458848874790914
1276458936669884420
1276458981557403649
1276459027438997513
1276459100788883456
1276459151359504385
1276459172813516801
1276459176881827840
1276459193013338112
1276459277486444546
1276459297983983624
1276459394679570432
1276459436630872065
1276459461087916033
1276459511444721664
1276459553236762625
1276459650292912129
1276459655254781959
1276459667863089152
1276459690038161408
1276459709151809537
1276459721826893825
1276459844002885632
1276459885866016770
1276459897291333637
1276459901846339585
1276459947803291649
1276460035946672129
1276460157929574400
1276460254134521860
1276460309469773825
1276460339324792834
1276460364092203008
1276460379850240001
1276460410594566144
1276460427208044544
1276460476344332289
1276460476705181699
1276460493272735744
1276460509965905922
1276460536318832640
1276460560637243393
1276460569361444864
1276460607324057601
1276460611228979203
1276460651968442368
1276460669596884997
1276460711124877312
1276460746423975936
1276460772411858944
1276460782838968322
1276460817186123776
1276460837499138048
1276460893186879488
1276460988540129280
1276461081234419712
1276461126268534790
1276461139325382656
1276461186117033984
1276461194677813248
1276461311019282436
1276461365025288192
1276461365423570946
1276461371123613698
1276461386940379144
1276461403872821248
1276461438320738304
1276461462475530240
1276461505668452353
1276461582331965440
1276461672430022656
1276461709369081859
1276461731078955013
1276461815010963457
1276461911375179776
1276461935781793793
1276461940097892352
1276461965112741889
1276461994573348867
1276462020456443906
1276462047824277509
1276462099753918472
1276462105202503680
1276462137351778305
1276462180267745280
1276462185028304897
1276462193400320002
1276462276631986177
1276462280616456192
1276462313374015488
1276462381674176513
1276462444857212928
1276462468395528192
1276462486250807297
1276462527443087360
1276462560078786561
1276462615724769280
1276462687430438912
1276462700680241152
1276462720515141635
1276462728660561920
1276462784008593408
1276462790342033408
1276462792048951296
1276462910315786240
1276462925775990784
1276462930293329920
1276463005761507329
1276463022568022016
1276463094584074240
1276463105552220160
1276463119875936256
1276463130508320770
1276463169163218945
1276463191074242560
1276463207184347138
1276463228311097350
1276463307163971590
1276463405163876352
1276463446201073664
1276463522268868609
1276463543316086784
1276463563326939138
1276463668138565632
1276463715123032067
1276463716595167232
1276463731195744256
1276463731858386946
1276463743950610432
1276463749142966273
1276463790767382529
1276463791115579392
1276463818357583872
1276463845398048772
1276463873290313728
1276463887043485696
1276463923835727877
1276463944983629824
1276463950423420928
1276463958074036224
1276463983910965248
1276463991250923524
1276464125401423872
1276464147371261952
1276464227146821633
1276464397918109702
1276464410400223239
1276464423260078082
1276464436916686848
1276464437029822464
1276464464800313345
1276464465924386816
1276464502188343296
1276464544894730242
1276464566776430596
1276464584233287680
1276464642110509057
1276464680635170817
1276464698943250432
1276464705570250752
1276464730488442881
1276464831160336384
1276464885874843650
1276464930456317957
1276465120034598912
1276465123343900672
1276465131942080513
1276465152733384711
1276465162409607168
1276465235952467970
1276465317292597248
1276465409282248707
1276465413900193800
1276465444715663363
1276465475677941765
1276465534964576256
1276465572486631424
1276465732012965888
1276465753567395841
1276465757388517376
1276465765194125313
1276465786526273537
1276465801353211904
1276465851986739200
1276465933314224128
1276465950942846976
1276465959281229824
1276466005586427906
1276466026356658179
1276466030647422977
1276466080299593728
1276466109689016321
1276466200718032896
1276466224235307009
1276466261946445824
1276466331387228160
1276466365386407936
1276466403252502529
1276466427906621441
1276466483288248321
1276466483397382145
1276466508227645442
1276466516364529664
1276466520009424896
1276466534525726721
1276466554545115137
1276466609662701569
1276466630311079936
1276466662955536384
1276466747697180686
1276466844220698624
1276466872553275393
1276466908724953088
1276466956930093056
1276466970020458497
1276467003314839553
1276467048755761153
1276467079160397824
1276467107681746946
1276467145141039107
1276467154293010432
1276467154498531328
1276467197557256198
1276467212551938048
1276467226497945601
1276467230314835968
1276467234471399424
1276467246186082304
1276467309616324608
1276467368215150597
1276467376234643456
1276467413987528711
1276467423965741056
1276467427128344576
1276467455599292417
1276467455804739586
1276467501774192641
1276467547223793665
1276467552760324097
1276467574277103616
1276467598075592705
1276467607852515329
1276467636960997384
1276467674374176776
1276467794129948673
1276467797837651968
1276467938074165249
1276467938447421440
1276468051660111873
1276468093762625538
1276468152310870018
1276468219818188800
1276468244057112578
1276468386566934533
1276468394179657729
1276468483027599360
1276468514170126339
1276468534428590080
1276468608437272576
1276468656990552064
1276468743984513025
1276468761017692160
1276468794505023488
1276468800301469696
1276468826901827586
1276468842672328704
1276468857390186497
1276468870451277837
1276468923852976129
1276468953754279937
1276469062772699137
1276469070980886528
1276469172206272514
1276469548930269184
1276469652529414151
1276469725049098241
1276469822428073985
1276469855160430597
1276470013684256768
1276470026137001986
1276470047872032774
1276470056965332992
1276470093921136640
1276470202973270022