1277783921770598400
1277783943144595456
1277783957376040968
1277783959926009857
1277783968616677376
1277783969111724032
1277783985041571840
1277783991224094721
1277784018445053957
1277784030671441920
1277784035108909059
1277784046932758533
1277784073478344704
1277784076368265216
1277784144676892672
1277784198716293121
1277784207968702464
1277784211798265856
1277784212108533764
1277784224158961667
1277784228348997635
1277784249698000896
1277784285177503745
1277784296195977220
1277784308179238912
1277784385199263744
1277784417595949056
1277784437695152130
1277784601134395392
1277784652493840385
1277784656436436992
1277784660534124544
1277784664040779784
1277784698467397634
1277784704071143424
1277784753240977408
1277784756730638336
1277784789999915013
1277784797146804224
1277784815169867776
1277784869624524800
1277784874720477188
1277784880743620608
1277784903220727808
1277784958124294146
1277784963224440832
1277784979381067777
1277784995915014144
1277785105084416000
1277785117042241536
1277785125153984513
1277785134402600961
1277785167373971459
1277785171664621568
1277785201242865664
1277785205374320641
1277785213557489664
1277785214291492866
1277785221929320448
1277785256255467520
1277785264384028672
1277785316359901189
1277785347481616384
1277785392914235395
1277785486526828544
1277785570412986371
1277785591292342272
1277785599496372225
1277785620803317762
1277785629661822976
1277785636901212165
1277785645927333893
1277785673517248513
1277785675329347584
1277785679154434048
1277785684065968129
1277785727577870338
1277785729691725824
1277785742425624576
1277785749539024896
1277785755063115777
1277785768115621889
1277785813238140929
1277785813489573888
1277785869018034176
1277785881856933889
1277785898302701574
1277785901888913409
1277785910504030210
1277785939675234304
1277786045023690755
1277786090724667393
1277786136174301189
1277786165433847809
1277786191367192577
1277786199843889152
1277786225458503680
1277786249454137351
1277786258064855046
1277786287957630976
1277786288268214274
1277786288389668864
1277786384355516418
1277786409064108032
1277786429947547649
1277786446087282688
1277786451107856385
1277786459701796864
1277786469210501122
1277786472406532097
1277786492484694018
1277786492883083267
1277786548289896451
1277786560784560128
1277786564475654145
1277786602887090177
1277786741303209984
1277786755916337153
1277786786861899776
1277786841333354499
1277786841358483456
1277786879438385152
1277786883276173313
1277786883678969858
1277786938863497216
1277786946249453568
1277786946555777024
1277786991828979712
1277787009486970880
1277787022405644288
1277787022455783424
1277787068161277953
1277787073991397378
1277787114327998464
1277787138982121478
1277787202064269312
1277787206396993536
1277787239444025351
1277787264857202688
1277787287607271426
1277787311049265152
1277787344763064320
1277787404020023297
1277787404112326656
1277787429118894082
1277787449293336579
1277787532617560064
1277787545812647936
1277787564146151424
1277787575223271429
1277787591635611648
1277787604822429697
1277787625307414529
1277787625588264962
1277787647402885120
1277787691095072775
1277787732891353093
1277787740998959104
1277787747336572932
1277787802235699200
1277787810754265091
1277787822922117130
1277787923694444549
1277787940903514112
1277787944347152385
1277787962223153155
1277787965389971456
1277787969886117888
1277787982762778624
1277787994435596290
1277788003499495431
1277788011745378306
1277788068381102080
1277788086643154944
1277788116213026816
1277788154884489217
1277788195896414208
1277788288733110278
1277788343191797761
1277788384346492928
1277788410430668803
1277788431016505344
1277788460418396160
1277788566588919809
1277788618765922304
1277788624487145473
1277788668166582273
1277788745391955969
1277788757882572800
1277788778082557952
1277788779483238400
1277788821707423745
1277788872118845440
1277788883170865154
1277788883988762624
1277788884286484480
1277788897335009283
1277788904674869250
1277788913294168064
1277788913571160064
1277788930058878976
1277788933976440833
1277788972580614144
1277789009859670017
1277789027068870657
1277789098405777408
1277789099991187457
1277789111927967744
1277789127228956672
1277789144236716033
1277789161244766208
1277789185924124672
1277789205368909824
1277789231918841856
1277789256744828929
1277789257243848704
1277789281835155457
1277789290446106627
1277789303293214723
1277789324034011136
1277789375045292033
1277789429315145729
1277789445350178817
1277789454455930880
1277789462978691073
1277789488706510850
1277789492003262464
1277789527290064896
1277789536123269120
1277789582482784257
1277789627533885440
1277789634425126913
1277789655899844609
1277789668873035776
1277789681464356864
1277789689034838016
1277789739668705281
1277789740704677888
1277789755913261056
1277789756030480384
1277789798460243981
1277789810808274950
1277789823294726144
1277789835844104197
1277789852411424768
1277789895147294722
1277789911438045186
1277789923786006528
1277789924155154432
1277789945764048896
1277789946368217088
1277789957864767488
1277789970984390656
1277789992610230272
1277790011862265857
1277790036956794881
1277790041469837312
1277790042212220928
1277790086378086401
1277790113192435713
1277790130116284416
1277790133404659712
1277790182188765184
1277790192301113346
1277790204808564736
1277790230259490816
1277790268033548290
1277790269388189697
1277790306046316544
1277790330499166211
1277790364213092353
1277790364913463296
1277790390393794565
1277790410539139072
1277790423218630658
1277790473579450368
1277790494253174786
1277790507335405569
1277790519863713792
1277790553632096259
1277790586951647234
1277790666467221504
1277790699774074880
1277790738449866753
1277790754589626370
1277790830808440833
1277790834344091648
1277790838693691393
1277790843328290816
1277790851448467456
1277790862886354944
1277790863754657792
1277790867835715585
1277790871740694529
1277790880582250496
1277790880880001033
1277790901327314948
1277790977479118848
1277791068902379522
1277791082194128896
1277791094189801475
1277791165056782337
1277791199005495300
1277791235231510528
1277791249559322624
1277791287660380167
1277791304135651331
1277791324431884288
1277791337815969795
1277791351388516352
1277791362944061440
1277791374885216262
1277791417398554624
1277791437971771399
1277791467826798593
1277791511472754689
1277791606146576385
1277791648039256064
1277791686492483584
1277791694507986945
1277791717782061056
1277791728293105666
1277791740691390464
1277791778104541185
1277791809423511552
1277791827781877760
1277791845553246208
1277791845959884801
1277791896153325569
1277791917145759745
1277791921629429761
1277791945742409728
1277791999945576454
1277792009298771968
1277792047097876480
1277792117360738304
1277792126110068736
1277792155768172545
1277792159173709824
1277792189276278784
1277792193865035777
1277792198109671425
1277792223258529794
1277792230644822021
1277792238609723392
1277792252266532865
1277792273435156480
1277792281169444864
1277792281635033088
1277792336504926208
1277792398572052481
1277792402292367361
1277792412111257600
1277792420491476994
1277792448744308741
1277792449419603968
1277792461738434561
1277792462812205057
1277792474946306048
1277792482617700352
1277792495531814913
1277792504461459456
1277792587257184256
1277792592474681345
1277792601127731201
1277792608673320965
1277792654655459329
1277792680022605829
1277792721399406592
1277792722083090433
1277792725434277890
1277792725757091841
1277792755259969537
1277792802533830656
1277792851338854401
1277792852425261058
1277792860037840901
1277792877058367490
1277792891469848576
1277792897321119747
1277792954934009860
1277793069690126336
1277793091001475072
1277793094826688512
1277793104138027008
1277793157992706048
1277793305019863040
1277793347298623488
1277793585749004289
1277793590907813889
1277793610218582016
1277793624227483650
1277793635707375618
1277793656536272896
1277793673976205312
1277793699121020930
1277793713939505152
1277793727487016968
1277793748949151744
1277793761964314624
1277793819979907074
1277793887759802368
1277793904092483584
1277793929337942019
1277793940327075840
1277793983104716810
1277794026054316032
1277794034879213568
1277794050934964224
1277794076641964034
1277794118106832898
1277794198788374529
1277794261820477441
1277794264978796544
1277794268535537665
1277794306854547456
1277794432532852737
1277794432755130368
1277794488635789313
1277794529387507712
1277794533867208704
1277794546324307974
1277794557413842944
1277794605820411904
1277794609331134470
1277794630147305472
1277794666545655808
1277794714054529027
1277794738935078912
1277794748342943750
1277794760728678400
1277794831163670528
1277794840223367171
1277794848909561856
1277794856593690624
1277794868304232448
1277794882355167232
1277794900625375232
1277794945445715971
1277794953045786630
1277794991486701571
1277795011648782337
1277795074768695297
1277795129110265856
1277795133879091201
1277795137783922689
1277795152837267461
1277795162777886720
1277795171577540608
1277795176921128960
1277795240615841792
1277795247054077952
1277795250493362183
1277795259343417347
1277795259607658502
1277795343489314817
1277795452377841667
1277795463723388930
1277795485693198341
1277795505230282752
1277795515661291521
1277795527988400128
1277795543968813056
1277795544216203265
1277795549278806019
1277795586146779136
1277795586956128258
1277795594891902977
1277795624205914113
1277795654115315712
1277795661270810626
1277795665976975361
1277795674730500098
1277795787456442368
1277795809346625537
1277795825142423558
1277795842636865537
1277795892968464385
1277795909997416448
1277795931207815168
1277795993522601984
1277795995158536195
1277795997259837440
1277796078033698816
1277796177602400258
1277796294904483845
1277796295671820288
1277796316085534720
1277796327443828736
1277796329180315649
1277796463397924864
1277796476333195264
1277796530150182912
1277796530196344832
1277796542422777858
1277796560043233280
1277796592901255172
1277796597426946048
1277796656159678464
1277796668667129857
1277796681665220608
1277796743606910977
1277796769577857024
1277796870148853760
1277796895340011521
1277796895750975488
1277796912524124160
1277796929364164610
1277796937480179717
1277796945487159298
1277796966546771971
1277796995634266112
1277797004102557698
1277797046137819136
1277797067029610496
1277797090891042816
1277797096331100160
1277797121673101317
1277797159170179078
1277797168791707648
1277797188618387457
1277797213385773063
1277797247254581249
1277797265936125953
1277797297133215744
1277797406495641600
1277797428272513024
1277797436862476288
1277797549953421312
1277797557889118209
1277797562439946240
1277797578348912641
1277797616584024064
1277797653330477056
1277797729771675648
1277797747027050496
1277797755222740993
1277797784893128707
1277797787111841792
1277797796649635841
1277797808049999876
1277797808884510720
1277797817466028032
1277797845677080578
1277797960269496320
1277797969257955328
1277797977839603717
1277798010034872320
1277798049197305856
1277798065328418818
1277798195536502791
1277798220270391296
1277798246145036289
1277798254869204992
1277798279384891398
1277798279615414272
1277798301589475328
1277798325656252416
1277798417608200193
1277798459777724421
1277798463435087872
1277798534989971456
1277798561426616320
1277798564727590919
1277798635334520833
1277798643806937094
1277798704473354242
1277798783057891328
1277798793576984576
1277798824841547778
1277798867497562118
1277798893716201472
1277798924644802561
1277798963312234500
1277798963605909506
1277798981142274049
1277798988717187072
1277799009189576705