1276394763172937728
1276394797905915904
1276394803459239937
1276394839953690624
1276394853631393792
1276394902490923009
1276394907113082881
1276394919138123777
1276394920169930752
1276395115985190912
1276395147014680577
1276395150512619525
1276395167621066752
1276395179960721415
1276395221857812480
1276395230892191744
1276395282427793409
1276395326513967105
1276395401516646400
1276395418386083842
1276395574904815616
1276395625794371584
1276395673647288320
1276395691141668864
1276395733692923905
1276395791943438337
1276395967550545925
1276396027495411712
1276396029982568451
1276396094604357637
1276396144344666113
1276396241950134272
1276396292395188226
1276396480211955712
1276396484422971394
1276396522524028929
1276396526093455360
1276396538529488896
1276396565272256513
1276396696218398720
1276396702258409472
1276396715675967489
1276396757371551745
1276396758013222912
1276396874224689154
1276396895229947909
1276396959620726784
1276396975110459398
1276396983440281602
1276396987022221313
1276397000708194304
1276397066701246465
1276397139103367168
1276397159512895489
1276397246062514176
1276397278115377154
1276397302140121090
1276397314194767872
1276397323715633152
1276397332376977408
1276397352773750784
1276397431572201473
1276397486244892672
1276397490921603072
1276397582600806400
1276397592079765504
1276397758467850240
1276397776688099328
1276397881394675712
1276398007500455936
1276398059086217222
1276398091319607296
1276398098290483200
1276398187385937920
1276398216272064512
1276398249574875136
1276398258949103617
1276398259611680769
1276398271737585666
1276398301235953666
1276398337831419904
1276398396698492928
1276398467716231168
1276398514688479232
1276398515451834369
1276398564818800641
1276398569428119552
1276398587534962688
1276398652349657089
1276398735950598146
1276398756435542016
1276398766329786368
1276398817550700544
1276398959804596226
1276398985427779584
1276399034861629440
1276399076733530113
1276399181939310592
1276399187198951425
1276399227891941376
1276399306803605504
1276399340773347330
1276399370519404544
1276399375225204736
1276399390995800064
1276399398637858816
1276399408242778113
1276399458654224384
1276399492108075014
1276399520780128256
1276399542380843009
1276399550039642112
1276399575180312577
1276399595245891587
1276399642242998275
1276399650749079552
1276399710237048839
1276399726901035008
1276399755304656896
1276399768416260096
1276399779577126912
1276399795326914560
1276399819284774912
1276399819301552128
1276399885789495296
1276399902751256577
1276400027770875904
1276400107752091648
1276400225490538497
1276400233300275200
1276400267198693378
1276400333963526145
1276400380780392448
1276400443917205504
1276400471415062529
1276400474090921986
1276400532442148864
1276400574397730816
1276400636716650497
1276400679653785601
1276400778345721856
1276400779167969285
1276400784461135873
1276400791448948736
1276400797962690561
1276400879894097920
1276400922697117703
1276400965873254407
1276401019379871745
1276401082118307840
1276401139366289408
1276401156399312897
1276401160186929154
1276401192852049920
1276401260242128898
1276401282236981248
1276401324456697856
1276401532574019587
1276401551003865089
1276401630976643072
1276401639142850561
1276401681291452417
1276401722613813250
1276401768969252865
1276401907444133888
1276401912338923522
1276401954390970373
1276402021298511874
1276402024561750018
1276402059210829826
1276402080014450688
1276402094392647680
1276402163523043329
1276402193319550977
1276402217218498560
1276402285053083648
1276402293684887552
1276402311875538945
1276402330947198977
1276402384936357888
1276402390598639616
1276402444642156544
1276402469115817984
1276402503660142593
1276402666717933573
1276402709831262208
1276402760456515584
1276402783265140738
1276402798368665600
1276402814063788032
1276402822284804096
1276402833525362688
1276402869453959168
1276402902551023617
1276402989943730177
1276403001436053504
1276403097649270784
1276403102921437185
1276403177600892928
1276403220655616003
1276403233682894849
1276403246160998401
1276403249776648193
1276403320492625921
1276403454945251328
1276403475614584832
1276403479922143234
1276403487732047874
1276403535354028032
1276403648440832003
1276403666216529921
1276403710395105280
1276403740833005568
1276403752501563393
1276403770511880192
1276403774710571010
1276403802804011008
1276403837738205186
1276403849008484352
1276403865416433665
1276403874874691586
1276403885226278912
1276403932957306881
1276403934391865344
1276404019171225600
1276404026276319233
1276404063874068480
1276404192861581314
1276404201640177664
1276404205054386176
1276404239523143680
1276404240039239680
1276404288021905408
1276404310235140097
1276404318631952385
1276404369563332608
1276404373728432129
1276404416162209792
1276404490480971776
1276404558151839744
1276404576523075584
1276404638275772416
1276404769645637637
1276404797881626629
1276404902420336641
1276404902953013249
1276404936138543104
1276405007483617280
1276405048575176704
1276405103012876288
1276405133237268480
1276405171627732993
1276405178602852358
1276405216338796545
1276405220772155398
1276405359599484928
1276405388259147778
1276405416696651776
1276405429610991618
1276405531196997632
1276405586599522304
1276405678555516928
1276405699644289024
1276405761606705152
1276405762105864192
1276406018256318464
1276406073180557312
1276406097360764929
1276406098346430465
1276406114121203712
1276406147612893190
1276406164289286144
1276406176553398272
1276406240206151681
1276406240344551424
1276406365477572608
1276406529411944448
1276406567592701953
1276406648098226176
1276406680507449346
1276406705950044161
1276406832492355586
1276406878545666049
1276406903698886658
1276406918282543106
1276406923240239106
1276406953732964352
1276406978529513473
1276407067809476608
1276407095475216385
1276407222411591681
1276407260231712769
1276407272089026560
1276407330809229313
1276407344465838080
1276407359607316480
1276407461029666821
1276407499428691968
1276407583402856448
1276407784163012614
1276407821785948162
1276407834427772929
1276407859102617600
1276407931429195777
1276408023519461377
1276408038665195521
1276408054649704448
1276408086203453440
1276408132621631489
1276408262087204864
1276408366047334403
1276408375602020352
1276408488302870529
1276408495206617090
1276408508695511040
1276408618393444353
1276408635711557632
1276408647627812864
1276408648294633472
1276408685082927105
1276408693718872064
1276408773649797122
1276408783326019584
1276408789663723520
1276408845116547072
1276408936703426560
1276409097173323777
1276409146041077760
1276409148184428546
1276409234285084672
1276409252626792448
1276409272482422785
1276409367923957760
1276409369408663552
1276409406335389697
1276409483686580225
1276409486006054912
1276409486874423296
1276409642487287808
1276409674854793216
1276409696363188224