1276183417248514048
1276183434541649922
1276183446587691009
1276183453864779783
1276183465533362176
1276183469689896962
1276183482532855808
1276183506595524609
1276183513960759296
1276183551273304064
1276183604767256576
1276183608101920771
1276183647884677120
1276183757112967169
1276183786439487489
1276183786536013824
1276183809201930241
1276183811689254913
1276183813970956289
1276183838885122049
1276183845390430209
1276183882069663745
1276183886397992960
1276183888285577217
1276183897685057537
1276183971026567169
1276184009001906177
1276184033626591232
1276184049036300291
1276184122692640769
1276184124680699906
1276184172479025157
1276184176304091136
1276184176765607942
1276184192989237250
1276184193798565888
1276184202048704512
1276184236706406401
1276184249595580419
1276184285452603392
1276184378092261377
1276184386766098433
1276184432261693442
1276184441266728960
1276184470530514945
1276184479107776514
1276184490994475009
1276184537891049473
1276184540352966656
1276184549463031819
1276184574708592642
1276184579683033094
1276184591892647936
1276184601476521991
1276184604144214020
1276184616668401670
1276184617083719683
1276184634125160450
1276184671697567749
1276184675996905473
1276184688793718785
1276184709811273729
1276184734276689920
1276184734616317952
1276184742577274880
1276184744598831104
1276184806003523587
1276184869698035717
1276184889625399298
1276184894083760129
1276184919241351168
1276184935703945217
1276184963042459648
1276184982038417409
1276184998329147392
1276185012090679297
1276185040469340169
1276185049336029184
1276185072421371906
1276185074573152256
1276185078557802496
1276185128658706434
1276185151135813632
1276185158287273984
1276185159071662080
1276185263287435265
1276185313740611584
1276185314084769794
1276185320778862592
1276185321491664896
1276185329972772865
1276185350818258945
1276185362906468358
1276185381155766281
1276185413720215552
1276185459853582336
1276185523363680256
1276185554653249536
1276185558482640899
1276185587851149312
1276185594943725569
1276185598529863680
1276185606838771714
1276185626656813058
1276185640749527041
1276185645074055180
1276185650610528257
1276185694415785985
1276185720105734144
1276185737331957761
1276185740737679360
1276185740783779847
1276185774866657286
1276185809436250112
1276185827551309827
1276185835071823872
1276185907750752256
1276185925773602819
1276185929699467266
1276185929754050560
1276185947026022400
1276185955314143238
1276185984045068288
1276186013698871297
1276186025019219975
1276186038910754819
1276186039405744129
1276186040772919296
1276186072968425473
1276186073492840456
1276186075904356352
1276186120657780737
1276186135476109315
1276186156078706688
1276186168808345600
1276186226060640256
1276186265583587329
1276186307451109376
1276186328296820736
1276186340737105922
1276186353215004673
1276186358013460487
1276186391043551240
1276186475214839810
1276186508454776834
1276186521452896256
1276186530017501187
1276186545976991744
1276186551177957376
1276186559239188486
1276186584380039171
1276186584530984961
1276186623995252741
1276186630030716928
1276186639228899331
1276186647420420100
1276186651358834688
1276186714323578880
1276186760071053313
1276186772964343809
1276186780266459137
1276186780967096320
1276186785530298370
1276186785736003589
1276186802508922881
1276186822989828097
1276186865079652352
1276186886726275072
1276186915885264896
1276186944909774854
1276186949267550208
1276186999280590850
1276187007744716801
1276187011800539136
1276187040485453826
1276187041521418244
1276187044553859075
1276187054267699201
1276187070541807621
1276187124765769729
1276187150329888770
1276187181275643904
1276187198807633920
1276187205225058308
1276187209209491456
1276187238750093313
1276187255275732997
1276187255447654400
1276187258408841216
1276187297613066240
1276187300582563842
1276187308438491144
1276187367901020160
1276187425166032900
1276187431910412289
1276187455365013506
1276187541000126465
1276187546985410560
1276187560814018562
1276187561438908423
1276187599153934337
1276187624760176640
1276187645480067073
1276187691894345729
1276187733463982081
1276187735456387074
1276187775109390336
1276187805165580289
1276187817027174402
1276187819480944641
1276187860811395072
1276187871536459782
1276187903949975554
1276187909528276993
1276187913517228032
1276187913886273537
1276187943061815296
1276187952859750401
1276187976796643328
1276188001614336001
1276188029493878784
1276188056551329792
1276188094270713856
1276188098653835264
1276188106664947712
1276188123446288387
1276188138021543939
1276188139065937920
1276188140189782017
1276188148012384258
1276188186310356992
1276188230916988929
1276188236654817280
1276188253607964676
1276188254291795968
1276188278920798208
1276188279231184896
1276188287464546305
1276188303713280006
1276188333002166273
1276188342842003458
1276188383837065220
1276188447074467846
1276188458483101701
1276188475771895808
1276188476375920640
1276188492922523656
1276188530914385920
1276188554708815872
1276188609905901568
1276188630571048960
1276188673214644224
1276188706806755330
1276188710900510724
1276188727274946560
1276188774066724866
1276188775312289793
1276188798859333632
1276188827246383104
1276188858040934402
1276188920321998850
1276188949501767680
1276188956309233666
1276188983580647429
1276189004246011904
1276189008691953665
1276189042678382595
1276189050697850882
1276189091680456705
1276189130490347521
1276189142510997505
1276189154892754944
1276189176443043841
1276189180989566976
1276189192461201408
1276189196131225602
1276189205580873734
1276189218084212739
1276189289575923712
1276189327740014593
1276189337583943680
1276189373969514496
1276189374082945024
1276189377459257344
1276189407515680771
1276189419020615681
1276189456224182273
1276189461928308736
1276189474683342848
1276189484443299840
1276189490516656128
1276189512138403847
1276189532614823936
1276189535613968384
1276189560649760774
1276189566207168513
1276189566832013314
1276189646083559430
1276189666849501186
1276189708624760838
1276189717600653313
1276189731815067648
1276189742175064064
1276189759094894597
1276189763297521671
1276189792456323072
1276189792955400196
1276189796780539904
1276189801616637953
1276189914384732161
1276189923217981442
1276189943531032578
1276189952469016578
1276189956118061057
1276189956818509827
1276189977282580480
1276190015417135105
1276190019670216705
1276190023545651200
1276190030000721920
1276190050942963712
1276190056131280896
1276190056823259136
1276190082433781762
1276190083201273858
1276190099320045568
1276190191414325250
1276190191426899969
1276190203313565698
1276190205289136132
1276190221017759745
1276190236096073728
1276190254324744199
1276190266752409600
1276190279297531906
1276190304685744129
1276190313204367366
1276190334452523009
1276190338034491392
1276190350604894209
1276190410143150081
1276190454770479113
1276190455621967876
1276190468301295616
1276190472369614848
1276190485003096064
1276190494876450818
1276190497619361793
1276190514774192128
1276190522365878272
1276190523037028352
1276190544243249152
1276190568629100549
1276190568901758977
1276190587109150720
1276190610672824323
1276190614992883712
1276190667493040128
1276190686296051713
1276190687122333697
1276190690809196545
1276190741056929793
1276190777736126466
1276190785130639360
1276190795045965831
1276190795595485184
1276190803774394369
1276190831616147462
1276190837236326406
1276190845453185024
1276190870681735168
1276190895788916741
1276190895818194944
1276190899525971970
1276190908590014464
1276190916806504449
1276190932644364288
1276190979582812162
1276190988256632832
1276190997014171648
1276191008758411264
1276191030375788544
1276191050110062596
1276191059828248576
1276191067877113856
1276191076097949696
1276191076613787651
1276191109622886400
1276191109916622848
1276191114354020352
1276191128916803587
1276191139171913731
1276191158545375232
1276191160353067010
1276191168682999810
1276191173019746304
1276191177432276994
1276191205940842496
1276191257161859073
1276191272592687107
1276191280679313415
1276191301713698833
1276191303638925314
1276191306868568064
1276191308168736768
1276191374103076864
1276191383112515591
1276191389458538496
1276191399524761600
1276191407577817094
1276191444261363714
1276191445192499202
1276191478856011781
1276191478952452096
1276191487487868929
1276191495809269760
1276191503803654144
1276191525169328128
1276191556916183040
1276191566672117763
1276191570908213248
1276191587731746816
1276191617087688706
1276191646821101569
1276191705608355842
1276191721341292545
1276191739108343808
1276191768753643521
1276191776362160135
1276191780615057411
1276191789603586055
1276191807488118784
1276191831588552705
1276191902354866176
1276191925993746433
1276191953298829319
1276191975251664896
1276191981455265797
1276191981555892224
1276191982021468160
1276191982143012864
1276191982893912064
1276192022555213826
1276192032889987072
1276192063441244161
1276192095091535873
1276192137403461633
1276192146136141826
1276192146228416513
1276192177593384960
1276192183410765825
1276192200494395392
1276192233729990661
1276192238255640576
1276192258858115074
1276192275765137408
1276192284661309440
1276192289111502848
1276192303384854533
1276192358388940807
1276192361689813000
1276192423438356481
1276192452010029057
1276192464722935809
1276192473396674563
1276192477322543104
1276192486982107144
1276192502068867072
1276192510294007810
1276192516824498176
1276192544301277184
1276192568217268224
1276192568645160961
1276192581706121216
1276192581723074560
1276192589683683329
1276192666330357761
1276192703592558593
1276192724585025536
1276192731295973378
1276192766972833795
1276192788200259587
1276192821331070976
1276192825105924096
1276192834325032960
1276192871683678209
1276192887944867840
1276192908803072000
1276192915836899328
1276192926381617156
1276192976889315330
1276192988612440065
1276193009680384000
1276193022359810049
1276193026310881288
1276193031251611648
1276193054446301187
1276193094103445511
1276193110528327683
1276193131592134656
1276193131898253312
1276193135626944512
1276193173627441163
1276193194569539586
1276193211359297543
1276193224348975105
1276193232049733634
1276193236692992001
1276193310135267333
1276193312257564675
1276193320008658945
1276193380373082112
1276193433758072832
1276193437675634689
1276193450438930435
1276193555158110210
1276193580214714368
1276193581007503361
1276193590994034689
1276193592869113862
1276193653564768257
1276193664126128130
1276193690592202753
1276193698053713921
1276193702969565184
1276193715099299840
1276193788461846528
1276193839917797377
1276193868439052289
1276193882376744963
1276193915587235840
1276193995237007362
1276193998273536005
1276194003755638785
1276194020578869249
1276194020843192327
1276194041080754180
1276194074899464194
1276194108973834241
1276194120659357705
1276194188753686528
1276194192746852352
1276194209645518848
1276194297629609988
1276194297952559104
1276194373223530497
1276194406572290048
1276194427963232256
1276194461677043713
1276194468845084672
1276194476742995968
1276194482459901958
1276194498587041793
1276194558116691968
1276194559270113280
1276194569848225792
1276194598881239050
1276194608192671746
1276194616736223233
1276194687242473478
1276194699930488834
1276194742477426689
1276194753407787009
1276194770763816960
1276194780200894465
1276194838656847872
1276194855715209216
1276194895070404610
1276194926674407424
1276194943351078914
1276194950984675329
1276194982181953538
1276195019523674113
1276195027132264448
1276195052365197312
1276195056991506432
1276195127652872193
1276195148553060352
1276195182313123843
1276195188092870660
1276195258100068352
1276195266035617792
1276195270162874368
1276195274705305601
1276195322549735426
1276195371207872513
1276195375410483201
1276195386764349440
1276195392309231617
1276195417848332289
1276195429894455297
1276195501235290117
1276195529043705856
1276195554394062849
1276195564443578369
1276195575575216130
1276195592444669953
1276195618763894784
1276195619627909125
1276195627370778626
1276195630986207233
1276195636979752961
1276195668646924289
1276195698678140928
1276195702469771265
1276195740902178818
1276195769498898432
1276195828353454082
1276195853745651715
1276195858476724226
1276195870682148871
1276195903972376576
1276195911933104129
1276195929041731585
1276195937820585984
1276196000412164096
1276196000877744128
1276196017105444865
1276196029944287239
1276196032125247488
1276196046255816709
1276196134885736448
1276196134898335745
1276196139121799168
1276196181153124356
1276196186689605637
1276196214438912001
1276196262849556487
1276196356982333440
1276196406945087488
1276196425211113472
1276196428428304385
1276196462062374912
1276196490139045890
1276196490663415808
1276196494656385024
1276196503837528064
1276196504085106690
1276196506589171714
1276196537731817475
1276196549643640832
1276196550427897856
1276196638659354626
1276196721748373504
1276196759530864641
1276196839172329474
1276196867051794432
1276196886081228802
1276196913726066691
1276196938497568769
1276196948882710529
1276196986681729027
1276197011033853953
1276197016121544704
1276197036275257344
1276197045372477441
1276197049193693184
1276197057112522752
1276197060082126848
1276197065861685248
1276197120270196737
1276197136896602117
1276197208275259393
1276197216655376386
1276197225865961477
1276197241779257345
1276197254529839104
1276197258787241985
1276197271403548672
1276197271441465347
1276197274952105985
1276197279611879426
1276197380451270656
1276197413905145856
1276197443382763524
1276197443558727686
1276197463901126656
1276197481173270529
1276197486865104901
1276197502014967809
1276197527059128322
1276197558860292102
1276197582243598343
1276197603139608578
1276197639755837440
1276197653492236293
1276197699231105024
1276197713395298304
1276197724526907394
1276197753731919872
1276197758458871808
1276197770068623372
1276197779451281408
1276197812468961286
1276197871394701321
1276197883713327106
1276197887500746752
1276197893859414017
1276197904743530496
1276197908480757763
1276197946934034432
1276197951786954759
1276197988994617344
1276198000407113728
1276198038814330880
1276198055977472000
1276198161262968832
1276198185527058433
1276198236223668225
1276198252715610112
1276198252715614208
1276198261372497920
1276198303072428033
1276198307879096321
1276198323905495046
1276198324068995072
1276198408542466049
1276198416570335233
1276198454864293889
1276198458542698503