1272680285944131584
1272680287416184833
1272680319141974017
1272680515401891841
1272680518866350080
1272680544388747265
1272680593818517505
1272680593889865730
1272680595756367872
1272680620330676225
1272680658134020098
1272680692053422081
1272680703638077441
1272680787540934656
1272680825449000962
1272680826178691072
1272680842247188482
1272680873335205889
1272680935230771204
1272680994127167491
1272680998086389760
1272681021469626368
1272681086653358082
1272681149391794176
1272681165862952968
1272681220007051264
1272681241054081024
1272681278018486273
1272681280677621762
1272681300357505025
1272681359102771200
1272681554112905216
1272681600820678657
1272681661520646145
1272681819247280129
1272681878554845186
1272681919948472321
1272681924515913728
1272681925963067399
1272681945240133632
1272681979016863745
1272681992228933634
1272682184118321157
1272682189445042179
1272682259884146690
1272682272907354114
1272682431787618304
1272682508551888897
1272682545658728449
1272682562369003520
1272682584099549189
1272682595432751106
1272682599480045574
1272682610137812992
1272682709995814913
1272682737632083968
1272682973356339201
1272683199596920833
1272683212838506496
1272683229070397441
1272683247948857344
1272683279179792386
1272683501507272704
1272683501733711872
1272683531605610501
1272683581245140992
1272683609871114241
1272683618847150087
1272683778742210560
1272683875156799488
1272683875374792704
1272684138294804480
1272684160004521987
1272684228011008006
1272684231957737472
1272684244171538432
1272684342406455297
1272684391723143170
1272684403009949697
1272684449226878977
1272684478662471682
1272684541220663297
1272684582630944768
1272684613182218240
1272684621755371520
1272684859383840770
1272684893852467201
1272685036370751488
1272685057543569408
1272685059863121920
1272685150816464897
1272685166411108353
1272685166490791938
1272685166658383873
1272685200925917190
1272685206999232513
1272685327958843392
1272685383889887235
1272685409814876161
1272685489334566912
1272685518975717378
1272685623778967554
1272685635623620609
1272685637070516224
1272685657115308034
1272685696168460288
1272685741252808704
1272685766674694153
1272685779215663108
1272685787025473542
1272685804163403776
1272685875738980353
1272685879585386496
1272685900623777793
1272685901219606530
1272685992856686595
1272686009449414657
1272686110586441728
1272686152986869761
1272686155641880577
1272686160595353601
1272686197978984448
1272686215108726786
1272686232032743424
1272686258284707840
1272686278497239042
1272686324995125248
1272686374018183174
1272686414673526784
1272686420365398016
1272686546844438528
1272686578121338880
1272686634534871042
1272686668537982976
1272686680844242945
1272686692923817985
1272686705980649478
1272686706337050624
1272686740126478341
1272686773160861696
1272686782761652227
1272686797936398336
1272686811505061888
1272686815032590340
1272686820191584261
1272686899384246277
1272687003612655619
1272687033149001731
1272687058717495304
1272687095845392388
1272687158868967425
1272687176065531906
1272687210081501184
1272687216133672960
1272687327626870785
1272687341954453504
1272687435881873413
1272687460489756672
1272687471487152128
1272687565422788608
1272687596297166848
1272687637783076865
1272687717373992960
1272687746583269376
1272687810101891075
1272687812429574144
1272687822122541056
1272687830133809155
1272687834051248128
1272687834168606721
1272687901453795330
1272687914078666753
1272687980889673729
1272687999764086785
1272688010383912961
1272688040226537472
1272688063509139456
1272688089702563841
1272688110304821249
1272688128071876609
1272688128424321024
1272688288009248776
1272688302781542402
1272688536840478720
1272688550438334464
1272688591475552257
1272688605601902592
1272688611234770946
1272688618188926976
1272688667950284800
1272688810027933696
1272688840898228224
1272688868463001601
1272688899689603072
1272688903749808128
1272688919293734914
1272688996183760897
1272689173015801863
1272689244398551040
1272689298832269315
1272689340225933312
1272689357653082114
1272689412296650753
1272689419372331010
1272689457276297219
1272689478801526784
1272689575861694464
1272689655129886720
1272689663141048322
1272689735199227909
1272689759006195714
1272689776605327361
1272689781596655617
1272689805760045057
1272689839788326912
1272689953026142208
1272689984563286016
1272690141405097984
1272690160430350337
1272690161201983489
1272690192768479239
1272690241095102465
1272690283508117505
1272690289023557632
1272690341917986821
1272690380329365504
1272690389837852672
1272690426256912384
1272690441113219074
1272690456292401154
1272690513926389762
1272690518351384576
1272690669287587849
1272690679169216512
1272690821179904000
1272690904390946818
1272690942923988992
1272690962322448385
1272691047055781893
1272691080719413248
1272691110234726402
1272691143990378496
1272691189314195464
1272691265507938304
1272691273519042560
1272691307597758466
1272691315159990272
1272691365684539392
1272691380339585025
1272691479400628230
1272691499952746497
1272691550712184834
1272691550837977093
1272691601517817856
1272691634174484480
1272691734766661636
1272691868896309248
1272692033292025856
1272692070944329735
1272692216847372288
1272692255715930112
1272692343519563776
1272692359541583872
1272692452558884864
1272692480937349120
1272692521395802114
1272692577599279104
1272692662965952513
1272692683149135873
1272692719366762496
1272692720927195141
1272692777415933953
1272693106744471552
1272693107113504770
1272693111458861063
1272693135873765376
1272693236411162624
1272693356922052609
1272693437528227840
1272693467504762880
1272693529966329858
1272693626477445120
1272693660178698240
1272693790893985792
1272693845298421766
1272694176505790467
1272694329539264512
1272694337265156096
1272694360342032385
1272694397176438785
1272694460145598470
1272694595084783616
1272694679377600513
1272694679436292096
1272694692350578689
1272694696054272000
1272694696163360769
1272694698587516930
1272694779931959297
1272694780825227265
1272694815352934400
1272694920994623488
1272695010899701760
1272695052452589568
1272695233784971265
1272695322020626433
1272695354270482432