1276107890445758464
1276107916198764544
1276107923811426304
1276107928198668291
1276107932636254208
1276107938583715841
1276107958011772930
1276108012567040002
1276108025330360321
1276108055009263617
1276108121354665984
1276108151289503744
1276108172655235072
1276108193064681472
1276108217773416452
1276108233606717440
1276108245166415872
1276108268755173376
1276108287898013696
1276108289147899904
1276108375483285510
1276108398422081538
1276108533902249986
1276108557344219137
1276108607260692481
1276108638164258820
1276108667075670017
1276108668828897280
1276108738357846017
1276108764240916480
1276108767034310656
1276108780166668288
1276108813192638465
1276108904766693376
1276108944180682752
1276108951537491969
1276108981858156544
1276109007372107777
1276109031363485696
1276109120198848512
1276109161550446593
1276109295780802560
1276109326181154817
1276109346540335105
1276109401221402624
1276109404878917632
1276109408750252032
1276109414022483968
1276109440576638976
1276109497111543809
1276109531702059008
1276109534604464130
1276109571048833024
1276109592561364992
1276109627093024770
1276109698920398848
1276109711578988544
1276109728226164738
1276109767526748161
1276109807469113345
1276109896015020033
1276109919863762945
1276109954240450560
1276109976440918017
1276110076785438722
1276110160117686273
1276110205923864576
1276110210063572997
1276110227180576768
1276110227323203584
1276110357954732032
1276110382185222144
1276110382206197765
1276110395565105157
1276110399549476865
1276110457410125825
1276110511382257665
1276110541921103872
1276110550645256193
1276110591443243014
1276110604026208257
1276110617083084801
1276110622451613705
1276110677720150016
1276110810289524736
1276110844200452096
1276110902845214720
1276110907228262402
1276110948294631426
1276111048613990406
1276111048920174593
1276111074803298305
1276111096013864960
1276111098777948160
1276111103798513665
1276111120454033408
1276111120571514880
1276111142281269248
1276111163458228225
1276111267015593984
1276111269913919490
1276111326671040513
1276111405704454144
1276111414613159937
1276111539548930048
1276111660609126401
1276111674496311297
1276111733418008582
1276111736798576640
1276111741286563841
1276111762421661696
1276111804188504066
1276111837524832261
1276111858991316992
1276111877743886337
1276111881795665920
1276111899956920321
1276111917539622913
1276111990939881472
1276112018307612673
1276112034204024832
1276112078105980928
1276112081297776640
1276112103196233728
1276112157864796160
1276112195512872960
1276112284528582657
1276112442557431809
1276112443752607744
1276112450518122496
1276112500522512384
1276112505081860101
1276112555266768898
1276112575357489155
1276112592734486529
1276112706244947969
1276112734883426305
1276112827909050368
1276112894434951169
1276112919504314368
1276112935866122240
1276112937074262016
1276112940387545088
1276112978518118400
1276113004761722882
1276113008058675200
1276113020897419264
1276113024806522880
1276113024915472384
1276113027646001156
1276113033484328960
1276113037871788033
1276113175788781568
1276113192985321472
1276113221791805440
1276113226506350592
1276113280470257666
1276113308546973698
1276113334622998529
1276113341723799552
1276113357272240129
1276113369691557889
1276113374032642054
1276113382358355969
1276113513610608640
1276113548570169347
1276113553674702850
1276113565108383745
1276113624445194240
1276113771769901056
1276113796277211137
1276113817244762112
1276113824907698176
1276113837541011456
1276113838824357888
1276113921901027328
1276113935117082624
1276113939714244608
1276113951378505729
1276113968462008321
1276113986514087937
1276114059230920704
1276114107339546624
1276114132597686273
1276114215426830336
1276114277938663424
1276114283479347200
1276114299757486080
1276114321043361793
1276114383937118208
1276114484814393344
1276114488115240960
1276114493358190593
1276114522403753987
1276114526723698689
1276114556486668289
1276114589198045184
1276114611280982018
1276114639617753088
1276114681988632576
1276114774019932160
1276114825811238912
1276114861655592960
1276114921118408704
1276114972838412288
1276114983055736832
1276115013003104256
1276115016605855745
1276115062529224704
1276115079667351554
1276115092715851776
1276115109119700992
1276115114307883009
1276115134235230208
1276115156183977984
1276115180083183616
1276115189667115014
1276115201243230209
1276115352515035136
1276115385692143616
1276115421771509765
1276115428113289217
1276115450636763136
1276115591422709760
1276115596644683776
1276115616060014595
1276115651128692737
1276115654945447937
1276115666345570305
1276115667138293760
1276115687669248002
1276115688961302529
1276115689347207168
1276115750801952769
1276115834440744961
1276115880271851520
1276115971539980291
1276115973251239942
1276115973268025344
1276116013805965314
1276116057498038272
1276116093896216576
1276116094726672385
1276116199634620416
1276116215862157323
1276116245759373312
1276116285601067010
1276116296451657729
1276116309613387777
1276116317062533120
1276116384775376896
1276116442602070016
1276116523111743489
1276116539389820928
1276116543492022275
1276116577046290433
1276116579047129089
1276116636655693826
1276116643127713793
1276116648487981056
1276116661054160896
1276116680008056832
1276116701189414912
1276116716729368577
1276116728221708291
1276116776183640069
1276116787638173696
1276116789693464577
1276116997009539073
1276117004949377028
1276117042802724866
1276117143344623622
1276117175053561858
1276117185786793984
1276117186185175041
1276117193638502408
1276117265692463107
1276117285573451776
1276117328527339520
1276117388010958850
1276117404511285249
1276117407535378433
1276117410291081222
1276117414019846145
1276117426812395522
1276117432457932801
1276117465328582657
1276117591526948864
1276117593925906433
1276117630558990337
1276117634166079488
1276117651685687297
1276117669616459776
1276117700893388800
1276117701929377792
1276117714260692994
1276117743981531137
1276117793759469572
1276117822498836483
1276117873514221569
1276117912860758018
1276117932783919104
1276117979655278594
1276118028204343296
1276118028749545472
1276118036580372481
1276118037477888000
1276118057589657601
1276118058566856707
1276118116804759555
1276118117144559622
1276118141639237633
1276118149943918592
1276118150971613184
1276118204314718210
1276118209419231236
1276118209511514114
1276118229795168257
1276118234148868096
1276118281108312064
1276118293364060160
1276118296182415360
1276118364717551617
1276118373475119104
1276118404676665344
1276118422670229505
1276118427653021701
1276118465091375111
1276118485861613572
1276118497882505216
1276118510356385792
1276118581655339008
1276118599292399617
1276118607949430785
1276118691508256768
1276118701369163776
1276118744096440322
1276118787788550151
1276118800455393281
1276118817383616514
1276118829756829697
1276118892658769921
1276118901676486656
1276118910786560000
1276118917384212481
1276118922157309953
1276118955409780741
1276118968563118080
1276119010246041601
1276119064277114881
1276119066474876929
1276119102302695425
1276119115434995712
1276119127506268160
1276119168396472320
1276119168987914242
1276119173379362817
1276119182162214912
1276119211505520640
1276119294670241792
1276119315822120960
1276119388140208135
1276119391546064896
1276119392875679745
1276119421220683777
1276119449758818305
1276119458638172161
1276119475557785600
1276119484043087872
1276119496315621377
1276119554016641026
1276119563285991427
1276119592646164480
1276119610207678465
1276119627098214401
1276119722648653825
1276119803468660737
1276119807285436416
1276119886503215104
1276119900583612419
1276119953662521345
1276119957303164928
1276119971030917121
1276119990605930496
1276120038936924160
1276120043248631809
1276120054380269568
1276120117840093184
1276120140262801408
1276120147682451459
1276120228527775746
1276120234257154048
1276120260341575681
1276120285675237376
1276120335025389571
1276120335629398017
1276120360820375554
1276120379451416577
1276120398254538753
1276120633512951810
1276120638793580544
1276120654178369537
1276120671337295888
1276120675397382146
1276120675762257921
1276120675854491651
1276120686621319169
1276120687535697920
1276120696339521536
1276120721408716800
1276120725322190848
1276120750869458944
1276120759220367360
1276120834336264192
1276120847225286663
1276120851570552833
1276120856251510784
1276120901541486594
1276120902107889664
1276120913252155393
1276120922064334849
1276120948069064704
1276120968864452609
1276121027752472577
1276121086438998016
1276121120094158849
1276121183130390528
1276121195017113600
1276121206538657793
1276121241233920001
1276121270178983936
1276121283810426880
1276121412999274498
1276121426244907010
1276121467227340801
1276121504539967489
1276121652066234368
1276121652103974913
1276121723247697922
1276121732303269889
1276121732676534272
1276121775198351360
1276121803421859840
1276121844756733954
1276121899731496960
1276121933071953921
1276122063200235520
1276122182716985344
1276122227486982144
1276122290602872832
1276122336677240833
1276122381648527360
1276122436732440578
1276122479359115264
1276122512708026368
1276122533562114050
1276122547885445120
1276122555083100161
1276122558438559745
1276122606224265216
1276122652235542531
1276122716043489281
1276122729666789382
1276122780610813952
1276122788240273408
1276122843017809920