1269811384453218305
1269811460433199106
1269811717640421378
1269811724934352896
1269811808153542658
1269811867800788993
1269812022297927685
1269812048139083776
1269812098957062144
1269812131932839938
1269812181182353408
1269812196260720640
1269812198643097602
1269812312921329664
1269812579565797377
1269812690110693376
1269812833665069056
1269812841386819584
1269813163345625088
1269813193901322240
1269813306442776585
1269813314772783114
1269813545622880256
1269813608554418177
1269813622982815744
1269813910472925186
1269813956299894785
1269813986058317824
1269813989346693121
1269814018652291072
1269814051946758144
1269814165352349697
1269814432223367168
1269814504558194689
1269814509310525447
1269814557171736576
1269814588872278022
1269814614138785794
1269814887049506818
1269814929583898628
1269814980959858689
1269815012983373824
1269815176762732545
1269815222870646784
1269815339853873152
1269815340248305664
1269815454182322177
1269815478706462724
1269815524663480323
1269815698387357697
1269815888670330882
1269815915044048897
1269815939790524417
1269815994815569921
1269815998850498560
1269816090802061318
1269816225607057415
1269816251435462657
1269816254669488129
1269816264073129984
1269816481799274496
1269816531040567297
1269816544370065408
1269816666491420673
1269816711575789568
1269816762066857985
1269816791640858625
1269816812709044224
1269816851078410249
1269816946628984833
1269817022789148673
1269817106327056388
1269817249361276928
1269817257020047362
1269817261860282368
1269817522280415233
1269817801998393345
1269817865722626048
1269817968923340802
1269817982693380096
1269818116395151360
1269818297945657346
1269818335530795009
1269818415721656320
1269818617195094023
1269818666985517058
1269818717162008577
1269818892878258176
1269818918832680960
1269818947769110530
1269819044015648768
1269819081118515202
1269819127864217601
1269819144213426177
1269819181723238401
1269819412229484544
1269819509788925952
1269819685106708481
1269819711090548738
1269819756938293252
1269819942234357760
1269819947829456897
1269819995418173440
1269820414286458880
1269820686975066112
1269820738225139712
1269820759108661248
1269820856227643392
1269820859855888384
1269820948946903040
1269820981909975040
1269820989497577472
1269821001061273600
1269821105264459776
1269821112550133760
1269821132380811273
1269821200068489219
1269821200814858242
1269821263402479617
1269821397154631681
1269821413105397760
1269821447675019264
1269821460383707136
1269821481082552322
1269821485394378752
1269821649462988800
1269821682031775745
1269821732736598016
1269822063390457856
1269822212103692291
1269822214188281856
1269822295368970240
1269822323428741125
1269822361630461954
1269822676908093443
1269822702073896963
1269822840037146629
1269822843384020992
1269822847611887616
1269822906558640128
1269822936996814848
1269822964616159233
1269823011118612480
1269823084304859136
1269823162448900096
1269823166412722177
1269823217377644550
1269823251187892229
1269823299451858945
1269823325162872833
1269823342799982593
1269823511142391809
1269823766017736706
1269823784661454849
1269823833659199489
1269823854395813888
1269823934188285952
1269823939448057856
1269823943550005249
1269823951397675009
1269823997916712961
1269824031374671872
1269824122693005312
1269824185821323265
1269824206759321602
1269824252552724481
1269824291308101632
1269824332752138240
1269824681399517185
1269824873813196800
1269824929483984896
1269825000976125956
1269825022471913474
1269825033238491136
1269825407160922114
1269825457010049024
1269825618654359552
1269825762577670144
1269825834027831297
1269825912088014848
1269825935202639876
1269825977330225153
1269825998570356737
1269826083383398400
1269826095638966274
1269826115100499968
1269826136256712704
1269826225154912256
1269826232696410112
1269826238413078528
1269826257530699776
1269826275310329857
1269826322110402560
1269826408429154304