1273752355025100806
1273752377770807300
1273752424499630080
1273752479016992768
1273752483416825857
1273752517147365376
1273752532737601536
1273752551016587264
1273752570574499841
1273752579151970305
1273752579378278400
1273752638262296576
1273752642305421313
1273752684017913860
1273752701315112960
1273752713977909250
1273752739454038018
1273752747335208961
1273752757804183553
1273752761092444160
1273752801928073216
1273752805547954179
1273752852733681664
1273752855925723137
1273752861697064965
1273752868202467328
1273752876423147520
1273752906613886977
1273752910443266049
1273752948959567872
1273752952801505280
1273752975253688323
1273752986062401541
1273752989312774144
1273752994459222016
1273752999056285702
1273753015162462208
1273753053926129664
1273753070308954112
1273753099832721408
1273753111837003776
1273753146154598401
1273753209358749696
1273753237204549633
1273753254233423872
1273753264903897093
1273753384609251328
1273753411146485760
1273753468063428614
1273753473872547840
1273753476951048193
1273753505111695360
1273753514569654272
1273753535415541764
1273753568881729536
1273753581666041861
1273753620144549889
1273753632601706497
1273753647214522368
1273753658342203392
1273753663576641552
1273753691875676160
1273753716865110016
1273753814429044736
1273753816467247105
1273753830409170944
1273753850550329344
1273753887170801670
1273753888143953920
1273753930187620353
1273753950949441536
1273753973254545408
1273754003201908737
1273754038757179392
1273754051482718209
1273754052321406977
1273754055861342209
1273754059753676802
1273754100447031296
1273754113382072320
1273754123200913410
1273754134982909956
1273754155270766593
1273754168814166020
1273754168864444417
1273754186786590721
1273754245309833216
1273754262044946432
1273754302906077193
1273754332564008965
1273754366374227974
1273754417242746882
1273754445487181832
1273754500575170567
1273754504970764288
1273754508099813378
1273754513262837760
1273754554035834880
1273754630355288064
1273754659581296646
1273754697203986433
1273754718242816002
1273754722629939200
1273754768360574976
1273754867392303109
1273754869183193095
1273754896437829632
1273754916926914566
1273754927207272448
1273755014629130244
1273755046371614722
1273755066374160384
1273755071612809219
1273755075576508416
1273755082975256576
1273755091309223936
1273755113279098881
1273755121822793730
1273755133793443846
1273755135752261632
1273755142265978883
1273755150696493056
1273755164646801408
1273755204672876544
1273755243583541248
1273755260125757441
1273755284293500929
1273755305483141120
1273755334683750400
1273755339314339840
1273755377289408512
1273755385426477056
1273755406939144197
1273755423796060163
1273755435858886657
1273755469568303104
1273755488862101506
1273755502938390532
1273755539491688451
1273755579123527680
1273755582877466624
1273755583816937473
1273755586744598528
1273755591312211968
1273755611633577984
1273755631816761344
1273755661868752896
1273755675265359873
1273755745872490497
1273755750955978752
1273755775664439297
1273755780513181697
1273755786146185222
1273755798884118529
1273755851648458752
1273755852101636096
1273755854915932164
1273755875841318912
1273755893931401220
1273755934771347456
1273756001750089730
1273756013817221124
1273756065532907520
1273756127809814528
1273756144322990081
1273756232441044993
1273756253060239360
1273756270609104897
1273756283418664964
1273756302901153792
1273756319976054785
1273756362665652225
1273756378994061312
1273756388146032642
1273756404218806279
1273756437949198337
1273756455842099200
1273756502264668160
1273756568975298562
1273756572414611456
1273756593822154753
1273756630568456193
1273756634939035648
1273756652248928256
1273756677448204288
1273756709643788289
1273756727553507330
1273756761485344768
1273756798479216640
1273756798592352260
1273756815252246530
1273756817043136512
1273756928603312128
1273756975357202432
1273756991622656006
1273756996445995008
1273757016549462017
1273757017191190535
1273757130768568322
1273757163177963521
1273757172178890753
1273757202499555329
1273757281084194817
1273757297655734273
1273757306866610177
1273757364865437702
1273757377817276417
1273757384293388288
1273757405382238209
1273757406632132608
1273757466136702976
1273757472466092037
1273757566598668288
1273757625776250885
1273757625847631872
1273757629035286528
1273757671611654145
1273757679987470336
1273757688414035968
1273757692511891458
1273757742935633920
1273757747075563526
1273757793426833409
1273757865325584390
1273757886078803968
1273757927128662016
1273757931457122304
1273757969738461184
1273758002999246850
1273758014470791169
1273758040269959170
1273758123447259136
1273758127943380992
1273758148013195265
1273758153465835528
1273758153981587456
1273758158578569216
1273758161741078529
1273758179524931585
1273758237230170112
1273758258075889664
1273758258961006609
1273758272068243456
1273758275247505411
1273758280720867328
1273758309196144640
1273758323997843467
1273758349872357377
1273758350933704709
1273758371661955073
1273758376560713728
1273758427068510209
1273758456059740163
1273758459482292224
1273758472669147137
1273758481258999808
1273758481527390210
1273758550892806144
1273758568706117633
1273758577400918016
1273758594933104640
1273758615858491392
1273758632405057538
1273758677736931328
1273758701589938181
1273758756195598336
1273758782414176256
1273758798956630016
1273758846561906688
1273758869425020929
1273758871299989504
1273758879852015616
1273758891868733441
1273758909023453184
1273758914006441989
1273758975608020992
1273758979970281480
1273759013042368512
1273759038220587010
1273759038887481344
1273759059506798593
1273759071670136835
1273759071905120256
1273759075872858113
1273759098392080384
1273759127928365057
1273759161285660672
1273759164242833409
1273759210304614400
1273759210321272832
1273759210698915843
1273759219175632897
1273759227857625093
1273759232513306624
1273759235285946368
1273759244077203457
1273759249689124866
1273759274011889666
1273759290352795648
1273759315950661633
1273759323362131968
1273759324246929408
1273759327594184704
1273759425422114817
1273759462327758849
1273759471144259584
1273759483005632512
1273759491805282305
1273759512554541058
1273759512760123395
1273759542103478273
1273759554053058560
1273759571727843329
1273759583173873664
1273759588077182981
1273759593349464065
1273759633707094024
1273759638932975616
1273759684021891073
1273759701428125697
1273759764409917442
1273759828272447494
1273759831816626176
1273759846895149058
1273759898900160513
1273759898912862208
1273759902352183299
1273759928407252993
1273759937466900488
1273759956957892609
1273759961336684546
1273759970111025152
1273759983138746374
1273760024393773056
1273760084019916800
1273760111954198529
1273760138113871872
1273760150361305091
1273760158196232193
1273760166899417095
1273760188642672642
1273760192077770752
1273760204543451148
1273760229902159872
1273760240526393349
1273760242271162370
1273760255625887744
1273760271899791360
1273760330108329986
1273760368049950720
1273760373045366784
1273760418373214209
1273760456117641216
1273760457745207297
1273760464569118720
1273760482495774722
1273760532705816582
1273760548492947456
1273760576460582912
1273760587147665408
1273760591467986945
1273760602440241152
1273760608354099200
1273760624271667202
1273760649521348608
1273760670626877440
1273760690227089411
1273760702084325376
1273760712599441414
1273760717322121216
1273760770610864128
1273760779712507906
1273760782854041600
1273760796565217280
1273760805301846016
1273760888160497664
1273760888349175808
1273760930434879493
1273760947564433416
1273760955592314882
1273760972403081222
1273760972503564288
1273761009749184512
1273761064296087553
1273761145036386304
1273761148266037248
1273761164858548227
1273761198887108609
1273761203181899782
1273761219263021056
1273761224417837062
1273761249038393349
1273761265979207688
1273761273839259650
1273761278197223425
1273761304134791169
1273761362242650112
1273761370346082315
1273761378944389121
1273761429623996416
1273761438553780225
1273761479720931329
1273761491892809729
1273761534842454016
1273761575871094784
1273761606741221377
1273761610276823040
1273761614227861504
1273761659656392705
1273761739801341953
1273761744100274178
1273761870734929920
1273761887382093824
1273761890032930816
1273761904356397056
1273761957850558465
1273761958404124672
1273762037236203523
1273762145377947648
1273762252240420865
1273762273564061696
1273762285387948033
1273762378325393409
1273762382100258816
1273762426886991873
1273762426924695552
1273762427335659522
1273762449267871750
1273762471409524736
1273762478028185603
1273762478653091840
1273762494188711936
1273762536983269377
1273762537411162112
1273762542330970113
1273762545342361600
1273762547502645249
1273762553672294400
1273762559074676736
1273762604058439681
1273762620844187649
1273762623218212866
1273762650510422016
1273762695800590336
1273762771562229760
1273762779053256705
1273762792361820163
1273762826444832768
1273762863056859137
1273762863836835842
1273762901489221632
1273762914361630721
1273762919625273345
1273762940408086529
1273763006711623680
1273763031814598657
1273763032196198400
1273763052257603586
1273763081554808833
1273763098206314497
1273763169580679168
1273763200148725761
1273763225595715585
1273763234135199744
1273763239231438848
1273763300698808320
1273763308554739712
1273763350191591426
1273763354021109761
1273763375663640578
1273763396211683328
1273763501090066432
1273763518802780160
1273763521654927367
1273763522560827395
1273763535030489088
1273763575836872704
1273763623362596866
1273763652676411393
1273763660507332608
1273763668769964033
1273763689708105728
1273763819958030337
1273763820180299776
1273763858000130048
1273763878892195842
1273763936387686406
1273763937037713409
1273763963650469889
1273763967261798400
1273763996210827265
1273764013881556993
1273764058806710272
1273764063219077120
1273764077504847873
1273764093468401664
1273764100435132416
1273764129778667520
1273764148388782083
1273764156039221251
1273764187882303489
1273764205804482560
1273764211269627905
1273764239241383938
1273764247714115586
1273764251924979712
1273764270396837888
1273764285601075200
1273764331826696193
1273764344908656642
1273764378899353600
1273764381872930816
1273764428148686848
1273764462613327872
1273764470825693184
1273764535694790657
1273764559124340738
1273764621468332032
1273764676405473280
1273764683762274304
1273764721892737025
1273764726925856769
1273764730491015169
1273764738351202304
1273764742440550400
1273764742516137984
1273764751235969025
1273764768155701248
1273764797310537739
1273764818265288707
1273764849772789761
1273764894030958592
1273764915812225027
1273764917582221314
1273764927581204482
1273764936548667393
1273764956526252032
1273764956954116102
1273764985844498432
1273765070309167104
1273765098507526144
1273765103230259200
1273765121282588672
1273765152169627648
1273765174688841729
1273765211791646721
1273765223841890304
1273765229072179200
1273765284768350209
1273765311137841153
1273765334978158593
1273765338409308161
1273765477425111041
1273765518365908992
1273765547621126145
1273765666278060037
1273765720187441157
1273765745718177792
1273765770439335943
1273765783458504705
1273765840664616960
1273765845680959489
1273765858284720129
1273765875884216325
1273765938257702912
1273765975767298048
1273766009166540803
1273766017815023617
1273766030360313862
1273766035124973568
1273766073335271424
1273766106029850625
1273766132441219072
1273766153488404481
1273766220169240576
1273766236275593217
1273766240704704513
1273766240784433153
1273766274061856768
1273766424402681863
1273766450327683079
1273766475434651649
1273766475694845953
1273766483114541056
1273766487183024128
1273766500281864194
1273766508452286465
1273766718720991233
1273766735657795590
1273766774777901057
1273766780893368329
1273766781212151810
1273766797678952448
1273766797930409984
1273766827399745538
1273766834827857920
1273766869468659717
1273766886308708352
1273766936623616006
1273766995415056384
1273767020891439104
1273767100515942405
1273767129381306369
1273767140391129088
1273767162616791045
1273767163715821568
1273767176046997505
1273767344167247872
1273767364987809792
1273767372168540160
1273767402501623808
1273767410143657984
1273767439591854080