1270989144638930953
1270989218702131200
1270989321189888001
1270989456926035968
1270989470410522624
1270989503180632064
1270989514891235331
1270989531265683456
1270989837466771465
1270990076474875904
1270990258276974592
1270990270780375040
1270990271568805888
1270990363621089280
1270990470706061312
1270990751653081088
1270990752122798081
1270990982906028033
1270991050564395008
1270991255087001603
1270991364142981120
1270991439560761346
1270991441024647169
1270991449446912000
1270991460981075970
1270991465619972096
1270991531667648513
1270991531672035328
1270991603994251264
1270991681853284352
1270991705265909760
1270991741760483329
1270991772647219200
1270991823100469249
1270991833607426048
1270991885780336641
1270991897964826624
1270991903316537345
1270991996371509249
1270992162763739138
1270992299808428033
1270992333673320449
1270992474090192898
1270992488212213760
1270992510379327491
1270992682689626113
1270992762444214272
1270992892731912194
1270993034172411904
1270993042737160192
1270993158550126593
1270993183799947264
1270993377035681794
1270993535416668161
1270993562449121280
1270993634800910337
1270993818578374656
1270994077580816390
1270994102805581832
1270994127925186560
1270994179628425217
1270994219713298434
1270994224352235520
1270994614858797056
1270994725227515909
1270994837592870912
1270994846153490432
1270994849236504577
1270994926910738435
1270995030321139712
1270995051368325120
1270995113783812096
1270995180792033280
1270995404763652096
1270995491111788544
1270995529900720146
1270995654291132416
1270995811191709701
1270995823631847424
1270995893735624704
1270995952359243776
1270996326747000832
1270996388034211840
1270996493261029377
1270996686505226240
1270996829916798976
1270996859738378241
1270996938662395906
1270997136142934018
1270997208007970816
1270997308411228160
1270997350182293505
1270997370235469824
1270997398110625798
1270997446282248192
1270997452389183488
1270997584622972929
1270997939863932930
1270997944980738048
1270997995060953088
1270998030158831627
1270998036521648129
1270998050949853184
1270998239928414208
1270998307184218112
1270998401610444800
1270998418970705921
1270998490089480197
1270998519885770753
1270998621392113665
1270998636940460032
1270998733602164736
1270998773024428032
1270998789097230342
1270998793748729856
1270998876011606016
1270998914053935104
1270998945599238144
1270999180937494528
1270999254824173568
1270999366631817216
1270999383534780416
1270999435116523520
1270999577462800386
1270999774666391557
1270999777468010496
1270999778332151808
1271000034868252672
1271000054975934464
1271000163646144513
1271000252489793536
1271000328452751360
1271000371079467008
1271000438729584643
1271000475966607362
1271000507923025920
1271000668854054913
1271000746583044098
1271000877952897024
1271001020030693376
1271001026896764928
1271001033444073472
1271001100456321024
1271001296343097344
1271001331457818630
1271002044657070081
1271002051162648576
1271002273598959616
1271002510409576449
1271002547713646592
1271002591997112320
1271002711379640320
1271002839750512641
1271002950257848320
1271002984235892736
1271003146886799366
1271003166755164162
1271003200334815232
1271003266940375040
1271003434418728960
1271003566950551552
1271003699578580992
1271003799105097728
1271004161329582080
1271004174591954944