1270279492670500869
1270279498806804483
1270279578792144896
1270279844035563520
1270279864092893184
1270280103688384514
1270280166296768512
1270280329841061891
1270280428134465536
1270280497218936833
1270280599035658241
1270280630429941760
1270280668887613440
1270280694728622081
1270280706028122112
1270280720578236421
1270280803709333505
1270280925583048705
1270281294618882049
1270281449904750592
1270281764037177346
1270281767191228416
1270281767778488320
1270281784832344064
1270281859818274823
1270281898774769665
1270281919964512256
1270281952357040133
1270282011039547392
1270282149304897537
1270282204657135617
1270282528197414919
1270282647168843776
1270282690516914176
1270282762482827264
1270282912139825154
1270283046944600064
1270283285625737216
1270283390051328005
1270283424042045440
1270283675805061121
1270283727395045384
1270284025756868608
1270284028571049985
1270284045482483712
1270284099215818753
1270284171957714947
1270284185807306752
1270284248239558656
1270284375633117184
1270284376677519362
1270284607901052931
1270284657720881153
1270284678927351808
1270284713064665088
1270284725949730816
1270284938806468608
1270285056150401024
1270285081547026432
1270285229027139584
1270285264502452225
1270285451895554048
1270285467548712961
1270285499597545474
1270285602223730688
1270285689586737152
1270285893094395905
1270285971519668228
1270286025152237569
1270286522378366982
1270286525876408321
1270286529005420544
1270286770622664706
1270286955826294785
1270287040765198337
1270287375428726785
1270287729377583104
1270287848781025281
1270287918603567108
1270288006205919232
1270288097574445057
1270288168462548993
1270288248909246465
1270288265388720129
1270288386834792449
1270288533471682560
1270289103943172096
1270289220419096576
1270289242221162496
1270289264601858048
1270289336202932224
1270289808238219264
1270289834733641730
1270289842275078146
1270289875007348739
1270289893336526850
1270290227467255809
1270290232299028480
1270290583278551041
1270290675469357058
1270290811570225153
1270290837033885696
1270290886019166215
1270290918210506753
1270291217205600256
1270292450712616973
1270292452604178432
1270292555926831111
1270292677876162560
1270292717172674560
1270292719370473472
1270292822428659712
1270292928854929410
1270292962438758400
1270293020676628484
1270293039110594560
1270293057821380609
1270293174716514309
1270293252076302336
1270293495497007104
1270293659863396354
1270293981788766211
1270294073967104001
1270294185678123008
1270294380566310918
1270294404624982018
1270294476838309888