1276817551595573249
1276817557241151489
1276817567185862656
1276817609594408960
1276817696265506816
1276818105763758083
1276818162323947521
1276818225590919168
1276818339323506688
1276818354993541120
1276818372311777280
1276818484396261387
1276818491270737920
1276818658627653632
1276818678399381504
1276818761614417921
1276818805654794240
1276818872994336768
1276818889767149569
1276818909413310464
1276818988996141057
1276819054678831104
1276819076333965312
1276819107573305345
1276819124157665280
1276819254612914178
1276819351119765509
1276819370703028224
1276819501095571456
1276819580632080384
1276819619790143488
1276819664195076097
1276819677755379713
1276819686571888647
1276819693207158784
1276819838116257792
1276819907636793347
1276820024762593286
1276820045994299394
1276820146477084672
1276820159777423360
1276820176110080002
1276820206329962497
1276820226882093056
1276820232485720064
1276820319194566657
1276820369861685248
1276820408117977095
1276820435615862792
1276820525445251072
1276820625538105344
1276820653673312257
1276820672069595140
1276820680026324993
1276820855977377792
1276820871181561856
1276820977159147520
1276821028744896518
1276821077361131527
1276821082037800960
1276821091764391940
1276821095614644224
1276821148458573825
1276821183082778624
1276821477132832771
1276821623191097344
1276821711233650693
1276821815806038016
1276821828770676736
1276821854196465664
1276821866326474754
1276821914451873793
1276821946429251586
1276821983913623552
1276822008844566528
1276822177652883457
1276822235450413059
1276822276759883776
1276822440946122752
1276822446239354880
1276822482423394304
1276822629090045961
1276822777643675648
1276822785264844802
1276822827547725824
1276822848246407168
1276822935978872832
1276822968010788866
1276822970451800064
1276822982523043841
1276822994665582592
1276823058121097216
1276823135874998272
1276823167772827649
1276823314791571456
1276823334802636800
1276823348731875331
1276823443535691776
1276823587580719104
1276823691830140935
1276823770062340097
1276823796004073472
1276823800290689024
1276823804149456899
1276823838840545280
1276823850718687233
1276823875876122624
1276823895711105025
1276823916925747205
1276824012014919680
1276824042742468613
1276824101479493633
1276824139148509186
1276824147017043970
1276824147461636097
1276824190675415040
1276824198313279494
1276824248531615745
1276824281297666049
1276824340810436609
1276824370044973056
1276824399346270214
1276824445202595840
1276824459228221447
1276824554770497536
1276824631425499136
1276824643601666049
1276824652740993026
1276824655198924800
1276824681174179841
1276824706390228992
1276824734982975490
1276824760563924995
1276824886644744192
1276824919683276805
1276824920689967105
1276824932404600832
1276824935802044416
1276824953116131328
1276824969754759169
1276824982690181120
1276825002139103234
1276825029683093504
1276825035647283201
1276825187892162560
1276825210340212736
1276825285032210434
1276825325096353792
1276825337213718530
1276825445028241417
1276825481367691269
1276825491530530817
1276825493841612802
1276825541560025088
1276825637517496320
1276825646933696514
1276825712348073984
1276825733302755329
1276825750918889472
1276825817545355265
1276825856569114624
1276825867289858054
1276825873094770690
1276825960139063303
1276826131845562368
1276826236623478789
1276826240918437888
1276826316638244864
1276826385185755136
1276826438667247617
1276826479624687617
1276826485333135362
1276826497093898241
1276826567407091713
1276826648122359808
1276826690312953858
1276826731245166594
1276826908848775169
1276827022178742272
1276827071147175937
1276827155775868928
1276827278127833089
1276827344901193729
1276827407178182656
1276827411292790785
1276827541337227266
1276827546445844484
1276827582869143552
1276827683796574208
1276827700599160832
1276827738435878913
1276827747608911883
1276827780357984256
1276827830425456640
1276827859848486912
1276827888134873089
1276827902055723008
1276828070306025472
1276828076005982211
1276828132499230721
1276828212652277760
1276828271783694336
1276828308450271237
1276828338724712449
1276828342340202498
1276828354881224710
1276828372761444352
1276828423281917953
1276828425924345856
1276828429858623488
1276828455779344387
1276828563157778433
1276828566504775680
1276828593390223361
1276828603410518016
1276828677356036096
1276828712470601730
1276828712495919104
1276828824982913026
1276828886546948096
1276828892024713217
1276828899603873792
1276828921389035525
1276829081674436609
1276829252923645965
1276829286448500736
1276829474529529856
1276829503931797504
1276829521833058305
1276829663114022916
1276829668843364352
1276829676003098624
1276829710618591233
1276829738590486529
1276829748216369153
1276829797910564864
1276829809402937357
1276829818420711424
1276829843380826112
1276829848401596417
1276829919629111296
1276829983256621058
1276830107823493126
1276830142590050307
1276830142837526536
1276830149468708865
1276830184239398915
1276830222445404161
1276830241907003392
1276830266867122176
1276830291584303109
1276830473763815424
1276830544861462528
1276830556328800257
1276830624955813888
1276830636540661760
1276830639426158593
1276830691557347330
1276830972831506436
1276830988295782401
1276831193716187137
1276831199688876033
1276831287467298821
1276831300117135361
1276831350578970625
1276831521261961217
1276831525384962054
1276831563431501826
1276831572428304384
1276831579952857091
1276831604267196418
1276831757489311745
1276831759867564032
1276831764732936192
1276831776854417409
1276831785704398848
1276831797394001920
1276831807200268288
1276831823939633152
1276831827546771456
1276831874296545280
1276831885906325504
1276831891841318913
1276831962909380610
1276832097261572097
1276832138718072832
1276832154815811584
1276832172020649984
1276832196469436416
1276832197228531712
1276832214605586432
1276832264702308352
1276832327096848392
1276832335091118085
1276832360831553537
1276832482457841665
1276832562263056384
1276832630038835201
1276832633461366790
1276832637789798401