1268754449545285638
1268754453403856896
1268754818761469952
1268754868568829952
1268754869441052672
1268754885522137088
1268755058314764288
1268755095593746438
1268755137398550529
1268755304755261440
1268755355393122304
1268755514671783945
1268755526868967425
1268755568925138944
1268755594154061825
1268755615821770753
1268755623920971778
1268755756867706881
1268755879337193473
1268755958429134854
1268756118664331264
1268756123089121280
1268756517274214405
1268756697583157249
1268756806425247750
1268756966664556546
1268756989603049474
1268757234894417923
1268757248630820864
1268757494903394304
1268757833807519745
1268757902501675008
1268757956335669255
1268758203694813184
1268758228566933505
1268758243066740737
1268758312566378497
1268758382783193088
1268758442790973440
1268758525930606592
1268758621489213440
1268758697959985152
1268758761205710849
1268758828109176834
1268758861118353408
1268758895398465536
1268758941950971904
1268758958329729025
1268758965711757312
1268758979397799936
1268759033495777280
1268759034271723520
1268759060465299456
1268759100663398400
1268759167755587585
1268759247854108672
1268759503899488259
1268759936105721857
1268759947300474880
1268760011846623232
1268760355645403137
1268760854297796608
1268761028659040256
1268761122645200898
1268761177695404032
1268761227154673664
1268761387293011969
1268761450023018496
1268761600229400576
1268762028472250369
1268762284060336128
1268762431490273288
1268762489304408065
1268762762315882499
1268762767118475272
1268763052385505280
1268763126230659076
1268763698014777344
1268763765543239680
1268763970183151617
1268763995957313536
1268764323586826240
1268764410996305920
1268764809799049216
1268764884985982976
1268764948081061889
1268764968893116419
1268765060618469376
1268765195092066305
1268765400579190789
1268765681496948737
1268765719975452672
1268765738225012737
1268766121156505600
1268766193101365248
1268766194154143751
1268766206242074624
1268766252547420161
1268766477928165376
1268766537181048832
1268766589442195462
1268766626897223680
1268766747341045760
1268766801808195584
1268767103823179776
1268767150417891328
1268767157036421120
1268767205400993795
1268767338876329984
1268767414243622912
1268767451488989185
1268767480140320769
1268767498855464960
1268767540135825408
1268767611413655552
1268767687292989442
1268767793651920897
1268767901550608384
1268768097818689536
1268768147613646848
1268768235962286080
1268768254241071104
1268768597502877697
1268768642897858560
1268768748661440515
1268768881105125376
1268769094439858176
1268769185678516224
1268769213008809986
1268769276397146116
1268769309632991240
1268769402180136961
1268769494798725120
1268769515007082496