1277179962521538567
1277180051063275521
1277180060068429824
1277180140313870337
1277180140783407104
1277180173297823749
1277180178771456000
1277180189298982914
1277180232416575488
1277180253669142530
1277180260933488640
1277180366479142917
1277180387576426501
1277180497194553344
1277180546913669130
1277180655638507521
1277180961831235584
1277181066718130176
1277181086682972160
1277181087765024768
1277181116336574464
1277181142005723138
1277181218027499520
1277181276525678593
1277181410437144577
1277181426270494722
1277181442649440256
1277181457249652738
1277181503164649472
1277181595938623490
1277181608290914305
1277181616239058944
1277181646215581697
1277181707515355136
1277181733125971968
1277181834116452353
1277181868601942017
1277181934939131904
1277182039041736706
1277182090396631040
1277182107647905792
1277182200882950145
1277182249041985536
1277182267102806016
1277182301743517696
1277182320328372225
1277182371910094848
1277182501132267522
1277182597823631360
1277182823301025792
1277182883229241344
1277182884349194241
1277182928716533760
1277182967366860802
1277183017098903553
1277183031019745280
1277183059754840064
1277183075491946502
1277183138985381889
1277183176213921794
1277183297676693506
1277183298461143042
1277183302022180864
1277183306333814784
1277183314625826818
1277183364588421120
1277183365867864064
1277183420406198282
1277183421278818304
1277183489750765572
1277183511976456193
1277183555903217665
1277183653508866049
1277183659456507905
1277183683477168129
1277183684316033030
1277183684768985088
1277183738280120320
1277183781582012426
1277183831900958720
1277183864503300096
1277183897256824833
1277183919025258505
1277183988436570114
1277184089636798466
1277184115964440577
1277184190912569344
1277184199838097408
1277184205173055488
1277184241567100931
1277184241680302081
1277184274849038339
1277184292485861378
1277184477391982592
1277184482823434241
1277184520303734784
1277184528658755587
1277184531737567232
1277184555355529217
1277184610695331840
1277184669688176644
1277184716668407809
1277184891134894081
1277184963595534336
1277184997963726851
1277185072517480448
1277185126066257920
1277185186497732611
1277185243078950913
1277185328697102339
1277185349538676748
1277185353988878336
1277185366982823936
1277185389846040576
1277185390584217600
1277185408875577344
1277185409265676288
1277185472100356103
1277185501577883648
1277185509123674112
1277185553096519680
1277185620138315778
1277185683908591616
1277185714917163009
1277185824753422337
1277185911336456194
1277185918953234432
1277185930848280576
1277185965950488576
1277186026872733696
1277186045432430594
1277186065678381056
1277186180270850054
1277186181004845056
1277186204895715329
1277186213774909440
1277186340157886470
1277186466490093569
1277186478909480963
1277186510538919936
1277186516083716097
1277186611827150850
1277186621234872323
1277186745453379588
1277186788520534016
1277186812138708993
1277186875611111424
1277186944456208384
1277187023237976066
1277187070092611585
1277187111951753216
1277187189751808000
1277187198165663745
1277187311533305859
1277187334207922176
1277187384011096065
1277187408757436422
1277187426008481793
1277187451899936768
1277187459789524992
1277187491171315713
1277187492559511552
1277187526373961730
1277187592879038464
1277187598809735168
1277187609270407170
1277187690363080704
1277187706615988225
1277187718863179777
1277187803907002368
1277187839344574465
1277187878808776708
1277187924262600705
1277187991824486401
1277188022237306881
1277188051593162753
1277188099483643910
1277188108564467713
1277188189459853312
1277188268560470018
1277188268681883649
1277188297492660224
1277188310092439552
1277188355705516033
1277188374290366465
1277188419848994816
1277188499146510336
1277188523494379524
1277188540812734465
1277188645028605953
1277188649168371718
1277188679757422599
1277188763278618625
1277188771042205696
1277188780580012033
1277188800804986880
1277188905985605632
1277188959668486144
1277188984917995520
1277189020133593088
1277189083056476160
1277189144230481920
1277189187683389440
1277189216947011584
1277189262971154435
1277189371754696704
1277189586314133505
1277189631537295360
1277189652324196353
1277189678874140672
1277189720653496320
1277189729172090884
1277189781647233024
1277189802639704066
1277189874903384065
1277189888513843200
1277189912555642880
1277189932474343425
1277189953877708800
1277190002288427008
1277190028083544064
1277190103010390016
1277190168517230592
1277190204676288512
1277190211307401217
1277190211307438080
1277190239279251458
1277190307533160449
1277190387065597953
1277190394950955008
1277190405357031424
1277190437200166912
1277190437636374530
1277190449220984833
1277190570507673606
1277190599762837504
1277190650182594560
1277190659938672640
1277190706298343426
1277190713436966916
1277190713478795265
1277190713671737344
1277190730902093824
1277190788418621441
1277190798077947904
1277190860279431173
1277190911412363264
1277191015246503937
1277191111400919042
1277191124277276672
1277191235829207042
1277191304846467072
1277191308893970432
1277191312220045312
1277191322290597888
1277191351197712385
1277191400329805824
1277191435691995137
1277191467455385600
1277191484954095616
1277191540457312262
1277191569255391234
1277191657759309825
1277191858611982336
1277191870515273729
1277191934017036288
1277192126309203971
1277192130516193287
1277192316449697793
1277192379087364096
1277192659459878913
1277192730028978176
1277192748123262976
1277192755681378306
1277192991174688768
1277193023114416128
1277193054017990656
1277193116106317826
1277193126462083072
1277193133541986304
1277193146976346112
1277193193256300545
1277193230342328320
1277193253041963008
1277193317634068487
1277193335258533888
1277193338815426561
1277193377092689921
1277193378103468032
1277193482650685440
1277193524539273217
1277193551563145216
1277193566083784704
1277193742416580608
1277193776646230016
1277193820992679937
1277193837266509824
1277194027075547136
1277194093836238848
1277194351429349376
1277194409256329216
1277194588927582210
1277194719840346112
1277194827948601344
1277194891043524608
1277194908952965122
1277194935855431681
1277194959276388355
1277194983397785600
1277195017891786752
1277195033230401537