1269645289817731072
1269645356662390785
1269645373863329795
1269645507816828930
1269645529320960001
1269645550447722496
1269645760863272961
1269645764055183362
1269645805922643968
1269645823576608768
1269646016577445888
1269646069803167744
1269646108541677568
1269646155400515587
1269646460355858433
1269646469398740992
1269646577871847428
1269646749699919878
1269646837293539330
1269647085747474440
1269647094500876289
1269647266236825603
1269647274960916480
1269647309056417792
1269647450601635843
1269647534240169990
1269647580528402432
1269647655547920385
1269647677341331457
1269647760413691905
1269647777518288896
1269647782303928322
1269647919491305476
1269648042426236928
1269648169278849025
1269648192351744001
1269648250816081920
1269648327718719492
1269648461470642177
1269648541242339329
1269648574398132224
1269648647970586624
1269648649786658816
1269648725506355204
1269648809329647618
1269648865881477127
1269649005253967873
1269649061092618243
1269649073470087169
1269649115668819969
1269649136607014914
1269649165220528129
1269649247437295619
1269649283449417728
1269649547430637568
1269649548244287490
1269649556406439937
1269649661448597506
1269649757963608064
1269649838498594816
1269649916797890566
1269649950385766402
1269649974557458434
1269650017964310528
1269650034347462656
1269650055071490048
1269650084528099331
1269650085517950976
1269650170855251971
1269650181609320449
1269650235455705088
1269650311913730050
1269650336370831367
1269650339952721922
1269650571222495232
1269650663006441475
1269650680605822976
1269651111692001281
1269651145049337857
1269651145703686146
1269651240142745603
1269651347286175744
1269651354852696066
1269651388746936322
1269651447538421760
1269651472511201280
1269651477217243138
1269651480870600705
1269651493843423233
1269651497920237569
1269651502160740353
1269651506166300672
1269651510549348353
1269651514940813313
1269651519193804801
1269651636437352450
1269651678619303937
1269651799709016064
1269651872689897473
1269651983708741634
1269652125874892802
1269652127111995393
1269652181998862337
1269652213053427724
1269652277779935234
1269652379189690376
1269652449771610113
1269652496533905408
1269652635222712320
1269652667556642816
1269652886276825088
1269653016774234112
1269653087125483520
1269653104858988545
1269653225810034688
1269653468844822529
1269653478022012931
1269653641432125441
1269653657806680066
1269653710327726083
1269653749858996224
1269653754065719296
1269653867282731009
1269654010157576192
1269654014611742720
1269654365591175172
1269654417210519552
1269654454648942593
1269654467810660352
1269654635532267521
1269654832937414657
1269654857125892098
1269654866135310338
1269654885303234561
1269654928676421634
1269654941209178118
1269654998880645120
1269655105722355713
1269655193555107841
1269655224555376641
1269655351273697281
1269655364565438473
1269655456429027331
1269655469565661184
1269655490902007809
1269655498904809475
1269655515820445697
1269655671622062081
1269655692367011840
1269655746758815752
1269655767445123074
1269655898001215496
1269655910428917760
1269655981543297025
1269656003026587648
1269656122069323776
1269656170417065984
1269656175185989632
1269656295042199552
1269656338050813952
1269656417927127041
1269656497199493120
1269656627503923203
1269656708093227011
1269656832722833409
1269657004655759360
1269657062189006850
1269657071894630400
1269657117830590464
1269657210331660288
1269657471007682560
1269657518541807621
1269657575185723392
1269657596123680770
1269657614075465731
1269657629502160897
1269657663031382016
1269657776529309696
1269657906527387649
1269657935883403265
1269657978518401024
1269657994469359617
1269658002958630915
1269658095254253569
1269658196643393537
1269658199797325824
1269658205048778754
1269658237734924288
1269658448058187777
1269658522104393728
1269658535698345985
1269658658130006016
1269658867568267264
1269659020740222977
1269659043645124609
1269659068378910721
1269659110359826432
1269659154584686593
1269659173790167042
1269659190349496321
1269659219600347136
1269659250902675459
1269659278316433408
1269659377130246151
1269659458348564482
1269659492427264000
1269659509246607362
1269659526212378625
1269659534303342592
1269659567643754496
1269659572341334017
1269659626536140800
1269659793678983168
1269659861135941633
1269659870489280513
1269659886717198336
1269659923698216960
1269659941205422083
1269660005516496898
1269660012068159489
1269660012403724288
1269660146294239233
1269660268751024129
1269660336669503488
1269660343405547525
1269660343795683328
1269660371134091265