1273193671014281216
1273193676018196481
1273193680833261569
1273193683756691461
1273193705726521344
1273193767869263872
1273193806243008512
1273193897729155073
1273193931036069890
1273194016234864640
1273194028947902465
1273194040138358785
1273194041002295296
1273194074636521472
1273194083591151617
1273194096681717760
1273194116164096002
1273194166881849344
1273194325476691968
1273194422327525377
1273194424726630400
1273194610949599232
1273194672492552199
1273194691866112005
1273194749319667712
1273194749521006603
1273195014340988931
1273195076601081856
1273195090408767488
1273195148554338305
1273195178715762688
1273195223720448000
1273195306579099650
1273195340896690177
1273195408383148033
1273195433515520000
1273195466835013637
1273195472098910209
1273195518093594626
1273195580546854919
1273195592873734144
1273195626080108546
1273195781735026689
1273195812986576897
1273195885967454208
1273196008114028544
1273196070944870400
1273196129837080578
1273196267708002304
1273196276843270144
1273196318861733888
1273196388965249024
1273196398570287109
1273196453477965825
1273196461514252288
1273196578564702208
1273196583241342977
1273196630024519681
1273196633048530946
1273196730792718337
1273196787537510400
1273196880885932032
1273196900758327296
1273197106652745729
1273197166295646208
1273197223904501760
1273197311951331329
1273197312127438848
1273197379466997761
1273197539525906432
1273197622589882370
1273197694538797056
1273197748544835584
1273197761794469888
1273197812491137038
1273197933597515777
1273197954363346944
1273198056037666817
1273198100841193472
1273198159284408320
1273198183217274880
1273198273214459904
1273198281674407936
1273198285038157824
1273198323789414400
1273198344471556097
1273198368983040000
1273198385823199232
1273198404861071360
1273198436267982853
1273198540701999106
1273198608867659776
1273198701926846475
1273198754955493377
1273198940494737410
1273198973520658434
1273198973843574786
1273199060040777730
1273199166915780609
1273199257843929088
1273199279969054722
1273199374097678336
1273199439209873408
1273199456180035585
1273199624002699264
1273199634186301440
1273199648862351362
1273199741510115329
1273199782870253569
1273199792672444416
1273199793548873728
1273199795008614400
1273199867221901312
1273199961434447873
1273200026421002241
1273200068879953920
1273200182906294273
1273200221217062914
1273200391031832577
1273200440876822528
1273200475261853697
1273200500972945408
1273200521474650112
1273200710230958081
1273200747807719425
1273200772004614145
1273200785959116801
1273200852665237505
1273200924656373760
1273200925532962816
1273200995334598656
1273201029107122182
1273201033209155584
1273201134275047424
1273201142328176642
1273201250427797506
1273201271730851840
1273201435749101569
1273201532079661056
1273201556779925504
1273201569371168770
1273201610873884675
1273201758274310144
1273201761952677888
1273201762481168384
1273201825487953920
1273201859474403329
1273201868093698048
1273201896682127361
1273201951845515266
1273201968203382787
1273202056745160708
1273202173808201728
1273202174189809666
1273202184033841159
1273202257987883008
1273202372852846592
1273202375101120514
1273202496329125889
1273202546325237760
1273202664948396034
1273202744485085184
1273202772851273733
1273202819189833730
1273202924622155783
1273202940749070337
1273203016296955906
1273203041563553792
1273203146555133952
1273203377774698497
1273203398595284995
1273203540580642816
1273203540635205633
1273203562495926272
1273203589947830274
1273203735720685568
1273203755371159553
1273203791685246981
1273203851500412929
1273203951853240320
1273203998544273409
1273204065309253633
1273204122838339587
1273204225498058753
1273204279524896768
1273204313607864321
1273204374743814144
1273204405987393537
1273204442192662532
1273204451290107904
1273204460047777797
1273204480591486976
1273204492683612160
1273204598115897346
1273204614897242113
1273204622518181889
1273204702684069889
1273204782560395267
1273204828500488192
1273204874285588480
1273204955386699781
1273205029269319682
1273205103600730115
1273205122764603392
1273205147183841280
1273205193740627968
1273205323529060357
1273205465846087681
1273205482761699328
1273205582703386630
1273205650101694466
1273205727327399937
1273205805916004353
1273205838325452800
1273205864686596105
1273205903265861632
1273205922672914434
1273206018940469248
1273206102885359622
1273206133067522048
1273206166462648320
1273206225920880640
1273206322054533120
1273206485850435584
1273206486076981248
1273206497481195521
1273206535636713472
1273206564497829888
1273206614485590019
1273206641568219136
1273206686170439681
1273206690809294849
1273206745087774722
1273206749768511489
1273206929829969921
1273206951233519616
1273206990269865985
1273207008293015556
1273207374468321280
1273207666567864320
1273207721169281024
1273207773573021697
1273207799174983680
1273207860466462720
1273207928141594625
1273207965340876801
1273207994982051846
1273207995111890945
1273207999083864065
1273208246178848773
1273208359748067335
1273208444502212608
1273208683175071747