1272363313427476480
1272363385045291008
1272363480553684994
1272363531309125632
1272363599193763840
1272363614612197380
1272363736553140231
1272363740986572800
1272363801598287872
1272363858263519232
1272363945488236544
1272363996574814208
1272364131098689544
1272364135871725568
1272364201391132673
1272364260195094529
1272364376620761088
1272364394941304833
1272364420388147203
1272364491464990720
1272364583051841536
1272364592317050883
1272364629910523907
1272364639708426240
1272364655453798400
1272364801159622661
1272364859649339394
1272364873884872705
1272364969049247744
1272365015350349826
1272365070299906048
1272365121441009664
1272365204572180482
1272365219973644289
1272365221382885377
1272365254945714177
1272365274348609536
1272365296137809921
1272365414559834112
1272365438912036865
1272365476845203456
1272365477172568064
1272365513793048581
1272365530591014913
1272365578070765569
1272365614972223489
1272365657565196289
1272365662955098112
1272365774812983297
1272365778193563648
1272365796522483712
1272365803850149888
1272365863706873856
1272365925853851650
1272365929716838401
1272365968585396225
1272366003356303367
1272366106829885442
1272366178078388224
1272366273314185216
1272366291530272770
1272366450586447872
1272366487383298048
1272366504705552386
1272366621399670784
1272366672612122625
1272366680094789633
1272366688801980416
1272366693478805504
1272366736130674689
1272366736226971648
1272366782205091840
1272366783488548868
1272366827176431616
1272366852325474304
1272366852988186624
1272366886471323648
1272366901063069696
1272366903906967555
1272366983586209794
1272367133582860290
1272367142109773824
1272367325577003008
1272367468707749889
1272367494737600514
1272367498759794688
1272367632407240704
1272367636765118464
1272367680213995525
1272367756818563072
1272367792239435776
1272367838188244992
1272367880106057729
1272367897336320001
1272367905674412033
1272367906203095040
1272367944866070529
1272368040190099456
1272368110490849281
1272368139888549888
1272368229705568258
1272368229718073350
1272368262873886720
1272368295556124672
1272368305555161088
1272368321539825671
1272368350312771586
1272368564599742464
1272368585999093760
1272368601178279937
1272368674440126464
1272368740143939586
1272368827943325696
1272368836923330561
1272368841511915521
1272368915797151744
1272368924315627520
1272368983702937602
1272369020709163010
1272369100690341890
1272369101160267776
1272369297080418304
1272369317095436289
1272369333897957376
1272369390361743360
1272369406878928896
1272369583635214338
1272369633371344896
1272369692037058560
1272369726229012485
1272369776476774403
1272369834177724417
1272369873897885707
1272369894127001602
1272369898136776705
1272369910539304960
1272369937194070017
1272369939933016064
1272369994886676482
1272370207751671808
1272370367189921794
1272370443572310017
1272370459850477568
1272370509603377154
1272370518247780352
1272370538862620673
1272370540775460865
1272370560362831872
1272370649533562881
1272370656471121924
1272370689799073792
1272370695683608576
1272370765875171328
1272370783260536832
1272370908175519744
1272370933739765760
1272370942107242497
1272370955722113024
1272370988261359618
1272371000760393731
1272371023053303815
1272371093584506886
1272371168008237056
1272371194801635328
1272371278851211264
1272371340213923840
1272371416961253376
1272371441552568321
1272371499245191169
1272371500188917760
1272371617230991361
1272371618426359810
1272371658892795905
1272371688928210944
1272371769903443968
1272371832184664065
1272371899008311298
1272371903257329665
1272371903492239363
1272371918973386752
1272372097101099013
1272372166764290048
1272372174893060096
1272372180232417280
1272372184485433347
1272372211341578245
1272372212515905537
1272372238583336960
1272372346825801728
1272372352253399042
1272372397526614016
1272372401502748673
1272372443345301508
1272372480867516416
1272372573171355649
1272372678691782658
1272372813266145282
1272372871956803584
1272372879913390081
1272373105860710400
1272373121815724032
1272373152794976258
1272373194817765376
1272373202744901632
1272373241034596352
1272373261821673475
1272373349507719170
1272373387936043008
1272373462980595712
1272373509814136833
1272373513945362432
1272373517011599360
1272373575949758464
1272373588599820289
1272373614269083649
1272373652256894979
1272373664655323142
1272373757479395328
1272373767742738434
1272373773182828547
1272373823724310528
1272373958491299841
1272373987595542528
1272374016683065344
1272374146513743873
1272374163194482688
1272374163752116232
1272374189001805825
1272374230282309633
1272374296174891016
1272374399476342786
1272374543500210176
1272374725797269505
1272374742347993088
1272374767731871746
1272374816855609344
1272374930399731712
1272375054756712449
1272375065947111424
1272375157810659328
1272375171584794626
1272375212370264064
1272375317718372352
1272375340237598720
1272375473171886081
1272375492369420289
1272375493740748801
1272375555179057153
1272375586355216385
1272375710838120448
1272375714713604097
1272375739812200448
1272375745432612864
1272375762348150784
1272375774620893186
1272375821576163331
1272375845110206464
1272375938873995265
1272375948684529666
1272375970549260288
1272376096567316481
1272376106557956096
1272376134622052352
1272376136492703745
1272376227966472192
1272376287093493760
1272376315514179591
1272376365564731392
1272376420363382784
1272376432254169088
1272376445319278592
1272376489502220288
1272376512587730944
1272376566174101505
1272376646981410816
1272376727864557569
1272376809728782339
1272376864951209984
1272376927165337600
1272376928708603911
1272376952691650561
1272377057696071680
1272377079628214272
1272377266723528706
1272377267067502592
1272377275972038656
1272377284385599488
1272377289146355713
1272377305097277441
1272377402086223872
1272377405265625093
1272377546462711808
1272377654495322112
1272377700242644993
1272377715253903364
1272377762632937474
1272377796505948162
1272377842030931969
1272377871105839105
1272377896158597121
1272377975716098048
1272378110252658688
1272378236651991041