1272031033270116352
1272031052937256960
1272031094192214016
1272031153369698304
1272031157572579328
1272031182742368256
1272031190950658050
1272031296513081344
1272031383788150784
1272031429552148480
1272031516982415360
1272031544362885121
1272031593843044352
1272031601841459201
1272031677632536578
1272031724982153216
1272031728731918337
1272031871715512321
1272031925109174273
1272031946579701760
1272031992587182080
1272032037889687557
1272032209675980800
1272032265971867649
1272032281327284224
1272032382544162817
1272032394460057600
1272032420271964167
1272032432192020480
1272032457454321665
1272032479373910019
1272032755056914432
1272032826863616006
1272032890692534272
1272032915996717056
1272032937060585474
1272032991292690433
1272033099216384002
1272033117755211776
1272033136684273665
1272033143931863041
1272033183060672512
1272033313260273665
1272033360143986688
1272033444957229058
1272033473058844673
1272033523944300545
1272033556001423361
1272033707428319239
1272033795210907649
1272033853893414912
1272033947023630336
1272033960017530880
1272034034420289536
1272034052544102400
1272034103164985345
1272034233226129408
1272034592518737920
1272034609715429376
1272034612256968704
1272034648449789953
1272034658633478147
1272034760110542854
1272034832076455941
1272034835842899968
1272034846316138500
1272035036607459329
1272035204945850373
1272035208888561665
1272035243386499079
1272035283010236417
1272035315381727232
1272035431018721285
1272035458281648131
1272035462148849664
1272035557787398145
1272035562422185986
1272035646387838977
1272035674049277952
1272035684111405057
1272035699882102784
1272035720664924160
1272035868908425216
1272035900898177025
1272035905130430464
1272035934758940672
1272036010109448193
1272036036185518084
1272036039016644608
1272036040795095040
1272036047401205760
1272036412745900038
1272036526247997441
1272036702496980992
1272036907556302848
1272036916041416704
1272037155980939264
1272037167167045633
1272037247089442816
1272037261761114114
1272037280031469568
1272037299166089216
1272037323702702080
1272037331806101504
1272037423619256321
1272037566313828357
1272037618570625027
1272037621506564097
1272037641488338949
1272037855666204676
1272037855854858241
1272037877673795584
1272037928055607296
1272038066635464705
1272038170834714625
1272038184009031680
1272038292410830848
1272038383330553856
1272038392470163457
1272038429857968132
1272038473352900608
1272038505372200961
1272038546296143872
1272038557373399040
1272038719759974400
1272038808020832256
1272038811933925376
1272038867290316801
1272038944012505088
1272038966578098176
1272039013373947905
1272039198179147776
1272039338377912321
1272039375472295936
1272039390601080837
1272039791278710785
1272039815698173952
1272039935323799556
1272039944404512768
1272040096598876160
1272040099442638850
1272040129847164929
1272040184205332480
1272040191633416194
1272040239444291584
1272040435112988672
1272040468876943360
1272040501953220608
1272040556366041094
1272040569628323841
1272040572748853253
1272040675262050304
1272040884423385088
1272041006947373056
1272041064099016704
1272041073997688832
1272041126883667970
1272041250804228096
1272041306114539523
1272041337194455041
1272041435055878145
1272041479037313032
1272041600810696704
1272041614815358976
1272041693546573824
1272041856709218306
1272041971717005317
1272042017590108160
1272042179872141312
1272042324017569794
1272042332255289344
1272042435858710528
1272042554607857664
1272042637881729025
1272042695977054210
1272042701194776581
1272042934582591488
1272042989938868231
1272043313256898560
1272043317631438848
1272043379673780225
1272043395846832133
1272043421591580672
1272043422052909056
1272043526507974658
1272043590609403904
1272043674273103873
1272043701506736129
1272043738882334726
1272043816778821634
1272043884307255297
1272043899456913408
1272043909154140161
1272043912283250693
1272043937625145344
1272044089786195970
1272044159852052480
1272044194198990851
1272044225048145920
1272044283667927045
1272044333236174850
1272044508398718976
1272044580167278592
1272044585997365248
1272044952168460290
1272045149158141957
1272045258755289088
1272045323523948544
1272045347846737920
1272045397096181760
1272045421796319232
1272045467589902336
1272045510992564224
1272045632081911808
1272045645021376512
1272045645654749185
1272045721588576261
1272045724323262464
1272046088736788481