1275609652533833730
1275609669474516992
1275609703691714562
1275609704220094464
1275609729151180800
1275609837200531457
1275609869849108480
1275609872088928256
1275609989130924033
1275610043417853952
1275610069158133760
1275610139761037312
1275610265464291334
1275610384125308928
1275610462311387136
1275610551587127297
1275610563431800833
1275610606935117831
1275610614648406049
1275610626795155458
1275610651059195904
1275610653789548544
1275610659825254400
1275610668289286145
1275610685552988162
1275610769233764354
1275610769489567745
1275610916684353537
1275611033692930049
1275611050658811905
1275611073488384000
1275611075657023488
1275611140618440707
1275611165218033665
1275611200932458496
1275611201758728192
1275611235220742145
1275611297288196097
1275611319119548416
1275611340074299392
1275611389755887616
1275611419367682051
1275611458638733313
1275611508714528770
1275611574653210624
1275611646585499649
1275611719860027393
1275611721735049217
1275611750868684801
1275611764684730368
1275611780300115969
1275611784574050306
1275611855587692544
1275611968485941250
1275611981169516544
1275611985346953218
1275612036727103489
1275612056767602689
1275612086047920129
1275612103223635969
1275612260136706048
1275612304189591553
1275612342672220161
1275612405389721602
1275612417146236928
1275612463698862080
1275612471034871808
1275612497945346049
1275612547480240130
1275612560428064768
1275612568652931072
1275612618540167169
1275612640652546054
1275612648298643456
1275612690313031682
1275612715025719297
1275612724467167235
1275612749134008321
1275612774933168128
1275612776996712454
1275612815957659649
1275612845607211009
1275612900598611968
1275612929757310977
1275612972929347584
1275613037840543747
1275613037886533637
1275613113426075651
1275613134128988161
1275613134279991296
1275613147517288448
1275613214965936130
1275613265444302848
1275613271261921281
1275613283555307520
1275613298763972619
1275613311057477632
1275613325292974081
1275613357135912961
1275613373816864769
1275613399171379201
1275613483246276610
1275613516196655106
1275613557519003648
1275613580348571649
1275613651156766721
1275613677400600576
1275613705682608128
1275613718265683968
1275613734602305536
1275613736972189696
1275613743192272896
1275613755607527436
1275613817976901635
1275613872716574722
1275613964970442753
1275613969361838080
1275613978387812352
1275614024445689868
1275614046126039040
1275614048747499525
1275614062693560320
1275614065633759233
1275614099171356673
1275614171166474240
1275614191496433664
1275614196747493377
1275614255463759873
1275614300204343299
1275614308999876609
1275614325680377856
1275614414507515904
1275614425416777728
1275614489618964480
1275614564814487555
1275614645814988804
1275614656682512384
1275614669680660481
1275614690513760257
1275614703922733056
1275614737255071745
1275614787775238144
1275614950854201350
1275614996739710977
1275615051085492224
1275615160229601282
1275615177417711617
1275615190222962688
1275615231935311873
1275615395999866880
1275615416530935808
1275615449661800448
1275615484092669952
1275615574215753729
1275615576535302145
1275615660584824833
1275615668398891009
1275615718671818753
1275615730751463424
1275615744223514624
1275615839148859393
1275615924431642624
1275615976541892615
1275616088349343745
1275616100596711427
1275616175955734528
1275616179814461440
1275616219811295232
1275616368759463936
1275616390410625027
1275616452276400128
1275616485801689088
1275616507318489088
1275616548745551872
1275616553342558208
1275616578349019137
1275616605037355009
1275616657336086529
1275616687065305090
1275616783869886464
1275616837485694976
1275616876815581184
1275616892053409792
1275616901247299589
1275617006394449920
1275617023578517506
1275617035616018432
1275617038493499393
1275617065177501697
1275617178495012864
1275617190620921856
1275617203967188993
1275617287379144711
1275617296740839425
1275617329594822657
1275617385039515650
1275617455499628544
1275617475439267840
1275617495680823297
1275617517797552129
1275617607182356480
1275617622898376705
1275617689894076421
1275617827899281408
1275617841547489280
1275617862489706498
1275617865874280448
1275617996614930432
1275618083932078080
1275618323619864577
1275618400820232192
1275618440070471683
1275618486547431424
1275618494802006016
1275618507875422208
1275618511935598592
1275618520190128131
1275618566587506689
1275618574875480067
1275618582727217152
1275618586418126848
1275618603971248129
1275618675937161217
1275618688108879873
1275618775891673090
1275618796691247104
1275618803225735169
1275618864596828160
1275618914961993728
1275618922658762752
1275618986034630657
1275619031974895618
1275619098735640581
1275619119274946560
1275619153601335296
1275619237483237376
1275619350565679106
1275619363035533315
1275619380974497798
1275619388687699968
1275619397692911617
1275619455222063104
1275619467976798209
1275619498524119043
1275619534054064130
1275619606321922048
1275619640429993984
1275619666992431105
1275619703403147265
1275619728061427712
1275619766003269632
1275619807942017029
1275619824673185792
1275619849918529537
1275619941316608000
1275619951831683073
1275620017841848321
1275620025701855232
1275620030764351488
1275620044303548416
1275620064171966464
1275620087676854278
1275620122137366529
1275620197592756225
1275620210267975688
1275620386823176193
1275620392393031680
1275620416657055744
1275620466376560642
1275620538212388871
1275620575868866563
1275620714377248770
1275620717808062464
1275620811240435713
1275620968501821442
1275620973941714944
1275620995257077760
1275621028480184320
1275621074999394305
1275621150199078913
1275621173829734400
1275621213176356865
1275621228485763072
1275621239026040834
1275621262157647874
1275621415123746818
1275621466139131904
1275621503980183554
1275621511370432514
1275621515271254017
1275621523819122688
1275621586645561346
1275621590579937288
1275621599018840064
1275621653431455745
1275621657445425153
1275621658368397314
1275621725137338369
1275621838018605056
1275621867659751425
1275621886282526721
1275621904817192961
1275621913864425472
1275622073591832577
1275622203720114176
1275622219943739393
1275622262415282178
1275622319944163328
1275622328001605632
1275622375330131973
1275622380996419584
1275622550647816193
1275622559392956416
1275622604989247488
1275622619019128833
1275622660781809665
1275622731233415169
1275622815736172546
1275622843439443969
1275622852905938945
1275622886363914241
1275622907318882307
1275622912251355137
1275622957914583040
1275623011354382336
1275623059400151040
1275623066979221504
1275623083764826113
1275623089900945413
1275623154874974208
1275623179982168064
1275623273129111552
1275623305957924864
1275623324953874432
1275623334999470080
1275623364841754624
1275623364871303168
1275623377370140674
1275623406998880259
1275623457498243072
1275623536904728577
1275623591455924230
1275623607851528193
1275623633562537994
1275623668865892354
1275623683239948288
1275623729838452736
1275623758632550403
1275623763116261376
1275623794158206976
1275623835186991104
1275623872897810432
1275623954561011713
1275624044046540805
1275624045237567488
1275624057392689152
1275624069052854278
1275624098849263616
1275624124572893184
1275624144764145664
1275624147297751040
1275624165190635520
1275624202876436485
1275624220903563265
1275624224414031873
1275624254353158146
1275624281439780864
1275624284027850752
1275624292957294592
1275624313165578240
1275624367611838464
1275624381792710657
1275624391909560322
1275624463565012998
1275624565151014913
1275624589528367106
1275624652082155521
1275624656850976768