1277814116317630464
1277814121375789056
1277814175113363456
1277814175834738693
1277814184529612801
1277814205446533122
1277814280620924934
1277814309196791808
1277814398858362883
1277814444807110656
1277814582644486144
1277814590588370947
1277814597022625794
1277814646234284032
1277814662571032576
1277814682078924800
1277814708863524866
1277814715658297344
1277814772524703746
1277814775485829121
1277814812777631744
1277814893824049152
1277814901394649088
1277814913810026497
1277814922232160261
1277814958194122752
1277815019367890946
1277815026724806661
1277815090608173056
1277815146824400897
1277815152763703297
1277815156471287809
1277815168228036610
1277815181423316992
1277815227841679365
1277815233344671747
1277815241879977986
1277815255872098304
1277815282871009280
1277815296313585666
1277815304194715653
1277815349807689728
1277815354060951553
1277815487993466880
1277815521841483776
1277815568448598018
1277815593614409733
1277815594499428352
1277815602305019905
1277815610781716485
1277815618591481857
1277815748912648193
1277815760715485184
1277815803602223106
1277815824686837761
1277815836888137729
1277815837068603393
1277815854097412096
1277815857108979713
1277815861445718016
1277815865782620160
1277815964239790086
1277815969101070336
1277815970199896064
1277816000579276800
1277816007395024896
1277816027577937921
1277816034439856134
1277816134314504192
1277816190895865858
1277816192820932608
1277816364300820480
1277816406591991808
1277816474003005442
1277816492713807872
1277816497222627328
1277816536762327040
1277816558543396865
1277816600968613888
1277816604559134721
1277816616416194560
1277816628915339264
1277816680203288578
1277816792988225538
1277816814219735040
1277816830778904576
1277816882934870016
1277816996403408896
1277817006524207104
1277817078494322688
1277817128188473345
1277817165840777217
1277817192927465473
1277817195783831554
1277817269092057088
1277817308426240000
1277817317708054533
1277817363057049601
1277817376629719040
1277817392463319042
1277817430480285696
1277817457500016642
1277817485098614784
1277817498348343297
1277817526399889408
1277817529579089921
1277817548529172481
1277817581362003968
1277817590048571393
1277817656343621632
1277817665344507904
1277817686018240512
1277817702111776768
1277817708541665281
1277817715856748544
1277817762304278529
1277817811914678273
1277817904508125185
1277817958954401792
1277817966692876290
1277817987848744961
1277817988662603776
1277817996770066438
1277818077581701121
1277818105461432322
1277818109131456515
1277818181105541121
1277818189687042048
1277818327562412032
1277818354158329856
1277818425411133440
1277818472395833345
1277818482982187009
1277818513004978176
1277818592583725056
1277818604747141120
1277818621910286337
1277818688784101376
1277818693691441153
1277818842790559749
1277818861430231041
1277818865830047745
1277818872075177990
1277818913221312512
1277818944984715264
1277818960898134016
1277818978128113665
1277818986982453255
1277819023946809344
1277819065302687745
1277819074698006530
1277819145623658496
1277819199709052928
1277819251013935104
1277819275995045889
1277819296601776128
1277819297277108228
1277819347210317825
1277819372367679489
1277819376008298497
1277819376402599936
1277819394131886080
1277819447466737665
1277819452076113920
1277819463895826432
1277819473362223105
1277819489376223232
1277819490365915136
1277819511526223872
1277819565100187653
1277819632682962944
1277819691587776512
1277819695702237184
1277819712412540928
1277819858831499269
1277819863680069638
1277819879677198336
1277819897670664193
1277819925386661890
1277819976561438723
1277820055854526465
1277820073382535169
1277820081473327104
1277820127380213760
1277820142693556225
1277820143817482240
1277820145180774403
1277820165770678273
1277820169482645504
1277820257382457345
1277820382532169729
1277820387410272256
1277820403742912512
1277820494667022338
1277820496910876672
1277820504594960387
1277820592666763266
1277820631552110594
1277820643686277121
1277820669724700672
1277820686501732353
1277820694462685184
1277820702284935169
1277820740075692033
1277820807838945281
1277820818693607424
1277820890651127809
1277820895487287296
1277820915435307009
1277820927133220864
1277820994443456513
1277821008175681536
1277821092682321921
1277821122793398274
1277821150287011841
1277821166892265473
1277821168272191488
1277821217794330629
1277821231010643968
1277821246013673472
1277821268251770880
1277821321016152064
1277821367681978371
1277821423499829249
1277821490147102720
1277821511903174657
1277821544631132160
1277821562318581760
1277821590856581120
1277821633361821696
1277821666312294401
1277821682808508418
1277821709219819521
1277821759094317056
1277821775515189249
1277821796717338628
1277821859111862272
1277821880913846272
1277821889491197952
1277821914057146373
1277821952053227522
1277821989067960322
1277821999054643200
1277822090507321346
1277822095322304512
1277822270384345089
1277822295516438528
1277822325191249920
1277822346678513664
1277822370963693570
1277822379436044288
1277822480036528128
1277822480678338560
1277822484490842112
1277822535263019008
1277822560164610048
1277822614581284865
1277822660555104259
1277822665835896832
1277822732629970946
1277822769778941952
1277822784480083970
1277822836850163718
1277822850104283138
1277822874607386626
1277822878889607169
1277822933432332289
1277823080157417474
1277823105382129665
1277823151515340800
1277823198021607425
1277823227448999937
1277823248252600320
1277823315608887296
1277823394310950912
1277823398450626561
1277823399755202560
1277823478704615431
1277823491589332993
1277823499864702976
1277823513177526274
1277823554533326848
1277823567418347521
1277823650146725890
1277823695390740482
1277823700633559040
1277823856791740416
1277823869051699200
1277823903893782528
1277823956989460481
1277823981618253824
1277823999347752961
1277824012437970946
1277824049272418306
1277824053877911552
1277824079387639808
1277824093945860099
1277824154415202304
1277824166800977925
1277824174543650816
1277824174778650625
1277824208274206722
1277824241941966850
1277824242612985857
1277824314138451969
1277824326411014150
1277824391930236928
1277824426663346178
1277824455037923328
1277824461107007494
1277824464156123138
1277824464659439616
1277824489263435776
1277824497685389312
1277824547669061637
1277824589909745665
1277824694524264448
1277824720650436608
1277824749305987078
1277824769988136960
1277824774056673280
1277824790020018177
1277824819275485185
1277824887797809153
1277824933658333184
1277824942118060033
1277824971939733504
1277824988469268480
1277825038410846209
1277825079909314560
1277825106534961152
1277825144296099841
1277825187543519233
1277825231705403394
1277825235514019843
1277825269147906049
1277825286650900483
1277825320733851648
1277825355970043905
1277825403957194754
1277825431270387712
1277825445669548034
1277825486236733440
1277825525768163328
1277825542272802817
1277825642755616770
1277825642982109184
1277825834817073152
1277825844359172097
1277825859605327872
1277825875631898624
1277825899447148544
1277825915544899586
1277825920175308800
1277825933336952832
1277825949174808579
1277825953226350593
1277825995714723840
1277826020083671041
1277826037632688129
1277826091336503296
1277826163696496642
1277826230348320770
1277826251747663872
1277826268042493952
1277826272400257025
1277826280810074112
1277826330327826432
1277826338250993664
1277826390381826048
1277826427144990721
1277826469742309376
1277826477736833024
1277826477954826240
1277826594543935488
1277826704204054528
1277826729759969280
1277826905773871106
1277826906029768706
1277826964372553728
1277826998203637760
1277827001676685312
1277827039333101568
1277827056403791872
1277827100544811009
1277827188998369281
1277827191200313347
1277827192228130819
1277827283106045953
1277827302940831744
1277827305503678465
1277827363015974914
1277827387623763968
1277827408570322945
1277827417596297218
1277827429701042176
1277827435602554881
1277827534974078978
1277827555517751296
1277827581417406465
1277827631539539968
1277827657011548162
1277827764603588614
1277827778033975296
1277827848649269248
1277827871042670592
1277827886838353920
1277827911647662080
1277827991133761536
1277828168204931077
1277828210156331008
1277828239134617601
1277828247368151040
1277828251990163458
1277828270357196800
1277828285309825024
1277828290800005120
1277828323050168320
1277828344206131200
1277828374237339648
1277828420114673666
1277828436426395649
1277828448417804289
1277828491623272448
1277828508488630274
1277828528852078593
1277828532312432645
1277828603531517952
1277828603615510528
1277828604693327874
1277828629854998528
1277828688776658944
1277828748809732096
1277828767717765121
1277828772067229696
1277828814739931136
1277828839847202817
1277828993689976832
1277829078368743430
1277829125202378752
1277829138653437952
1277829141342101504
1277829154130415617