1273465462211465218
1273465521539821568
1273465567609884673
1273465572190113792
1273465596454322176
1273465604813598720
1273465630608375811
1273465773063897091
1273465814423711744
1273465825668722688
1273465946061959173
1273465972377165825
1273466049971851265
1273466372316491787
1273466452662681600
1273466506781683712
1273466607239680002
1273466641565663234
1273466763427155969
1273466775754153984
1273466918230343680
1273467006247788544
1273467046777376768
1273467144173260802
1273467168269557760
1273467190897852417
1273467245411344385
1273467265565036544
1273467278361628672
1273467306115338241
1273467347911794688
1273467416295555073
1273467454706946049
1273467454891622401
1273467488903278594
1273467560055443461
1273467585334403072
1273467689227505665
1273467770907197440
1273467922720030721
1273467924984942592
1273467925282709506
1273468023979024385
1273468038403235843
1273468179113635840
1273468210503811072
1273468218842071042
1273468298131148800
1273468303126573056
1273468377936216069
1273468639254102017
1273468659004928000
1273468684669874177
1273468734783369216
1273468737103048704
1273468788361646082
1273468821991575554
1273468855554199553
1273468872381870081
1273468881349337088
1273468907207094272
1273468909895782402
1273469112329465857
1273469228595773441
1273469253912604675
1273469329669906432
1273469355049828352
1273469371231490048
1273469444086468608
1273469569315700736
1273469594699812864
1273469734210715648
1273469745480847361
1273469879593472000
1273469913366233090
1273469995163488257
1273469996203511812
1273470004974026752
1273470017007427584
1273470102193598464
1273470198054629382
1273470214693220357
1273470260679544832
1273470261082427392
1273470306561163265
1273470355798028290
1273470463037984771
1273470541664448512
1273470584182018049
1273470646786252800
1273470744165593094
1273470895315533824
1273470914815025154
1273470931097321473
1273470990840934400
1273470999393001474
1273471028908326912
1273471121304760320
1273471195636133888
1273471233955262464
1273471259200729088
1273471359851458560
1273471540017971200
1273471579230355456
1273471606996664331
1273471614152142848
1273471636197556224
1273471684276703232
1273471853743374336
1273471858856177664
1273471946445946880
1273471960018612224
1273471971691356162
1273471998195306496
1273472018231558145
1273472022434189312
1273472039580549120
1273472159004995584
1273472216399740928
1273472241372557312
1273472251552284677
1273472307298795521
1273472408674922498
1273472543404339200
1273472563625091072
1273472594994487301
1273472672085745665
1273472760774262786
1273472772883148801
1273472798191611905
1273472894270668805
1273473029406961665
1273473070548815872
1273473079016996864
1273473095890808833
1273473100038852608
1273473133081587714
1273473201327112192
1273473235577786368
1273473310781616128
1273473393959096320
1273473427156934656
1273473457632669696
1273473470123225089
1273473520148705280
1273473536196108289
1273473633273470977
1273473699606171648
1273473724243681280
1273473783274319874
1273473804732424192
1273473906549026821
1273473931480047617
1273473936680824833
1273474053169451008
1273474069678247936
1273474078091993088
1273474128729616385
1273474166092476426
1273474228965294080
1273474236561031168
1273474292089532416
1273474299844845570
1273474308225064960
1273474375501692928
1273474385169416192
1273474451242246144
1273474512055685121
1273474643895123970
1273474651872608256
1273474656473952258
1273474732483059712
1273474803228389377
1273474844856737792
1273474937496338432
1273474947927572487
1273474980341112832
1273475088088739840
1273475125946413056
1273475175980253188
1273475200718213120
1273475289855606784
1273475290035916800
1273475302862159873
1273475307459117056
1273475315264716801
1273475495149973504
1273475657247281152
1273475780438372353
1273475818040160256
1273475866413187073
1273475867650523136
1273475869764227074
1273475884855562241
1273475893650952192
1273475910704918529
1273475942984409088
1273476028065669121
1273476111989604353
1273476120009076737
1273476150015209474
1273476219615408129
1273476281426939907
1273476299122769920
1273476320618577921
1273476376893538304
1273476569600753669
1273476592417693696
1273476699942875136
1273476783644401664
1273476795883565057
1273476827328077824
1273477135047548930
1273477147810824192
1273477164747198464
1273477268455567361
1273477287418028033
1273477319823425541
1273477332431507457
1273477454997254144
1273477486328897536
1273477559943036930
1273477792722817024
1273477819763490816
1273477866039148544
1273477937568681984
1273477973069271040
1273478016384094208
1273478053369282560
1273478057387413504
1273478192079069184
1273478217764990977
1273478298220167169
1273478410505908224
1273478449156349952
1273478523454357509
1273478617721384960
1273478738546585601
1273478794859462656
1273478836928294922
1273478880477818880
1273478909171023873
1273478935280484352
1273479020529803269
1273479159365414912
1273479208392630272
1273479231029358593
1273479336927125504
1273479416820056064
1273479449657237504
1273479484159807489
1273479543525830661
1273479577596198913
1273479605790400513
1273479665508921344
1273479710643834881
1273479790192922624
1273479844773294081
1273479849085145088
1273480067604070401
1273480127066734594
1273480206246752257
1273480248911368192
1273480255655694336
1273480256494551041
1273480265000779778
1273480280808939524
1273480331312726022
1273480364531597313
1273480474451521536
1273480499110072320
1273480557632999424