1269826483952005120
1269826572003000321
1269826619981459459
1269826646669959172
1269826665430966272
1269826673190383617
1269826825338998784
1269826864526155777
1269826875402018822
1269826997246623745
1269827102359957507
1269827420502269952
1269827474671706113
1269827486961074177
1269827533790478337
1269827575368560641
1269827638119428096
1269827688551854080
1269827815177965570
1269827911307182082
1269828003472670721
1269828023575953409
1269828107273490438
1269828140685094913
1269828174931791877
1269828194858926083
1269828339331502080
1269828342758477824
1269828355861479424
1269828497356328961
1269828506290012160
1269828556592275461
1269828640046321664
1269828672804003840
1269828690143260674
1269828960277237761
1269828963595177984
1269829039587393537
1269829165475262466
1269829249269215240
1269829253316698114
1269829256911237120
1269829312481497089
1269829356945158144
1269829453485674498
1269829576181592065
1269829588391096321
1269829694284800005
1269829726186725376
1269829781446553600
1269829789658968065
1269829944638464001
1269830244162207744
1269830321647890432
1269830369148198912
1269830615496454144
1269830628087906307
1269830665899368448
1269830717162377222
1269830775014211584
1269830822212886530
1269830858879438848
1269830955067416578
1269831119551299591
1269831139939758080
1269831186928582660
1269831234135318529
1269831714420871169
1269832021897084931
1269832195725619200
1269832420645195776
1269832423438573569
1269832491613016066
1269832569228419072
1269832746639265793
1269832751374462976
1269832806479380480
1269832813290721281
1269832839454957574
1269832977325928449
1269832985747939328
1269833006421860353
1269833020048936961
1269833200676806657
1269833262479732737
1269833434743988225
1269833501550850048
1269833598724694022
1269833631897276417
1269833732845756416
1269833748612214784
1269833849044795392
1269833884121698305
1269833900441944064
1269833967521447937
1269833987712638976
1269834218214850560
1269834245884661761
1269834336280481800
1269834424956436480
1269834440982835200
1269834525431009281
1269834838904889344
1269835036968095744
1269835053665665025
1269835234222067712
1269835254648332290
1269835309103165441
1269835427558686720
1269835511121817608
1269835607687208964
1269835636082540544
1269835829800628224
1269835881155825664
1269836165777145857
1269836211956244481
1269836483734765568
1269836543226785794
1269836566656057347
1269836592761524226
1269836691990347776
1269836702006345730
1269836778749321216
1269836953794473984
1269837033452773380
1269837169033650177
1269837210062327808
1269837361120251908
1269837515411857408
1269837532620926978
1269837636950261760
1269837924595576832
1269838161867354118
1269838181429579776
1269838215671959552
1269838258848088064
1269838334458617857
1269839065295327235
1269839092021227520
1269839160438857728
1269839164209414144
1269839318501281792
1269839398272749573
1269839554145587201
1269839578510303233
1269839872380076036
1269840029586804738
1269840058674147328
1269840069486972929
1269840254372065280
1269840426225340416
1269840430088273921
1269840468306800640
1269840588515483649
1269840644727595008
1269840649534058497
1269840704399949824
1269840762075672578
1269840840882442242
1269840991030136833
1269841010122620928
1269841106608566272
1269841169493766144
1269841295834570754
1269841571324846086