1270913715643265025
1270913757829447685
1270913766704676864
1270913857700200453
1270914020950765568
1270914146758881280
1270914197556277249
1270914390645067781
1270914482177482753
1270914508882616322
1270914537332412416
1270914638226612225
1270914722531950597
1270914949368315905
1270914995656802304
1270915079270170628
1270915104100331520
1270915159037337600
1270915195234250752
1270915199906824192
1270915220601368577
1270915283884978177
1270915337387565057
1270915447576240131
1270915472205262848
1270915635002798081
1270915673678643200
1270915770835300353
1270915786605907968
1270915803588644865
1270915825487224837
1270915837973626880
1270915887978037249
1270915908324651008
1270915947058958336
1270915954705235970
1270915976243154946
1270915985286090754
1270916092832202752
1270916139573374977
1270916148695937024
1270916257601159168
1270916408176709632
1270916475700666369
1270916604713242624
1270916647168012289
1270916768085704704
1270916873908076552
1270917143136092164
1270917197339283456
1270917268361314306
1270917296169447424
1270917322820268035
1270917461374676992
1270917625070055424
1270917657823510530
1270917712538030080
1270917851059191808
1270917914158223360
1270918072455630849
1270918161236451329
1270918172556877824
1270918248918396931
1270918352987279361
1270918506608046081
1270918597511122944
1270918601256562688
1270918744210997248
1270918761068015622
1270918866386984961
1270918983596871680
1270919053985697793
1270919105348960263
1270919266817069058
1270919311255670786
1270919344302600194
1270919356290076675
1270919402758656000
1270919403916324864
1270919624985505792
1270919638168358912
1270919650906439684
1270919755331825664
1270919855344979968
1270919986299756544
1270920094147739649
1270920170454700032
1270920284598460416
1270920397274312704
1270920401430831104
1270920443336114177
1270920476974604295
1270920552535003136
1270920612509290497
1270920725898178562
1270920781254418432
1270920816838967297
1270920866084208646
1270920899827511297
1270920943762763776
1270921083932209153
1270921142925066241
1270921171438055468
1270921172637474817
1270921179826708484
1270921189486190594
1270921201746096128
1270921215562129408
1270921219404070912
1270921307341848577
1270921429077291014
1270921535302316033
1270921559209721858
1270921797819600897
1270921902312341505
1270921936021991424
1270921943781277698
1270922002291802113
1270922006448320512
1270922032650375168
1270922095979986944
1270922103953526788
1270922131858055168
1270922161268699136
1270922193120063496
1270922330374582272
1270922354500055040
1270922444057071617
1270922657836523520
1270922720746844161
1270922770625380352
1270922825205862400
1270922866603642880
1270922867677335553
1270922896068796419
1270922993057722368
1270923006626365442
1270923023005224962
1270923088859787264
1270923252538290177
1270923525159661568
1270923554528215040
1270923563453886465
1270923589051711495
1270923652205346819
1270923747352997889
1270923800784154624
1270923870481104896
1270923941108871169
1270924034788777984
1270924162232614912
1270924212182663170
1270924297809170432
1270924297826156544
1270924515942391809
1270924541674602497
1270924586830487555
1270924683119144968
1270924728967069696
1270924880591142913
1270924952665907200
1270924979505430528
1270925038150135808
1270925149496360963
1270925186079035393
1270925186729156608
1270925236406333440
1270925250360991745
1270925366706573312
1270925426211393536
1270925501750804480
1270925627194032132
1270925655719346177
1270925660974796800
1270925673704632320
1270925695460339713
1270925750242168832
1270925761587937282
1270925764456636417
1270925781598793729
1270925794752200704
1270926033630314496
1270926063699472384
1270926148042723328
1270926163465195521
1270926210655084544
1270926223498231811
1270926453467754501
1270926470689501187
1270926519058210817
1270926520391831552
1270926521625047040
1270926629116788741
1270926839939305473
1270926971929628672
1270927054431834119
1270927157536022528
1270927199353348096
1270927249773076483
1270927263031267328
1270927410381242368
1270927467360841728
1270927544448139265
1270927641038794753
1270927837952765953
1270927883532468224
1270927887563026432
1270928029586522112
1270928098188558336
1270928208024739841
1270928295320838145
1270928319182106624
1270928416586428416
1270928508424818696
1270928576586690562
1270928622417829889
1270928646472073217
1270928650544672768
1270928714834964482