1273344741338501122
1273344745193066498
1273344771029958656
1273344788440416256
1273344817531990016
1273344821365583872
1273344821579575296
1273344890701860867
1273344901279887360
1273345023174758403
1273345026794205186
1273345136035008520
1273345161590800385
1273345220189380608
1273345241492402176
1273345258114306048
1273345270768717825
1273345334291369984
1273345354147168256
1273345412913606664
1273345539703279616
1273345563216527360
1273345622041640961
1273345698495434760
1273345782666670083
1273345785845944320
1273345793727115265
1273345793995485185
1273345802681954309
1273345856834584579
1273345874442272772
1273345894847410176
1273345966817415173
1273345984727261185
1273346025067929600
1273346030017187840
1273346030101237762
1273346155900858368
1273346177455534082
1273346373128261635
1273346378400481284
1273346392249991170
1273346436357292033
1273346495832453121
1273346537897197568
1273346553642725377
1273346578930008065
1273346602867003392
1273346612438298624
1273346629467283457
1273346683393490951
1273346683678502913
1273346696718815232
1273346721641160704
1273346745003642883
1273346750909165569
1273346759750758406
1273346805707792384
1273346889023475723
1273346990089404416
1273346999811600389
1273347018765807617
1273347044254478338
1273347126739767298
1273347186970017797
1273347258159947777
1273347279693524995
1273347461633974274
1273347464322445312
1273347501744144385
1273347501941088256
1273347556374953987
1273347636758642688
1273347703574016000
1273347764890546181
1273347791075659778
1273347820863578112
1273347825305292801
1273347858268389376
1273347899871682561
1273347908864061440
1273347913062715404
1273347914102902784
1273347932293672969
1273347937863634945
1273347965793566720
1273348134815633408
1273348299492175872
1273348344501407752
1273348373886599168
1273348541755375616
1273348627717488640
1273348647154069505
1273348663197274114
1273348713772007424
1273348763935965185
1273348797511262210
1273348802305355783
1273348838875516928
1273348840100413444
1273348854373588993
1273348865710850055
1273348903052722178
1273348990982066176
1273349092186390528
1273349132904804356
1273349286537818112
1273349309430366211
1273349414799769602
1273349431149158401
1273349443371372552
1273349447888453632
1273349493912514561
1273349523360878593
1273349590381744128
1273349644467216395
1273349733562691589
1273349775010795521
1273349793801273349
1273349796422656000
1273349825803833345
1273349926399983618
1273349976374931458
1273350001410768897
1273350024013938688
1273350031479721984
1273350115491753984
1273350156486926337
1273350178079154177
1273350190586408961
1273350290289291265
1273350303925047296
1273350329258725378
1273350396216397825
1273350401430097920
1273350416852541445
1273350496754061313
1273350526390976514
1273350655885766656
1273350895506522112
1273350899197513730
1273350970596970496
1273350995637125121
1273351003199410181
1273351050431311872
1273351053774327809
1273351088461115392
1273351108933685252
1273351145054851073
1273351188830982156
1273351209886248960
1273351230744657921
1273351275036454912
1273351277230067713
1273351288533680129
1273351339158802434
1273351339649708032
1273351356779245568
1273351372948242437
1273351379852169218
1273351494356647940
1273351499574317057
1273351519903952896
1273351561930924032
1273351595909156866
1273351633246851075
1273351641715093518
1273351649663295488
1273351650195865600
1273351861844742144
1273351893507506177
1273352015008206852
1273352057085407239
1273352082263867394
1273352111745650691
1273352140602384389
1273352149511163904
1273352208134914048
1273352215822954496
1273352224660492288
1273352241408348162
1273352266502811649
1273352270604693504
1273352299868454919
1273352333179654144
1273352358718607361
1273352383746236417
1273352425609367552
1273352457477906432
1273352501497118731
1273352522200240129
1273352529032732673
1273352531851096064
1273352581688025094
1273352627112284160
1273352678236553216
1273352716010557445
1273352787045351424
1273352807890870272
1273352937222270977
1273352954133852160
1273352972018294785
1273352988321558530
1273353054650347524
1273353122073567232
1273353164020781057
1273353226763464704
1273353293868281857
1273353294526550018
1273353323681386501
1273353339871416320
1273353403570192384
1273353436457660416
1273353522847854596
1273353541294252032
1273353629873946625
1273353646990901249
1273353651143290882
1273353713193811968
1273353747746508802
1273353824644857856
1273353843670159360
1273353860178903047
1273353863173677059
1273353880949194752
1273353902549807106
1273354032732463104
1273354062814154752
1273354066169651201
1273354099636023296
1273354108599062529
1273354212827639808
1273354317798477824
1273354333996879873
1273354334558969856
1273354345623543808
1273354447071125504
1273354544043315206
1273354593959907334
1273354669969018881
1273354670333804545
1273354853360648192
1273354896687931393
1273354903839178752
1273354909753065472
1273354929730699264
1273354934763782150
1273354980397690880
1273355010072600576
1273355056377667584
1273355099734081536
1273355186229174275
1273355206009458691
1273355210732171424
1273355232513310722
1273355251408670721
1273355293494177792
1273355324016283650
1273355329678594048
1273355349429489666
1273355374880579591
1273355394660925445
1273355432988413952
1273355445755936771
1273355466861678592
1273355479951998976
1273355487526912003
1273355534293331968
1273355578182635520
1273355581022224384
1273355583534632960
1273355673007357952
1273355695333801990
1273355722177339394
1273355727298613248
1273355773226168320
1273355810949812229
1273355878415073282
1273356099719225344
1273356107424174082
1273356134007668739
1273356167083954176
1273356183957463041
1273356213036519425
1273356264345460736
1273356268032401410
1273356281860911105
1273356309715443719
1273356322986029057
1273356346210095104
1273356380502724614
1273356439344553984
1273356478179467264
1273356524379934721
1273356586162012162
1273356619938705409
1273356646622924802
1273356782899916802
1273356846594699267
1273356869050998784
1273356884372852740
1273356889124769792
1273356967189217280
1273356993185579009
1273357004879298560
1273357136362450947
1273357209880018944
1273357282638737417
1273357325181448193
1273357339433852929
1273357354948612096
1273357374422687746
1273357384182722560
1273357455418949636
1273357486423244800
1273357565833949186
1273357568459620354
1273357602219491328
1273357637778698241
1273357647731757056
1273357681114222592
1273357756653637632
1273357782599819272
1273357820369539075
1273357887126016000
1273357889122508800
1273357924514107399
1273357958059970560
1273357969846087681
1273357971125342209
1273357983179632640
1273357988506431488
1273358050053754880
1273358092516773888
1273358100821663746
1273358239061676035
1273358255935406081
1273358268094537728
1273358306518712320
1273358331227275264
1273358333362069505
1273358490984218637
1273358516741451781
1273358603492175873
1273358662975791105
1273358709494865922
1273358760199757827
1273358784488894464
1273358813769478144
1273358887433826305
1273358898574037000
1273358914914938880
1273358918438264832
1273358956291743744
1273359045940908034
1273359124487692288
1273359128212234241
1273359174538153984
1273359183270670336
1273359191382659072
1273359254389473282
1273359273553248263
1273359327731073025
1273359387986444290
1273359467489497088
1273359468382822400
1273359469817233409
1273359476242870274
1273359501329141761
1273359561278316544
1273359590202236931
1273359601862246400
1273359611551244288
1273359668933464064
1273359707026137088