1276575972981116929
1276575991700299780
1276575997702418432
1276576025619529728
1276576046314164225
1276576053562146817
1276576059186544640
1276576066325352449
1276576072704942082
1276576113330925568
1276576116577271809
1276576130032599040
1276576134562369536
1276576137951563776
1276576165692452866
1276576168679006209
1276576188484354049
1276576188627107841
1276576188849426432
1276576197602836480
1276576203558846464
1276576217685262337
1276576226514067456
1276576242179997697
1276576260055941120
1276576264489328641
1276576285150461953
1276576289080725506
1276576290028630016
1276576292188684290
1276576314653360129
1276576347930886145
1276576372333436933
1276576414943322112
1276576482224201729
1276576485554487296
1276576500507123714
1276576503753347073
1276576525450690561
1276576540461948929
1276576545067458561
1276576558115893249
1276576578911080448
1276576587312500738
1276576612759359489
1276576619549745152
1276576688919515137
1276576711984001025
1276576725967581184
1276576763359965185
1276576765054382081
1276576812886302730
1276576846184960001
1276576865793314818
1276576880578174977
1276576885091241984
1276576909200105473
1276576922542063618
1276576927004975104
1276576931551404032
1276576935724761089
1276576948341420032
1276576953978351616
1276576956377513984
1276576956411191302
1276576969090633729
1276576969157677056
1276576992410906625
1276577002460495872
1276577006885277696
1276577019002859523
1276577019526918144
1276577048727826434
1276577049310900224
1276577053966389249
1276577086283677696
1276577086304423936
1276577098946265093
1276577107016065027
1276577107418767368
1276577120441991171
1276577128591642630
1276577159276933121
1276577170782117891
1276577199567581187
1276577212678856704
1276577237848948746
1276577241787482114
1276577242601029632
1276577262482018304
1276577262918385667
1276577271248191488
1276577279599132676
1276577299937275906
1276577322032914433
1276577342169722881
1276577367230541825
1276577384217509888
1276577413003165697
1276577417478287361
1276577435673337862
1276577451972325377
1276577513381089281
1276577530091376640
1276577530741501952
1276577534998654981
1276577540220555265
1276577551494729728
1276577552375648258
1276577555999608832
1276577556058312705
1276577560214691841
1276577569450713088
1276577571824529408
1276577586181799936
1276577597762277376
1276577598550667264
1276577606339448832
1276577644214173698
1276577648475549699
1276577686916419584
1276577694516260865
1276577741068886016
1276577752267862016
1276577761805533185
1276577778515742720
1276577793476878338
1276577803085873153
1276577829505904640
1276577840994103300
1276577852104851456
1276577858786406400
1276577866403254272
1276577870488403969
1276577872849723398
1276577915107307522
1276577953363591168
1276577974779871232
1276577975027154944
1276577978567274496
1276578001099071488
1276578005394100229
1276578017750507526
1276578032938110976
1276578051153895429
1276578109995864064
1276578114479419393
1276578161862430720
1276578176844660737
1276578193810640898
1276578231408263168
1276578238827950081
1276578239960530944
1276578260932079617
1276578265445085186
1276578265810055168
1276578273170845696
1276578283820216320
1276578290443202564
1276578290673897472
1276578298450100225
1276578315269275649
1276578319346081793
1276578340984500225
1276578345170333696
1276578373393768448
1276578386408697856
1276578403806781440
1276578412186890240
1276578440955572224
1276578446462894080
1276578453593239554
1276578479291666435
1276578483012079616
1276578483792154626
1276578489517387777
1276578495322132481
1276578511965155328
1276578529514336257
1276578543724609544
1276578554906423297
1276578556533977090
1276578567233646592
1276578609201733633
1276578617493839872
1276578626188738565
1276578657742585856
1276578660942823424
1276578671944335360
1276578678483431428
1276578695399047169
1276578701052989443
1276578709408026624
1276578727883943941
1276578743809642499
1276578760318488578
1276578761736163328
1276578766937096194
1276578780803485698
1276578782762029056
1276578806598426625
1276578815234490369
1276578836281470977
1276578861958836224
1276578895089860608
1276578910554095618
1276578946285473793
1276578954640412672
1276578965541531648
1276578973519093761
1276578995086127104
1276579000564027395
1276579028909113344
1276579040829136898
1276579066330730497
1276579084433338368
1276579087721598976
1276579095791333377
1276579099729817601
1276579126594461696
1276579128720920577
1276579133536063489
1276579192604225536
1276579205061341184
1276579208798416896
1276579230516682754
1276579250921975808
1276579267854438400
1276579276184305669
1276579322187350016
1276579389623267329
1276579435123269633
1276579443528667137
1276579452424728579
1276579464353214465
1276579468291776515
1276579473316614145
1276579489888129024
1276579515419054085
1276579529629282307
1276579535664959489
1276579577486286849
1276579577620545537
1276579582733254656
1276579586722185216
1276579620259680257
1276579636407828488
1276579656599105536
1276579668595015680
1276579676933128193
1276579678673829888
1276579682448629760
1276579686823464961
1276579695690055680
1276579720646320129
1276579724928540672
1276579730997870593
1276579745308819458
1276579745510154241
1276579749331075073
1276579754553073666
1276579775293779968
1276579798622625792
1276579817153015811
1276579832302833664
1276579859184013312
1276579862946275329
1276579876322127872
1276579921846919169
1276579926502715393
1276579955858644997
1276580001526222849
1276580026687741952
1276580060011479045
1276580060351197184
1276580064054804481
1276580092072820741
1276580131616645120
1276580157227184128
1276580165313679360
1276580207009435653
1276580210801082368
1276580215221870594
1276580221362171905
1276580224172523522
1276580286130728964
1276580294649208832
1276580316140847104
1276580345450815496
1276580353566785538
1276580366644662273
1276580383002427394
1276580387020554241
1276580420696576000
1276580425784123392
1276580441567440896
1276580443865972738
1276580464917049344
1276580466980728834
1276580522995654658
1276580523868065792
1276580561587326977
1276580573453189121
1276580618038464514
1276580638804578311
1276580644009545728
1276580672774311942
1276580685881331719
1276580731796328449
1276580735726555137
1276580747797807105
1276580769012613120
1276580773718458368
1276580808288079882
1276580814973788161
1276580836104482816
1276580844686245889
1276580881428295681
1276580895512825856
1276580902110404609
1276580904157224966
1276580920125009922
1276580932615618561
1276580957559144449
1276580970242678784
1276581041596178432
1276581049988833280
1276581062228029441
1276581074898952194
1276581180393971713
1276581300342861825
1276581301911384064
1276581304608403458
1276581306487488512
1276581308303638536
1276581309721141248
1276581343472709638
1276581360417697792
1276581381909381120
1276581390029553666
1276581402331377665
1276581402415259648
1276581427635576832
1276581440445050881
1276581463245434887
1276581502843645952
1276581511911931910
1276581519788777472
1276581536561684481
1276581545105453056
1276581545269223424
1276581581944246274
1276581620418568192
1276581620464656386
1276581632707833857
1276581681462489090
1276581734331670530
1276581746851688448
1276581796411518976
1276581822063882242
1276581823523557376
1276581838710910977
1276581846726270977
1276581847238139904
1276581855312125952
1276581876040433664
1276581880335183872
1276581897301299200
1276581906944065538
1276581960660344833
1276581964233838593
1276581968596041728
1276581989408288772
1276581993766141953
1276581994361749504
1276581996630880257
1276582001374449664
1276582002259451904
1276582018239864834
1276582041702842371
1276582044382846976
1276582058794594309
1276582090650288133
1276582094437842947
1276582116004749313
1276582124280143872
1276582145155313664
1276582149102030848
1276582149349654537
1276582153032052738
1276582158543405056
1276582228697452544
1276582234548363264
1276582241917964290
1276582249664741377
1276582270682435594
1276582299702886403
1276582300285878275
1276582306371776513
1276582307156000768
1276582324990287872
1276582345638805506
1276582350114230272
1276582387804041217
1276582409425862656
1276582425586515968
1276582452446838784
1276582453554089989
1276582455366029316
1276582467231776768
1276582484566654978
1276582547430883329
1276582555781935104
1276582555995836416
1276582556431859712
1276582559728705537
1276582571141476353
1276582584949133323
1276582601852141569
1276582618310619138
1276582618943811584
1276582643992231938
1276582664590561280
1276582672710549504
1276582678121385985
1276582694411853824
1276582702343311360
1276582702809067522
1276582719158353920
1276582728192925700
1276582744374403072
1276582766868598784
1276582795071160321
1276582848280113152
1276582849383141378
1276582857792774144
1276582882866163712
1276582882891501568
1276582888486690819
1276582891816996865
1276582908111867905
1276582917729378310
1276582920086405120
1276582920963194883
1276582958267355136
1276582976646778881
1276582999224659968
1276583006237601794
1276583023966904321
1276583029620736003
1276583029637550081
1276583041922740224
1276583067692363776
1276583075787538434
1276583126651883527
1276583141914955778
1276583197581680641
1276583201637634051
1276583240053125120
1276583262580805634
1276583264950484992
1276583272546476039
1276583273158922242
1276583273410379776
1276583286278684672
1276583293887053831
1276583297343041536
1276583314334326794
1276583344168263681
1276583360110792704
1276583364976414722
1276583403609976832
1276583428004155393
1276583431846023169
1276583432328445954
1276583441031667714
1276583456332550145
1276583457590775809
1276583466008788994
1276583470114893825
1276583486917238784
1276583519809146882
1276583520266264576
1276583528638156801
1276583545310347265
1276583548099727368
1276583554789629952
1276583566726639622
1276583579091447809
1276583583877136384
1276583665758121984
1276583694241861634
1276583701292494850
1276583718489120769
1276583725862662144
1276583752676728833
1276583755931619328
1276583772079534080
1276583780782936070
1276583830892183558
1276583834419634176
1276583834847342594
1276583863884513280
1276583873355251712
1276583894033281024
1276583906532306945
1276583910311329793
1276583931261976579
1276583957019209729
1276583968427724803
1276583969010716673
1276584024190795777
1276584028238278657
1276584078804946950
1276584082475008000
1276584086522355713
1276584116205629440
1276584125999308807
1276584137483259904
1276584171373117441
1276584220572483587
1276584228537479169
1276584233859981313
1276584258572877831
1276584258686062592
1276584260867100672
1276584280068624384
1276584288704761856
1276584291653353472
1276584309479092233
1276584342169378816
1276584355780067331
1276584372418736129
1276584401623711747
1276584422230372353
1276584430534942720
1276584434465046528
1276584487846117377
1276584519110443008
1276584569551179777
1276584583887233024
1276584602543538179
1276584654305255425
1276584669484584966
1276584682684022785
1276584699117387777
1276584749725741056
1276584791668854791
1276584812229218304
1276584824329981953
1276584837470736388
1276584840914186246
1276584845267791872
1276584845393739778
1276584854193410049
1276584967716237313
1276584980471136257
1276584984787255296
1276584987966361600
1276585038667284480
1276585055251501058
1276585068006432771
1276585106090622979
1276585143445196800
1276585160822140931
1276585165167435777
1276585194359861249
1276585207072686080
1276585216639815680
1276585231814930432
1276585248470585345
1276585251146543105
1276585257022763008
1276585257375092737
1276585290576957440
1276585294792286213
1276585312089759744
1276585326388170754
1276585327981985792
1276585349083361280
1276585357887373312
1276585379135737856
1276585391294988288
1276585407342432256
1276585411805171712
1276585420663316480
1276585454431805442
1276585475331981312
1276585487067684864
1276585503656161287
1276585554725879808
1276585575408111616
1276585588423098370
1276585592290193409
1276585605670068227
1276585609063251970
1276585651501256704
1276585714881302530
1276585739812290560
1276585823048269824
1276585846855041024
1276585862172569600
1276585894233989121
1276585916237316097
1276586005236035585
1276586012169220096
1276586029298958336
1276586051042045952
1276586053705650181
1276586058054897670
1276586062421397510
1276586124962455553
1276586125092515840
1276586129106460675
1276586134265573379
1276586167182536705
1276586209259765763
1276586217803399169
1276586221590937603
1276586234735988737
1276586248476463104
1276586276783820801
1276586289433804800
1276586305133182976
1276586317133029376
1276586322417930240
1276586326360567810
1276586351404539904
1276586351589298178
1276586368538308608
1276586368567775232
1276586370891427840
1276586373093482501
1276586385168838657
1276586456258134016
1276586457235365889
1276586468392275968
1276586504215650304
1276586516098269188
1276586527590477825
1276586569546293248
1276586574054952960
1276586590966394880
1276586629952610304
1276586687158718466
1276586687292997632
1276586718754476033
1276586733149224960
1276586738148917248
1276586771149729794
1276586771732549632
1276586804884496385
1276586826694705154
1276586842381357057
1276586868214239233
1276586876082835458
1276586938456145920
1276586954755366914
1276586961629782022
1276586975047364608
1276586994441891840
1276587005800067073
1276587014251479045
1276587025563435008
1276587030705733632
1276587057926803462
1276587092425015297
1276587098577887232
1276587127979905025
1276587131465543682
1276587159995236352
1276587227028566016
1276587253838610433
1276587290190647297
1276587329298280448
1276587329445076992
1276587337414311936
1276587348491264000
1276587367294476288
1276587374974316549
1276587395887046656
1276587396142903298
1276587397598281729
1276587399544438787
1276587401620512774
1276587412487991297
1276587429500198913
1276587434680016896
1276587442238185473
1276587446394933251
1276587475696324609
1276587480125505537
1276587551609012225
1276587572001677312
1276587609708519426
1276587610278952962
1276587639416786944
1276587643632070657
1276587648094744580
1276587660492992512
1276587680990707715
1276587704373833728
1276587782354292736
1276587788708663296
1276587806760988672
1276587807230717952
1276587807255851008
1276587862360760320
1276587894883454982
1276587911324958720
1276587929276682244
1276587943130533889
1276587974700957698
1276587979847487490
1276587989683052545
1276588004384165889
1276588008024805376
1276588020628676613
1276588037959413761
1276588070297579520
1276588071031627776
1276588074424692736
1276588125997981698
1276588151197270017
1276588180448391170
1276588185146048513
1276588205861724160
1276588217932877825
1276588226455539712
1276588226984239106
1276588239218896896
1276588257988534274
1276588272446291969
1276588278481686528
1276588305975586817
1276588314368397318
1276588327404257280
1276588334320623619
1276588339395690497
1276588352679170054
1276588357078876160
1276588390432092172
1276588398938132485
1276588419720916993
1276588428386283520
1276588444886732801
1276588470123802627
1276588478172545024
1276588486305427456
1276588503040700416
1276588528827334656
1276588532656635904
1276588533751468035
1276588575220514816
1276588588931702789
1276588591603503105
1276588599778201601
1276588633714094080
1276588642954293248
1276588742166417409
1276588742879449088
1276588746939478022
1276588767609008128
1276588772021407745
1276588783266226177
1276588800463044608
1276588864396685313
1276588877139062793
1276588901466099712
1276588935423107073
1276588943979565064
1276588972106567684
1276588973373247488
1276588990154657793
1276588990842286080
1276589012287922177
1276589023226724352
1276589025466421249
1276589027475546113
1276589078016901121
1276589086485118982
1276589087458308096
1276589141527068674
1276589153640230918
1276589162284699655
1276589175014391811
1276589233629728768
1276589250151165954
1276589250226655232
1276589274926927874
1276589296879726593
1276589334183972866
1276589371341193217
1276589378333114369
1276589384331116546
1276589396297428993
1276589422608293889
1276589459673243649
1276589476010053632
1276589597120704513
1276589611217752065
1276589678112759808
1276589688564838401
1276589713684680707
1276589716331208705
1276589757666131968
1276589791019175938
1276589820287111170
1276589820538748929
1276589862108516353
1276589862121099265
1276589882941616130
1276589883008540673
1276589891447590914
1276589895557869568
1276589898095456256
1276589949370789889
1276590013711560712
1276590050411773953
1276590060704595969
1276590079918567424
1276590084284809216
1276590163951603714
1276590171362902018
1276590224253095936
1276590240048615424
1276590277474598913
1276590289885503490
1276590339667537920
1276590353014050821
1276590353810960386
1276590382533488641
1276590403601522689
1276590449403277312
1276590450430935049
1276590457859039232
1276590470521655299
1276590529384452096
1276590533192777729
1276590558333501440
1276590625702510592
1276590646866960385
1276590673236332544
1276590688914731008
1276590692903661571
1276590701090951168
1276590716140113927
1276590718316937218
1276590719797362688
1276590722578354180
1276590730346221568
1276590735018450944
1276590755407187969
1276590817147121665
1276590822650195968
1276590827586781185
1276590835228979207
1276590852316508161
1276590868669927425
1276590886386716672
1276590890270810116
1276590899963875330
1276590927658790917
1276590938467565571
1276590947590041600
1276590990434828288
1276591014564769793