1272197128878788608
1272197138630479878
1272197145211346944
1272197167638347781
1272197264862257152
1272197289579212801
1272197324937105421
1272197352481308675
1272197375872757761
1272197381472374784
1272197464724922369
1272197497230950400
1272197499223228421
1272197551584935944
1272197567019974656
1272197582958329857
1272197599374700546
1272197645910642688
1272197656744361984
1272197725354786817
1272197771806662656
1272197800533667841
1272197821895081984
1272197830724259842
1272197997909032967
1272198069799575554
1272198174208188417
1272198203866320896
1272198254327988224
1272198261676412931
1272198275001544704
1272198287756603399
1272198372779274241
1272198383810285568
1272198410683195393
1272198417167659009
1272198439317757952
1272198480841367553
1272198539993645057
1272198580984516610
1272198686538334209
1272198698882068480
1272198709254766594
1272198803681169419
1272198828859494404
1272198837424160771
1272198841043992582
1272198883515469824
1272198916130377728
1272198925743566849
1272198946186596352
1272198987983052805
1272199004848300034
1272199076747018240
1272199106480320513
1272199155297984512
1272199194531389440
1272199206518820865
1272199206867030017
1272199361338830853
1272199487725895681
1272199554851467269
1272199569913282560
1272199588003352577
1272199621255868416
1272199629006876674
1272199691850207233
1272199854865948674
1272199867767468032
1272199877842350080
1272199909383573506
1272199951146078208
1272199965071343617
1272200082771922950
1272200129219448832
1272200195946602503
1272200285272719360
1272200321490698241
1272200389090258944
1272200401379422209
1272200405951188994
1272200419129909249
1272200434862743552
1272200434879328256
1272200512323178497
1272200617776349184
1272200632280244230
1272200632863272962
1272200782230597633
1272200813180583940
1272200917895589888
1272200997855727616
1272201084820471808
1272201104982339589
1272201161093681152
1272201225858174976
1272201272230162434
1272201286281162754
1272201328983408640
1272201425507024899
1272201555228459013
1272201588216606723
1272201626393010177
1272201646270025729
1272201668851929088
1272201672605995013
1272201676754161670
1272201690393899009
1272201765325352960
1272201768676388866
1272201836758523905
1272201839988158465
1272201865149550594
1272201887060619264
1272201923467206658
1272201928299200516
1272202087401734150
1272202317874561024
1272202398329643010
1272202432169291778
1272202436602662913
1272202502725918721
1272202527782699008
1272202545289707526
1272202696104112129
1272202704824070146
1272202729922887682
1272202873577889798
1272202897095192576
1272202973012246529
1272202984408129543
1272202986492760064
1272202987725881348
1272203023587180544
1272203085998428161
1272203157427359746
1272203178721894402
1272203282262482944
1272203410729627649
1272203502102761475
1272203585107963905
1272203916571226112
1272203924930465793
1272203938411040768
1272203966600720385
1272204021491630081
1272204184616488960
1272204218993164288
1272204239834501120
1272204253772292097
1272204285728735232
1272204326975483905
1272204394725994496
1272204411062890498
1272204428498604032
1272204428569833474
1272204436224557056
1272204491719348226
1272204507032825856
1272204537764380684
1272204608245387264
1272204617099685892
1272204626171957252
1272204690344853504
1272204705020760065
1272204750839328768
1272204758032568325
1272204786713145346
1272204821471387648
1272204827209146372
1272204830740631552
1272204879784751104
1272204901817466886
1272204909090308097
1272204927700471816
1272204974387273730
1272204982465380352
1272205032725741569
1272205070545956865
1272205108839886849
1272205153777545216
1272205470577631234
1272205590127927296
1272205590153043968
1272205673363697667
1272205682712940547
1272205698659684352
1272205833770864643
1272205849767948296
1272205892549668864
1272205946383548416
1272205950854860801
1272205955430678537
1272205983897567232
1272206063605956614
1272206131310604289
1272206131860037632
1272206194900418561
1272206194971742213
1272206224029868033
1272206244678230016
1272206278211731456
1272206302765350912
1272206361473036288
1272206396675756032
1272206516863619075
1272206604822290433
1272206617375911936
1272206662883930114
1272206679103373312
1272206684392509440
1272206685826842624
1272206748032528384
1272206889753833472
1272207125318709248
1272207255384064002
1272207309658378240
1272207313852682244
1272207389882793984
1272207410707533825
1272207421134508032
1272207469062881280
1272207607789428737
1272207629268537344
1272207686524973058
1272207781857316867
1272207792351272960
1272207892373004288
1272207947230298112
1272208014045351936
1272208096627130371
1272208136657440768
1272208144618356736
1272208228751990787
1272208306740834304
1272208324109443073
1272208404501557248
1272208441763934211
1272208449061838848
1272208491805962240
1272208540896309250
1272208571778859011
1272208605169823744
1272208613931507712
1272208613994426370
1272208616230182914
1272208626862743552
1272208655757111296
1272208774204461057
1272208936926687238
1272208967176007683
1272209062940282881
1272209066849234944
1272209071450529792
1272209178493423616
1272209234726473729
1272209315055755264
1272209322928455685
1272209323066667008
1272209399453552640
1272209406923550721
1272209447335624707
1272209536787464192
1272209540742656001
1272209570157527043
1272209663103098882
1272209704320675842
1272209839331123206
1272209868020203525
1272209942754111489
1272209950794813442
1272209969119723525
1272209990028312578
1272210014627905536
1272210048538644484
1272210190687891461
1272210195419205634
1272210211793784833
1272210258644123649
1272210384259289090
1272210446792060928
1272210506066116610
1272210681320714240
1272210861868961793
1272210883477979136
1272210888087474176
1272210891325440000
1272210920995827717
1272210921520353280
1272210929007112196
1272210962800672768
1272211007792963584
1272211030328799233
1272211044698472448
1272211055461138432
1272211165137891328
1272211189939032064
1272211205134917638
1272211247828697088
1272211332499222530
1272211381849411590
1272211399184470017
1272211415122808839
1272211441861324800
1272211482613334023
1272211626020700160
1272211634551951360
1272211685982511104
1272211701543448576
1272211747320053760
1272211808376565760
1272211856170549252
1272211866056568832
1272211866794721280
1272211915213869056
1272211948730560514
1272212145971888130