1270898546204704768
1270898569227223040
1270898588860596224
1270898796558520325
1270898842733510659
1270898863482777600
1270898955438764032
1270898962954768389
1270898980768157698
1270898998350577671
1270899180253274112
1270899279385833473
1270899341209645056
1270899509850247170
1270899526497374208
1270899575553810432
1270899874649817098
1270900206171615232
1270900289814425600
1270900482362531841
1270900587740180487
1270900730489159692
1270900906200952833
1270900998446501888
1270901059771342848
1270901064745836544
1270901115379306496
1270901183746658305
1270901186724585475
1270901274465181696
1270901421508980736
1270901541633814528
1270901609623506944
1270901631975141376
1270901803564048391
1270901833142321156
1270901841480634374
1270901882928549888
1270902088139243520
1270902125996855296
1270902140614123522
1270902414229397505
1270902416213327873
1270902606119002113
1270902617904988168
1270902773622509574
1270902784565473280
1270902864454356992
1270903056968773632
1270903078246645761
1270903126275485696
1270903191681499138
1270903409806209026
1270903468086235136
1270903494296420352
1270903520045133824
1270903597807489024
1270903632372908034
1270903765982470145
1270903803911344129
1270903882449903622
1270904031578222593
1270904035453792257
1270904131822084100
1270904202961682432
1270904303478284296
1270904335317295104
1270904404334358529
1270904542213758976
1270904596580446208
1270904655359307787
1270904673118097408
1270904833122287616
1270904962445385729
1270905099729154050
1270905188489072642
1270905234039152640
1270905245850316807
1270905410799767552
1270905514726166529
1270905528902795264
1270905585089646593
1270905607621619712
1270905846130761742
1270905927265181697
1270905989982679040
1270906194790625281
1270906199735664640
1270906265875763200
1270906266999799808
1270906350327955456
1270906375233777666
1270906506918199306
1270906732534018053
1270906868244910083
1270906975400996864
1270907000021413891
1270907088777220097
1270907101485785088
1270907253600612352
1270907282709250049
1270907284965687296
1270907319006769154
1270907402917801986
1270907418453536771
1270907452763054088
1270907456588337152
1270907522656894977
1270907641905233928
1270907783777411072
1270907884868497408
1270908073947926528
1270908094739070980
1270908107728711681
1270908249454317568
1270908349941415936
1270908443155664901
1270908665483063296
1270908774719672321
1270908887286325249
1270908920597368833
1270909006085853186
1270909332691935233
1270909390992871426
1270909439650889733
1270909449713172498
1270909711379030016
1270909801845764096
1270909822712479746
1270909911543746560
1270909977595490304
1270910058172256257
1270910062995935232
1270910212275240962
1270910236254253056
1270910297600131072
1270910317879492613
1270910469537030144
1270910548708753409
1270910729013559297
1270910783006752768
1270910792829820931
1270910917216047104
1270911399816912896
1270911538120007681
1270911545094987776
1270911551906689024
1270911554779623425
1270911694017949698
1270911764507623426
1270911790449377280
1270911840378183680
1270911885815304194
1270911895449395200
1270911979582943232
1270912079067783168
1270912196763979776
1270912221665792011
1270912247431299077
1270912431519412225
1270912469368631297
1270912521814323201
1270912575111397376
1270912611886993411
1270912674650562561
1270912754199810048
1270912792611045376
1270912797275193344
1270912826069012480
1270912826656210945
1270912889612877826
1270912935746043907
1270912956222627840
1270913144232333317
1270913173596577792
1270913184875020288
1270913227606679552
1270913270233411584
1270913341649760256
1270913358099656704
1270913469601193984
1270913635636871170