1271064641326718978
1271064643524538368
1271064651166605314
1271064712529264643
1271064840497270784
1271064871979880454
1271065150330527744
1271065159570804739
1271065196572872704
1271065258933747712
1271065402664275969
1271065405747081217
1271065519068717057
1271065742235049992
1271065782718513153
1271065833125675010
1271065893028548608
1271065928139186178
1271065953556672513
1271065972800139265
1271066005553532928
1271066009110286336
1271066097991577600
1271066146725388289
1271066257492672514
1271066261255004160
1271066319887228929
1271066354536394753
1271066627694460930
1271066656643723265
1271066664310763522
1271066919404216320
1271066929806159872
1271067029252931589
1271067105081819136
1271067160807342083
1271067197268525056
1271067285600587777
1271067310699102209
1271067327375777798
1271067352961081345
1271067423463165958
1271067485094076416
1271067507013545986
1271067550567325702
1271067633421635584
1271067658826461184
1271067666032230401
1271067733921345536
1271067849407299585
1271067859448446976
1271067860127879170
1271067872329072640
1271067951504822273
1271067988272091136
1271068019628707842
1271068039052759040
1271068052176715776
1271068202945187840
1271068260952350721
1271068380506841088
1271068380993327105
1271068414434594816
1271068489441255425
1271068539789729792
1271068606852407296
1271068609465417728
1271068627022696449
1271068731737690113
1271068732538998784
1271068736364175360
1271068900625657858
1271068919051292672
1271068958913957889
1271069068464881664
1271069086311755777
1271069147485605889
1271069206881226753
1271069223079620609
1271069304184885248
1271069352838574080
1271069495688343554
1271069530798858241
1271069541708136448
1271069586197229569
1271069591997779969
1271069634377199618
1271069667097022464
1271069775293227008
1271069936304226311
1271070133709045760
1271070136200564736
1271070170484666369
1271070220971638786
1271070226533224448
1271070275686281224
1271070391809781761
1271070489302183938
1271070653542739969
1271070662174683136
1271070678817669121
1271070703329001485
1271070731305017345
1271070965724741635
1271070987690352645
1271071018325618688
1271071068124372992
1271071161070338048
1271071324518019075
1271071454503636992
1271071574313984000
1271071579745800198
1271071673014517760
1271071713330167808
1271071730384220160
1271071919979352066
1271071982465892353
1271072085876621314
1271072100124688386
1271072104876777478
1271072212452327426
1271072218022318080
1271072344488980483
1271072363602468865
1271072406925443072
1271072679269928960
1271072751084658688
1271072771456540672
1271072783557177345
1271072851324436480
1271072929971912704
1271072961051664385
1271073102965899264
1271073120288296962
1271073385213280256
1271073430088097792
1271073448949923840
1271073463432871936
1271073472106631170
1271073588960002049
1271073669226340352
1271073770141372417
1271073795005177857
1271073801137197056
1271073833995419649
1271073849166172163
1271073933589184512
1271073983673311232
1271074172035358720
1271074186950144002
1271074311873462274
1271074395105177607
1271074399106588672
1271074484829786119
1271074490949292033
1271074499430158336
1271074650626363392
1271074701683625984
1271074726081937413
1271074902888648707
1271074910358564864
1271074940213760002
1271074990545227777
1271075022795227145
1271075034556256256
1271075040528945152
1271075063081639938
1271075149165584385
1271075157763698689
1271075167268155394
1271075292568682497
1271075340052504577
1271075430938873857
1271075467659968519
1271075467764916226
1271075485259366406
1271075503189958657
1271075545149734912
1271075564577832960
1271075577630347265
1271075588644540416
1271075670483972097
1271075673692651522
1271075725852979205
1271075773038952450
1271075946687352838
1271075964261408769
1271075996557619200
1271076046335627267
1271076102073544705
1271076207216508930
1271076215688802305
1271076218994122752
1271076286232842242
1271076488129937415
1271076512641568768
1271076524939071491
1271076718917283840
1271076763976818688
1271076899230449664
1271076951587876864
1271077074720169987
1271077188520026112
1271077200931020800
1271077246179082241
1271077288617095169
1271077372113178629
1271077569341906945
1271077582423748609
1271077594314805248
1271077640661762048
1271077841895960588
1271077971827310592
1271077980882812929
1271078018916798466
1271078104853671937
1271078119135297536
1271078152647749632
1271078167671902208
1271078441715003392
1271078446765088769
1271078521717194755
1271078590629793792
1271078592915468288
1271078627233402880
1271078672359981056
1271078714109865984
1271078724625203201
1271078799241691138
1271079007677820929
1271079024798859264
1271079092646002688
1271079184253648896
1271079205288194048
1271079256404172800
1271079419818455044
1271079441100410881
1271079452324265992
1271079708868870150