1273767451982016514
1273767496550625282
1273767502976180224
1273767522278334464
1273767549927333889
1273767670761095177
1273767716952829952
1273767728868966401
1273767737291149315
1273767765682388995
1273767779510792193
1273767830857621504
1273767836964421634
1273767853888614403
1273767859756453890
1273767905725943814
1273767960180658177
1273767968350978048
1273767977238720514
1273767989582553088
1273768037108178944
1273768047434625024
1273768070083833857
1273768081219780609
1273768081223909376
1273768107278921729
1273768110521085954
1273768132390182912
1273768157426180098
1273768241081585665
1273768249990221825
1273768274577158144
1273768304604090369
1273768311742844928
1273768345897242624
1273768346211631109
1273768452872790016
1273768458702819328
1273768488956579840
1273768505532432385
1273768513363218432
1273768564776976384
1273768589296898048
1273768597517565952
1273768690392223744
1273768698663145477
1273768727113199616
1273768829789720576
1273768857656651777
1273768899612377092
1273768966243131395
1273768966960197634
1273768969887813632
1273769013189980160
1273769046337519617
1273769083633192961
1273769108706861057
1273769125865635841
1273769128403197952
1273769151924858882
1273769172338708480
1273769180836159488
1273769268660723712
1273769299279216640
1273769302768771073
1273769304257753088
1273769310171758592
1273769350332182533
1273769351213015042
1273769439608135682
1273769495019085827
1273769509304836097
1273769514929446919
1273769516611170304
1273769524890791936
1273769557736460288
1273769587541250050
1273769587730001921
1273769599410962432
1273769642184658951
1273769642272718854
1273769661348352006
1273769679140597761
1273769691656282112
1273769772476502017
1273769821553872896
1273769864323141632
1273769901304483842
1273769909508468736
1273769977535819776
1273769977640898566
1273769985454886919
1273770014693306368
1273770023123746816
1273770035190755328
1273770035870228480
1273770074139058176
1273770091188875270
1273770124730916865
1273770137523552256
1273770148231622656
1273770154380464134
1273770161569325056
1273770212966498309
1273770220746915840
1273770262685552641
1273770266808606720
1273770304356024327
1273770326254649344
1273770338145402880
1273770359754338304
1273770404826447873
1273770443292454913
1273770488637071361
1273770509935706114
1273770514193035265
1273770514356584455
1273770574917955584
1273770585496133632
1273770593075310592
1273770608749416453
1273770618622636033
1273770635752345601
1273770639824912384
1273770646389080069
1273770648695955458
1273770681549766658
1273770681700962305
1273770686842953729
1273770708024168448
1273770715699916802
1273770845639303168
1273770862399770624
1273770895668965377
1273770903931928583
1273770938773975040
1273770950362714112
1273770967723134977
1273770976464048128
1273770987788656642
1273771001344647168
1273771021410004993
1273771042910109696
1273771046441811968
1273771070416474113
1273771113567281152
1273771117572956162
1273771173713711106
1273771197755342848
1273771202893492226
1273771227308412928
1273771265489350658
1273771294303989760
1273771342362488833
1273771348867846144
1273771365372268544
1273771366139998209
1273771386943741952
1273771411698565125
1273771415729291265
1273771429486645256
1273771441574510593
1273771470859231232
1273771587582357504
1273771588152733702
1273771600551305221
1273771605823328256
1273771621010993152
1273771625318662144
1273771630016241666
1273771630511026176
1273771683405586438
1273771683422310401
1273771698483949568
1273771718331383813
1273771755820199936
1273771810434232320
1273771919083368448
1273771969926725632
1273771982572544000
1273771990449602561
1273771995075731456
1273772011765014539
1273772045734723585
1273772188315852800
1273772217331970049
1273772270075277312
1273772270993932299
1273772296440811520
1273772314073554944
1273772335863119875
1273772378376384513
1273772383174787077
1273772392951746562
1273772411515740162
1273772422865588226
1273772428829786112
1273772435389612033
1273772448002052097
1273772452087283712
1273772481246085122
1273772498480439304
1273772501361926145
1273772501412151296
1273772544680529920
1273772553165697024
1273772569645195264
1273772577618407424
1273772606982950913
1273772678273306624
1273772763099078656
1273772825061593089
1273772849703124992
1273772850680262656
1273772854241300481
1273772866966700032
1273772879679610881
1273772896591069185
1273772905294368769
1273772913305497600
1273772955563028480
1273772972931723265
1273772980003237889
1273772998026092544
1273773010197966848
1273773018196537344
1273773114472587264
1273773137977421824
1273773181812314112
1273773230256463874
1273773236078039040
1273773244852600833
1273773265312337920
1273773265727762437
1273773269582254086
1273773271528493058
1273773296262295552
1273773312439537665
1273773337370648576
1273773357930909696
1273773361982844934
1273773362473504769
1273773373370191872
1273773391896408066
1273773400536879111
1273773443515928585
1273773450524454912
1273773451195478016
1273773475400990721
1273773497924284416
1273773526466482176
1273773530677743617
1273773538827071488
1273773544040734721
1273773593260781568
1273773614412824577
1273773618309275656
1273773628363071489
1273773693827596288
1273773730465034242
1273773735825289217
1273773783321653249
1273773798085427201
1273773808755683329
1273773830993920000
1273773841311887360
1273773894722150400
1273773906269057025
1273773925030342656
1273773953505361920
1273773966247763968
1273774002587090944
1273774004193525760
1273774070627094534
1273774087811280896
1273774130526130176
1273774138184757249
1273774172116643845
1273774188436865024
1273774242908106752
1273774335199719429
1273774335350779904
1273774348034363392
1273774372730388484
1273774385560764417
1273774385661243392
1273774406226128901
1273774415558434816
1273774418804776962
1273774448441688064
1273774490648932352
1273774519975542784
1273774562119790593
1273774624862613504
1273774658849038337
1273774666004471808
1273774675487797248
1273774691665219589
1273774721658753025
1273774722120069125
1273774770971127809
1273774811630747648
1273774813740437504
1273774848758685697
1273774892719235075
1273774893239336961
1273774957294747650
1273774960943693827
1273774965100146688
1273775002098294791
1273775077558018051
1273775098856714240
1273775120302014464
1273775132000075777
1273775144981282816
1273775199272353792
1273775211591225347
1273775229244854272
1273775231543447552
1273775236438097920
1273775266897240064
1273775299646205954
1273775304436318214
1273775320617881603
1273775324396957699
1273775338036871173
1273775355145273344
1273775364582473728
1273775366096728069
1273775421788753920
1273775447331880960
1273775513912463360
1273775581709119488
1273775614005325827
1273775618367225856
1273775643507830784
1273775677171470336
1273775678605996039
1273775693768294403
1273775698071769094
1273775716417576960
1273775739985367040
1273775783832621056
1273775791382413315
1273775854170996736
1273775874739826690
1273775878573395968
1273775897347272708
1273775911968464896
1273775921749798915
1273775937918656514
1273775970605023232
1273775975185162240
1273775991685386243
1273776008894640128
1273776014506840073
1273776055099240451
1273776075429031938
1273776080701325312
1273776084321009667
1273776130835660800
1273776163517841408
1273776170903965696
1273776184967356417
1273776193876131841
1273776202101264389
1273776226507816961
1273776239300407296
1273776277204242432
1273776281117618177
1273776294489137153
1273776302122827776
1273776332065759233
1273776348457205760
1273776352601296901
1273776352735277062
1273776354639482880
1273776369189761025
1273776370045329408
1273776428736184321
1273776441214279682
1273776448873037827
1273776449829339136
1273776457953787905
1273776472084238336
1273776483044122624
1273776495043973120
1273776516195852288
1273776516296474631
1273776550090027008
1273776600845180928
1273776615831592964
1273776688703275008
1273776758681006081
1273776763911495681
1273776768449744896
1273776823843737601
1273776844085616646
1273776844165308419
1273776852063195136
1273776911098011649
1273776933797613568
1273776939745136640
1273777017280851970
1273777048553754627
1273777053884702720
1273777069516820483
1273777073161568256
1273777090974773250
1273777099409633282
1273777128631230467
1273777158570291202
1273777192900726784
1273777204170821633
1273777275578789888
1273777364766388225
1273777366951550976
1273777387310731270
1273777416511451136
1273777417136398336
1273777446068813830
1273777447532670978
1273777518512914434
1273777539559952384
1273777540054896641
1273777565921050631
1273777570320916480
1273777577900093440
1273777581381218304
1273777582257795072
1273777590638186498
1273777662465413121
1273777699048304642
1273777724537147393
1273777741423411201
1273777771097944066
1273777778328956929
1273777792023506946
1273777792119791617
1273777807760424960
1273777842111737856
1273777862504579072
1273777880313430016
1273777880414248961
1273777892137156609
1273777924391477248
1273777930393583620
1273777963389992960
1273777967827689472
1273777971258626049
1273777979785650177
1273777997259190273
1273778050132512769
1273778064686751744
1273778072249077761
1273778088854216705
1273778093409415171
1273778097779691521
1273778108089294850
1273778142285647880
1273778164725166082
1273778168688762882
1273778181292646400
1273778183721160707
1273778189894971392
1273778242399301632
1273778306911895552
1273778327380283392
1273778328118444032
1273778389548036097
1273778399094476800
1273778437568843777
1273778437740728325
1273778450348642304
1273778453750394881
1273778454014509056
1273778454513643520
1273778487749468165
1273778520112738305
1273778537900601345
1273778541876953089
1273778542275203073
1273778547157536769
1273778550672326657
1273778579759759360
1273778587850727424
1273778605613604865
1273778626245259265
1273778659195645952
1273778685347332097
1273778688757166080
1273778710534148099
1273778714166378502
1273778743375519745
1273778785746206721
1273778798736158722
1273778830675771393
1273778902318514176
1273778933381705729
1273778981830037504
1273779045935788032
1273779112302325762
1273779141985177600
1273779179243233280
1273779179243409409
1273779186734436352
1273779209551245312
1273779231768616962
1273779272331788289
1273779284755148800
1273779309757566980
1273779364287721472
1273779364358807554
1273779382323081216
1273779384969723904
1273779396617269248
1273779403072430084
1273779506424111105
1273779582747852800
1273779591623000064
1273779607746084865
1273779611524972544
1273779624951119872
1273779632215478272
1273779644890742785
1273779692038840321
1273779712599502850
1273779717376745473
1273779746346696704
1273779754680946689
1273779800973422592
1273779871462731777
1273779885346033665
1273779889288572930
1273779897257902080
1273779922729918464
1273779926693556224
1273779947400658944
1273779959161483266
1273779968099536896
1273779985858232320
1273780031848804353
1273780032457052161
1273780038307942400
1273780043538477058
1273780068657979393
1273780089994588354
1273780098714480641
1273780110529753088
1273780119639900166
1273780123079028737
1273780144830898182
1273780165315682304
1273780178091749379
1273780233968029696
1273780262451785728
1273780283771432961
1273780308496855040
1273780316851900416
1273780328579182592
1273780333217902593
1273780347138801664
1273780387756437504
1273780433168236545
1273780434003001344
1273780467318362112
1273780525770121217
1273780538696970245
1273780546569732096
1273780668913397762
1273780714627051520
1273780731555143681
1273780731723091968
1273780735338577923
1273780752845615104
1273780774211215360
1273780786341257219
1273780841597067266
1273780937352937473
1273781000783437824
1273781012561092609
1273781020454608897
1273781083532861442
1273781091732615169
1273781113949810688
1273781114881159169
1273781144518111235
1273781197785559040
1273781201485000705
1273781225174347776
1273781227019833344
1273781259907497986
1273781269470384128
1273781274671558657
1273781303612186625
1273781307508551680
1273781331344928771
1273781347576803328
1273781427235102721
1273781440744955906
1273781461200646144
1273781462257434624
1273781480175665153
1273781481677090817
1273781592100679687
1273781600782888965
1273781646701953024
1273781658538266625
1273781679602257926
1273781708488241152
1273781717954781184
1273781725018181632
1273781805426937857
1273781889157996545
1273781897450016768
1273781909919879176
1273781943616724992
1273781951950962690
1273781952567341056
1273781969692885004
1273781982183464960
1273781985509588993
1273781991431962625
1273782037996924931
1273782069211119616
1273782086457909254
1273782103235194880
1273782104699154432
1273782120083677184
1273782120121597960
1273782136844115968
1273782186735308800
1273782216909369344
1273782233422155776
1273782256029569024
1273782296110419968
1273782300136869891
1273782325394857985
1273782354272817152
1273782384920535040
1273782393124589571
1273782396844793858
1273782447952494595
1273782497873199107
1273782505586515974