1274295933870632960
1274295935024201728
1274295936416653312
1274295972336631808
1274296009758310401
1274296103165407233
1274296160237129729
1274296254026178561
1274296374704484354
1274296421269766145
1274296435664707584
1274296444065910785
1274296458200543233
1274296460385947648
1274296538911645696
1274296601301966848
1274296727550537728
1274296828838674432
1274296829153173506
1274296896006156293
1274296916403204096
1274296927056691201
1274296950817304576
1274296983562444800
1274297100793196550
1274297113573076994
1274297122775539715
1274297139695366144
1274297168292204545
1274297180841480193
1274297276752629760
1274297293966106625
1274297306100256768
1274297334625718274
1274297385817042945
1274297394507599872
1274297468470075393
1274297482621706246
1274297520332484610
1274297522404679680
1274297536971407360
1274297554482716673
1274297574292426752
1274297588909572098
1274297612208832512
1274297653983997952
1274297806606524418
1274297939339489280
1274297947702714368
1274297964656279552
1274297989901758464
1274298005982715905
1274298027235323905
1274298132252315648
1274298253119418368
1274298400884658176
1274298404756172800
1274298521324105728
1274298611170455552
1274298688555356167
1274298829634928640
1274298900334161921
1274298958827773955
1274299068068491264
1274299160519249921
1274299231235223552
1274299282569539585
1274299323166134272
1274299370863656962
1274299391713689602
1274299516511039488
1274299534462550016
1274299702733713409
1274299732513271808
1274299780617900033
1274299820178657280
1274299823479554049
1274299831146577920
1274299890710044672
1274299898343518209
1274299931243819011
1274299949182865411
1274299965058187264
1274300023589797889
1274300272030908416
1274300317887324165
1274300415572684800
1274300460594167808
1274300479191670786
1274300486129266689
1274300545361227779
1274300596141436929
1274300658569687040
1274300687028011009
1274300720246857731
1274300795601764352
1274300935188238336
1274300938740576257
1274300947338911745
1274300988959133696
1274301026498215939
1274301039697633280
1274301206781984768
1274301357458182146
1274301547569127424
1274301625742458880
1274301773218484224
1274301781196124164
1274301795775512576
1274301894605844480
1274301912200945664
1274301928789340161
1274301966789697541
1274301990466699265
1274302033730973696
1274302104367173632
1274302109622697984
1274302121404489729
1274302154551947264
1274302210923511808
1274302223279960065
1274302327424462849
1274302368226533376
1274302373997899778
1274302377382854658
1274302412082331650
1274302419502018561
1274302499655241729
1274302558786457600
1274302650117308416
1274302650725490688
1274302675715264513
1274302699144507394
1274302709479415809
1274302913888821248
1274302968955899906
1274302997640744960
1274303027697115138
1274303102833889281
1274303132487516161
1274303154406842369
1274303183435837441
1274303237760442368
1274303296166146050
1274303335076712448
1274303400205791232
1274303463338512384
1274303525913313281
1274303605592461314
1274303623145684999
1274303648638685187
1274303669392101377
1274303681471696896
1274303698815025155
1274303739982163972
1274303849566781440
1274303899252465664
1274303920144343041
1274303963022520321
1274304080488382464
1274304086536384513
1274304126336163841
1274304227112742912
1274304273820475392
1274304308285255680
1274304482772426753
1274304483149975553
1274304503702061058
1274304621708599297
1274304663035281408
1274304705037041664
1274304721390432256
1274304760456323072
1274304767418908678
1274304834955599872
1274304927578415104
1274304955810185219
1274304986588078081
1274305013544816640
1274305061041115151
1274305065331814400
1274305078569111555
1274305162040037377
1274305221431345152
1274305259058409472
1274305368164794370
1274305394966487042
1274305395503378433
1274305471898431488
1274305490068164611
1274305528139841539
1274305611161726976
1274305687057846277
1274305790904582146
1274305846336421888
1274305880876613632
1274305934932742145
1274306009935212545
1274306052444602369
1274306090281377792
1274306173496258561
1274306185621954560
1274306244057202688
1274306277234167810
1274306295441522688
1274306341868376065
1274306366082093056
1274306415906050050
1274306444226170880
1274306474521456640
1274306487100362752
1274306513977442307
1274306534130909184
1274306588774408193
1274306610622586881
1274306612224802817
1274306613726281728
1274306621779435520
1274306806777610240
1274306902986567681
1274306903716306944
1274306905842814980
1274306948964515840
1274306965741678594
1274306987300474887
1274306999841255426
1274307114308075520
1274307201079934976
1274307255475863553
1274307293795028994
1274307310991663106
1274307352112627712
1274307401622204416
1274307524070686720
1274307548292755458
1274307691683422210
1274307720376659970
1274307743004925956
1274307754258247688
1274307797270831106
1274307800403828736
1274307812844331018
1274307867890397190
1274307988921167872
1274308060341776389
1274308084475846657
1274308102553243648
1274308177463566336
1274308195389972481
1274308279578038277
1274308300117618688
1274308343792893954
1274308359383134209
1274308440660283392
1274308462625906690
1274308480460095489
1274308542951030784
1274308551691862016
1274308800300769281
1274308812040790021
1274308857263804417
1274308924825653249
1274308982916755457
1274309004911665154
1274309075476508674
1274309105772044290
1274309302291963904
1274309314921074688
1274309340523114501
1274309356268421121
1274309368654299137
1274309381933404161
1274309390175092736
1274309398295384064
1274309421242306560
1274309516562247680
1274309637194625024
1274309675429879808
1274309688545488904
1274309760158965767
1274309809643405312
1274309834771480581
1274309851506708481
1274309859392053250
1274309866241359872
1274309908175806464
1274309922474397697
1274309935967469568
1274310078968053760
1274310103206854656
1274310111075450880
1274310128246849536
1274310133733101570
1274310184773447680
1274310267720142848
1274310329623863298
1274310338113163265
1274310347386748928
1274310384736964609
1274310426193510400
1274310430576476161
1274310467977175040
1274310524445040640
1274310606087208961
1274310673045098498
1274310694289182726
1274310700521811969
1274310732440653825
1274310770440855552
1274310874329755653
1274310891509514240
1274310896807002114
1274310963974397952
1274310989727633416