1272378298333626370
1272378320844394497
1272378462238502913
1272378575728128000
1272378723078041600
1272378806938906624
1272378844603994112
1272378877168369664
1272378893605892096
1272378958135177217
1272379010224250881
1272379024464138240
1272379029006540800
1272379107968458757
1272379148435107842
1272379205498499074
1272379247584251904
1272379306505695233
1272379445039337473
1272379603961753601
1272379689026404352
1272379759507369984
1272379771570335744
1272379771821985792
1272379913341792256
1272379931582844928
1272379938981720065
1272379964055306240
1272379983751794688
1272379989242060800
1272380023748603904
1272380077637074945
1272380094254850050
1272380278078652422
1272380327156219905
1272380333149782016
1272380345678090240
1272380416809451521
1272380505879654401
1272380570916605955
1272380693599879168
1272380706623119363
1272380707495534592
1272380710997733378
1272380754954158086
1272380836483149825
1272380875238498307
1272381114443759617
1272381135037710337
1272381344514015233
1272381361211314176
1272381458032795649
1272381470120837120
1272381489515200512
1272381512789475328
1272381549313511425
1272381607949803520
1272381649016303621
1272381742377205761
1272381793782517761
1272381815076950016
1272381894160613376
1272381915253915648
1272382008161779713
1272382057612742656
1272382176022183942
1272382225548443649
1272382226773102593
1272382228908011526
1272382249443287040
1272382249975943169
1272382309799325696
1272382354745507841
1272382404884402176
1272382517853802497
1272382548216295424
1272382668647383045
1272382702499401729
1272382715422289927
1272382807873118218
1272382876286214144
1272382912495865862
1272382987959627776
1272383142603735047
1272383274195644421
1272383282462613505
1272383287491690502
1272383329019531267
1272383551590354944
1272383574835105804
1272383576911347717
1272383583928365058
1272383608804839430
1272383823678812160
1272383856516177920
1272383862069440512
1272383869732282370
1272383870483288064
1272383890338938880
1272383906315198464
1272383944814706701
1272384003849334784
1272384049701703681
1272384051287121920
1272384092378546176
1272384107541082112
1272384123819241472
1272384162989654017
1272384388764798977
1272384393403928583
1272384429386694656
1272384620034772999
1272384984221913088
1272385057303363589
1272385092195880960
1272385127230763008
1272385159732424707
1272385227755622401
1272385334026711041
1272385354490773504
1272385475236356096
1272385509847781377
1272385579854860288
1272385600851775488
1272385798562893824
1272385949289177088
1272385953705922560
1272385995237810178
1272386002737229824
1272386037940195329
1272386084710817792
1272386133842935809
1272386187991244801
1272386239090450433
1272386306211868673
1272386350621302785
1272386394682388481
1272386399187001344
1272386540149170177
1272386642129584128
1272386650354507777
1272386943226019841
1272386948733247488
1272387003372302338
1272387054811348993
1272387110465466368
1272387162558754821
1272387256435818496
1272387283245846532
1272387297544110081
1272387320621043720
1272387326627377152
1272387358734901248
1272387389126840322
1272387418415443969
1272387460350296070
1272387492898058248
1272387509218168838
1272387685441843200
1272387706845310978
1272387769243889665
1272387796515336192
1272387853561913344
1272387962316091392
1272388000316403712
1272388001772064771
1272388026421833729
1272388100811972609
1272388188959580160
1272388223537303552
1272388273462272001
1272388319431626752
1272388338922602496
1272388362381463552
1272388474268561408
1272388503670714370
1272388513212911617
1272388541234835456
1272388612777222149
1272388626500870144
1272388663004061705
1272388697493651456
1272388705039286273
1272388801831120896
1272388984295981057
1272388997705162753
1272389002675597315
1272389036250820609
1272389081926733825
1272389103661854721
1272389141226020877
1272389158820962309
1272389220838051844
1272389317885861892
1272389394767523847
1272389451851784192
1272389465021878273
1272389481082093570
1272389489235763201
1272389569246310400
1272389632198610944
1272389690856017920
1272389720408875009
1272389724607516673
1272389778550505472
1272389909454585856
1272390005239844864
1272390056611905536
1272390177323995141
1272390199381823488
1272390227416559616
1272390229131800576
1272390251789512707
1272390323683987457
1272390525975314436
1272390529863618562
1272390550008848384
1272390617700556800
1272390664051777537
1272390739763363840
1272390768661946374
1272390794935021568
1272390889927839744
1272390904427327488
1272390911713034240
1272390952326270979
1272391008395780096
1272391043237974016
1272391187643740161
1272391226092777473
1272391411283881988
1272391437351448578
1272391461116489728
1272391512433790976
1272391540665704450
1272391583460188162
1272391615437582337
1272391623855480838
1272391776339406856
1272391779833253891
1272391892446085126
1272391922418692096
1272391957331861504
1272391993562284032
1272392084222181378
1272392111279812609
1272392173485522948
1272392224894889990
1272392232977354753
1272392286748291074
1272392384874086400
1272392389500559362
1272392451999666179
1272392466994470912
1272392467132739584
1272392476234399744
1272392610548776960
1272392699102900225
1272392757043015680
1272392761883295744
1272392979932524544
1272393022286761984
1272393155141345280
1272393323878244352
1272393340684730368