1270928766076846082
1270928819529019393
1270928999804399621
1270929025632894976
1270929032620752896
1270929104108314626
1270929137645940736
1270929204373118977
1270929324086947840
1270929339065008128
1270929362276114433
1270929372141281281
1270929457075781632
1270929540487868416
1270929590479982592
1270929655030099968
1270929661451780102
1270929688240611328
1270929708855685121
1270929741768343552
1270929796604719106
1270929994219479040
1270930094257627141
1270930195432628226
1270930237094854664
1270930253985136645
1270930317147324417
1270930425007882241
1270930517861359617
1270930542192504832
1270930685130231808
1270930765300318214
1270930790616981504
1270930808337952769
1270930820283367425
1270930869243371522
1270931111229571072
1270931130590433280
1270931172277837824
1270931251906646016
1270931323134201858
1270931351819169794
1270931482622611458
1270931582178799616
1270931613321314305
1270931995124785154
1270932015869812736
1270932036908314624
1270932150423105538
1270932287845171200
1270932392031723521
1270932518338998281
1270932846962593792
1270932854025981954
1270932870106759171
1270932897118261248
1270933044363440128
1270933047643422721
1270933222352809984
1270933235304808448
1270933342221893635
1270933365332545536
1270933464729022465
1270933483121250304
1270933496857419776
1270933525517271040
1270933555246280706
1270933587186126850
1270933610271576069
1270933778358099968
1270933804845318145
1270933885912825862
1270933975997931520
1270934074404864001
1270934207947108352
1270934279397097472
1270934385383137285
1270934423207202817
1270934477796245504
1270934516161343489
1270934526198505472
1270934548331794433
1270934712370909184
1270934716909105152
1270934900602888193
1270934912791506944
1270934925957632001
1270935080970539010
1270935131033722883
1270935161077522433
1270935211925221376
1270935274269192193
1270935325007925251
1270935508827455488
1270935558513029122
1270935604025491456
1270935647448993792
1270935748338991105
1270935754835988485
1270935840164925440
1270935870556733440
1270935966388289536
1270936062400004096
1270936273549697024
1270936288682639361
1270936301651595264
1270936373059563522
1270936472804225024
1270936692648742913
1270936734314921985
1270936776740347904
1270936879806861313
1270936910639190016
1270937015161221120
1270937195180949504
1270937203380613120
1270937224574578690
1270937265351430144
1270937282963312640
1270937351364083713
1270937446046265344
1270937555257696256
1270937566636912645
1270937650724139009
1270937650849918976
1270937815266791430
1270937892303417344
1270937942513594368
1270938021399937024
1270938282642243585
1270938432613859329
1270938436858306561
1270938465979465729
1270938658015571969
1270938734230294529
1270938737996959744
1270939049356918790
1270939145876025344
1270939170794430465
1270939234350723072
1270939303963758603
1270939334967914496
1270939351757623296
1270939385450635264
1270939431231463424
1270939435572625408
1270939551792422913
1270939692872024064
1270939813504573441
1270940069407457286
1270940076088987648
1270940147735859201
1270940223107747841
1270940332683857921
1270940332948164609
1270940336324440064
1270940458210951168
1270940595914063874
1270940647126519808
1270940685395349504
1270940815808966657
1270940872884891648
1270941008625201152
1270941062106943494
1270941217560449027
1270941220974575616
1270941309344374786
1270941544506253317
1270941553888915456
1270941646121775106
1270941679273406469
1270941757765632000
1270941871775367169
1270942009650368512
1270942122892541953
1270942137492795394
1270942177657524224
1270942236549636096
1270942282384986117
1270942294737207297
1270942524832538624
1270942542746378240
1270942698132955137
1270942848913829889
1270942946360082438
1270943059577057280
1270943078048657410
1270943285557653504
1270943321179992065
1270943368462233600
1270943386522906624
1270943414624808963
1270943427014754304
1270943452637925376
1270943578286690304
1270943652974596096
1270943743919583232