1273948648049647617
1273948648347504640
1273948668043964417
1273948684015800320
1273948698452676608
1273948747345649664
1273948755419705346
1273948785039687681
1273948814093676551
1273948860470132739
1273948869169041413
1273948889750487041
1273948923028267008
1273948952149311489
1273948965583683584
1273948982507683841
1273949053399838723
1273949112770146304
1273949162573357056
1273949195012104198
1273949199739084801
1273949230206418950
1273949240675332098
1273949245884764160
1273949392924487681
1273949400751058945
1273949407017385984
1273949417570217991
1273949517000380421
1273949585988173824
1273949586730745856
1273949669664722946
1273949750103093248
1273949779257630722
1273949783493935107
1273949874854207490
1273949908668735488
1273949937382731776
1273949964373295106
1273950130505318401
1273950248373596160
1273950249325867014
1273950273992396801
1273950294548705280
1273950309916778497
1273950336466800640
1273950345597726720
1273950441047560192
1273950478959874048
1273950502645006336
1273950525298552832
1273950525936078849
1273950567354847234
1273950567614668802
1273950582634614785
1273950584958267392
1273950629271146498
1273950635117944832
1273950655498108929
1273950667888119808
1273950681129463809
1273950689799090177
1273950691262947328
1273950716047110146
1273950739967160322
1273950775534915590
1273950815393382408
1273950898629328902
1273950907370295297
1273950985644240896
1273950999648985088
1273951000366329857
1273951049984946177
1273951058033872896
1273951070218326016
1273951099645333504
1273951121858605057
1273951146684616706
1273951213059485699
1273951256197959680
1273951272018890753
1273951314070953991
1273951383084040194
1273951396472160259
1273951414050570240
1273951427459796992
1273951436087443461
1273951506673405952
1273951511815565312
1273951552928186374
1273951712936701953
1273951728891760642
1273951817026736131
1273951817727123456
1273951817739706370
1273951859640881152
1273951960400527360
1273951985776177152
1273952018109997057
1273952123085037568
1273952184506425344
1273952186918199297
1273952187480244225
1273952274306469890
1273952282200158209
1273952305260277762
1273952324764012545
1273952384683835392
1273952526891712514
1273952592675176449
1273952651261116423
1273952748204183552
1273952794362380289
1273952794521800706
1273952804776947713
1273952911635238917
1273952940739293189
1273952946124992512
1273952979712978944
1273953017260388352
1273953113335095299
1273953151150850050
1273953264573263872
1273953281140809729
1273953301004943360
1273953331073949697
1273953386291855362
1273953406219022337
1273953415073345536
1273953494811193346
1273953532283162624
1273953538276765697
1273953556664430593
1273953566336733184
1273953570333868032
1273953590952984576
1273953609055698944
1273953616261533699
1273953628609548288
1273953733949501440
1273953763204780032
1273953843185807360
1273953871665131521
1273953874827776001
1273953877277147141
1273953880397811714
1273953889243377665
1273953893366542342
1273953925046194177
1273954003227942913
1273954007158054912
1273954013956968448
1273954111852105728
1273954174464667648
1273954180676362242
1273954212087574529
1273954228885569536
1273954241812606978
1273954253946662912
1273954254118666241
1273954262066900993
1273954265313271808
1273954380006543361
1273954404778086403
1273954422847148032
1273954423719391235
1273954539096494084
1273954589843152896
1273954598437490689
1273954606087901185
1273954661641400320
1273954673800732684
1273954677139398656
1273954690280181760
1273954715680768006
1273954728544735234
1273954806328102915
1273954835092643840
1273954836992667652
1273954842113957889
1273954893821284352
1273955055528534017
1273955063153651712
1273955101410025474
1273955143365677056
1273955218519199744
1273955231194320896
1273955252929286145
1273955286412296197
1273955319345971201
1273955344998436864
1273955347301007362
1273955347577868292
1273955374475825152
1273955386324901896
1273955462480752645
1273955508190433280
1273955511969255425
1273955516994203654
1273955554977701889
1273955570626658306
1273955663325036550
1273955680479780864
1273955705419116546
1273955718253740036
1273955718257876992
1273955727338614790
1273955788990676993
1273955806204002304
1273955826051538944
1273955830489104384
1273955831566921729
1273955848784621568
1273955852769165312
1273955902870208512
1273955936760147968
1273956003311235072
1273956008755441664
1273956015420190721
1273956040489398273
1273956045333975040
1273956053345075208
1273956229891620864
1273956233431711746
1273956267904634880
1273956271335649282
1273956274623807490
1273956292080607239
1273956301274517506
1273956321944092672
1273956448180097026
1273956502395592705
1273956556468518913
1273956595131531266
1273956619466964993
1273956661267439616
1273956669396070401
1273956700001841161
1273956728552521728
1273956804653875201
1273956817576525830
1273956862686306307
1273956955497926661
1273956963408384005
1273957006001360898
1273957052134625280
1273957054281998336
1273957059969589249
1273957064188944384
1273957110569730048
1273957113929150464
1273957223350153219
1273957265264050177
1273957265762967552
1273957274101440512
1273957291209961473
1273957299195953153
1273957304501538817
1273957312705646592
1273957336441372672
1273957408625303552
1273957433807945729
1273957458768166912
1273957492226166784
1273957521770680320
1273957527353356293
1273957658136129539
1273957677337464832
1273957690042023942
1273957698061471747
1273957702465728523
1273957714654355456
1273957780890804228
1273957786272124928
1273957845130715137
1273957986239565826
1273957987166621696
1273957991239352321
1273957995790172163
1273958036902572032
1273958058629238785
1273958070771687424
1273958113532502020
1273958129676570624
1273958205232762883
1273958226623692801
1273958235163299840
1273958238443061253
1273958240703975424
1273958243098902528
1273958250879373313
1273958331326103553
1273958362011615234
1273958372501528576
1273958372837068800
1273958377719300096
1273958401844883457
1273958440256376833
1273958460879785985
1273958477925400576
1273958524578459648
1273958549073395712
1273958561953968129
1273958570044919808
1273958586587189248
1273958629238964224
1273958679096811522
1273958687250567170
1273958755047223296
1273958758524338176
1273958816326070277
1273958825452765184
1273958851008757761
1273958909582217218
1273958959733518336
1273958971104268291
1273959010018840576
1273959077614358531
1273959084820238342
1273959118580178947
1273959119670710273
1273959131548913668
1273959152839245824
1273959163157233664
1273959174758531072
1273959216273920005
1273959300872974336
1273959392694730753
1273959459187032064
1273959517898911747
1273959576967077888
1273959606012669953
1273959652426944512
1273959685373210624
1273959685423460355
1273959719057666050
1273959744558952454
1273959804080320512
1273959804235583488
1273959807242903552
1273959811118444544
1273959811139411968
1273959832886882306
1273959928403812352
1273959946166640640
1273959991502868480
1273960025271271425
1273960042404941825
1273960094758289408
1273960151402323968
1273960360664424449
1273960418516615168
1273960440276512770
1273960457729171463
1273960485843398656
1273960528810053632
1273960553631768580
1273960570178408450
1273960646594506752
1273960654408429569
1273960708842160128
1273960812797779969
1273960918540525568
1273960935212941312
1273960965407727617
1273960975595720706
1273960989667532801
1273961024744574976
1273961053760688128
1273961065756450817
1273961174363713543
1273961183691841537
1273961304953421825
1273961405448966145
1273961541948157952
1273961595069100032
1273961636399898625
1273961649368715266
1273961661511106560
1273961673695641608
1273961699251490816
1273961705077383170
1273961716561428480
1273961774019227650
1273961941791211520
1273961974657933312
1273962001304358912
1273962009583857670
1273962043314495488
1273962203046174724
1273962212873457670
1273962252056424448
1273962324852977672
1273962331035189248
1273962349989330945
1273962379097882624
1273962412023013381
1273962420462108672
1273962584543244288
1273962613123223553
1273962613836263425
1273962642802122752
1273962685927841793
1273962714021236740
1273962714449104897
1273962781776261120
1273962793998389248
1273962797731393537
1273962856560525312
1273962898130300928
1273962999695499264
1273963007077421056
1273963008818020352
1273963016309084160
1273963062429544448
1273963125281341440
1273963133439270915
1273963213210693633
1273963217170153472
1273963237940346882
1273963268030083073
1273963299110076417
1273963314238894080
1273963343083175936
1273963402315149312
1273963402424209411
1273963438415306755
1273963440445558785
1273963477359616000
1273963483097423872
1273963494421872643
1273963515787849729
1273963518744805377
1273963586013011971
1273963632649555970
1273963670389903366
1273963708159528962
1273963724622180352