1276138072556494849
1276138073131106304
1276138075719184384
1276138076801241088
1276138080211283970
1276138085215096832
1276138110020182018
1276138143943544832
1276138153401815042
1276138168576663559
1276138211069300736
1276138236780392449
1276138278136266752
1276138312063946754
1276138328685977600
1276138353549869057
1276138387087470592
1276138417152196609
1276138425159221248
1276138454359748609
1276138455857324034
1276138496185511939
1276138505400451072
1276138517098201089
1276138520617328640
1276138526493433856
1276138555107139587
1276138606093111297
1276138656487673856
1276138660208037888
1276138702234890240
1276138703216422912
1276138706202755074
1276138737844523008
1276138802420092933
1276138810997460992
1276138832115699718
1276138873811337216
1276138887455420419
1276138895017721859
1276138970259132416
1276138994393387008
1276139010809790464
1276139088035246082
1276139117521375234
1276139188241530880
1276139188333817856
1276139217177980928
1276139255467778050
1276139322987687936
1276139332814999553
1276139347729879040
1276139358924529667
1276139360228958208
1276139362472783872
1276139372836818944
1276139377014562818
1276139411927977985
1276139495264530432
1276139502831054848
1276139511089594368
1276139557222789120
1276139570778832898
1276139584099889153
1276139597383249922
1276139603087503367
1276139629394063360
1276139664995487745
1276139670473146368
1276139683295232001
1276139683299373056
1276139691402616832
1276139705051107329
1276139725808496640
1276139740589436929
1276139812777492480
1276139821019336707
1276139834864807936
1276139897515118592
1276139959859232768
1276139964888166406
1276140035876634628
1276140056764223488
1276140060916629505
1276140072799219712
1276140073549991941
1276140090461491200
1276140092827013127
1276140137190232065
1276140141292199936
1276140225287372807
1276140231708852224
1276140265351323651
1276140270103429122
1276140283437162496
1276140312512155649
1276140352542404609
1276140392405241857
1276140430535593989
1276140472134762496
1276140480854622208
1276140501553631232
1276140539352682498
1276140639655165958
1276140663411814400
1276140671431331845
1276140684609835009
1276140703282757632
1276140717904101376
1276140719753900032
1276140774103670784
1276140803291783174
1276140810061467649
1276140920392560645
1276140924788236290
1276140929313841154
1276140975023255553
1276140996472930310
1276141004823953408
1276141017176178690
1276141038793441286
1276141071995736070
1276141138613805056
1276141147526701057
1276141167948824579
1276141180804313093
1276141184772198401
1276141202052710401
1276141209954779140
1276141253093015553
1276141283455705094
1276141285821370370
1276141293270417408
1276141313323347970
1276141348131872769
1276141500406075392
1276141512146014208
1276141516084436992
1276141524435296256
1276141524837789696
1276141544869957639
1276141553526935552
1276141561273778179
1276141566479007746
1276141570841096192
1276141629699743746
1276141654559330304
1276141655435825153
1276141703729221633
1276141731134812161
1276141768535232512
1276141810184847361
1276141900810997760
1276141936143982593
1276141939780444167
1276141944184492035
1276141980905545730
1276141994868461570
1276142037058781184
1276142053185867778
1276142065789931521
1276142082013294594
1276142116251598854
1276142123969122304
1276142136392646659
1276142158655950850
1276142192457900033
1276142195863674882
1276142237852803073
1276142259080175616
1276142296602476545
1276142331918381056
1276142347772968960
1276142355557556224
1276142380039786496
1276142384787664897
1276142397466923008
1276142414579806209
1276142422112813057
1276142422150582273
1276142434527801344
1276142441880367104
1276142443998650371
1276142485463498753
1276142526991413248
1276142530699169792
1276142543416242180
1276142552110989313
1276142582234517504
1276142602874753027
1276142614723600384
1276142679861141510
1276142688694349826
1276142714254430208
1276142716343246848
1276142740183683074
1276142740812771334
1276142756809838592
1276142783678550016
1276142799776354304
1276142836388331523
1276142852842688512
1276142862393016321
1276142872866193409
1276142875055710209
1276142884912316417
1276142892420141057
1276142896912138240
1276142954952998920
1276142980806606854
1276142992584212481
1276143018228228101
1276143030572105729
1276143035441700864
1276143072578076673
1276143183618023424
1276143184343642114
1276143185434034176
1276143191490809857
1276143194695184385
1276143202907631618
1276143218694987776
1276143226458648578
1276143251708231687
1276143280997183489
1276143299166982145
1276143302140669953
1276143307882729472
1276143308021084160
1276143315507871751
1276143332499079168
1276143336680828930
1276143351415349249
1276143355659841536
1276143355685031936
1276143395560357889
1276143432784842754
1276143555975806982
1276143563357794304
1276143564062429184
1276143588498378759
1276143601031041025
1276143605904814085
1276143634321231879
1276143670811668481
1276143671075840001
1276143679275773955
1276143705238515714
1276143739124232200
1276143802626068482
1276143814974070786
1276143878219927552
1276143949812568065
1276143957974622208
1276144012005703682
1276144029177196545
1276144096411672576
1276144159137640454
1276144167064911872
1276144176225226752
1276144196521529351
1276144213000884224
1276144251655450625
1276144293770596352
1276144302515728385
1276144330810560519
1276144339102478336
1276144343351472139
1276144398229798914
1276144412427456514
1276144422518996996
1276144507206197254
1276144652740177921
1276144653461598208
1276144654208118784
1276144669169192960
1276144707802783744
1276144708591521793
1276144708700590080
1276144755970314240
1276144800882802688
1276144812920655874
1276144824874303488
1276144859221352448
1276144896974389248
1276144930461585408
1276144957477269504
1276144960954302464
1276144963907137537
1276145043406020609
1276145077216141313
1276145077937635333
1276145089732108289
1276145128227459072
1276145211417165828
1276145229037359104
1276145231776317441
1276145232187400193
1276145232992763911
1276145236734074886
1276145241251287044
1276145241536507904
1276145242945867776
1276145253632770048
1276145274587508737
1276145286528806914
1276145328832622594
1276145374986731522
1276145413037404166
1276145441944502275
1276145459132690432
1276145488538943488
1276145534370230272
1276145538749128711
1276145553206849536
1276145563801714688
1276145563835088897
1276145623260033024
1276145652087521289
1276145669070340096
1276145681200230402
1276145719498416128
1276145745196912646
1276145769628737536
1276145777509715969
1276145831138205697
1276145844115386369
1276145874129702912
1276145878038953986
1276145908049162243
1276145920900567040
1276145954245292034
1276145958573740032
1276145966622654465
1276145995433345026
1276146054254264322
1276146058867937281
1276146075976364034
1276146164618887168
1276146197766516736
1276146212828299265
1276146247603294210
1276146255949750272
1276146260878163974
1276146264334311424
1276146318709268484
1276146352465096706
1276146355061223424
1276146377660100608
1276146398346596354
1276146411915149315
1276146432567697408
1276146436565020677
1276146457427525636
1276146460329947136
1276146469469380608
1276146486103982087
1276146514574716928
1276146524863574016
1276146541653364742
1276146546208366595
1276146591808786432
1276146610582544384
1276146643528634368
1276146667188862978
1276146684398112773
1276146707567382529
1276146780460257287
1276146855873839105
1276146889721667584
1276146910726848516
1276146922357579776
1276146926392692737
1276146952489635841
1276147054595780609
1276147064372695040
1276147098656870401
1276147110971412480
1276147124485476358
1276147140985712640
1276147145209344000
1276147153166110724
1276147196086362113
1276147246254510086
1276147304714698754
1276147308653162497
1276147329784057856
1276147333835575296
1276147355167985665
1276147386398670848
1276147439024693248
1276147468078637059
1276147495727480835
1276147564463771650
1276147606423470081
1276147606503243776
1276147692318621696
1276147732768579587
1276147757821149186
1276147773570781186
1276147798703046657
1276147865975480320
1276147904613212160
1276147916990808066
1276147934027902977
1276147950562000900
1276147972514942983
1276148001451511810
1276148050965266432
1276148051678289922
1276148055801298945
1276148093063434247
1276148118866755587
1276148156175187973
1276148162516996100
1276148180267253762
1276148188559192064
1276148223057379328
1276148281983283204
1276148289960845315
1276148328577761281
1276148415735435272
1276148445036843009
1276148500129034242
1276148513114673154
1276148516533010436
1276148558757007360
1276148584271011840
1276148591862710278
1276148613777940480
1276148671738871808
1276148705712902145
1276148779595505664
1276148781013037056
1276148781726261249
1276148823094513664
1276148848054939651
1276148848755265536
1276148877427703810
1276148906435457029
1276148908616495106
1276148909337989121
1276148940346241024
1276148949515030528
1276148961083080708
1276148961468801024
1276148970155315204
1276148990778789889
1276148999129575431
1276149021518827521
1276149032772079616
1276149070013378560
1276149104666726403
1276149162329997314
1276149204574863360
1276149225538179072
1276149261697245184
1276149276180123649
1276149284665262081
1276149301027225606
1276149355695702016
1276149364122161156
1276149376902144008
1276149396095356928
1276149397223596032
1276149418769764354
1276149426831134721
1276149429020606464
1276149442756972545
1276149443918811137
1276149492610457603
1276149493470199811
1276149503477854208
1276149556569407490
1276149611061796865
1276149620192808960
1276149638379126784
1276149676723535874
1276149678250299392
1276149686148136963
1276149699972673537
1276149729286553601
1276149739847909376
1276149751528992771
1276149771451936780
1276149796013846534
1276149800459698179
1276149830432292877
1276149837562556420
1276149863625957376
1276149863869222915
1276149867115687936
1276149879723757571
1276149917594107907
1276149921838661633
1276149944588656640
1276149947101044736
1276149968605253640
1276150014478356482
1276150043179966466
1276150051396616192
1276150072372269058
1276150082887442432
1276150155432124421
1276150165557121024
1276150202492215303
1276150210968813573
1276150223346249732
1276150262168727559
1276150278849470464
1276150353680109568
1276150370562179075
1276150388346040321
1276150403156127745
1276150425587195904
1276150427319439364
1276150433883488256
1276150454704123904
1276150459171057665
1276150498597507076
1276150517924757513
1276150526590308354
1276150554981531652
1276150566364893184
1276150580461871105
1276150601798365186
1276150614045720578
1276150643623964674
1276150668311568392
1276150693183750156
1276150722552385538
1276150734766170117
1276150739992272900
1276150744375230470
1276150744463409152
1276150761051893760
1276150764604448774
1276150785362087949
1276150794404933643
1276150802827051008
1276150817876324354
1276150857562763267
1276150862344335364
1276150866471501824
1276150954895847429
1276150995794505741
1276151012487827462
1276151025498456068
1276151025884372995
1276151034537263105
1276151036986736641
1276151044540633088
1276151104498282499
1276151166896914432
1276151176170479617
1276151188388556806
1276151218344275968
1276151266310262784
1276151276473126912
1276151286023499776
1276151293577506816
1276151297805357057
1276151348552175625
1276151364515762178
1276151386028281862
1276151448485707784
1276151452306718721
1276151456916213765
1276151461005725699
1276151474016464897
1276151515938504704
1276151532334059520
1276151532669583360
1276151565573861376
1276151591679254531
1276151604119552002
1276151608246763527
1276151632775057408
1276151721673338880
1276151729684430848
1276151804359819265
1276151819694149633
1276151844453199875
1276151864640372739
1276151905002098689
1276151922144223234
1276151980776398851
1276151984899399683
1276152028167917571
1276152068844199937
1276152096056885249
1276152136007630850
1276152157243346946
1276152171038478338
1276152190881673216
1276152203326246913
1276152232426209283
1276152283856863234
1276152299572862977
1276152312717852675
1276152316731817989
1276152321014202374
1276152324977840132
1276152358293114880
1276152358645510145
1276152358855155718
1276152379591872513
1276152400957620230
1276152442418270212
1276152539617079297
1276152555597414402
1276152559246417920
1276152569153421312
1276152576782802952
1276152585779642368
1276152599952195584
1276152601709547522
1276152655463821312
1276152675420319744
1276152681518809089
1276152685125939205
1276152690255503362
1276152700393140225
1276152702939078657
1276152703295598592
1276152757171388417
1276152845570621444
1276152862540812289
1276152888218341377
1276152907730243584
1276152924402520066
1276152928986894340
1276152932220706825
1276152932984127490
1276152975136829441
1276152979259826176
1276153043155902465
1276153046653906946
1276153047048245249
1276153051339010054
1276153065859624960
1276153082179706881