1274824430007521280
1274824462995722243
1274824526271057922
1274824606033952768
1274824727484223488
1274824803250139137
1274824949493043201
1274824967234953216
1274824982753734657
1274825071866122240
1274825180813148160
1274825188442431488
1274825239659032576
1274825272425156608
1274825276787130371
1274825320198279173
1274825363827445761
1274825436921507845
1274825672423243779
1274825737741185034
1274825766526689283
1274825809597890560
1274826067543457797
1274826081871237126
1274826262431883267
1274826279943122944
1274826401133322241
1274826422285217792
1274826493047250946
1274826539817938945
1274826564266491908
1274826645266993165
1274826690011824129
1274826795221569536
1274826816793051137
1274826886972047364
1274826891807997952
1274826900339175426
1274827072750280705
1274827253688369154
1274827299020509185
1274827336093851648
1274827434182037506
1274827521591304194
1274827647235825664
1274827651237253122
1274827667242655746
1274827722318020609
1274827768468049929
1274827844707913729
1274827910600208385
1274828107501891586
1274828211826962433
1274828258744377344
1274828288976916485
1274828300611751937
1274828315027820545
1274828330425036805
1274828347390844929
1274828355037270023
1274828467750633477
1274828508292886528
1274828535836766208
1274828545492205569
1274828549006884864
1274828574214836229
1274828674957795328
1274828698902884352
1274828871783849984
1274828926930558976
1274828930567024645
1274828942608719873
1274828983838879745
1274828988372795392
1274829072389099520
1274829089153654784
1274829127409823746
1274829231810371584
1274829247815782400
1274829316229128194
1274829341889671168
1274829396281643009
1274829455148507137
1274829484089380864
1274829512447057933
1274829521326411777
1274829559851110402
1274829590951718912
1274829593854177280
1274829655925649410
1274829768689627137
1274829820795510786
1274829882657312774
1274829941499219969
1274829953293586433
1274829962726584322
1274829971626713088
1274830071824613377
1274830115889836032
1274830202108104704
1274830251256803328
1274830272765128704
1274830298254053378
1274830330617192449
1274830355728498688
1274830376473636872
1274830449873911811
1274830473735397378
1274830527766421504
1274830528861155328
1274830549740400647
1274830565582049281
1274830695873961984
1274830705571385345
1274830713196556289
1274830734738350080
1274830837549236230
1274830842884493313
1274830886396035072
1274830888501641216
1274830922794373120
1274830961503604738
1274831015517851648
1274831023780626432
1274831042503999488
1274831103384326144
1274831250176585729
1274831291947638784
1274831330518450179
1274831383651901440
1274831401184038917
1274831404241575936
1274831468116639744
1274831525914324994
1274831539130556416
1274831544042033159
1274831554158755841
1274831651881668608
1274831707083083777
1274831774061740033
1274831845792739329
1274831880106283008
1274831912742408193
1274831963896020992
1274831987723862017
1274831996334813186
1274832016798822400
1274832097946095624
1274832104925216769
1274832123791380483
1274832184705028096
1274832213750755328
1274832314523168768
1274832420877942784
1274832431321722883
1274832436828962816
1274832555003375617
1274832583185088512
1274832597370261510
1274832633973833728
1274832675602419723
1274832872382267392
1274832898823204866
1274832926895738893
1274832935728840706
1274832977088913409
1274832981878693888
1274833048404705280
1274833061851607042
1274833166398783489
1274833166969327624
1274833297005256704
1274833409513156608
1274833422343602183
1274833439703863296
1274833443302658054
1274833468682309639
1274833474562768896
1274833593810989058
1274833644922851328
1274833653693140994
1274833741848801280
1274833770319769601
1274833847121858561
1274833854025564160
1274833908346085378
1274833955150323715
1274833987966570497
1274833996699054081
1274834013723799557
1274834085094064129
1274834102584311810
1274834139917635585
1274834153091944448
1274834174143275010
1274834191004426240
1274834196599500800
1274834206078783491
1274834206242361345
1274834214223929345
1274834214773555206
1274834282889043969
1274834403198414858
1274834416083374080
1274834491626917888
1274834520865411073
1274834660875546624
1274834676591415297
1274834709470724098
1274834714155679748
1274834730903429120
1274834734552670213
1274834756874702849
1274834778068525057
1274834785089785857
1274834794388602883
1274834814634545155
1274834827016101889
1274834843726163970
1274834902861504513
1274834907785834503
1274834911183228929
1274834990321348609
1274835007308267523
1274835007652143106
1274835061993504775
1274835062761144322
1274835108827185155
1274835141723070464
1274835218461978624
1274835230420086786
1274835280260927488
1274835331670474758
1274835339450843136
1274835356534411265
1274835384946561024
1274835393616113665
1274835401652355072
1274835439929548801
1274835440353382401
1274835448943177728
1274835494304722945
1274835498037583874
1274835523295641600
1274835536407154688
1274835557684858881
1274835561883348992
1274835594531782658
1274835599674007553
1274835666388615169
1274835672071835653
1274835738798981120
1274835860064817153
1274835871922106368
1274835956416294912
1274836035994861576
1274836089849761792
1274836194501763082
1274836194887491584
1274836227716333568
1274836240341372928
1274836245714255872
1274836308985171969
1274836350294949889
1274836538652753926
1274836584517361664
1274836630126428161
1274836686451728386
1274836689236738049
1274836714394128395
1274836739589357569
1274836894556323840
1274836945596813312
1274836957672157185
1274836993747431424
1274837037951180802
1274837235045670912
1274837247318200322
1274837255786565633
1274837261104803840
1274837276401397760
1274837298081742848
1274837389882638336
1274837394999504896
1274837407184158720
1274837420454928387
1274837436619722759
1274837449697488897
1274837570061557760
1274837573676888064
1274837604752556033
1274837612080087040
1274837633710075906
1274837722834878464
1274837761795788801
1274837826048311298
1274837847984361473
1274837889340387329
1274837897623961600
1274837910559178754
1274837931140829185
1274837982000881664
1274838007338512384
1274838019212603392
1274838085839122432
1274838133125898240
1274838150171504640
1274838174330650625
1274838175207358464
1274838178944421889
1274838185307226113
1274838203757932544
1274838204785537025
1274838228621832194
1274838288478527488
1274838291897094147
1274838335475732480
1274838396708384769
1274838489016696832
1274838494058369024
1274838552296259585
1274838568733683714
1274838646844243974
1274838854227374082
1274838912460926976
1274838969696481280
1274839026428776450
1274839084742164481
1274839134595620872
1274839165474091009
1274839180976115713
1274839232285212673
1274839265655115776
1274839285586411520
1274839298911559680
1274839433003642885
1274839500909355009
1274839504503750656