1277889614070644736
1277889615056142343
1277889845231312897
1277889891670593538
1277889971819610112
1277889987854438400
1277890088421253120
1277890105605316608
1277890168930701313
1277890205761114112
1277890294130720773
1277890298371325952
1277890323654606848
1277890551535357954
1277890570329960449
1277890696993738753
1277890834411724800
1277890852078137344
1277890884013445120
1277890884307222528
1277890952833744906
1277890957405573123
1277891003362488320
1277891038238191616
1277891082412609542
1277891131792076802
1277891145952002048
1277891305125736450
1277891354501275648
1277891364953481216
1277891464215670785
1277891476815560704
1277891485447454721
1277891657799622656
1277891782424948736
1277891808471678981
1277891929544499201
1277891983990820866
1277891997429186562
1277892043482845184
1277892118455910400
1277892143634436096
1277892143697272835
1277892144167096320
1277892160629727233
1277892166799568896
1277892173250416640
1277892185942364160
1277892428628783104
1277892688566779905
1277892743935623168
1277892748041957376
1277892893387218945
1277892965965467650
1277893115005636609
1277893120580112387
1277893243686936576
1277893259134672897
1277893280936669185
1277893359739252739
1277893485484441600
1277893506577514504
1277893561116176386
1277893621308686336
1277893631987384320
1277893642158583811
1277893645841113088
1277893666556637186
1277893685858799616
1277893868990668800
1277893896866009088
1277893942986641408
1277893950926237697
1277893969062617088
1277894018886766593
1277894093264338946
1277894103028686848
1277894153867837443
1277894174562324481
1277894234666909697
1277894236877316097
1277894271211896832
1277894282473623552
1277894417739808768
1277894639941550080
1277894651320717314
1277894695159463943
1277894712691765248
1277894757109379072
1277894853909712897
1277894882502139904
1277894884645646336
1277894925263101953
1277894925380734977
1277895042460336134
1277895064421904385
1277895109430988800
1277895137805377536
1277895171619852288
1277895207669948419
1277895306491789312
1277895368403976192
1277895486477910018
1277895499224317952
1277895507218579456
1277895566899376128
1277895631135141888
1277895655579582464
1277895721836896260
1277895850115678208
1277895919011336192
1277895956990701568
1277895972526358528
1277895982315909120
1277896006265450497
1277896022673559552
1277896048103440385
1277896056840175617
1277896149018558464
1277896237430104064
1277896280098975744
1277896291838603268
1277896338257010688
1277896342363398149
1277896345810898945
1277896351364386818
1277896375871643649
1277896477864366081
1277896593501499392
1277896602812706816
1277896697918750720
1277896702620508166
1277896711533400065
1277896744299356160
1277896821269049344
1277896862360625153
1277896862511648773
1277896895462092800
1277896900667158530
1277896908674002944
1277897018203992066
1277897163557593089
1277897252275707904
1277897313424375809
1277897331707465729
1277897374598336512
1277897517368135680
1277897534325882882
1277897733731385344
1277897734960316416
1277897785229086722
1277897844419158021
1277897873519185920
1277898051722416128
1277898199550787584
1277898300708884482
1277898314495725568
1277898356119998464
1277898410318860288
1277898417876938752
1277898481370267650
1277898542489546754
1277898557593436162
1277898576748843009
1277898615449620481
1277898733234126848
1277898740477689856
1277898754444742656
1277898755157549056
1277898785813905409
1277898891665592320
1277898897596321792
1277898905133502465
1277899001900208130
1277899030069035008
1277899109840674817
1277899173061431296
1277899185401069568
1277899226186420226
1277899353986936838
1277899409171386369
1277899495741644800
1277899513735380992
1277899576549277697
1277899608975384577
1277899718551408640
1277899752332357633
1277899760486227974
1277899790496350208
1277899814697611264
1277899823564218368
1277899857160630274
1277899930036604928
1277900183309897728
1277900217589760005
1277900322518622215
1277900339136602112
1277900351727898624
1277900406547517442
1277900410070675456
1277900461824073729
1277900466198925312
1277900511824527360
1277900519768498177
1277900540861546496
1277900573673652229
1277900657694031872
1277900725926817793
1277900753244426240
1277900755018616836
1277900770822754304
1277900842851545088
1277900876619943938
1277900886858227713
1277900923231240193
1277901013979021314
1277901026847227906
1277901030416474116
1277901065149693952
1277901086377086983
1277901250793799680
1277901316015050752
1277901354564874241
1277901373493788675
1277901488426225667
1277901510928527361
1277901535112867841
1277901605501906945
1277901635092647936
1277901651559374849
1277901678340161536
1277901721205784576
1277901841938833408
1277901911677640704
1277901915796443137
1277901941993910274
1277901970557280256
1277901975036792833
1277902062798295040
1277902099481800704
1277902151361036289
1277902203383136258
1277902255224569856
1277902306466566149
1277902325932318721
1277902340159410177
1277902446694559744
1277902495700967424
1277902537258143744
1277902628878315522
1277902717990526976
1277902934643101696
1277902936442408960
1277902948920672257
1277903016092450816
1277903125031137281
1277903140759584768
1277903203418456064
1277903242324774912
1277903290093756416
1277903326705786880
1277903439482236929
1277903452220411904
1277903509359230976
1277903546571280384
1277903555928526848
1277903568675262464
1277903572596817920
1277903656910798848
1277903702603395072
1277903791585665024
1277903878973820933
1277903899849101314
1277903963157721092
1277903980740456448
1277904073401020416
1277904319573098497
1277904320114110466
1277904336262008833
1277904349818023936
1277904384639111168
1277904387273379841
1277904503967268864
1277904541078499328
1277904546065453056
1277904571843727365
1277904604475211776
1277904680757141504