1272302801473814529
1272302808600109057
1272302810105774080
1272302876891758594
1272302941530021888
1272302944139055104
1272302981707268097
1272303031858626561
1272303109432209408
1272303195923140608
1272303208849977348
1272303267825856517
1272303323501277185
1272303385694228480
1272303414488301571
1272303446025175048
1272303572663914497
1272303682776977413
1272303832987402243
1272303901212106757
1272303937643786246
1272303955452796933
1272303968098500608
1272304001644625922
1272304097417461760
1272304132989292550
1272304231870083073
1272304295719972870
1272304352871489536
1272304399189078017
1272304498531237889
1272304501031161861
1272304572439171081
1272304622237958144
1272304764664061962
1272304825636728832
1272304882700165122
1272304917663961089
1272304930863407105
1272304966745518085
1272304989516546049
1272304991634509825
1272304996621496320
1272304998836244480
1272305061939621893
1272305075407503360
1272305098228510720
1272305150481305606
1272305230177284101
1272305275643375616
1272305286695407617
1272305342878269440
1272305414634258432
1272305449124102144
1272305471693586433
1272305557379178496
1272305579864670208
1272305582347698176
1272305583585034241
1272305669949894656
1272305704746000384
1272305705148702721
1272305732822749189
1272305772328706048
1272305781698854912
1272305815622504454
1272305820680609792
1272305822802907136
1272305854197444616
1272306002004602880
1272306013878845441
1272306043222196225
1272306127858999297
1272306128240750592
1272306148083994625
1272306160964710401
1272306169739128836
1272306182301106177
1272306190903463936
1272306223715504130
1272306295085961216
1272306300500787201
1272306316619350016
1272306359061667841
1272306405375016960
1272306413482790913
1272306421594574854
1272306573424107520
1272306576670568448
1272306614104543232
1272306735634542592
1272306774541053953
1272306912856551425
1272307062412677120
1272307087863959559
1272307119526567936
1272307151172755457
1272307239869530112
1272307348921614336
1272307352276856832
1272307382903869443
1272307398049435648
1272307406328889344
1272307462205509632
1272307520263127041
1272307528022409216
1272307549291851777
1272307579385835520
1272307659539005441
1272307997973176321
1272308161748361216
1272308169071448064
1272308245261160453
1272308372130291712
1272308414039744512
1272308419555405826
1272308425985331202
1272308431375028225
1272308463352164352
1272308468800782337
1272308482457440257
1272308514493313024
1272308606046580736
1272308622731739139
1272308712036851712
1272308713454317568
1272308813992005632
1272308821378154497
1272308824205074434
1272308916584624128
1272309071409033216
1272309211624468480
1272309299117621248
1272309394928263168
1272309395381202944
1272309407574118401
1272309429753413632
1272309500075270144
1272309558057328642
1272309563702771712
1272309583000854528
1272309617784020992
1272309642920472577
1272309747102998533
1272309758091866115
1272309772159778818
1272310026774904833
1272310049075900416
1272310091799236609
1272310141174427648
1272310237811232769
1272310395542237184
1272310426865451012
1272310443705380864
1272310451649392640
1272310602975686656
1272310628980580352
1272310701223272449
1272310718851887105
1272310728993767424
1272310782777319424
1272310837730963456
1272310871532941314
1272310879246262272
1272310938327289859
1272310939094835206
1272310975815966721
1272310997311803397
1272310998783975424
1272311010964242434
1272311022498410496
1272311031130357760
1272311056145305600
1272311076776968192
1272311092497256448
1272311122566225920
1272311164983263232
1272311169693474821
1272311249120964609
1272311261372592128
1272311320675864577
1272311366913794050
1272311370848100352
1272311386782273536
1272311387876777984
1272311390867464200
1272311468239785988
1272311486031912966
1272311508622606338
1272311513131466754
1272311534467731457
1272311542298574848
1272311604332441601
1272311690223407105
1272311730819850240
1272311744237469697
1272311756686331905
1272311802177687552
1272311806975971328
1272311832854720512
1272311842681942018
1272311848206032903
1272311865813512193
1272311873749188609
1272311874269446150
1272311988031455232
1272311999104516102
1272312150967500801
1272312167593734145
1272312179711111168
1272312219854831617
1272312267522994178
1272312337328771072
1272312381549490176
1272312410548981761
1272312528199024640
1272312562709925890
1272312587439362048
1272312641755611136
1272312846756352000
1272312867342241793
1272312910438686726
1272312939672940544
1272313119512109056
1272313158082924546
1272313175019368448
1272313232087298049
1272313304116006915
1272313391751655424
1272313396520574976
1272313399884595201
1272313434877628421
1272313488765882368
1272313501802024965
1272313548106919937
1272313584597585920
1272313585646006272
1272313635130560512
1272313748129284096
1272313778026225664
1272313820900442115
1272313867432050690
1272313871525720064
1272313880379785217
1272313967113834496
1272313976022589440
1272314068167090176
1272314104439603201
1272314122869321730
1272314151159894016
1272314201348861952
1272314207531384832
1272314397462061056
1272314419377250310
1272314508904546304
1272314596464844805
1272314623472082946
1272314638437408768
1272314676156796934
1272314723690663937
1272314882734555138
1272314897595084806
1272314953391841282
1272315073994858496
1272315087215181824
1272315091573235713
1272315128558628864
1272315180479905793
1272315241603440642
1272315275795464200
1272315283911385090
1272315347186733059
1272315351468920834
1272315380585955331
1272315489591668737
1272315539554054149
1272315565672034304
1272315610450591744
1272315620168589312
1272315622760878083
1272315645347147782
1272315684903686146
1272315686941945856
1272315707582083073
1272315707859054593
1272315723658887169
1272315725458235392
1272315752314519553
1272315757058076672
1272315765970989056
1272315790977634305
1272315870103195648
1272315902382362625
1272315991452721153
1272315992396509184
1272316065251577856
1272316114291306496
1272316148974043137
1272316285850968064
1272316294352834564
1272316299000111109
1272316323771625473
1272316378800967682
1272316386568810500
1272316449890033665
1272316483935375360
1272316491581607936
1272316512662142977
1272316539459506176
1272316610435481603
1272316743244034058
1272316794406080514
1272316819764924418
1272316869287071744
1272316904049426432
1272316974966517760
1272316978376716289
1272316990116564993
1272317032805961729
1272317033150103553
1272317045703536641
1272317154117988357
1272317254667866112
1272317284401340416
1272317308917223425
1272317508566093824
1272317523837562885
1272317532385484801
1272317572675964934
1272317598969892864
1272317616649113604
1272317619782156289
1272317624928608261
1272317649322680321
1272317653705805829
1272317669795078151
1272317690820956160
1272317696382771201
1272317707640176640
1272317742222381056
1272317808962142211
1272317833540702208
1272317834450939907
1272317834861981706
1272317863353704449