1273148407067168769
1273148423689179141
1273148426197311493
1273148453418340352
1273148453535846404
1273148454156537859
1273148456270512128
1273148532237783040
1273148559278452738
1273148654329704456
1273148696134328324
1273148831350296576
1273148847791931394
1273148885112893442
1273148929866182663
1273148977505079296
1273148998199775234
1273149174809276416
1273149206837039104
1273149329956577280
1273149556855840768
1273149689765015555
1273149781653762049
1273149821285797888
1273149857566515204
1273149895793393666
1273149977368375304
1273150117189693440
1273150264271425538
1273150339814961154
1273150386187141120
1273150423629783042
1273150443041034240
1273150602021949442
1273150671202799617
1273150776760819715
1273150842712076292
1273150864807669762
1273150890023759875
1273150965089284096
1273150998786252805
1273151032755879942
1273151142692864000
1273151246527082499
1273151275392282625
1273151292815347713
1273151351145578496
1273151548185608194
1273151708059885568
1273151816478449666
1273151882991673346
1273152013669449728
1273152048297652228
1273152060133965828
1273152107340849152
1273152408131186688
1273152525982674945
1273152567699259394
1273152576415043585
1273152613731782658
1273152692920225792
1273152757143351308
1273152790991437832
1273152807684751361
1273153012714876937
1273153025755041794
1273153070625632256
1273153151424757760
1273153315266793472
1273153426009067520
1273153730322497536
1273153854725664770
1273153892205953031
1273154111370866688
1273154150264705026
1273154154026938369
1273154203997831171
1273154215632875521
1273154269408002050
1273154467802873856
1273154480549347329
1273154596140089344
1273154661718134789
1273154846070358016
1273154853100019720
1273154876210642945
1273154945123061760
1273154996025077762
1273155118280704000
1273155318810370051
1273155365920804866
1273155391552196608
1273155520413794306
1273155523978854401
1273155557969596417
1273155591058399232
1273155612872974337
1273155638588301312
1273155808071688192
1273155810428928002
1273155860659920896
1273155953253285889
1273155967102959617
1273155996219781120
1273156011495489540
1273156116369813506
1273156124800364544
1273156176616787971
1273156186989301761
1273156217406394371
1273156224595492865
1273156254349885440
1273156310972981248
1273156414882619392
1273156488727535617
1273156586555551744
1273156614615416832
1273156656873058304
1273156699952689152
1273156720488067074
1273156927745376256
1273157117797634050
1273157126312075266
1273157236345487362
1273157260777308160
1273157302649065472
1273157390687514624
1273157927852007424
1273157956884979712
1273157966359941121
1273158091903840256
1273158142193545217
1273158192474832896
1273158435492769795
1273158486738771974
1273158750183067650
1273158750648635393
1273158782579859457
1273158846249340930
1273158917032423425
1273158955859050497
1273159169328152581
1273159185698603008
1273159269827973122
1273159382411460609
1273159651371241472
1273159739434831873
1273159865427529728
1273160020600016899
1273160076036104193
1273160079731286019
1273160229916749833
1273160239190343680
1273160251358011395
1273160280571285506
1273160285843570689
1273160368353878016
1273160402151579650
1273160415871143937
1273160452390952962
1273160518409338883
1273160567386185728
1273160574558445569
1273160670738034689
1273160798462935040
1273160968529498114
1273161069423464452
1273161225128550404
1273161260138475520
1273161283286728705
1273161589429059584
1273161724183666689
1273161769004011520
1273161778294390795
1273161882220756992
1273162093651464193
1273162168792485889
1273162193249406977
1273162257254539268
1273162375005339649
1273162469784072192
1273162523307638785
1273162557856141313
1273162855941050369
1273162961050312705
1273163060979662850
1273163199995678723
1273163312667254784
1273163344455794689