1271019395591163904
1271019407360352257
1271019478382514177
1271019650076291072
1271019772189315073
1271019794196815872
1271019951906848769
1271020138373021697
1271020167812853760
1271020510504239104
1271020523032641542
1271020662635868160
1271020840008724480
1271021031021596677
1271021376720207874
1271021378473517058
1271021380146917376
1271021526637297664
1271021694157590528
1271021820439715840
1271021849669971968
1271021858809188352
1271021907920519169
1271022055249645568
1271022222275153921
1271022250431569920
1271022478966456321
1271022519143694338
1271022632557830145
1271022682641924096
1271023002780438528
1271023098377240576
1271023267197980672
1271023534349914118
1271023535683592192
1271023655951237125
1271023672946561024
1271023844439011330
1271023997610754050
1271024155698348037
1271024352830480389
1271024389342011392
1271024394194780162
1271024419478044672
1271024668888100865
1271024692908998656
1271024763129954306
1271024785250816003
1271024839202164737
1271025133843615745
1271025208162320385
1271025322100752388
1271025338974212096
1271025599184764928
1271025694777081856
1271025744668434434
1271025809180913665
1271025824716730368
1271025833738752001
1271025843582627841
1271026134528880641
1271026151910080513
1271026201101045761
1271026290242576385
1271026325646643200
1271026542127316993
1271026576575139840
1271026630165557253
1271026742849830914
1271026975126310912
1271027036191145984
1271027036543258627
1271027056831156224
1271027201102753792
1271027292303745025
1271027422591438848
1271027520830427139
1271027557098496003
1271027607337869312
1271027706184871938
1271027711708925952
1271027792147296258
1271027918249099264
1271027969335668736
1271028182083239936
1271028215318851585
1271028314262601728
1271028321237839872
1271028522635726853
1271028563219750913
1271028630727114752
1271028635865137154
1271028702000922624
1271028877171752960
1271029000731627520
1271029012555616256
1271029091383246848
1271029132860760069
1271029198212214784
1271029214272258048
1271029394061041668
1271029583480045569
1271029701058805772
1271029898057068546
1271029938901188609
1271029978222809088
1271030279025631232
1271030288152514560
1271030438296014848
1271030452002881537
1271030504733597697
1271030539051577345
1271030669842567174
1271030686275768321
1271030686397468672
1271030690260357121
1271030770082230274
1271030926420643840
1271030933471313920
1271031030535856128
1271031067063902208
1271031134793555968
1271031144012791809
1271031289047584768
1271031334618595330
1271031571970170880
1271031701960036353
1271031746939756544
1271031864757714945
1271032069729193984
1271032187069005825
1271032266714566656
1271032291498721280
1271032313212698624
1271032532411330561
1271032574488358912
1271032845088292864
1271032866911195142
1271032955050225665
1271033060268670977
1271033152602025984
1271033183434399745
1271033184637947905
1271033207157395457
1271033508270465024
1271033551614390272
1271033642341580800
1271033643310280705
1271033877914583040
1271034175118807041
1271034184220307456
1271034357923360770