1269358400296517633
1269358420936835073
1269358446639538177
1269358458278535168
1269358462502342659
1269358500582428672
1269358601979588608
1269358627229511682
1269358673056329728
1269358882532528130
1269358925096185857
1269359033523122176
1269359070739197953
1269359129753157633
1269359163173265408
1269359301530976262
1269359360402173953
1269359596059021312
1269359603692822528
1269359603772305408
1269359616258904065
1269359691987144704
1269359729521889280
1269359918177488898
1269359998985015296
1269360078433538051
1269360266086543360
1269360506629955589
1269360690357243905
1269360787262332929
1269360827703967750
1269360857760358401
1269360878303969281
1269360938836246528
1269360959203786757
1269360983765475328
1269361009413816321
1269361030179590144
1269361172081291265
1269361223365201924
1269361290218258433
1269361328256430080
1269361353036148736
1269361477766352897
1269361487753220096
1269361520984707072
1269361539158552576
1269361612428914689
1269361663293231104
1269361675561467905
1269361739226927106
1269362003002314753
1269362053573009408
1269362070597758976
1269362078864805891
1269362124880588800
1269362149576642563
1269362204203028481
1269362314395836418
1269362388244918272
1269362405299163137
1269362480637042689
1269362527437193220
1269362538132713478
1269362552208842753
1269362665622851584
1269362771046498304
1269362796694831105
1269362871336607751
1269362922125393920
1269362988810752004
1269363001397858308
1269363027071184896
1269363256931606528
1269363412255027201
1269363445230702595
1269363550419595266
1269363605243260928
1269363673035833344
1269363806582554624
1269363844696035328
1269363898844495872
1269363908562890752
1269363975046791168
1269364122975719427
1269364129510428674
1269364138263957508
1269364146572853257
1269364490732048385
1269364560026361867
1269364611561721862
1269364635112820736
1269364716167663616
1269364745506656256
1269364775097597956
1269364847931785224
1269364939061428225
1269365002202419200
1269365035429748737
1269365035966402560
1269365069122502657
1269365249553117184
1269365262530351105
1269365480126664705
1269365521662840842
1269365587882508288
1269365618379157510
1269365643297644545
1269365656291606528
1269365765280534530
1269365866275041280
1269365890891554816
1269365979290775554
1269366055606026246
1269366085641482240
1269366094873018368
1269366216797360128
1269366264100601856
1269366335315697664
1269366377791422464
1269366441188429827
1269366455830806528
1269366532431200256
1269366620025208833
1269366637100228610
1269366670897930241
1269366700513923072
1269366759238369281
1269366814196133888
1269366885834821632
1269366897549684736
1269366906655592454
1269366917971804162
1269367211942047744
1269367258343604224
1269367355987177478
1269367475193491456
1269367604751134720
1269367615635456000
1269367745352814597
1269367789568921600
1269367946121486337
1269368021530939392
1269368038324830210
1269368064241434624
1269368125985865728
1269368227848761344
1269368247788290048
1269368292780781576
1269368370195042305
1269368525363314688
1269368571907448834
1269368601212944384
1269368608397934593
1269368638718566400
1269368642879315969
1269368843715166208
1269368945313583104
1269368966268452870
1269369032978968579
1269369162163462145
1269369347761471488
1269369406485696512
1269369443165093889
1269369464174206977
1269369471170379778
1269369479148064768
1269369518830219264
1269369543857778691
1269369570088964100
1269369691459420160
1269369708760805378
1269369711789314049
1269369786942832645
1269369821692485632
1269369850843062272
1269369870887649287
1269369899685761028
1269369968358899712
1269369989485789184
1269369997073113090
1269370056640585729
1269370076546732035
1269370106674475008
1269370133237182464
1269370136789544960
1269370208940146689
1269370257073942529
1269370376640819200
1269370383490301954
1269370393862852619
1269370403916582912
1269370416801484806
1269370445993656320
1269370487940907009
1269370556912148480
1269370597190098945
1269370630140542977
1269370759085846530
1269370799607238656
1269370881777811457
1269371099625795585
1269371141447180288
1269371226432114688
1269371230202847232
1269371272598872064
1269371328265584641
1269371356170326022
1269371389380718592
1269371406862749697
1269371461111877636
1269371519416836096
1269371579189862400
1269371599930654721
1269371628548509708
1269371733196312580
1269371740418949121
1269371809427832834
1269371830156038145
1269371854944264192
1269371885273460741
1269371898237906944
1269371905733267456
1269371913933148161
1269372043641999360
1269372082183438336
1269372132695343111
1269372141167919107
1269372233698459648
1269372275012308992
1269372284080447488
1269372333845856258
1269372338350493697
1269372379643420673
1269372425524953089
1269372463365992450
1269372478163496960
1269372492784766977
1269372513651503104
1269372522182643714
1269372528058699776
1269372715909046272
1269372742664683522
1269372787057143808
1269372845358006275
1269372857458491398
1269372933304188928
1269373008092766219
1269373014078087168
1269373092771639296
1269373118696632320
1269373181116190720
1269373210841104384
1269373235147296768
1269373273390960640
1269373284900102147
1269373389099204611
1269373436754907136
1269373473975132160