1276847751184052224
1276847751972524033
1276847752664748033
1276847787066392583
1276847899687686144
1276847899788312584
1276847900245528581
1276847913256267776
1276847934781431811
1276847976036495360
1276847983745785856
1276848032961699850
1276848075949117442
1276848151622815744
1276848162431516672
1276848198238134273
1276848219843158016
1276848222787551232
1276848232518217730
1276848293658714112
1276848323736059905
1276848324457517056
1276848329108992001
1276848350424264706
1276848369240084480
1276848390433890304
1276848474768564229
1276848525381447681
1276848554389143553
1276848600744701952
1276848617756561410
1276848739416788993
1276848748812013568
1276848793577828353
1276848815627292672
1276848856882388994
1276848890357170178
1276848895289688065
1276848898406060032
1276848915585937408
1276848920392581120
1276848927581634561
1276848957470228482
1276848972234186754
1276849066010443777
1276849095982944256
1276849139918295041
1276849204808298496
1276849213909995521
1276849216959074304
1276849220746608641
1276849238882889728
1276849242946932736
1276849259875205126
1276849263075622913
1276849296860745732
1276849313860268032
1276849320663355393
1276849342272471046
1276849347720855552
1276849384181731328
1276849390246785024
1276849410715070465
1276849434215751680
1276849456445624321
1276849468718174208
1276849499617529856
1276849523609030656
1276849544958001152
1276849556710440960
1276849590931795969
1276849594794680320
1276849631876374529
1276849636297375744
1276849666068557826
1276849667507015681
1276849675560275968
1276849703586533376
1276849726487396352
1276849747974856704
1276849774935920640
1276849821605904384
1276849826605473792
1276849855139328000
1276849897170403329
1276849900844494849
1276849910218924032
1276849950828253185
1276850001403088897
1276850152167391240
1276850167929585664
1276850193833635840
1276850216092696578
1276850232580616194
1276850270631342085
1276850316604928000
1276850333784903680
1276850345176596482
1276850354450124800
1276850375606374405
1276850434334916609
1276850451066114049
1276850509048152067
1276850514056134656
1276850522176327681
1276850531152076806
1276850540945698818
1276850543315636226
1276850548961132555
1276850551045656577
1276850585095069696
1276850588664442884
1276850590950150144
1276850596780421120
1276850606322274304
1276850627554021380
1276850663234973700
1276850677663268864
1276850718478159872
1276850762035970050
1276850803282763776
1276850827655872514
1276850861365497866
1276850920526143490
1276850983868432384
1276851025161465856
1276851025585090560
1276851034065825792
1276851083990700033
1276851120640491520
1276851180308750337
1276851233433804800
1276851256296828933
1276851298701279232
1276851310588018688
1276851324676685824
1276851356217810944
1276851368683241472
1276851370088452097
1276851376568573952
1276851469317222400
1276851517459496960
1276851538271469569
1276851540633038848
1276851562539868161
1276851603992125440
1276851675148554241
1276851701304242178
1276851733038235648
1276851774314418177
1276851787987931136
1276851791771074561
1276851960319102977
1276851960784793601
1276851963070746626
1276851964102545408
1276852120738652160
1276852198236991489
1276852263731019777
1276852291039973376
1276852304159944717
1276852309176266753
1276852322094788608
1276852333863817216
1276852337370431491
1276852367527419911
1276852414146961408
1276852418278494210
1276852426390323202
1276852447244218368
1276852450893467662
1276852467356110856
1276852497982898180
1276852543864344577
1276852551237976064
1276852551682592768
1276852559874002944
1276852560540897280
1276852564936589312
1276852609928835073
1276852660407349248
1276852664660307968
1276852668548423684
1276852673225150464
1276852674340610051
1276852704413986817
1276852715591815168
1276852721782591488
1276852728224940033
1276852735984500736
1276852786576138240
1276852811653939209
1276852824723210242
1276852828519182341
1276852854607826944
1276852870470668288
1276852899646062593
1276852899990175744
1276852900250169353
1276852954897801216
1276852971872100352
1276853008567906306
1276853014389755905
1276853022455463936
1276853026700103680
1276853030269390851
1276853081603358721
1276853088402407424
1276853098665742342
1276853105091624961
1276853146954973184
1276853189669683201
1276853228110524416
1276853248557830144
1276853291079667712
1276853302009966593
1276853327804973070
1276853348092739584
1276853353784508417
1276853357378965504
1276853407609954305
1276853412068495360
1276853454166777857
1276853491399442433
1276853529215414278
1276853545510277120
1276853553957679110
1276853567274409985
1276853580369031168
1276853620932325378
1276853634219810822
1276853651282280449
1276853655526875137
1276853662728491010
1276853671570083843
1276853689559498752
1276853714167488512
1276853764411056129
1276853797759913990
1276853819356438537
1276853822321811457
1276853869163819015
1276853918673166338
1276853923207213062
1276853943319003136
1276853948884963328
1276853985778032641
1276853987212267522
1276853991666864138
1276854017323343874
1276854027767017473
1276854083228504064
1276854094964105216
1276854170541330439
1276854171292098564
1276854213105025030
1276854228556922883
1276854270034247681
1276854301537828866
1276854321372704771
1276854333263482885
1276854355401023490
1276854418219163650
1276854505804627981
1276854515845791752
1276854543553384449
1276854547164680193
1276854565057503234
1276854577271357440
1276854578244464641
1276854611236786176
1276854637837107205
1276854644992618497
1276854657793404929
1276854661253922823
1276854670376472576
1276854722910138368
1276854732150263812
1276854794976669696
1276854800525791237
1276854820410994688
1276854836336701442
1276854837280309248
1276854849326497794
1276854853868937223
1276854853877334018
1276854866946686982
1276854892863336448
1276854904812974081
1276854909980356608
1276854954637099009
1276855001466441728
1276855001638481926
1276855001705590785
1276855008525520897
1276855064703856640
1276855072111185928
1276855148162228225
1276855152922767365
1276855190038237184
1276855190205812736
1276855224041451520
1276855226180399104
1276855278575771650
1276855282879135751
1276855288377733121
1276855294585458694
1276855328592650246
1276855333273710594
1276855353058213888
1276855407521267713
1276855408498561025
1276855442170355715
1276855445576126472
1276855591873343489
1276855597057671168
1276855597238026240
1276855627214663681
1276855677156126722
1276855749583478785
1276855805820764160
1276855821176131585
1276855923705704448
1276855929015853056
1276855933021433859
1276855953510432769
1276856012595777537
1276856024402624514
1276856069973778432
1276856125170868226
1276856173535297547
1276856175250661376
1276856200114647042
1276856213465169920
1276856248818905089
1276856251280998401
1276856272059588610
1276856294306189313
1276856315567054849
1276856355845017601
1276856364715913216
1276856376061390849
1276856436497305602
1276856460614307840
1276856473985974273
1276856507586445313
1276856545205198848
1276856570144526338
1276856577102938112
1276856651748868098
1276856660414410753
1276856705226354694
1276856708212686849
1276856837737000963
1276856846377254912
1276856850722336768
1276856876249088002
1276856930082926593
1276856942850269184
1276857001612541952
1276857031534796800
1276857056226672645
1276857060458524680
1276857060601278465
1276857061922557953
1276857149092581377
1276857210769944577
1276857299525611521
1276857321415720960
1276857328638230528
1276857346220843009
1276857404429238272
1276857417444159489
1276857434108198912
1276857437992169472
1276857448893120515
1276857496305577986
1276857544124891138
1276857605575540736
1276857628891717632
1276857803601334273
1276857862518702083
1276857890717020160
1276857894861000704
1276857895724945411
1276857932743880705
1276857946241069056
1276857970815614977
1276857975076986883
1276857983524196358
1276857983641817088
1276857998271488000
1276857999546560513
1276858006009937921
1276858013031305217
1276858029808418816
1276858033625317376
1276858037160914945
1276858067649474567
1276858130521972737
1276858130626834433
1276858135387537409
1276858155234807809
1276858164122718209
1276858179943493634
1276858209400238080
1276858217126080513
1276858272713064449
1276858277075312643
1276858343588597761
1276858389939748864
1276858441575706624
1276858495359426560
1276858515617984513
1276858549793099781
1276858556470394881
1276858591245459457
1276858595678748673
1276858634287235073
1276858641983967232
1276858671222251527
1276858679703330818
1276858684212015105
1276858729573617664
1276858730601201665
1276858737861496833
1276858848159006721
1276858871982759937
1276858912378150914
1276858935472009216
1276858976563494913
1276858978044002304
1276858985556201475
1276859036202393602
1276859078090862594
1276859094276747265
1276859110747709443
1276859154989305860
1276859166393581580
1276859254599753729
1276859268034170882
1276859307649187844
1276859334207700994
1276859379745271809
1276859445184811010
1276859455838265344
1276859489849925632
1276859493494788108
1276859501489147904
1276859537396568064
1276859552131166208
1276859552592470018
1276859568828678145
1276859673874923520
1276859694951346179
1276859703717515269
1276859749624094722
1276859757471531008
1276859764295831552
1276859803516768256
1276859809367638016
1276859870361387015
1276859929069051904
1276859992952406021
1276860000514834432
1276860013550743553
1276860067015426048
1276860085063561218
1276860093330526208
1276860101488521216
1276860129472806920
1276860203451981825
1276860221500133376
1276860235567808513
1276860245793402880
1276860264420446214
1276860303280504832
1276860340077309962
1276860398998712321
1276860424215027713
1276860437322240001
1276860449821245440
1276860496029892608
1276860537939398656
1276860554880090112
1276860575205769216
1276860597045465088
1276860638816583682
1276860667295916032
1276860709658386433
1276860739404345344
1276860755711844352
1276860780923805697
1276860785705312259
1276860827384119301
1276860835462295552
1276860889627590656
1276860894086139906
1276860919411290115
1276860942702305280
1276860982376226816
1276861028916215810
1276861096033312768
1276861116942073858
1276861117013405698
1276861120364584961
1276861124558888962
1276861129076232192
1276861136344961024
1276861162756472834
1276861213561978880
1276861228783206400
1276861234441334792
1276861258290118657
1276861259665649665
1276861287855804417
1276861334773207040
1276861342520094720
1276861381212602368
1276861398434418688
1276861406642614272
1276861498564972549
1276861637526503424
1276861669734518786
1276861682917179394
1276861691985354753
1276861699807744008
1276861721760710665
1276861741713051649
1276861745626329089
1276861783530070019
1276861795798581248
1276861830040702977
1276861841793265667
1276861852681736194
1276861888295579648
1276861897720004615
1276861951549849601
1276861977034440704
1276861993706762240
1276862010135904257
1276862018931363840
1276862077362212865
1276862080608436232
1276862122794684417
1276862148187209730
1276862148719902720
1276862192013291520
1276862206903226371
1276862207431782404
1276862240638021632
1276862303380660225
1276862303875534848
1276862306627043338
1276862320652611585
1276862329255268352
1276862333487366144
1276862354584735746
1276862463598833664
1276862484662501377
1276862513951453185
1276862529734672384
1276862538538455044
1276862542409760768
1276862555026272258
1276862577243500550
1276862584067624961
1276862585158217728
1276862588811444228
1276862592821182465
1276862626451148800
1276862628678324224
1276862668759019526
1276862676166225925
1276862698530185216
1276862722550845440
1276862737457360898
1276862752066174977
1276862752460595202
1276862836191494144
1276862836850012160
1276862844236070912