1270128556857683968
1270128823246508034
1270129010505388032
1270129077878435843
1270129129342611456
1270129133155086337
1270129212607705088
1270129238104870912
1270129614485098497
1270129623808880640
1270129661503328256
1270129698136133632
1270129793145516032
1270129837223497728
1270129879233814528
1270130122306334721
1270130244045795330
1270130315487588359
1270130386278940672
1270130680454766592
1270130884914577411
1270131053366317058
1270131363354722306
1270131450394877952
1270131486939852801
1270131502718898177
1270131691982635008
1270131780385939457
1270131934186921985
1270132049458819074
1270132081444761603
1270132158242455552
1270132254585602058
1270132442301693952
1270132602314383360
1270132833588326400
1270132886948085760
1270132978954493953
1270133059631878145
1270133097036754944
1270133243619053569
1270133365635575808
1270133410615484416
1270133716703117312
1270133931820679168
1270133968260694018
1270134006969925632
1270134119909912577
1270134459900342272
1270134476803379201
1270134492825628678
1270134527055167489
1270134577130901504
1270134585985204226
1270134942295445506
1270134975329980419
1270134992438464512
1270135039984979969
1270135160172879872
1270135214262501376
1270135646770716672
1270135739066523648
1270136014435123200
1270136079753060352
1270136082701697025
1270136104193310726
1270136125294817281
1270136257147011078
1270136305272459266
1270136403498852352
1270136463691317254
1270136523984236544
1270136566493573120
1270136599519490049
1270136603005128704
1270136708911300611
1270136715697467393
1270136758945136640
1270136933696581634
1270136945306288130
1270137027695046656
1270137286789865473
1270137357702959106
1270137483045437442
1270137501395476480
1270137515706630144
1270137526565474309
1270137617833754624
1270137660477243394
1270137911414046721
1270137936395173889
1270137941696942080
1270138065621843968
1270138125134766080
1270138346770030592
1270138366118551552
1270138368299499521
1270138632679108609
1270138661988904961
1270138848014594048
1270138872098365440
1270138875713912832
1270138938942984193
1270138958580723713
1270138966361194497
1270138969729138689
1270139009906487296
1270139047806189570
1270139098125254656
1270139145080496130
1270139400249319426
1270139521825255425
1270139522060296194
1270139530222288897
1270139554838859779
1270139585352265728
1270139606931922946
1270139614284652544
1270139693670248448
1270139720258015233
1270139756844851202
1270139808577445888
1270139855880634368
1270139924487045120
1270140067655356419
1270140096516427776
1270140151230951424
1270140250061369345
1270140289362034693
1270140628853235712
1270140717126627328
1270140792489771017
1270140856729767938
1270140872076779523
1270140939525382144
1270141087143714817
1270141088800501760
1270141199115071489
1270141346968293377
1270141544667009024
1270141694625738752
1270141893905702913
1270142122348306432
1270142139125637120
1270142265843998721
1270142478868459520
1270142713434865665
1270142722062589958
1270142768317423618
1270142787955154944
1270142856762703874
1270142869760806918
1270143003794067457
1270143113231847429
1270143137646702592
1270143187408113668
1270143229606850562
1270143486860427265