1271759217830084609
1271759279368921088
1271759291716759552
1271759365616406531
1271759429516419073
1271759451184402432
1271759451242954753
1271759467282157569
1271759513104683008
1271759605006123010
1271759663822974976
1271759690192519168
1271759731783319552
1271759824137719808
1271759929741803520
1271759967217827840
1271759988139200512
1271760045672468481
1271760117713850368
1271760132771401728
1271760365462917120
1271760458039660544
1271760475064328198
1271760491170258944
1271760499940757509
1271760590785175554
1271760735434166272
1271760780107460610
1271760840103006210
1271760893567696896
1271760989357142016
1271761015399763969
1271761052255039488
1271761189983465479
1271761224859095040
1271761338289848320
1271761410859716609
1271761425883693056
1271761535375990784
1271761554736918528
1271761573749587975
1271761581681057792
1271761618368630786
1271761656079581185
1271761782814752769
1271761946644185088
1271762059139538947
1271762088868941830
1271762143067676675
1271762219064320000
1271762377843904512
1271762444600225792
1271762453815328768
1271762481820479488
1271762566805667846
1271762776206254080
1271762923472384005
1271762936218804225
1271763002811920384
1271763058277269504
1271763075176321024
1271763124429996032
1271763174451220480
1271763254000394241
1271763288045617152
1271763296102776832
1271763314767474689
1271763330970107914
1271763343779356672
1271763363597516802
1271763510540697601
1271763542916595719
1271763561669373955
1271763644787748864
1271763808126734337
1271763933708406784
1271764119599960066
1271764295001550849
1271764374424821760
1271764518717345792
1271764638368235520
1271764782731812865
1271764927477407744
1271765076123385856
1271765211071078402
1271765225205891073
1271765305438752768
1271765348300308482
1271765419523747840
1271765423487361025
1271765453505888256
1271765508216557569
1271765599941771264
1271765742304837633
1271765786227507203
1271765926648647680
1271766031334166530
1271766044240216066
1271766094295031808
1271766295906844672
1271766328848809985
1271766336365113344
1271766391486468097
1271766421392052224
1271766605660372992
1271766627747536896
1271766647083171840
1271766715651829761
1271766757364072449
1271766768214847488
1271766819783704579
1271766820358414336
1271766823244115970
1271766833289256960
1271766908237418497
1271766932610519040
1271766941401640960
1271767096322592769
1271767155563016194
1271767345459982337
1271767482714423301
1271767592072392704
1271767721722679298
1271767787896287233
1271767872142888960
1271767940313034754
1271767955995455489
1271768018931113984
1271768036421201921
1271768083301044226
1271768146425393158
1271768182265528320
1271768384573591553
1271768431604502528
1271768442354282497
1271768459383275520
1271768581802545161
1271768589671051266
1271768670012915712
1271768695027744768
1271768748886601731
1271768785586991104
1271768842432217088
1271768959466045442
1271769073098129408
1271769109139619841
1271769119629729792
1271769134557249541
1271769201682681856
1271769256028495873
1271769329303015427
1271769357425704965
1271769437218234368
1271769489357578245
1271769587525332992
1271769596035502080
1271769680500441088
1271769730689437697
1271769757298167811
1271769827959504896
1271769873681534977
1271769906833481729
1271769987473190914
1271769993009606656
1271770104980701186
1271770221628489728
1271770267472334848
1271770338624286722
1271770397478879234
1271770406760972290
1271770535278465025
1271770541389684736
1271770544610869249
1271770552710172672
1271770596247035905
1271770637166456833
1271770670976962561
1271770692644560896
1271770711787368450
1271770862878961664
1271770963990974473
1271771036288266241
1271771085432913920
1271771320779337731
1271771369735421952
1271771412177588225
1271771467470888961
1271771546621669379
1271771550820294656
1271771580557819904
1271771710325501952
1271771895931834368
1271771941423235072
1271771944933904384
1271772042338037761
1271772127197368320
1271772188413169664
1271772225981550592
1271772238593904640
1271772293707038721
1271772306025701377
1271772315030880257
1271772332776972288
1271772360283172872
1271772481649426433
1271772495310393344
1271772495360561152
1271772704111124481
1271772714198618112
1271772733500727296
1271772788093784066
1271773056424456192
1271773217313533953
1271773258803806208
1271773358229618688
1271773359815131136
1271773476358152193
1271773476924293121
1271773514148663296
1271773517474926592
1271773615294279681
1271773619446824960
1271773728054013952
1271773753043750912
1271773779077869569
1271773811868930052
1271773828461613058
1271773828486762496
1271773902751088640
1271773930450120704
1271774035303632896
1271774147589427200
1271774192355151872
1271774218817081344
1271774220759052290
1271774240493252610