1275971976222384128
1275971977749180417
1275971978789359616
1275971980441849856
1275971986313773064
1275971986703998979
1275971987165323264
1275971989597941760
1275971990902489091
1275972011865419777
1275972033721987072
1275972041846513664
1275972046501994496
1275972054546698240
1275972083164385282
1275972125237612545
1275972133815029765
1275972173669306368
1275972175133126656
1275972176810655745
1275972225666101248
1275972226416689152
1275972272382148608
1275972346877145089
1275972347783233537
1275972376690393088
1275972393325023232
1275972406276849665
1275972415328104450
1275972461331468289
1275972481531117568
1275972481883529217
1275972497788342283
1275972511344230407
1275972522291466241
1275972540062674946
1275972574690684929
1275972577199079424
1275972652272807936
1275972666453704704
1275972670509797376
1275972709143453696
1275972712171737088
1275972713815957505
1275972751585677315
1275972758342688770
1275972762331381760
1275972771655360513
1275972783940370432
1275972791792214016
1275972797152591872
1275972801640443904
1275972825661218817
1275972905105416192
1275972911178842112
1275972926341144577
1275972943932162048
1275972993206726656
1275973073099984896
1275973077260795905
1275973097733025792
1275973102350917633
1275973139965661195
1275973161155285000
1275973165131259909
1275973173486313473
1275973178012073984
1275973188019580928
1275973212455632897
1275973249785004033
1275973253492879360
1275973259150929920
1275973299437211648
1275973328704946177
1275973333226360832
1275973341686517761
1275973372636131330
1275973380043206657
1275973383650529280
1275973390315261952
1275973405259583489
1275973405725114370
1275973418106490880
1275973428965588993
1275973463765893125
1275973476436848640
1275973486863945728
1275973488227033091
1275973497215348736
1275973541574389762
1275973639473635331
1275973643827179520
1275973643990732800
1275973710667628545
1275973735724601346
1275973755437813760
1275973773846392832
1275973841676689408
1275973861574672389
1275973896198643712
1275973932315824133
1275973952305868800
1275973962934206466
1275973983993769984
1275973992285794304
1275974000116740098
1275974052092542979
1275974062997737472
1275974097277718528
1275974134636466177
1275974134762295296
1275974153032601600
1275974176898252801
1275974197542621189
1275974264810856451
1275974269223108609
1275974275229528065
1275974282061979648
1275974348910755840
1275974373845811200
1275974436227670016
1275974440715780097
1275974469782208512
1275974470155591686
1275974477701173248
1275974504225759232
1275974545640493056
1275974545854345216
1275974562073755648
1275974587809816576
1275974604784369664
1275974616499044357
1275974616540827654
1275974618889756673
1275974673080086528
1275974675856863234
1275974726293360640
1275974729543946240
1275974736108011520
1275974750976671744
1275974809579597829
1275974809839681537
1275974830366633984
1275974842836230144
1275974843616374787
1275974935891116033
1275974937027776512
1275974947798683654
1275974948092289024
1275974952655749123
1275974976420450304
1275975090962907145
1275975109132640258
1275975153608830977
1275975157425807361
1275975172823093249
1275975191487746054
1275975204360028161
1275975216531898368
1275975267744350212
1275975297989517323
1275975304977231872
1275975305304387584
1275975319829262337
1275975321360228352
1275975334005846016
1275975340993720323
1275975392449318915
1275975464398528512
1275975473340825600
1275975481079345152
1275975489270640640
1275975611614289920
1275975648540979200
1275975652999659520
1275975657416056833
1275975664944832513
1275975694447714304
1275975728735981568
1275975731856601089
1275975757257416704
1275975783190847489
1275975816761864194
1275975870734307328
1275975897020063745
1275975915051208704
1275975922542350336
1275975951210381313
1275975954649813000
1275975975327555585
1275976013479129089
1275976026011529218
1275976047603957762
1275976052473503744
1275976056365649921
1275976063416332288
1275976064699957248
1275976072115490816
1275976105447620609
1275976123151560704
1275976127450738688
1275976131326308352
1275976134862073857
1275976138481790976
1275976168567648256
1275976168982876160
1275976176868249600
1275976178944233474
1275976189518249985
1275976201903931393
1275976210045177856
1275976261098184704
1275976311442493441
1275976311476011008
1275976340282511370
1275976353318404104
1275976378169675777
1275976390660075521
1275976395655507968
1275976420515250176
1275976424176967685
1275976454153650176
1275976457840459776
1275976462844096512
1275976478681894912
1275976502761402374
1275976558897963009
1275976563134251010
1275976571183136770
1275976583816400896
1275976630029058048
1275976633812488193
1275976639185326081
1275976651717914625
1275976654981136385
1275976725336166400
1275976735197192192
1275976760497246211
1275976767967162374
1275976775500259328
1275976779866550277
1275976802536763398
1275976826842566657
1275976837219450880
1275976886024310784
1275976890516336641
1275976987262070789
1275977028743966720
1275977033047134209
1275977045223317504
1275977060255780866
1275977074386272256
1275977149778989059
1275977158180012033
1275977174856675329
1275977183455072262
1275977204711579648
1275977229596372993
1275977271606751236
1275977292280467457
1275977298672357376
1275977373649903616
1275977389114359808
1275977401915322368
1275977439328399361
1275977447708569602
1275977468579655680
1275977477878247425
1275977481539837952
1275977482114461696
1275977500976242693
1275977511084503040
1275977553279193088
1275977556974399488
1275977563379249152
1275977582282977281
1275977603124539392
1275977611420864513
1275977628046983168
1275977662780104704
1275977690781233155
1275977695109746688
1275977715997462528
1275977720715972608
1275977721634607105
1275977741452673024
1275977762889707520
1275977766719164416
1275977802806898695
1275977845064400898
1275977880099405825
1275977884553957376
1275977888588877825
1275977896360906753
1275977913167482882
1275977934847774722
1275977934948442113
1275977951373406211
1275977960156065792
1275977968087633920
1275978022177460225
1275978068251807744
1275978068646080512
1275978079597453312
1275978080272519169
1275978118625406976
1275978131103416321
1275978152494485504
1275978198963171328
1275978202620424192
1275978206642913280
1275978206709821440
1275978218223403015
1275978277992255491
1275978281741807616
1275978295910285314
1275978306874155008
1275978310317682688
1275978316495929351
1275978383726387200
1275978395654991874
1275978408942501888
1275978410980859905
1275978420569157634
1275978478987272194
1275978487443197952
1275978518879485952
1275978525607170049
1275978531982307331
1275978568116301825
1275978571425681408
1275978607630913537
1275978617873408001
1275978618703884288
1275978622457839616
1275978643643068416
1275978704871665664
1275978706910154754
1275978718574342144
1275978718951989248
1275978723523584000
1275978727348858880
1275978752099602432
1275978798475943936
1275978819820716038
1275978858995388417
1275978870496378880
1275978958002159616
1275978966017294336
1275978974447927302
1275978982765166592
1275978983444799489
1275978985831313410
1275978990927458304
1275979003862679552
1275979004017815558
1275979033637863424
1275979050411057152
1275979075056742400
1275979079187980288
1275979081851559939
1275979121290473473
1275979150424072192
1275979171970375686
1275979180040167424
1275979192300122112
1275979213653319686
1275979216459313152
1275979233475641344
1275979234457124865
1275979239167348736
1275979257185882112
1275979259622952961
1275979263167074304
1275979281110269952
1275979293282177024
1275979306452217856
1275979347967594501
1275979348072431617
1275979351427878915
1275979365067653120
1275979376392155136
1275979436605800448
1275979440292540418
1275979440728784903
1275979448333074434
1275979452669968384
1275979473964470273
1275979486866092032
1275979565861687298
1275979574384476171
1275979586774331392
1275979599638343680
1275979624430919681
1275979637512900608
1275979641891651585
1275979658945683457
1275979678927319040
1275979687345471490
1275979687731363841
1275979700884500480
1275979729976397825
1275979751581274114
1275979771952807941
1275979776252133376
1275979788776345600
1275979796439326720
1275979821877809153
1275979822120996875
1275979825900126208
1275979834938753026
1275979855423844352
1275979859647361026
1275979880409202689
1275979888638390275
1275979923526766592
1275979928178057216
1275979935492997120
1275979951930564608
1275979963993223168
1275979977180229633
1275980083967201281
1275980086416740354
1275980090086694913
1275980136177897472
1275980183023964162
1275980224392507398
1275980240880197633
1275980291203567616
1275980312359641090
1275980321679446019
1275980442315952129
1275980455213502465
1275980523408551937
1275980530421383169
1275980538952790020
1275980547697913859
1275980561014763521
1275980609467191296
1275980610583105542
1275980614873710592
1275980626550800384
1275980681336836099
1275980685946155013
1275980699397312512
1275980706594750464
1275980736357699585
1275980740438765568
1275980749540397057
1275980757312233472
1275980778040688642
1275980840703533056
1275980840850374657
1275980874782330880
1275980939814993922
1275980979509829634
1275981014003843072
1275981088410738688
1275981092470874112
1275981093221564424
1275981130446049284
1275981185005629441
1275981239644590080
1275981280228843520
1275981281789173761
1275981302840168448
1275981318921138176
1275981402899709953
1275981403281219585
1275981407161135105
1275981411304996872
1275981436965859329
1275981437238476803
1275981503009177600
1275981508004720640
1275981515869114369
1275981524412665856
1275981538014846977
1275981545719898112
1275981583716139012
1275981608873455616
1275981629350203393
1275981629870223360
1275981633288634369
1275981637625446400
1275981680768139268
1275981721381376000
1275981730546102272
1275981774800195585
1275981790856056833
1275981793720598529
1275981830844538880
1275981842697654272
1275981851275014144
1275981852482781184
1275981897856933889
1275982006745272321
1275982053964746752
1275982055885508608
1275982065452883969
1275982124529717249
1275982125225951234
1275982158675484672
1275982162559406080
1275982180997574656
1275982187267940353
1275982195530723328
1275982217467105282
1275982266922131462
1275982307640242177
1275982307875315712
1275982351022120962
1275982393049067521
1275982396391854080
1275982409113223168
1275982455816826885
1275982476842872832
1275982532035719170
1275982569717338119
1275982602835542017
1275982606312538112
1275982626738896896
1275982648201170944
1275982673899597824
1275982674654490624
1275982687329824769
1275982707168817155
1275982741008461824
1275982758624595974
1275982778723495936
1275982783391858689
1275982785405054977
1275982793252704257
1275982803784646656
1275982804338253824
1275982812500418561
1275982862743932928
1275982878334124032
1275982969329590273
1275983027596693505
1275983035221991424
1275983042402758658
1275983085402836992
1275983131879903237
1275983133163220992
1275983164956192768
1275983202532962304
1275983202775994368
1275983211324153856
1275983223516991491
1275983227333771264
1275983336406683648
1275983354781933570
1275983364953198592
1275983382200094720
1275983441167814657
1275983441910063104
1275983471220068352
1275983478929141760
1275983501834113024
1275983504879337474
1275983587532173312
1275983634785341441
1275983635217362944
1275983655631048704
1275983680599519233
1275983747049914368
1275983756269162496
1275983781556391936
1275983793627623424
1275983814293061633
1275983827081535488
1275983844533919749
1275983923491647488
1275983959143276544
1275983978273615873
1275983987765280768
1275984032405356544
1275984050365370368
1275984058221236224
1275984117369372672
1275984167424098304
1275984204040409088
1275984236009439232
1275984296927465472
1275984305353682944
1275984343245090817
1275984377718153216
1275984397955747841
1275984410349879297
1275984414355251201
1275984453010104320
1275984465127342080
1275984519787450368
1275984573780779009
1275984574204522497
1275984603187208193
1275984612192370688
1275984641673924608
1275984645637603334
1275984653535625216
1275984725606187008
1275984729448173569
1275984744149331968
1275984800482856961
1275984813577682946
1275984838487535616
1275984847140524035
1275984868049117184
1275984873958735872
1275984915050360832
1275984989788803072
1275985006545027072
1275985013922807810
1275985035800088576
1275985052212637696
1275985073028784128
1275985086446555137
1275985117127806978
1275985169690718208
1275985174543642625
1275985189005639680
1275985191044026369
1275985211482832896
1275985265618833412
1275985265836859393
1275985273445388288
1275985295335358466
1275985320576577537
1275985324997369856
1275985346652565506
1275985362058428424
1275985374658072576
1275985381364768768
1275985446691053568
1275985521567768581
1275985525632118785
1275985539083231238
1275985541595566080
1275985591600021504
1275985631248887810
1275985643928256512
1275985688622751749
1275985692741566465
1275985695459467265
1275985699917848577
1275985735976398848
1275985747934248960
1275985769778167810
1275985786907897856
1275985807556382720
1275985848882921474
1275985849465872387
1275985858064244736
1275985860698275844
1275985870722486272
1275985882277982208
1275985971100692480
1275985983331110913
1275986005582139393
1275986012594814978
1275986033717530626
1275986080441999360
1275986159588401153
1275986181189066753
1275986202894594048
1275986205503520769
1275986235631308801
1275986239435358208
1275986248008527872
1275986269840048128
1275986277444145154
1275986277851070464
1275986289834196992
1275986322839257088
1275986369312153602
1275986386072539136
1275986429286526978
1275986465588215808
1275986474446450690
1275986482742857729
1275986491404148737
1275986509808709632
1275986511792615425
1275986545951084544
1275986572484190209
1275986583770894336
1275986591429918720
1275986600095178754
1275986600405749761
1275986628562104325
1275986688339132417
1275986705330339846
1275986721449013248
1275986776989904896
1275986813342175232
1275986817737560065
1275986872016220166
1275986954417590274
1275986989653741569
1275986993969860609
1275987027402481664
1275987074781413376