1268301489451290624
1268301527497621505
1268301532203823108
1268301535802515458
1268301560687161345
1268301643856195589
1268301670087159809
1268301735241699330
1268301963986337792
1268302205779574789
1268302258183208961
1268302261756628993
1268302337086496774
1268302437703507969
1268302513830158336
1268302592603492352
1268302634751913986
1268302642909831168
1268302752372985859
1268302756298788864
1268302785327427585
1268302844404183040
1268302974603812864
1268303264317149185
1268303339114151936
1268303620539330560
1268303644727758848
1268303729167527938
1268303798918881280
1268303930968031233
1268303984290410497
1268304001839149058
1268304652795285507
1268304661284519942
1268304700690006016
1268304812241649664
1268304962502766596
1268305071797948423
1268305138009153538
1268305369819951104
1268305517119778816
1268305570609737729
1268306124266225668
1268306170512576517
1268306250225328129
1268306355225612288
1268306394203086849
1268306627855364097
1268306665293529089
1268306674223206400
1268306699321929728
1268306925063634951
1268307244099104770
1268307324491509765
1268307445459361797
1268307714305736704
1268307752436318210
1268307911018594304
1268307920204304386
1268308070591012886
1268308120746340352
1268308166959194112
1268308297188171776
1268308385616756740
1268308456303460354
1268308830015967232
1268308960219525121
1268309031921299464
1268309163702181889
1268309185365594114
1268309333428834304
1268309383873622017
1268309404304191490
1268309475737260032
1268309597972049920
1268309652523167745
1268309748669169664
1268309778004140032
1268309858891083778
1268310029301682176
1268310083949096962
1268310176295120896
1268310264123883520
1268310284990418944
1268310579761909760
1268310671025770496
1268310687585107968
1268310831038713863
1268310850529562624
1268310897501618181
1268310994805284865
1268311032520273920
1268311124170031104
1268311162317205504
1268311183263535104
1268311292110163969
1268311342643109891
1268311468589678600
1268311518732582912
1268311614840766473
1268311770051084289
1268311837726011392
1268312059432841217
1268312135148490752
1268312156304523264
1268312168673406976
1268312171596976128
1268312290157264896
1268312316531146753
1268312348919500801
1268312516460974082
1268312517236764672
1268312554129907712
1268312646442291200
1268312784409784320
1268312852089143296
1268312965515624452
1268313220655321088
1268313228905451520
1268313230046162944
1268313451832635393
1268313512130031616
1268313586058887168
1268313707148427266
1268313770180390912
1268313795887276037
1268313872026329088
1268313917547180033
1268314071117336577
1268314378786402306
1268314399699169280
1268314420976869376
1268314455923884032
1268314508608577542
1268314513331204096
1268314597674455045
1268314660941389824
1268314680889503744
1268314844345839620
1268314850628964353
1268314979104518144
1268315142942371840
1268315163914100739
1268315191206391810
1268315261947396096
1268315478528856070
1268315603925962754
1268315607017181184
1268315652168843264
1268315750730694660
1268315783613960192
1268315867898458113
1268316094206373888
1268316098316791808
1268316149155913730
1268316178717556737
1268316203002376193
1268316253589925888