1275322699238293505
1275322701922607107
1275322757937606656
1275322807799427074
1275322813088440321
1275322836773715968
1275322850803662849
1275322855073464321
1275322872819519489
1275322906705362944
1275322909603610624
1275322910065004545
1275322928972869632
1275322965236875265
1275322994437611520
1275323121629872128
1275323141301178370
1275323169432317952
1275323313061916672
1275323329528901632
1275323418473230336
1275323795587416064
1275323841221451777
1275323842123030528
1275323849802907648
1275323862939570177
1275323955709120512
1275324105357746177
1275324172512587782
1275324229647347712
1275324550977388544
1275324554303471616
1275324778887278592
1275324856641351680
1275324935519580160
1275324985721028609
1275325058324586502
1275325187383271424
1275325319008808961
1275325325514289152
1275325339674324993
1275325523116216320
1275325524982652929
1275325556867977222
1275325711847321600
1275325940344614912
1275325971982430210
1275326147002318848
1275326405035909120
1275326479878942720
1275326482546491392
1275326487445585920
1275326509109166080
1275326748054269954
1275326760301858816
1275326765552898049
1275326798658592770
1275326845123047424
1275327168776753153
1275327279858622464
1275327280403939330
1275327289694224384
1275327440164843521
1275327475267121154
1275327504845344768
1275327570180005889
1275327649888387072
1275327766364254208
1275327906714181633
1275327910304505856
1275327972099215360
1275327997420109825
1275327998531534849
1275328036456390656
1275328116588793856
1275328161182633987
1275328169323749376
1275328338014416897
1275328379663855617
1275328417072926721
1275328417802715136
1275328438312763392
1275328551961706497
1275328556030189568
1275328684992466945
1275328769465757696
1275329038744240128
1275329201231593472
1275329264074686465
1275329424708104192
1275329473739620354
1275329557558693888
1275329566282784769
1275329605117739008
1275329684490731522
1275329796898263040
1275329859527589889
1275329866884251648
1275329876937936897
1275329889244250113
1275329893514063872
1275329968776634368
1275330012112130049
1275330133201694721
1275330248536719361
1275330295865020416
1275330320829685761
1275330324914941953
1275330362751811590
1275330443538075648
1275330632306941952
1275330675164491777
1275330682558902276
1275330690591186946
1275330934418653184
1275330980799107074
1275331013107830786
1275331047891152896
1275331140656791553
1275331147212488705
1275331190954786817
1275331338195873792
1275331376796106752
1275331395934736384
1275331504109809664
1275331730724007936
1275331764261543936
1275331995761967104
1275332096681181184
1275332141140914176
1275332204785213440
1275332452396007424
1275332465838694400
1275332595031687169
1275332627852079107
1275332641269714944
1275332663142838272
1275332850422669312
1275332871784247298
1275332950582755330
1275332989875097603
1275333065523572736
1275333101669892096
1275333341009580034
1275333449646133248
1275333451550298112
1275333472165531648
1275333522056601600
1275333564142424068
1275333653694803968
1275333715342827520
1275333782153900032
1275333894888292352
1275334005114765317
1275334021732429825
1275334033036185600
1275334062274723840
1275334151646871558
1275334261080354816
1275334264842850304
1275334285893881856
1275334422414286848
1275334486419480576
1275334671920803841
1275334679286222848
1275334737909952512
1275334807418032128
1275334915110735877
1275334989970837505
1275335023059664903
1275335062330978306
1275335133529354240
1275335258116939776
1275335320133873665
1275335392959639557
1275335405211054080
1275335443136032768
1275335460705927168
1275335580813946881
1275335585343909890
1275335660401037322
1275335732975022080
1275335826314936320
1275335833189416962
1275335893293977600
1275335896506695681
1275335933022306305
1275336062714273796
1275336098030510080
1275336101339815936
1275336124970360832
1275336129642815488
1275336172240121856
1275336175822266368
1275336214380339200
1275336278792437765
1275336415581257728
1275336538650484738
1275336584716521473
1275336626286231552
1275336836215341056
1275337078235115520
1275337228475039744
1275337447723892737
1275337459858055168
1275337531446493184
1275337565038510081
1275337565160136706