1276364565110980612
1276364654139277312
1276364704017940480
1276364750348341253
1276364826093260800
1276364828718833664
1276364859207286784
1276364861203767298
1276364875896217600
1276364908872060928
1276364945404223488
1276364955625848832
1276364976177938432
1276365030867558400
1276365051545260032
1276365063759200256
1276365069320888325
1276365110517403648
1276365134525394951
1276365185817563137
1276365190901248001
1276365206684422144
1276365307972448257
1276365349240406016
1276365367087169538
1276365488143007746
1276365496716267527
1276365513501925386
1276365525757693953
1276365627335344128
1276365659857752065
1276365668108111872
1276365756863672321
1276365765361401857
1276365777600479233
1276365852686708737
1276365873947783169
1276365903270207488
1276365949554343937
1276365963017912323
1276366054059638786
1276366066491547648
1276366096308682753
1276366138448900096
1276366172120809476
1276366197416554497
1276366213950525440
1276366243294064640
1276366254756950017
1276366297400406019
1276366314903343104
1276366318699048960
1276366386021818374
1276366390186971136
1276366397946212354
1276366407261761536
1276366411087187970
1276366456243007490
1276366465508102145
1276366557204054016
1276366561985671170
1276366567928999936
1276366596148211712
1276366599356772352
1276366620139622401
1276366650011508736
1276366658874085377
1276366688477306881
1276366758555811841
1276366786246488069
1276366801161478144
1276366822124609538
1276366826042265601
1276366939368173570
1276366956300394496
1276366981575446529
1276367031764258816
1276367046620700672
1276367079046737920
1276367107417145345
1276367148491796481
1276367182914445312
1276367361633685504
1276367484992385024
1276367582933573634
1276367590902976515
1276367636339752961
1276367661299929090
1276367715276472320
1276367717671432192
1276367773648609280
1276367794322489350
1276367857711022080
1276367921661358082
1276367963046715392
1276367971527438336
1276368064016257025
1276368067866607621
1276368075571355648
1276368093309095936
1276368131309658112
1276368160443129858
1276368181263646721
1276368189216092160
1276368190147346434
1276368198019899392
1276368219784314881
1276368235387138056
1276368252579405824
1276368310658088960
1276368353129422848
1276368398390190081
1276368403461279744
1276368420116795392
1276368433135812609
1276368439695851521
1276368486525136899
1276368495983419392
1276368558008594438
1276368579592478725
1276368617819435008
1276368684039233537
1276368780554371072
1276368788951359488
1276368789563572225
1276368889631264768
1276368918769213440
1276368932388012032
1276368973735608321
1276369032569028609
1276369162626125824
1276369167378034688
1276369195555577856
1276369208662806530
1276369230670290945
1276369231207071744
1276369231546744833
1276369246574874625
1276369249619996672
1276369254485569536
1276369262597287936
1276369279991021568
1276369280410497026
1276369309145747457
1276369342318379009
1276369364376186881
1276369372202913793
1276369373825884160
1276369392381710337
1276369615522799616
1276369669755211779
1276369697508909057
1276369753624522753
1276369770816798720
1276369834104815616
1276369885841559553
1276369908524351488
1276369925620273159
1276369947279732736
1276370055442370561
1276370080884944901
1276370232748044289
1276370253556019201
1276370256685158401
1276370395956776960
1276370407814094848
1276370408288194560
1276370420774641667
1276370483030773760
1276370521328889856
1276370521504931840
1276370525850267649
1276370569294827520
1276370572256120834
1276370580489433089
1276370642573672448
1276370656146460673
1276370705530028032
1276370806994591744
1276370840494370817
1276370849159761924
1276370940482351104
1276370954214506496
1276370961281908736
1276371071781031936
1276371100885233666
1276371129540603904
1276371204648177666
1276371234490593281
1276371235077648384
1276371273401069568
1276371284100739072
1276371302039851010
1276371338681298945
1276371393395994624
1276371415009308672
1276371419358736384
1276371419698327552
1276371423532142593
1276371451294167040
1276371544906719232
1276371550707396613
1276371566113157120
1276371604256239616
1276371615333232640
1276371620647645184
1276371657716830208
1276371745570725890
1276371766160613378
1276371805293477893
1276371817288986624
1276371833588191232
1276371989503016960
1276372052061151232
1276372112782045184
1276372128158420992
1276372132465958913
1276372139340369920
1276372174174138368
1276372233276002305
1276372245657649152
1276372253404471296
1276372299499876353
1276372324967735298
1276372325680758789
1276372337755971589
1276372388150513664
1276372400855306240
1276372409445220353
1276372421818245122
1276372447122427904
1276372453732896768
1276372454189879296
1276372504257409030
1276372505616420864
1276372522326343681
1276372529238749185
1276372543264428032
1276372547332956160
1276372589028560897
1276372702035619840
1276372731605528576
1276372801998385154
1276372853617762305
1276372865777098753
1276372868264271873
1276372887583240192
1276372896273874945
1276372928561442817
1276372978746392576
1276373033242906624
1276373034446712833
1276373042252390400
1276373075265753089
1276373088880349185
1276373149634818048
1276373163266445312
1276373222791864320
1276373255960625152
1276373256375808000
1276373310180212736
1276373348478521345
1276373394183733248
1276373436852580353
1276373445333393409
1276373458151182336
1276373506276515840
1276373595543842816
1276373632273600512
1276373638242058242
1276373654113304576
1276373658466947072
1276373662182989825
1276373756919738368
1276373767829237760
1276373822694928384
1276373880526036992
1276373897907232768
1276373914223104001
1276373969067597824
1276374065276747776
1276374111418114048
1276374126270140416
1276374157924511745
1276374179541966849
1276374195396460545
1276374204338696192
1276374237691985921
1276374265219014656
1276374271909036033
1276374287352508418
1276374312954613763
1276374321254903809
1276374350409592832
1276374359645605889
1276374379983749124
1276374392684064768
1276374413177270272
1276374469251149824
1276374522267082753
1276374527489040384
1276374535344918529
1276374540487143426
1276374575454973952
1276374598356021248
1276374702773149699
1276374737237815297
1276374741104746496
1276374778949955585
1276374792640159747
1276374807844737024
1276374833589293056
1276374849733177345
1276374858562023430
1276374942188093440
1276374946521010179
1276374988820566017
1276375055082164224
1276375089106354183
1276375159918809089
1276375201052147712
1276375244798865409
1276375249307590657
1276375265099296768
1276375401443532801
1276375479239561217
1276375487883837440
1276375491650428929
1276375499451838466
1276375529893924864
1276375537502453761
1276375545832509442
1276375547069644801
1276375553193332736
1276375608663171074
1276375713516380160
1276375727064170496
1276375734643232770
1276375760937328641
1276375776611299328
1276375857456709632
1276375956538695680
1276376388933693441
1276376389034401793
1276376397204926464
1276376426703466498
1276376490335186945
1276376514712535040
1276376582660243456
1276376598631993345
1276376649798483968
1276376670308450304
1276376671768150016
1276376740898594816
1276376749790490625
1276376767020912640
1276376783051460608
1276376783294734336
1276376787317071872
1276376817138454533
1276376863137427457
1276376918229610496
1276376969106644992
1276377054443966465
1276377055874166785
1276377089650745346
1276377190637228032
1276377218361556992
1276377320127897600
1276377371138863107
1276377391816998914
1276377455037747201
1276377546494562304
1276377568313323522
1276377642963308544
1276377696096968704
1276377714346414080
1276377714988068864
1276377748022407169
1276377750278832129
1276377773481897986
1276377849407176704
1276377861494943746
1276377866163195905
1276377880642105344
1276377907812864000
1276377915547168770
1276378024695324672
1276378066751643649
1276378083956674560
1276378084699037697
1276378175673479177
1276378183726579712
1276378209945337856
1276378217713147905
1276378221622235136
1276378251762556932
1276378260218118149
1276378293604843520
1276378301687267329
1276378318477000704
1276378322616889345
1276378452719857665
1276378473867571200
1276378482155675648
1276378511553343488
1276378549105111045
1276378554243186689
1276378561335554048
1276378646689845250
1276378683700174850
1276378721470087168
1276378730156310528
1276378758631624704
1276378800549486593
1276378814252228608
1276378820023640065
1276378844912594945
1276378872444059648
1276378918841315330
1276378926558752769
1276378960495026176
1276378994288537600
1276379090304430081
1276379091109916674
1276379093768957952
1276379107887140869
1276379119203295232
1276379132146978816
1276379199834488832
1276379258038784000
1276379275109621760
1276379289865216001
1276379334178029572
1276379337571344384
1276379363601084420
1276379369313730560
1276379564558729217
1276379639632613379