1269615092062011392
1269615092213129219
1269615093332897792
1269615195820888065
1269615280579325955
1269615310191149058
1269615355585916930
1269615362661744640
1269615448049324032
1269615473362006020
1269615506098659335
1269615552655290375
1269615587736653825
1269615616182411264
1269615831069016064
1269615863721717767
1269615929966694403
1269615942520246272
1269615960148848642
1269616039144427520
1269616077308215296
1269616119414841344
1269616169922768897
1269616182409203718
1269616211551125519
1269616282426585089
1269616303305822213
1269616358397886464
1269616501788639232
1269616536198590465
1269616614430789632
1269616666482221057
1269616669107851269
1269616781615865857
1269616819398225920
1269616840529018880
1269616875194904578
1269616894920626176
1269616899333091329
1269616927112126464
1269617181584699392
1269617440104673281
1269617528688566274
1269617577862615041
1269617662109376516
1269617741981499393
1269617873544114176
1269617937205387264
1269617938845196289
1269617951537344512
1269617952179052544
1269618019367616513
1269618023926816771
1269618127781933062
1269618152096268289
1269618183331287040
1269618266055606274
1269618476190240769
1269618568389246976
1269618578040512514
1269618707657039872
1269618732760010753
1269618791136350208
1269618815790469121
1269618829145059329
1269618867048820737
1269619084171177984
1269619127720738818
1269619159521951744
1269619205961285633
1269619219060031493
1269619219571847168
1269619328065945600
1269619344922816515
1269619454536749057
1269619545926512646
1269619549651046400
1269619704802533384
1269619805801283585
1269619835455094785
1269619928128094210
1269620064589774849
1269620072248741888
1269620133309358080
1269620240188444672
1269620308706758658
1269620317971976192
1269620341183307778
1269620359399006209
1269620410561134599
1269620531298357248
1269620539880079361
1269620715919196161
1269620722449756161
1269620724366544897
1269620862963060736
1269620874170249218
1269620887898095617
1269621127132835840
1269621135349624832
1269621253595422721
1269621328799100928
1269621378623459328
1269621408360828930
1269621655451533315
1269621729393102848
1269621882661134336
1269621922234462212
1269621923572400129
1269622028459560960
1269622150631219205
1269622175348273154
1269622192649777153
1269622364003872771
1269622385231134721
1269622440432459776
1269622549379514368
1269622679419658240
1269622684431921159
1269622846843748354
1269622884345032704
1269623001961705472
1269623275208015874
1269623484340207617
1269623711528861696
1269623760992141312
1269623811990794242
1269623832425332739
1269623878378274816
1269623933772468225
1269623947622002688
1269624045785489413
1269624102115069955
1269624180603002882
1269624288564383745
1269624650205667330
1269624779830636544
1269624864362528769
1269624886898688000
1269624940044734471
1269624965101469696
1269625006511849472
1269625027567276032
1269625035720765444
1269625050958893057
1269625186896228353
1269625228650516481
1269625317129203718
1269625438483156992
1269625605642948608
1269625644763148288
1269625662610038784
1269625711255605248
1269625753110548480
1269625794927529984
1269625900146049024
1269626000956100609
1269626039220801538
1269626167088340993
1269626206607020032
1269626307765305346
1269626369912250368
1269626416024485888
1269626496013996038
1269626756652294144
1269626887141298176
1269626910532947968
1269626918808231936
1269626957064437761
1269627078514667523
1269627200933728257
1269627231783059458
1269627280676003840
1269627321666998282
1269627339094228992
1269627548943757312
1269627569315418112
1269627737234432001
1269627814023585798
1269627816968105984
1269627821053353985
1269627848198959106
1269627972555849728
1269628064465473536
1269628249619009537
1269628250160082944
1269628282833711104
1269628359358779393
1269628409442906117
1269628433199321088
1269628483686281222
1269628542331084802
1269628606231334914
1269628649537507328
1269628658873823232
1269628673168158727
1269628724246458368
1269628760573317120
1269628773802086403
1269628786947117057
1269628861001502720
1269628882447003658
1269628916467142659
1269629024474673153
1269629146277298177
1269629156213563392
1269629159787188226
1269629182088228864
1269629204917825548
1269629205345640448
1269629241907269632
1269629247754104832
1269629323419553794
1269629485437067265
1269629608372113411
1269629621051547649
1269629770607853569
1269629809002532864
1269629843152519176
1269629857157181441
1269629861255151619
1269630019116118018
1269630026934296581
1269630069783138304
1269630126762885121