1277210145118773248
1277210217420394496
1277210237779533826
1277210288455065600
1277210300685656066
1277210300740075521
1277210313075699716
1277210350614728705
1277210408017899521
1277210434714533893
1277210477387489280
1277210510149156866
1277210549055610880
1277210560900354049
1277210561646940161
1277210645373415426
1277210659495780352
1277210670367494144
1277210679007678464
1277210800663527424
1277210896390066177
1277210905139437568
1277210925834043394
1277210934646210568
1277210938710675457
1277211072676667392
1277211102682767361
1277211231783391235
1277211262259212288
1277211273382572037
1277211278260436992
1277211298409955333
1277211324842479616
1277211324930576384
1277211332144697344
1277211341435088897
1277211496754208773
1277211542329659393
1277211643815002115
1277211655953428482
1277211723683020800
1277211744591626241
1277211969355948032
1277211978696712192
1277211995356315653
1277212103909072899
1277212186767773697
1277212209039409154
1277212339314528257
1277212418712768516
1277212431476031489
1277212481665073153
1277212507103547392
1277212519308935171
1277212543589560320
1277212544101502976
1277212580872728576
1277212624636252165
1277212632949366784
1277212641413312513
1277212645913792513
1277212746942160896
1277212749852966913
1277212767376642048
1277212783973511170
1277212796103430150
1277212873605943296
1277212875912773634
1277212896867614720
1277212913137340416
1277212959304015872
1277212980594249728
1277213003860058113
1277213060298674176
1277213107522138112
1277213124425396224
1277213211331346433
1277213269002981376
1277213270651187200
1277213340553617411
1277213350842101761
1277213363366322177
1277213391459946497
1277213467338997760
1277213499765280768
1277213505612132352
1277213534200479744
1277213542857334785
1277213543205687296
1277213550864457729
1277213559483752450
1277213560532340736
1277213581021503489
1277213601661624322
1277213611098849281
1277213718649192448
1277213739280936963
1277213744884600834
1277213757161320449
1277213784533348358
1277213799276216320
1277213857937833990
1277213940913758209
1277213941316358146
1277213941861617666
1277213975147622400
1277213983242682368
1277214054973612033
1277214066876887040
1277214067560796167
1277214083327176704
1277214084870660101
1277214087953473536
1277214109285724160
1277214113157038082
1277214121268830209
1277214126146650112
1277214161395765255
1277214175681536001
1277214197277962240
1277214214201978881
1277214227774701569
1277214289972146176
1277214327896973312
1277214335308369920
1277214351951384576
1277214390056599552
1277214448298663937
1277214541722591232
1277214542074970112
1277214582654853120
1277214591529951232
1277214620533559302
1277214658240356352
1277214699499728896
1277214711080198145
1277214747394478083
1277214821729964032
1277214822397022214
1277214881993953282
1277214912469704705
1277214914671570944
1277214928168988672
1277214960179912704
1277214965322186753
1277214989930110976
1277215043847888897
1277215049086468097
1277215086894108672
1277215098692685825
1277215103629344770
1277215136999227393
1277215137083142147
1277215154187321344
1277215193509048320
1277215237326999552
1277215257694482433
1277215262593466369
1277215308080574464
1277215317278765056
1277215355190931456
1277215418784952320
1277215472094773248
1277215493456302081
1277215530236235776
1277215548372332544
1277215618958327808
1277215804262662145
1277215810503704577
1277215836273553408
1277215854204239872
1277215888282918920
1277215933719810049
1277215946386690055
1277215958436925442
1277216012895690753
1277216017782132738
1277216034726936578
1277216042511667200
1277216076946968576
1277216080713281536
1277216109519949829
1277216180747591683
1277216205313503234
1277216256014397440
1277216339757641728
1277216411883102208
1277216433592848385
1277216458028826626
1277216465540780034
1277216466220318720
1277216466962657280
1277216478832386049
1277216534046347264
1277216541659054081
1277216638627184640
1277216656046141442
1277216688291803136
1277216709418549249
1277216717446565890
1277216738585669632
1277216773625036801
1277216804251803648
1277216859012714496
1277216878549766144
1277216881850671104
1277216906357772288
1277216977627615232
1277217010389102593
1277217032568594433
1277217045248163840
1277217049215815680
1277217049907998722
1277217070560808960
1277217238832070661
1277217263364591620
1277217377004843010
1277217393547378691
1277217394692362243
1277217432663277569
1277217468893675523
1277217484844613632
1277217496110698496
1277217498912509959
1277217641564946432
1277217645847367681
1277217665971560453
1277217675362603011
1277217695893794832
1277217710531850240
1277217751275384834
1277217774989967360
1277217812642254853
1277217855193448449
1277217896188522496
1277217910294020096
1277217938127405057
1277217951163146241
1277217963968532480
1277218023343038465
1277218120139235329
1277218140217360390
1277218152129204225
1277218165311840256
1277218253316612097
1277218291036180481
1277218320006201345
1277218373261242368
1277218408711491584
1277218437337690112
1277218438071582721
1277218454010028032
1277218454232276993
1277218488499798016
1277218508871434241
1277218587728543745
1277218660000641025
1277218688832163841
1277218693643218945
1277218798786039811
1277218844659023872
1277218865307693059
1277218886312656896
1277218970370744322
1277219029061636096
1277219058333749249
1277219066449551366
1277219082509713412
1277219277175689221
1277219376941457408
1277219377469952000
1277219387536269312
1277219477566849025
1277219485905231874
1277219551906799620
1277219552888188929
1277219557845983232
1277219611268788225
1277219684178448390
1277219709436518400
1277219723625840641
1277219747105570824
1277219749634727936
1277219880618598400
1277219889397272576
1277219892396056576
1277219930795134976
1277219948264222720
1277219969063936002
1277219997539057664
1277220001120956417
1277220011891781632
1277220032548921344
1277220090187038720
1277220105760509954
1277220128216821760
1277220132457263110
1277220134130716672
1277220163302064129
1277220170113712128
1277220207573032960
1277220250568851456
1277220303878279169
1277220354310586369
1277220358622515202
1277220375638802439
1277220398057340928
1277220404831162368
1277220549937127429
1277220593109053440
1277220689976721409
1277220827654651915
1277220892096020481
1277220904498495488
1277220920197857280
1277220924773879814
1277220942020673536
1277220961880694784
1277220988615184384
1277221013718269952
1277221042919006208
1277221064486068224
1277221067107549185
1277221079900196864
1277221109667110913
1277221155498110977
1277221172975939584
1277221226012803073
1277221234963386369
1277221265145843715
1277221281302065157
1277221357340602369
1277221360851390473
1277221403415232514
1277221407320158209
1277221437229510657
1277221449154138116
1277221558134554624
1277221612299988992
1277221678280593414
1277221726204526592
1277221767598108672
1277221809541255170
1277221857968754688
1277221898078879744
1277221944425951234
1277221967758852104
1277221968786477056
1277221970149609472
1277221974016700417
1277222002160435201
1277222005113335808
1277222082305286144
1277222086596014080
1277222102693806082
1277222115880599553
1277222133240758274
1277222205164789760
1277222217181310977
1277222225427357698
1277222266837876738
1277222317647691777
1277222329727234050
1277222388661354498
1277222429761261569
1277222443212435456
1277222531938889728
1277222552281251840
1277222605968334850
1277222636070805511
1277222639208103938
1277222640168701952
1277222682568921089
1277222717905702912
1277222824793571328
1277222879822852097
1277222925846884352
1277222934403330048
1277222951348244481
1277222975574548482
1277223038275158016
1277223063667564548
1277223067341766656
1277223068604289025
1277223097087561730
1277223154365206531
1277223160883052544
1277223189391773698
1277223231888465921
1277223288847155200
1277223303300644870
1277223315116089344
1277223391293067264
1277223458749976576
1277223466945699840
1277223602161664000
1277223638392090626
1277223639633596416
1277223660017913859
1277223716292829184
1277223718981337088
1277223748555415553
1277223781048647680
1277223810614333442
1277223816528306176
1277223872572448769
1277223877995892736
1277223898908692480
1277223936489476097
1277223961013747712
1277223971533045764
1277223973177176078
1277224028999233536
1277224033101189120
1277224083113967617
1277224120845918209
1277224141591064576
1277224204950106112
1277224225162645504
1277224229650477057
1277224247551655936
1277224268044972034
1277224268099657728
1277224381932908545
1277224389369626624
1277224448165322756
1277224476426620929
1277224477219225607
1277224495342747656
1277224498408894465
1277224501558808577
1277224539810934786
1277224604231139335
1277224632177905664
1277224637361991680
1277224678566899712
1277224687576072194
1277224733440987137
1277224771730591747
1277224813531205632
1277224900529397760
1277224907206733824
1277224917596061698
1277224956229816320
1277224967742951426
1277225047535443968
1277225174186758144
1277225199272890374
1277225201592229891