1274869714544742402
1274869745263796230
1274869816919089152
1274869846128427008
1274869853548134400
1274869917402030082
1274869946464350208
1274870005650186240
1274870014043205636
1274870072205471745
1274870088072458241
1274870211276136448
1274870285376741376
1274870327877595136
1274870353668395009
1274870382751694848
1274870430935982086
1274870450300964864
1274870491577290755
1274870495360372738
1274870542391181312
1274870575681245186
1274870610229895169
1274870633562767360
1274870655222243329
1274870672930377728
1274870693209845761
1274870730098749440
1274870743617003520
1274870836051279873
1274870900936937472
1274870926975422464
1274870940560551937
1274871146236850183
1274871187601006594
1274871210023817216
1274871263878512641
1274871310074535936
1274871319046299649
1274871346913107968
1274871473136709632
1274871481105866752
1274871571878948870
1274871615206109192
1274871728678801408
1274871729903538177
1274871846412750849
1274871938050076673
1274871976708894721
1274872027250331649
1274872116056391680
1274872133156560898
1274872202723115009
1274872265268740096
1274872294834233345
1274872428506857475
1274872455107051521
1274872470961520642
1274872522555764737
1274872567371710464
1274872575999574026
1274872576246976512
1274872685110202369
1274872724045934597
1274872816819527680
1274872857399418886
1274872915960479749
1274872949833707520
1274872997178941442
1274873092167237633
1274873184316203008
1274873213898588160
1274873264372772870
1274873280898330624
1274873284954333185
1274873491272208387
1274873649997152264
1274873704019898368
1274873742947016704
1274873743064608769
1274873780746113025
1274873792293208064
1274873842373197824
1274873864254885890
1274873868134440962
1274873887109636102
1274873961097179138
1274873980940193792
1274874060363661318
1274874120463953920
1274874173588819969
1274874249208049671
1274874270062002177
1274874276106076161
1274874404636446720
1274874414337798145
1274874422755602432
1274874456083763201
1274874456931028997
1274874475637616641
1274874484755804160
1274874499696136192
1274874504964116483
1274874542041829376
1274874542750486528
1274874561780047874
1274874593707204608
1274874615710593024
1274874621968482305
1274874665551360001
1274874728822345729
1274874745088086017
1274874745771773954
1274874844220477441
1274874883479007232
1274874925988425728
1274874929486454784
1274874945688842241
1274874984457031680
1274875007600963585
1274875013192192006
1274875016627326977
1274875067571322880
1274875076907798528
1274875130762665985
1274875136013991936
1274875172621713410
1274875222148165638
1274875235242848256
1274875315249086467
1274875319430770688
1274875506458935297
1274875671190351873
1274875684679270407
1274875751804760064
1274875809816248320
1274875817110253570
1274875847011377152
1274875910815170560
1274875973738135552
1274876020051582982
1274876040662351882
1274876057242476544
1274876103811883008
1274876223433383937
1274876245868597248
1274876254144155649
1274876257415593984
1274876277627867136
1274876357424500736
1274876359429545984
1274876447492993026
1274876527511912448
1274876716297658369
1274876732466696194
1274876766754992128
1274876800527630337
1274876815350235137
1274876855259185152
1274876866537668610
1274876872036356098
1274876884237422593
1274876900276613123
1274876904294584320
1274876988910530560
1274876998872190977
1274877026424492033
1274877132083089408
1274877264283475970
1274877278145728512
1274877281639563264
1274877285590540288
1274877454813818883
1274877488192249856
1274877495284609024
1274877520601468930
1274877547537477632
1274877583960596480
1274877648037048320
1274877659336470529
1274877668719316992
1274877684108197889
1274877701153869830
1274877802056015872
1274877857291030528
1274877911313547264
1274877928250257408
1274877960068018176
1274877969421533184
1274878058063900672
1274878117035868160
1274878146387591168
1274878280357736450
1274878422645387265
1274878424037785600
1274878477670461441
1274878523556143105
1274878529021362178
1274878679320014849
1274878683854057472
1274878716687065089
1274878738329554944
1274878768239095808
1274878774077788163
1274878963303583744
1274879089216610304
1274879169898311680
1274879222901690368
1274879436081545223
1274879515924279307
1274879601357938689
1274879609205481472
1274879659809943552
1274879736548818946
1274879747206627330
1274879777124634624
1274879806828621824
1274879852177481728
1274879999963734016
1274880046428123136
1274880247482048512
1274880352620892161
1274880432824295426
1274880477967548416
1274880567868133376
1274880613388976128
1274880643353022466
1274880692384600065
1274880699988766725
1274880710839500800
1274880750114844672
1274880755479588866
1274880847771045888
1274880863499624448
1274880914414276608
1274881047885500417
1274881096572743680
1274881112507060224
1274881173991247872
1274881229914091529
1274881274654543873
1274881341948071937
1274881392342523904
1274881455626358784
1274881462928580608
1274881529202847744
1274881786305286144
1274881921097404416
1274882045404164097
1274882110034075649
1274882373797249033
1274882415681400832
1274882429250043904
1274882462276112384
1274882608682450944
1274882689791918087
1274882788873904128
1274882789515710465
1274882800982818816
1274882890762006530
1274882973297508354
1274883036153331712
1274883176460980225
1274883179803897856
1274883191569080321
1274883210229374976
1274883304655814657
1274883350151360513
1274883375623528456
1274883400973692928
1274883422142582784
1274883438831534082
1274883464609894401
1274883556821655553
1274883560868990976
1274883572269109248
1274883620981915652
1274883728645345283
1274883777748242432
1274883792029675520
1274883795955613696
1274883796295454722
1274883846178328577
1274883903459713026
1274883951857934338
1274883963065110529
1274884052529659904
1274884119177158657
1274884126839955456
1274884194074652672
1274884211493593089
1274884219341352960
1274884273997115392
1274884282914230273
1274884408248434689
1274884437491306496
1274884444256526336
1274884478679355398
1274884513462538240
1274884527765123072
1274884546769674241
1274884547948285958
1274884610044776448
1274884701753348096
1274884710687219712
1274884790282379265