1270702253121236995
1270702256892121088
1270702305097089024
1270702312055615489
1270702357026873344
1270702594386690049
1270702599491194887
1270702668697284608
1270702754323980288
1270702805427326979
1270702964261498880
1270703056334860290
1270703056817205250
1270703081827770368
1270703126258094083
1270703238698975234
1270703403832877058
1270703420601774082
1270703438071037953
1270703447638192130
1270703484245925889
1270703542731304960
1270703618082181120
1270703716002340864
1270703732649529344
1270703950208077830
1270704168253227011
1270704175211360260
1270704184082329600
1270704233537552384
1270704289132904449
1270704361065402369
1270704519488458754
1270704667077443585
1270704767635992576
1270704814276608004
1270704816302493698
1270704867540119552
1270704985332944896
1270705007151775750
1270705027544420358
1270705111619252224
1270705257748803584
1270705275805335558
1270705330054402048
1270705349838999552
1270705563610025987
1270705564209668096
1270705724549738498
1270705762369708037
1270705845362458625
1270705866510041089
1270706002812428290
1270706050447048706
1270706105656782850
1270706122283012097
1270706170534277121
1270706172627161102
1270706189190356992
1270706210422034433
1270706244639227905
1270706310942769152
1270706563230183425
1270706566820433920
1270706613544980482
1270706616967540736
1270706738812125185
1270706969339482112
1270707007738306561
1270707065258819585
1270707183395704833
1270707225124716544
1270707307605889024
1270707341365665793
1270707355488002050
1270707552179937280
1270707649055727617
1270707741321867265
1270707808170848259
1270708063775883266
1270708139940286464
1270708185549156357
1270708201705570307
1270708220038983680
1270708286204108808
1270708730687094790
1270708919850188803
1270709001236500481
1270709020811239428
1270709104722341891
1270709145851879424
1270709146342440961
1270709175736307712
1270709257923694593
1270709301196308480
1270709414236848128
1270709422986313728
1270709444289036289
1270709462496473092
1270709482243457024
1270709683574079490
1270709934540369920
1270710330742714368
1270710345489772545
1270710399927758848
1270710412711870464
1270710443196198912
1270710585244737536
1270710593486553088
1270710680807788544
1270710736348684289
1270710740303769600
1270710773027942406
1270710799598682113
1270711059125620736
1270711063328235520
1270711146945941504
1270711158660493313
1270711354593144833
1270711365318082561
1270711419089096704
1270711465817903104
1270711595560288256
1270711754847391745
1270711784333139976
1270711855309348866
1270711914482417664
1270712039812608001
1270712055251603463
1270712057084723200
1270712083839979521
1270712264761327616
1270712343702523905
1270712363180855296
1270712426187677697
1270712659336404992
1270712681461239809
1270712746615529472
1270712769705213953
1270712786989932547
1270712871148609536
1270712946566393856
1270713081002201091
1270713306504810503
1270713320450883589
1270713386641362944
1270713485400215552
1270713497236787200
1270713508137594881
1270713598881312769
1270713681475629056
1270713714933555206
1270713805723631616
1270713847599362048
1270713893791232005
1270714129008001024
1270714175950663680
1270714246179876872
1270714393311866881
1270714404728791044
1270714574581293063
1270714682630799367
1270714682664382467
1270714724397789184
1270714862801350656
1270714954467864581
1270715206801321985
1270715219631673345
1270715467087450112
1270715626676355077
1270715743839981570
1270715764157235205
1270715928670375938
1270716020680884224
1270716045775405061
1270716171864563720
1270716226486939648
1270716280689971202
1270716595447328772
1270716668356915203
1270716718483005443
1270716729761558528
1270716735805550592
1270716738385006608
1270716758765170689
1270716759130046466
1270716897118400513
1270716935223697410
1270716998159183875
1270717040135790597
1270717060885016582
1270717073908326408
1270717321045135360
1270717329328861185