1275655028401995776
1275655112904622080
1275655116780118016
1275655157250953216
1275655211844087815
1275655257259937793
1275655305284681728
1275655316428947459
1275655336863633412
1275655347294830592
1275655379842727937
1275655405117550594
1275655476026454027
1275655501829857284
1275655514689585155
1275655514924482561
1275655535845662721
1275655573720227840
1275655639285616648
1275655691513016323
1275655732831100930
1275655753865531395
1275655764011597824
1275655815903543297
1275655838947053568
1275655853706805251
1275655871985582080
1275655893338783744
1275655908811575298
1275655933956366336
1275655954533691395
1275656021348888576
1275656025320968197
1275656097400000514
1275656159656120321
1275656168241799168
1275656211137003521
1275656231726788610
1275656248776589313
1275656319232589827
1275656419329662976
1275656445556645888
1275656480298012673
1275656524791250945
1275656642194006023
1275656680299270148
1275656733852123139
1275656764034289668
1275656806333911040
1275656818136682496
1275656835224219648
1275656851774898178
1275656964589211651
1275657124857688065
1275657175369744384
1275657195934437376
1275657388880732167
1275657418891018242
1275657534045642756
1275657665717374977
1275657674257043461
1275657687230033922
1275657722441203714
1275657741256851464
1275657805249359878
1275657808277647361
1275658035403292683
1275658043938791425
1275658048149827584
1275658081486147584
1275658094522105856
1275658144551755777
1275658161295372288
1275658258070540293
1275658299640250368
1275658467332816897
1275658468217835520
1275658479626260486
1275658625130905602
1275658627152523269
1275658711235727360
1275658727622934528
1275658748565086208
1275658806786129920
1275658810745663488
1275658916207132673
1275659094863609864
1275659175494856712
1275659206146887680
1275659216074792963
1275659242406588418
1275659252166733827
1275659464910286849
1275659494173876224
1275659495629340673
1275659520170229761
1275659649883217920
1275659724722245632
1275659737783324673
1275659746201219080
1275659751184125962
1275659825515573249
1275659855425142791
1275659922051600384
1275659950375698434
1275659976984408070
1275660052582580230
1275660056168738817
1275660085172342785
1275660131615858689
1275660156777488384
1275660190768156672
1275660267381297154
1275660279729315842
1275660283940409345
1275660326843924487
1275660338441138176
1275660364110344203
1275660404316942342
1275660437615452160
1275660478262452225
1275660494561566722
1275660513666629636
1275660523267403777
1275660626552131584
1275660640011640832
1275660686337757186
1275660731929722882
1275660736233181184
1275660941800210436
1275660974993952771
1275660983491612675
1275661034599129089
1275661124160172032
1275661151003725824
1275661156875735040
1275661177083834374
1275661247967567880
1275661288111329282
1275661294121648130
1275661319350505472
1275661327739031555
1275661369367502859
1275661402846515203
1275661466323034116
1275661473231093761
1275661479258337280
1275661512154255360
1275661516369465344
1275661550620160000
1275661591699230721
1275661672284336131
1275661699098513413
1275661790031085570
1275661802244898816
1275661806506295299
1275661922789179395
1275661922915028992
1275661923317661696
1275662053055901703
1275662099805540353
1275662112615010310
1275662221121654785
1275662259671502848
1275662372942815233
1275662397492125697
1275662425283612674
1275662425908543488
1275662461488762880
1275662472389767170
1275662510398623744
1275662601570209793
1275662653566918658
1275662712060760066
1275662769996562432
1275662831002714113
1275662849898151939
1275662912183508992
1275662916587528192
1275662918059732996
1275662968076845057
1275663022011420674
1275663027241697280
1275663035387052032
1275663059474931712
1275663075098742784
1275663080727478274
1275663366040752133
1275663400039743489
1275663481023401991
1275663513575440387
1275663522622562306
1275663550896377856
1275663596480061444
1275663604461772800
1275663614041567234
1275663642516770816
1275663674397675527
1275663701480177667
1275663735433158658
1275663769184714753
1275663796070240256
1275663802269343750
1275663823878459393
1275663849123971073
1275663890886656000
1275663945551020033
1275664008121630728
1275664087502991361
1275664091072335873
1275664285759397890
1275664330088906753
1275664339471663105
1275664414834900998
1275664488159760390
1275664558825357314
1275664599526899715
1275664667499732993
1275664749473206275
1275664754628005889
1275664860551032836
1275664901302882310
1275664904872251394
1275664914556862464
1275664926011527172
1275664968881487873
1275665182249947136
1275665190760206340
1275665269038501888
1275665416585646080
1275665429147668488
1275665499377086466
1275665568125923337
1275665639466766336
1275665698757492736
1275665719435329537
1275665802541359108
1275665954266103813
1275666048377917442
1275666055113986049
1275666087598751746
1275666210005430275
1275666210923917312
1275666214329647107
1275666275478441987
1275666361537179648
1275666376053661698
1275666383540535296
1275666407171252226
1275666416293810176
1275666641729306627
1275666706501971968
1275666813884522497
1275666859883364355
1275667087093125122
1275667174171049984
1275667229166764034
1275667249844621313
1275667296472780801
1275667338164154371
1275667392354492416
1275667397345792001
1275667527608283136
1275667543232036865
1275667569081495557
1275667673398022147
1275667682843594753
1275667723247288322
1275667811982024705
1275667833008070656
1275667983290044416
1275667988398723072
1275668021156159489
1275668037874716673
1275668072716795905
1275668149619363842
1275668167336001538
1275668277419794434
1275668286630494209
1275668291172872193
1275668345254227970
1275668520836239363
1275668588263858176
1275668647084785664
1275668674049908736
1275668731042152450
1275668760586858502
1275668844468736002
1275668861728313345
1275668936126861314
1275668969911975938
1275668985716117504
1275669063461675010
1275669265400635394
1275669289148784642
1275669363467735042
1275669485370949632
1275669591008653312
1275669601918083072
1275669668800483329
1275669694649896962
1275669751797362688
1275669842587201538
1275669889064341504