1271653552641859587
1271653624800636932
1271653637236932609
1271653665531736064
1271653690160451584
1271653767415386118
1271653822880821248
1271653846453030912
1271653854271156224
1271653968544817152
1271654002653102081
1271654018759229442
1271654055673118722
1271654092344082432
1271654263106781185
1271654286519386114
1271654286896721920
1271654459538640896
1271654471882309632
1271654490861699072
1271654589121478656
1271654627633541120
1271654739378307072
1271654762765848578
1271654793812029440
1271654827223707649
1271654869577854978
1271655028764356609
1271655075740516356
1271655092395970561
1271655101359362049
1271655108175171590
1271655242753626114
1271655368784064514
1271655461985501184
1271655482218868738
1271655482227220481
1271655545582338054
1271655553761067009
1271655566868393985
1271655579057115139
1271655591438503937
1271656115508514822
1271656117349814272
1271656144323280897
1271656199704862720
1271656438314622977
1271656456866193408
1271656594116276225
1271656765239762944
1271656816724840448
1271656872781557762
1271656900598390786
1271656970915909632
1271657020630786050
1271657053186998272
1271657236381741057
1271657257416052737
1271657298855817216
1271657428652683265
1271657479022264320
1271657591169482757
1271657625600405505
1271657658685128707
1271657701765009410
1271657713282490370
1271657886540677120
1271657906627379200
1271657994263179264
1271658187595427847
1271658204238241794
1271658299889463296
1271658338632286208
1271658342772027393
1271658384429703168
1271658456488054786
1271658475039449088
1271658726219546624
1271658746041831424
1271658753759178752
1271658770595303424
1271658967685619714
1271659138422984704
1271659236800561153
1271659269230718978
1271659295273148419
1271659319835197442
1271659379394306048
1271659395256946689
1271659405767897089
1271659592766767105
1271659621497872384
1271659630146584577
1271659630473523202
1271659733464817664
1271659734974623744
1271659759893020672
1271659811768340481
1271659925954080773
1271659952759648256
1271659965833347073
1271659998817312770
1271660113988812802
1271660171375214592
1271660369203859458
1271660380666892288
1271660418713505792
1271660427123011584
1271660434953773056
1271660486551953412
1271660657893453825
1271660815515557889
1271660975679102976
1271661052779024384
1271661070973796354
1271661118755237895
1271661195125235713
1271661225810620419
1271661227970887680
1271661230445350913
1271661240683835392
1271661324792102912
1271661506900291585
1271661564693745664
1271661572822360064
1271661608440418305
1271661739877240837
1271661803190116352
1271661862669578243
1271662007930896385
1271662079196319745
1271662117498818560
1271662154823823361
1271662175627751429
1271662185505337344
1271662188189618176
1271662218271059968
1271662222411010055
1271662306783461377
1271662435577913344
1271662457849892871
1271662516813381632
1271662567086325760
1271662607938830338
1271662767641112576
1271662779900952577
1271662855922814976
1271662856128225280
1271662873366822912
1271662910285025282
1271663044930617345
1271663058088267777
1271663086575980545
1271663132117630978
1271663158181191681
1271663163147055104
1271663291299803138
1271663348480749570
1271663387903229952
1271663413907935232
1271663514885648384
1271663525677510656
1271663552583970817
1271663561228632064
1271663572775559169
1271663610989862913
1271663622662402048
1271663666346287107
1271663693894430720
1271663731123068928
1271663769668800514
1271663790698848256
1271663805190344705
1271663807769632768
1271663871195877376
1271663885871755264
1271663904310116353
1271663975525122054
1271664062082854913
1271664130139852802
1271664246816833539
1271664251770290177
1271664272871833602
1271664378530521089
1271664419592908800
1271664520562462720
1271664528460136448
1271664591777357824
1271664684366573568
1271664796153282562
1271664858786758657
1271664902642511873
1271665229269778433
1271665308936232961
1271665334508896256
1271665386287587328
1271665443875348480
1271665460891828225
1271665553451749377
1271665657780690944
1271665813083181056
1271665943735726080
1271665993530605568
1271666034878095361
1271666103220146176
1271666172975632384
1271666177400606720
1271666254189821952
1271666311375007744
1271666358699225090
1271666410318516224
1271666433840173056
1271666466073559045
1271666487816679429
1271666508377100293
1271666550479577092
1271666659930095617
1271666680817528834
1271666685074911234
1271666743220420608
1271666824636248064
1271666836745138177
1271666947017629696
1271666949945090050
1271667031604031488
1271667192870952960
1271667204736630785
1271667276039598081
1271667281530150912
1271667428817162240
1271667438296403969
1271667467497029637
1271667524179017728
1271667696493608965
1271667701132529664
1271667806065418242
1271667839007469569
1271667868577325057
1271667891922821120
1271667905306951687
1271668006247174145
1271668070990458880
1271668081396342784
1271668189949296640
1271668228700336128
1271668254562488320
1271668270588813312
1271668288037113857
1271668317292359685
1271668358807605249
1271668370660827136
1271668384623505409
1271668428449841152
1271668493159550977
1271668493675450369
1271668513711759362
1271668528794357760
1271668539988905984