1275443496313253889
1275443515091107843
1275443541661999105
1275443547634728963
1275443576164331520
1275443621894819844
1275443681231691776
1275443701209108481
1275443784885473280
1275443788853329925
1275443793592905728
1275443827298299905
1275443877655089152
1275443920810336256
1275443924283256832
1275444023126179840
1275444046664577029
1275444047708999680
1275444057037090817
1275444069871706112
1275444125576257537
1275444396524048385
1275444399330062336
1275444443584196609
1275444452933304322
1275444463578431495
1275444545824542721
1275444551709151234
1275444604695769092
1275444632525000708
1275444653987205128
1275444671473278977
1275444771499040772
1275444963208163328
1275445018409328645
1275445050328018944
1275445073740623872
1275445076999589890
1275445089544712192
1275445131802374144
1275445136168640512
1275445154187366402
1275445178749214726
1275445209241808896
1275445244603990018
1275445245770035200
1275445249259630594
1275445283095056386
1275445347481817089
1275445488662138880
1275445561483644928
1275445601329541127
1275445622749851653
1275445647475216389
1275445672859189248
1275445739989000192
1275445799413936128
1275445844745961473
1275445866220777472
1275445874756169730
1275445927650582528
1275445945224687616
1275445958860365829
1275446012409044992
1275446040934535172
1275446133951610880
1275446214226370561
1275446236615569417
1275446301404983300
1275446302369738753
1275446306115211267
1275446332384149515
1275446343947837441
1275446381918863362
1275446402865229824
1275446448734138373
1275446520100212738
1275446537108127747
1275446600072982528
1275446616476901377
1275446679605374977
1275446683594190849
1275446738636009475
1275446783447973889
1275446804943761410
1275446817694445573
1275446893300953089
1275446901165309953
1275447003560816641
1275447018077347840
1275447023743799305
1275447074234884097
1275447107671822337
1275447174977908737
1275447253981736963
1275447279197933569
1275447338769637381
1275447387616493568
1275447392687411200
1275447396336451585
1275447409007423489
1275447452779180035
1275447497310089216
1275447505971318787
1275447539613855746
1275447549852172290
1275447560426016769
1275447610350792709
1275447619993526282
1275447640868581376
1275447669956022273
1275447682077622276
1275447699001577474
1275447824746864642
1275447908746137603
1275447928732020737
1275447936764112897
1275447950131388417
1275447962953347081
1275448017600954370
1275448082042257411
1275448105798823941
1275448121909108740
1275448159825584129
1275448236057088002
1275448294425026560
1275448294785683457
1275448312380796929
1275448332060524551
1275448374288764935
1275448414990262273
1275448422581977088
1275448474633252864
1275448500163981313
1275448510335209473
1275448571005857792
1275448574612877313
1275448597773877250
1275448651054149637
1275448672365326336
1275448768150638592
1275448885003972610
1275448901932216324
1275448976578211847
1275448986975928326
1275448989924483078
1275449018219298823
1275449061655498756
1275449132971253761
1275449183705559042
1275449188155678720
1275449208888123397
1275449212566532096
1275449217096404992
1275449242681618434
1275449263967723520
1275449280178737153
1275449346180263941
1275449362311557121
1275449390996414467
1275449417185718279
1275449630734430217
1275449699265245187
1275449761965854723
1275449766877392896
1275449838197301248
1275449869268733954
1275449930480410625
1275449938634137610
1275449951758110720
1275450034910191618
1275450056762519554
1275450085258563589
1275450093798227969
1275450131140116481
1275450307640614914
1275450307653165059
1275450311889391627
1275450429791326208
1275450453971496961
1275450479770660866
1275450504944824323
1275450524536467464
1275450625996648453
1275450635052134406
1275450672494727170
1275450730514534401
1275450731143692294
1275450731600867340
1275450852518449153
1275450876463689728
1275450916309577734
1275450932164046849
1275451007846084614
1275451054155390981
1275451062376206339
1275451084874514432
1275451091321118723
1275451128864321536
1275451146065244160
1275451158266441729
1275451187727196162
1275451201543233540
1275451230475567117
1275451238583160832
1275451243159146496
1275451284447870978
1275451334829862912
1275451343633670144
1275451418829185026
1275451448617103361
1275451512404054017
1275451534155722752
1275451558038106115
1275451662249766917
1275451666909720577
1275451674925002752
1275451698115272712
1275451708408094722
1275451711285374978
1275451716897435666
1275451731522904066
1275451859675648008
1275451890839347200
1275451908128268289
1275451920484675586
1275451943360446464
1275451946137120773
1275451948276187138
1275451951128260609
1275451980790427655
1275452060738019337
1275452077649453057
1275452139972685824
1275452149111992321
1275452171949977600
1275452346638598146
1275452358181306373
1275452375088525317
1275452446798536705
1275452502675054594
1275452518072381441
1275452518328225792
1275452582161346565
1275452590419873794
1275452618647601157
1275452624410603520
1275452647122690048
1275452661341417472
1275452661362356224
1275452723857461250
1275452903549882375
1275452912366280709
1275452937385304069
1275452971384360961
1275453000316628993
1275453101256749056
1275453105174278145
1275453118222700545
1275453214351962116
1275453222501576704
1275453424511795200
1275453482120568834
1275453486981722119
1275453579105415168
1275453583438180353
1275453587921879048
1275453658482655235
1275453707451199496
1275453743002083330
1275453776548081667
1275453789646884865
1275453797704192011
1275453828112904194
1275453831136989187
1275453865907769345
1275453952771776513
1275454003116011525
1275454081964879872
1275454157638430725
1275454192128348160
1275454317680455683
1275454334046662667
1275454362999902211
1275454366980292608
1275454441693442049
1275454460186128391
1275454476850094081
1275454514548690944
1275454636120371200
1275454705267806208
1275454723034939392
1275454766038966272
1275454878676946944
1275454914857037830
1275454921127522304
1275454953608249345
1275454976127467520
1275455059917189120
1275455082507591684
1275455093022658565
1275455130918252546
1275455136307924994
1275455160375009280
1275455214510673922
1275455318667915265
1275455389912334338
1275455447865143297
1275455483373998081
1275455525405159424
1275455538659090438
1275455566920290312
1275455569315291137
1275455574851772418
1275455596515348480
1275455600860651520
1275455605356916737
1275455631999111172
1275455753470513152
1275455831157297155
1275455873024835587
1275455886413033482
1275455909649453057
1275455927668350976
1275455938468515841
1275455963433033729
1275456063752425473
1275456145398706178
1275456150666911746
1275456201325600768
1275456212037808128
1275456267625156608
1275456268371587081
1275456359945789443
1275456397736423424
1275456410222878721
1275456423262994435
1275456423615279104
1275456456356016132
1275456482138439683
1275456661482647552
1275456675076399105
1275456676154544130
1275456687730638859
1275456747755368451
1275456787840331779
1275456822854311936
1275456832912359424
1275456882912591872
1275456926193643524
1275456952173297664
1275456971471302656
1275456976772685826
1275457073262653441
1275457102685724672
1275457127193153537
1275457163381497863
1275457182901972993
1275457248957919237
1275457253785493505
1275457265269530624
1275457328859529221
1275457383263883265
1275457384295665665
1275457488112848898
1275457496912588807
1275457534707544064
1275457585043304453
1275457610410536960
1275457735715205121
1275457748088565760
1275457752442318848
1275457768367898625
1275457769014013952
1275457781638639618
1275457823388782592
1275457832809267200
1275457836701618177
1275457945325600769
1275458046047600643
1275458050032234498
1275458055136612352
1275458080239575043
1275458096601665537
1275458101093621760
1275458108886847489
1275458164239011841
1275458168013946881
1275458235059720192
1275458243242766336
1275458243662397441
1275458343943892994
1275458401980514306
1275458419030450176
1275458436411654144
1275458473560608768
1275458553499672576