1271260974050312193
1271261124537667584
1271261254418673665
1271261268586848258
1271261412132782082
1271261514960420864
1271261581679026179
1271261590453727232
1271261691989250054
1271261692161167361
1271261696401653760
1271261772293353472
1271261810616700928
1271261898395115520
1271262034630447105
1271262057418174468
1271262080927010816
1271262081606545408
1271262094697078784
1271262119602896896
1271262127462940672
1271262168642719745
1271262181204639750
1271262236200370179
1271262306253578240
1271262335739392002
1271262342207152129
1271262455084322816
1271262484444467204
1271262488819109888
1271262509152915457
1271262571107094530
1271262610244145152
1271262656561852417
1271262660206657536
1271262760362553344
1271262861671763970
1271262936678490112
1271262986829795335
1271263091821592577
1271263146406264832
1271263150801711104
1271263259677519874
1271263263188291585
1271263273342472192
1271263322957021185
1271263323711893504
1271263369266257923
1271263508026408960
1271263545100054529
1271263697554432007
1271263738499399685
1271263792299728896
1271263843151478784
1271263863292465152
1271263876705738754
1271263884528062464
1271263893860413440
1271264052744986625
1271264089520640001
1271264309117624320
1271264346010771460
1271264379527258113
1271264405326462977
1271264459839979522
1271264528706211842
1271264532799688704
1271264534972510208
1271264535035342848
1271264618506326016
1271264691587887104
1271264694959869952
1271264729420333057
1271264832398868486
1271265013450387458
1271265147399667712
1271265315159183361
1271265332771069953
1271265357664149504
1271265407106678786
1271265445853749249
1271265511926452225
1271265567392096256
1271265621402103809
1271265637923352577
1271265676745830400
1271265734648193025
1271265797831143424
1271265831180283904
1271266087473041409
1271266276535676934
1271266300480782336
1271266364360028161
1271266401794191360
1271266401961926658
1271266456118784005
1271266527250169858
1271266564793413632
1271266669252370432
1271266695806623744
1271266900891168768
1271266902027853824
1271266925750951941
1271266957602381824
1271267093460275200
1271267153023512576
1271267215526916096
1271267237052235777
1271267264977940480
1271267308376174592
1271267420850622464
1271267441453207552
1271267505013698565
1271267697490354177
1271267715496493056
1271267723528400896
1271267741987557376
1271267797658722304
1271267848674062337
1271267882291408899
1271267923823296513
1271267928277737472
1271268021273677824
1271268037665013760
1271268050592051200
1271268087816470528
1271268259866660865
1271268281001754626
1271268352493629440
1271268393459478528
1271268465773621248
1271268470718631936
1271268470890524673
1271268502754807810
1271268515484499968
1271268519305494528
1271268527903780864
1271268532609781761
1271268634799849472
1271268691313782786
1271268751145459712
1271268767381647360
1271268801221406720
1271268906037137408
1271268930951081985
1271268931026612224
1271268936407871498
1271269010483658755
1271269098517921797
1271269148832731142
1271269161432309760
1271269282786181120
1271269404425109505
1271269413736509440
1271269423609831425
1271269440798277637
1271269484393721856
1271269635967549445
1271269773809266688
1271269782147534851
1271269833397530625
1271269852825739264
1271269853429628934
1271269857166753792
1271269869913341952
1271269886938013698
1271269941413634057
1271270034828980225
1271270059525079040
1271270125245612032
1271270134410248192
1271270172020690944
1271270235950034950
1271270285161816064
1271270382582943744
1271270473788035072
1271270480918405120
1271270579417554944
1271270582638841856
1271270608890806272
1271270629270941697
1271270629535289344
1271270712834174976
1271270721029902336
1271270948864430081
1271270957521334272
1271270994724843520
1271271002140315648
1271271003793088513
1271271015637815297
1271271053290024960
1271271087326838784
1271271115638181889
1271271133246099456
1271271153315831808
1271271183628079105
1271271347285606401
1271271422204104704
1271271478458150912
1271271494509789185
1271271506308448262
1271271519059050498
1271271698835226624
1271271737754189826
1271271803500015616
1271271972161245185
1271272084489023488
1271272248167497728
1271272279821783041
1271272303893131264
1271272360943861761
1271272377993891840
1271272453617180672
1271272483920834560
1271272498789679104
1271272538320957440
1271272545602473988
1271272604192714752
1271272608823078913
1271272685327118341
1271272761042759680
1271272805863170052
1271272986759188481
1271272991066816512
1271272994724339712
1271273191714013184
1271273204221263873
1271273212949610496
1271273305429983233
1271273415287230465
1271273434438238208
1271273498028257281
1271273641460801536
1271273687191138305
1271273724298346497
1271273734444396544
1271273791386075137
1271273867579801600
1271273925750685696
1271274005031518208
1271274016775553030
1271274052108185601
1271274072958046209
1271274166138875904
1271274207893053442
1271274213840543745
1271274216491540480
1271274257604059137
1271274311798517760
1271274345780953090
1271274362281381888
1271274374725881856
1271274428916170752
1271274471916212229
1271274538299527168
1271274582528462848
1271274583362961409
1271274609665597440
1271274651352576002
1271274651558318080
1271274714921496576
1271274765236477954
1271274944702251008
1271274944920539137
1271275012985458688
1271275083751964673
1271275120087019522
1271275166253932544
1271275306670833667
1271275322466398208
1271275432705503232
1271275465261580288
1271275501185757184
1271275683726139392
1271275738390503424
1271275825594281984
1271275868795686913
1271275877238620161
1271275880128577536