1273586346326740992
1273586347287207938
1273586353775824901
1273586397065236480
1273586409752809473
1273586615445794816
1273586799605166080
1273586804231307267
1273586854210789377
1273586942391783424
1273587013430755329
1273587017494953984
1273587067965112321
1273587071895121922
1273587114295386116
1273587228397244418
1273587231563735041
1273587265122398209
1273587273691471872
1273587513903513601
1273587520589172736
1273587643079589892
1273587655121555456
1273587667788353537
1273587722599440387
1273587743214493698
1273587793709670407
1273587801519341569
1273587894012305408
1273587928023707650
1273587996923748353
1273588074241499138
1273588086404980737
1273588087126470656
1273588190520041472
1273588300909961216
1273588347273961472
1273588380446666752
1273588405914435585
1273588527402496005
1273588582494670848
1273588595056672769
1273588632142610432
1273588699763077120
1273588792293801987
1273588792297951233
1273588825961332736
1273588846567944194
1273588937861337089
1273588968320368643
1273589039178944512
1273589064147578881
1273589173862178816
1273589207974494208
1273589213661929472
1273589232099946496
1273589311871557633
1273589353030340609
1273589399989694465
1273589475139096577
1273589484253335554
1273589515047915521
1273589538196279296
1273589547742515200
1273589598426447872
1273589656517574657
1273589740269428736
1273589794250133509
1273589809890672646
1273589815791857664
1273589827729006592
1273589860331327488
1273589869865025538
1273589918078550018
1273589953692393480
1273590025394028545
1273590031555244038
1273590055987273729
1273590151130877955
1273590197687549953
1273590238833672197
1273590330835730432
1273590339866169344
1273590373441511425
1273590398720581632
1273590418790375426
1273590503498551297
1273590612063924229
1273590641776361478
1273591010350768129
1273591026280804352
1273591031846572032
1273591069264019456
1273591072179081217
1273591073575776258
1273591102478508033
1273591109860679688
1273591216211472386
1273591237421957120
1273591329650626563
1273591446839287808
1273591539122372608
1273591647830511619
1273591794719129605
1273591857898033153
1273591967117479936
1273592034696351745
1273592243262111744
1273592297607835652
1273592361600327680
1273592369506639876
1273592382244651008
1273592571307188225
1273592604345503750
1273592625497587714
1273592691427872769
1273592817856716800
1273592818066481153
1273592838048100354
1273592956549763073
1273592995216945152
1273593015051960323
1273593056982417408
1273593065828167680
1273593069699567619
1273593074392989697
1273593099781132293
1273593132005896194
1273593217041170432
1273593220690313220
1273593250612498432
1273593259806191618
1273593293557940225
1273593367365070848
1273593380367409157
1273593503197663236
1273593591508512768
1273593606633394178
1273593644763635713
1273593792168411136
1273593828822249472
1273593896090599424
1273593929724825601
1273593943087816706
1273593985681014784
1273594014164488193
1273594051393196034
1273594134926888960
1273594203201835017
1273594235514695683
1273594270382002179
1273594288925016066
1273594319463682049
1273594477039489025
1273594628692774913
1273594661995610112
1273594705931091972
1273594742106980353
1273594752043122688
1273594878237302785
1273594894578221056
1273595028284170241
1273595035540508675
1273595082248056832
1273595162946502656
1273595225475362816
1273595230139428865
1273595317544464392
1273595326583263232
1273595419289886724
1273595422607622144
1273595465368469504
1273595535606218752
1273595540077346818
1273595544741580803
1273595571383808001
1273595578191155200
1273595616489361415
1273595750266687489
1273595762719555586
1273595787621158920
1273595881032486913
1273595943405977604
1273595959914758146
1273595989543157761
1273596131545677825
1273596139762221057
1273596171592757249
1273596196754341889
1273596234935255045
1273596275435372546
1273596325561602048
1273596333010624514
1273596404930314242
1273596411813208067
1273596463109505027
1273596508890415105
1273596550908960769
1273596572580950020
1273596635692462080
1273596639832399875
1273596660262866946
1273596708941774849
1273596796984582147
1273596813115867136
1273596852118544384
1273597109372157952
1273597176770420737
1273597185318359041
1273597255560368129
1273597272304091136
1273597461265895424
1273597478403702795
1273597578655993857
1273597580933361666
1273597623409291265
1273597682750291969
1273597696041984002
1273597771669368838
1273597809628000260
1273597812090028035
1273597818259886082
1273597910173782016
1273598005346660352
1273598030072217604
1273598182640029696
1273598182841290753
1273598186557304832
1273598338668081155
1273598372147073026
1273598412412379136
1273598467915632640
1273598610765012992
1273598673352613889
1273598687109959681
1273598703501271044
1273598740352376833
1273598858254331906
1273598865967665153
1273598928894570496
1273598946129195009
1273598963502010368
1273599201562279936
1273599240242180096
1273599240447700992
1273599243840819201
1273599288103153664
1273599315680903170
1273599353664520194
1273599387294240778
1273599399495700480
1273599412040863745
1273599647131598850
1273599737170587648
1273599763770937345
1273599894385758208
1273599939822714882
1273599965512646656
1273600019657035781
1273600137231810561
1273600149726642184
1273600196350562305
1273600225836331011
1273600250947809282
1273600267720761344
1273600284682588160
1273600393419927553
1273600397039599616
1273600518753906690
1273600527172059142
1273600566455869440
1273600572420173827
1273600621996765184
1273600661582606337
1273600720256843776
1273600881859141633
1273601017972772864
1273601055926956032
1273601232041476098