1269177252966731777
1269177286101659648
1269177320478302208
1269177340350824449
1269177530197606400
1269177591493246977
1269177644056281088
1269177655095631873
1269177713631334401
1269177942397108225
1269177978644283393
1269178065654960128
1269178205220544512
1269178226997370880
1269178250737209344
1269178296979329024
1269178384921362432
1269178566140481536
1269178719920222209
1269178796353245184
1269178804423069697
1269179000427032583
1269179089895723011
1269179174360678400
1269179407106805760
1269179416850071552
1269179458008895489
1269179542129836034
1269179856815820800
1269179999342526464
1269180060021342208
1269180078929244161
1269180133648158722
1269180150371045376
1269180654396178432
1269180691129995264
1269180708960063490
1269180724881625089
1269180901788975105
1269180960999903233
1269181103740342273
1269181166059388931
1269181187353804801
1269181245898063872
1269181274125742080
1269181305406648321
1269181321286422528
1269181337866506240
1269181475531841537
1269181501700288513
1269181551343833089
1269181590380277761
1269181777806909440
1269181800057835523
1269181930563612672
1269181934283997185
1269181942009823232
1269181981805469696
1269182190018981888
1269182332734337025
1269182340116418560
1269182362320957440
1269182408638599168
1269182417333518336
1269182432856678400
1269182444663648257
1269182487688855552
1269182533209636864
1269182869777285125
1269182901624754176
1269183157598851072
1269183233335451648
1269183476231811072
1269183533760655360
1269183644989603840
1269183762639671296
1269183934241353728
1269183979300642816
1269184019385679872
1269184051232948224
1269184068014333954
1269184110611709952
1269184176856629248
1269184348626042880
1269184562791399424
1269184580495515648
1269184753577553920
1269184781012606976
1269184815603101698
1269184877821222912
1269184882892292096
1269184884360151043
1269184886340018176
1269184886612488192
1269185041587859456
1269185281455947776
1269185315266314240
1269185437102485504
1269185440231428096
1269185541796478976
1269185573874475008
1269185577607364609
1269185619764195328
1269185817454444551
1269185825302085633
1269185993439141890
1269186011940044801
1269186013395660800
1269186164709371904
1269186341725593601
1269186369588547584
1269186467756044288
1269186576963289088
1269186646009942016
1269186780076613633
1269186857994031104
1269186970082631680
1269187018464034816
1269187049191587840
1269187158423846912
1269187239734579200
1269187280616534016
1269187427643674632
1269187661807276035
1269187684213370886
1269187693843484673
1269187714034909184
1269187717960806400
1269187800236253185
1269187822763687938
1269187856628498432
1269187977164419073
1269188032298659840
1269188035498831872
1269188178730082309
1269188196291747841
1269188223017857025
1269188404635303938
1269188410394230788
1269188415263825920
1269188467956776960
1269188509581139969
1269188555307470853
1269188711968882690
1269188748450893824
1269188823893884928
1269188864306024448
1269188916617154566
1269189043075629058
1269189108649189376
1269189109974695937
1269189130195554304
1269189138445733888
1269189155264892928
1269189215490912259
1269189394612748290
1269189416226086914
1269189505539588096
1269189514502815744
1269189575240552448
1269189580529340416
1269189676922998785
1269189736247296000
1269189741368532993
1269189813665771520
1269189847723491330
1269189852014272513
1269189911111962624
1269189916401041408
1269189924982489088
1269189969601593344
1269190002573017088
1269190057941962752
1269190063537025025
1269190329523150849
1269190481763880960
1269190553201070081
1269190608461185030
1269190669689643008
1269190671996502017
1269190701352464384
1269190725037690881
1269190767244910592
1269190855342030855
1269190985155850245
1269191048145833984
1269191152302874624
1269191207458144263
1269191252412678144
1269191261162004480
1269191274764087296
1269191281424633857
1269191302840823808
1269191304019357696
1269191396088442880
1269191475549569026
1269191723869261825
1269191764583333893
1269191840395177985
1269191863598231552
1269191869361242113
1269191915171274759
1269191966798929921
1269192021228441600
1269192045190619136
1269192083983777792
1269192099926347783
1269192118070677505
1269192120373518336
1269192290528120832