1269056465144291328
1269056468679970816
1269056502599311360
1269056548535439367
1269056548657078282
1269056552637431809
1269056660179427340
1269056670447083527
1269056795986628608
1269056825627983874
1269057047091277824
1269057056532836360
1269057127013900289
1269057415942680576
1269057425337921539
1269057539569790977
1269057559761235969
1269057571744288768
1269057618934456322
1269057660705439751
1269057740476948487
1269057794130444289
1269057828054093830
1269057870307495938
1269058062356103168
1269058155201298433
1269058281718284288
1269058526263029761
1269058699580014592
1269058708035649536
1269058738436091906
1269058851493441537
1269059181660852224
1269059274644361216
1269059287310938113
1269059346668740609
1269059464256241666
1269059498079064064
1269059677670629376
1269059694380941313
1269059963227443200
1269060130395443201
1269060365335265280
1269060416086384645
1269060583426490374
1269060590187630593
1269060682181488641
1269060719439478785
1269060868840525831
1269060877396803585
1269060919788740609
1269061006921281538
1269061027980816384
1269061134222610432
1269061165197537280
1269061166380265475
1269061177994330113
1269061300958740484
1269061573018030082
1269061731927625730
1269061750294482944
1269061796348022784
1269061976182845442
1269062126506848256
1269062299924467712
1269062303095365633
1269062349186633731
1269062529965101057
1269062554728296448
1269062630498582530
1269062740733288453
1269062760232554496
1269062865002147840
1269062890457350146
1269063015942492165
1269063118015156224
1269063350450700289
1269063419665231874
1269063562040729600
1269063578461429760
1269063640939978752
1269063745914826754
1269063878694055939
1269063889045479424
1269064098827902978
1269064106453204994
1269064131774083072
1269064132608827393
1269064190733369346
1269064262355427328
1269064320664481792
1269064389577060352
1269064462939512832
1269064467750494208
1269064610021335047
1269064739679846401
1269064743836282880
1269064836345823232
1269064878997876740
1269064988481794048
1269064992235667456
1269064992604725255
1269065323262566400
1269065394339196928
1269065541303578624
1269065553999618048
1269065583636688902
1269065625038700545
1269065717716078592
1269065734656843776
1269065851375927296
1269065930816045058
1269065930895745033
1269066056624193536
1269066094758825984
1269066219551891457
1269066363458457602
1269066556639784960
1269066639666020354
1269066664542339074
1269066681814528001
1269066744313888774
1269066757261733889
1269066858336063488
1269066887587082242
1269067373945843712
1269067464052277249
1269067613470167043
1269067714057961473
1269067750082850823
1269067831645048832
1269067848007077888
1269067927652892672
1269067965632098304
1269068061572829184
1269068149728653312
1269068247099305987
1269068274064437248
1269068287796752385
1269068372487991296
1269068530386964482
1269068545310277635
1269068578197614592
1269068900408401920
1269068908633391108
1269068929781190657
1269069001394655239
1269069048400064512
1269069517629591554
1269069730851282949
1269069802494189568
1269069819095265281
1269069969762824192
1269070062670901248
1269070066835812352
1269070234645868544
1269070272130420736
1269070339276967936
1269070419430162433
1269070507107930112
1269070612502380549
1269070637462630400
1269070757633482753
1269070783566934016
1269070838864592898
1269070889682862081
1269070968389095424
1269071190896766976
1269071213386592257
1269071250887970817
1269071276594933760
1269071396447150082
1269071472879980544