1271004438874988544
1271004715715686400
1271004761286832128
1271005025330847744
1271005042364108801
1271005062232371200
1271005431297646592
1271005461584711681
1271006015270592513
1271006156937461765
1271006183218982912
1271006229192749058
1271006294107918336
1271006341654548481
1271006368330395649
1271006439071297537
1271006706668056581
1271006745922592768
1271007026404040704
1271007222869319681
1271007340502806529
1271007470811361280
1271007528017514498
1271007534183100416
1271007534531383301
1271007741209907200
1271007872688599040
1271007886701805568
1271007912207376387
1271008075537944576
1271008079417655298
1271008193213345792
1271008263358775296
1271008640225488896
1271008640552615941
1271008797407039488
1271008890008846339
1271008893846642689
1271008908929269761
1271009011538767872
1271009428691652609
1271009438812389377
1271009563089780736
1271009590293999628
1271009617569603585
1271009672347205637
1271009690713944064
1271009751120457729
1271009891210100737
1271009932670914562
1271010008415834112
1271010113965436929
1271010159641325568
1271010183884337154
1271010225877745664
1271010507089215488
1271010603809808385
1271010657878650880
1271010687704317952
1271010794994495488
1271011002373545987
1271011229218160641
1271011312114569217
1271011727501656064
1271011766584164352
1271011804492132353
1271012034495340544
1271012058449002496
1271012387064172544
1271012735224958977
1271012804577771520
1271012954083917825
1271012954734034944
1271013066579283969
1271013109214220288
1271013174104461312
1271013196984283136
1271013209261178880
1271013235001421825
1271013333190107137
1271013673964691456
1271013676498194432
1271013778994290688
1271013804235726859
1271013841841897473
1271013904089526272
1271014148827049985
1271014177277001730
1271014203009179648
1271014262832369669
1271014383712301056
1271014407766634496
1271014421326974977
1271014841306750976
1271014987079790594
1271015171788541954
1271015213421166592
1271015246250020864
1271015567290503169
1271015574806695938
1271015579676180481
1271015704834256896
1271015709401927680
1271015897868783619
1271015980815319040
1271016006119374848
1271016018341740544
1271016160927133696
1271016355337244673
1271016363419549696
1271016448283066368
1271016614045954049
1271016661353553920
1271016711374938112
1271016873988104192
1271016918154014720
1271017063923007491
1271017079374852098
1271017084068257793
1271017377577263108
1271017386204946433
1271017437744545792
1271017498951835648
1271017642988576768
1271017711963906048
1271017832227078145
1271017907753869312
1271017969255100416
1271018019913977856
1271018046446923776
1271018203586670593
1271018207365804035
1271018296884723712
1271018375838224384
1271018543635738624
1271018574170161153
1271018584777555969
1271018736527368192
1271018737253130240
1271018809256603650
1271018828344946688
1271018878693498880
1271019041788956672
1271019310715035650