1271668744079708160
1271668772185743360
1271668899893870593
1271668925126696960
1271668954050646016
1271668990239096832
1271668998820687873
1271669090927534082
1271669159483412480
1271669168341909504
1271669180417400833
1271669428594315264
1271669445027454976
1271669621414924289
1271669688485818370
1271669764214026240
1271669780534067200
1271669790927699973
1271670081265655808
1271670134223101954
1271670388511121413
1271670427232985089
1271670568807514113
1271670694829408256
1271670711606743041
1271670849490173953
1271670888426098688
1271670896684498944
1271671067774337025
1271671071817838598
1271671302663766017
1271671303867527168
1271671403767459842
1271671411963097088
1271671458284986371
1271671547594280960
1271671585242374145
1271671587284979712
1271671703651876864
1271671727169212416
1271671730306781186
1271671810791178240
1271671811067899904
1271671881481871361
1271671954110648320
1271671978831855618
1271672003506737152
1271672060893261825
1271672074608635904
1271672213591261184
1271672230385156096
1271672402301386752
1271672462149853187
1271672484664770560
1271672678445985792
1271672746712285184
1271672771081363458
1271672869269827589
1271672876576288769
1271672883782266886
1271672920386023424
1271672965931732992
1271672977327718401
1271672997904969728
1271673009640632326
1271673013604360192
1271673069900140544
1271673087449165824
1271673189181960193
1271673304139456512
1271673455818104832
1271673467612598280
1271673509450788864
1271673606230155264
1271673702128717824
1271673722953273344
1271673786195079168
1271674302061043713
1271674305194217472
1271674318116794370
1271674331970465794
1271674337121021952
1271674340262785024
1271674427755892737
1271674498207498241
1271674536639913985
1271674628679876608
1271674670929063936
1271674696933597185
1271674702990319616
1271674788918910976
1271674864131117056
1271674867553714176
1271674869055254530
1271674932045287424
1271675011531599874
1271675124484358150
1271675155576741888
1271675263647023105
1271675313584553985
1271675317703360512
1271675478517010432
1271675484682608640
1271675514571370500
1271675514713812993
1271675576819101696
1271675682561708033
1271675791500173312
1271675849188814848
1271675896441769986
1271675917077819392
1271676147961495553
1271676155725099008
1271676209664077824
1271676318032072704
1271676378786574342
1271676428828852230
1271676448248434688
1271676549612204033
1271676592079716352
1271676653089902593
1271676767971885056
1271676823689220096
1271676860036833280
1271676873802539009
1271676989619859456
1271677096239206408
1271677114840780802
1271677130917720071
1271677246160306176
1271677276602712065
1271677314103865344
1271677410233257984
1271677417686331394
1271677422551863296
1271677506505060353
1271677537295327233
1271677552818438145
1271677629960196097
1271677678085603328
1271677691129925638
1271677704560095232
1271677762219147266
1271677837628538882
1271677980020891648
1271677981203877888
1271678051995262976
1271678119351422978
1271678181297123329
1271678223861059584
1271678307705196544
1271678316781735936
1271678336834519041
1271678341704081409
1271678374142869505
1271678458272382977
1271678526530428928
1271678682763943938
1271678724052639749
1271678737382162433
1271678802519748609
1271678858278981633
1271678897185144833
1271678927757438977
1271679100218793984
1271679121509285904
1271679168837816320
1271679176626536449
1271679578122182659
1271679628030115840
1271679629368098816
1271679861652938754
1271679913385504769
1271680014774267907
1271680061444427776
1271680086618431489
1271680099088285696
1271680169166508032
1271680257846804480
1271680284388286466
1271680379175546881
1271680462713389056
1271680465825603585
1271680585614807040
1271680618418626560
1271680622193410050
1271680690950508544
1271680719744425986
1271680790338789376
1271680905162240001
1271680912049057792
1271681047042748416
1271681159370399744
1271681273061429248
1271681288378953728
1271681373468872704
1271681907508428800
1271681957076836354
1271682041063641093
1271682276464738306
1271682309494730756
1271682360208027648
1271682372593790977
1271682451450949640
1271682535525736450
1271682568828510214
1271682677092093953
1271682695676915712
1271682853844082689
1271682972425609216
1271683189942054913
1271683190751662087
1271683198087360512
1271683537196814336
1271683575012904965
1271683612291760128