1270475845950373892
1270475913147400193
1270475923624779783
1270475968616882176
1270476115052724224
1270476169142362112
1270476186338988032
1270476198485741568
1270476599050276869
1270476773311033344
1270476832337530887
1270476903053484033
1270477008250769408
1270477041914327040
1270477058481754114
1270477058657800192
1270477067558289409
1270477134734090240
1270477201696264197
1270477251994439685
1270477273251143681
1270477338925563907
1270477512980774912
1270477583105343495
1270477751389171713
1270477876920487936
1270477968427683843
1270478072903499777
1270478098694373378
1270478149416091650
1270478163047579650
1270478260330102785
1270478305498673157
1270478341926260741
1270478492879093761
1270478522121740291
1270478581555056640
1270478619077275651
1270478657627344902
1270478685846614017
1270478725583429633
1270478728083144704
1270478740368379905
1270478786820222977
1270478946010832896
1270479019549454336
1270479051606515713
1270479113380417541
1270479160381779973
1270479277952126978
1270479406797131783
1270479508190052352
1270479520643141633
1270479659763929089
1270479705737748482
1270479793671352322
1270479814021877761
1270479917600440320
1270480133816643586
1270480183955521538
1270480233590861824
1270480422309249026
1270480524960624642
1270480635891724290
1270480727075958785
1270480753969844225
1270480858856583168
1270480879744364546
1270481082056691713
1270481119499214851
1270481131335491585
1270481316652466178
1270481359056842752
1270481612564766721
1270481694152372225
1270481839694573569
1270482092841787393
1270482170667077633
1270482337931894785
1270482482354442245
1270482600239353858
1270482687145529344
1270482696049999872
1270482791889698822
1270482842632552449
1270482973197053953
1270482989529653249
1270483304131657728
1270483311308058627
1270483333546496000
1270483456653512705
1270483496331546624
1270483556423401472
1270483857574432770
1270483870278979586
1270484113087172615
1270484132519280646
1270484180783132672
1270484234441035776
1270484299754725377
1270484344252006404
1270484566193500160
1270484658950754304
1270484663874867200
1270484675438342144
1270484734884352009
1270484762369589249
1270484792283447299
1270484839884447744
1270484910575439872
1270484922973605888
1270485145364000769
1270485365820923905
1270485422502789123
1270485476332515328
1270485486453297152
1270485598604845057
1270485917099327496
1270485938767114242
1270485992831700992
1270486059084742656
1270486118295908352
1270486214555111424
1270486235157532673
1270486270192553992
1270486391345070086
1270486440825229320
1270486475059142656
1270486532357525505
1270486667401584640
1270486684556238854
1270486752222945280
1270486865741787139
1270486948394737664
1270487049632612352
1270487125759270912
1270487166351745030
1270487201160335360
1270487259557629953
1270487272337465344
1270487355166687232
1270487363756703750
1270487402017161216
1270487540555034624
1270487561702707202
1270487678505684992
1270487741168521216
1270488014528172041
1270488140671864833
1270488147684724736
1270488164860260352
1270488178424721410
1270488248947634176
1270488287061237760
1270488341431988224
1270488425939046401
1270488442703511552
1270488449200599041
1270488471472427011
1270488496323657730
1270488505836204032
1270488659842629632
1270488661092679680
1270488670894583809
1270488685545287680
1270488707364278278
1270488794978848769
1270488975388610562
1270489092833361925
1270489172386570240
1270489272139812869
1270489272987066368
1270489286111039495
1270489377555329024
1270489588822401025
1270489700709482496
1270489734419103744
1270489771673030657
1270489846868410368
1270489942326730753
1270490013084651520
1270490086493347840
1270490347190153216
1270490732034502656
1270490799541796864