1273103072223301632
1273103084345008130
1273103137897881603
1273103137956597764
1273103271260033025
1273103273726283776
1273103275567521793
1273103288657903616
1273103355745878017
1273103435215314945
1273103489833590784
1273103492656357376
1273103515024601088
1273103543902375943
1273103581969866764
1273103603121696773
1273103623875149825
1273103674194231298
1273103725511479302
1273103745291862025
1273103808810430466
1273103874400886784
1273103887751405569
1273103905921077248
1273104135672475648
1273104144023330816
1273104233018134528
1273104282867335168
1273104346222342145
1273104349821120512
1273104354652958720
1273104373682507783
1273104479873794050
1273104588569300993
1273104592436375553
1273104606499913728
1273104622174064642
1273104651919949826
1273104679451459584
1273104692135026691
1273104736271642625
1273104743519354880
1273104752868495366
1273104844488880129
1273104848456744960
1273104935790542849
1273104949094813697
1273104970456477696
1273105029050875905
1273105036210470912
1273105063800713217
1273105105206890496
1273105133753245699
1273105210219659265
1273105217643560960
1273105268260384768
1273105269334183939
1273105368676282368
1273105452461678592
1273105512817659904
1273105566555144192
1273105591574151168
1273105628949622784
1273105637501698049
1273105676290666499
1273105772453466114
1273105796398747653
1273105817575788544
1273105902267174913
1273105909540179969
1273105964019957761
1273105998027329537
1273106031132971008
1273106108136251394
1273106128956805121
1273106157335457792
1273106174989275136
1273106316769333251
1273106430275588099
1273106517882011649
1273106539520430082
1273106552308760577
1273106699222691841
1273106858270756864
1273106919822065665
1273107023719215107
1273107029712949249
1273107034737688583
1273107046888615936
1273107052961939460
1273107080698789888
1273107088965804034
1273107092984025089
1273107110549762049
1273107119319986184
1273107139809157125
1273107193341054981
1273107210466361345
1273107293681397769
1273107294683893763
1273107340523384833
1273107345560797186
1273107428045963266
1273107429195157507
1273107500372504582
1273107597558759424
1273107608484958214
1273107616567263233
1273107638092541959
1273107641842184193
1273107654160912395
1273107701447430145
1273107734897070080
1273107811090792452
1273107835300319233
1273107940397010946
1273107961657864192
1273108106487181313
1273108149692780544
1273108188657848320
1273108191396671489
1273108305712381952
1273108389242048512
1273108431382208515
1273108440257363970
1273108473497227266
1273108485249646592
1273108504644145153
1273108510960750593
1273108517663264768
1273108598600671233
1273108669832577027
1273108686395904002
1273108708306964487
1273108732575191041
1273108744960905216
1273108745942454272
1273108958874607616
1273109034405711872
1273109098075172864
1273109110968508416
1273109215410823173
1273109269957824513
1273109349192302592
1273109407791013890
1273109425105010689
1273109432864575493
1273109462174351362
1273109537969639424
1273109594915643394
1273109735529762818
1273109810456793091
1273110004372066307
1273110016401313793
1273110023238025218
1273110210127769600
1273110276569731072
1273110330911215617
1273110388951986178
1273110401555877889
1273110414876966915
1273110451103170563
1273110542996176900
1273110687167008768
1273110700152537088
1273111027702513668
1273111048883757056
1273111064633360386
1273111073437204486
1273111082333282304
1273111127392690177
1273111169943965697
1273111229188517895
1273111417730871296
1273111425431547905
1273111438555525121
1273111442909286400
1273111463687790595
1273111706429018112
1273111858053091328
1273111907403169792
1273111966924582917
1273112067646554115
1273112135321649153
1273112143391571968
1273112148722569216
1273112192821473281
1273112234609311747
1273112362107756545
1273112386292133890
1273112436023975936
1273112449189924864
1273112449336606722
1273112512037355525
1273112583134986241
1273112634217377799
1273112654836568064
1273112684540633089
1273112700231524353
1273112800873906181
1273112868448329729
1273112918301835266
1273112956604231680
1273112977705762821
1273113046853001217
1273113065039552518
1273113066071298048
1273113283730583553
1273113287845203968
1273113346900885506
1273113355717353472
1273113380740640770
1273113391121477634
1273113439104368646
1273113467709542406
1273113476509155333
1273113508117438465
1273113552153382913
1273113580905398274
1273113626866520065
1273113690871603209
1273113703307776005
1273113762132885504
1273113821511651330
1273113871641911296
1273113893532061698
1273113897831215107
1273113925798842370
1273113930366365697
1273114025447088129
1273114042723438592
1273114043700707329
1273114067750866945
1273114110893441024
1273114190127955971
1273114256557424652
1273114256993591297
1273114277541556224
1273114289180737536
1273114349587103752
1273114361255677955
1273114362035781632
1273114382801735682
1273114444982337536
1273114457363886086
1273114487307059200
1273114508098232322
1273114588435939329
1273114728064339968
1273114743109271552
1273114811212144640
1273114982792810498
1273115062186782720
1273115062299918336
1273115077697249280
1273115100480704515
1273115124530896897
1273115136723693568
1273115161994412034
1273115205397024770
1273115213148180481
1273115259121917959
1273115326826381312
1273115330605387776
1273115330857107458
1273115338826223623
1273115398523797508
1273115406371258368
1273115413984018432
1273115427602923522
1273115502521602049
1273115513544232960
1273115548981825536
1273115557802500097
1273115622633885698
1273115744096616449
1273115775226859522
1273115852318158853
1273115964029259776
1273116106862059521
1273116173589254144
1273116181789106177
1273116270427361283
1273116287259086850
1273116332754681857
1273116367164715008
1273116458554470408
1273116490582102021
1273116522584645633
1273116597947940864
1273116625949122561
1273116655330222080
1273116790542028801
1273116825539280896
1273116936763846656
1273116941524369408
1273117000215203840
1273117071652655104
1273117093047697414
1273117259712602112
1273117273193172998
1273117277043462146
1273117351777632258
1273117364553383936
1273117393578004481
1273117524176052230
1273117537488769029
1273117624541622273
1273117699955200000
1273117703948173319
1273117888472367106
1273117933506564096
1273118148665978881