1275307608585506816
1275307806057304064
1275307818934063104
1275307831781027840
1275307856414167040
1275307886650945536
1275307907802857472
1275307940765765632
1275307965319458816
1275308062576869376
1275308113898463233
1275308315728371712
1275308318047657986
1275308330710372353
1275308359844012032
1275308437564387329
1275308444115927042
1275308561531170817
1275308637829959680
1275308657526239232
1275308670042038273
1275308703625785344
1275308708696928256
1275308712425451522
1275308774593630208
1275308946929209345
1275309119155474432
1275309522010230785
1275309630588170240
1275309660954718208
1275309707121487872
1275309833043021826
1275309849429983233
1275309890777440256
1275309916606038019
1275310041722163200
1275310064115617793
1275310075276455936
1275310188858208256
1275310222425247744
1275310234408542208
1275310251508510720
1275310289035112450
1275310370329067520
1275310524369039361
1275310629130244106
1275310771782553601
1275310881576869889
1275310927932297216
1275310931304689665
1275310960756981762
1275311095721463808
1275311126348099584
1275311283697418240
1275311291758936064
1275311387829387264
1275311451532484609
1275311478715883526
1275311506251546624
1275311663768637441
1275311716553814016
1275311849035137025
1275311900511940610
1275312009903370240
1275312431019982848
1275312484186980352
1275312631117742080
1275312670678360064
1275312728324935680
1275312734599548928
1275312852170149888
1275312931576610816
1275313024346099712
1275313058647126016
1275313355104956418
1275313440458825728
1275313444120678400
1275313502601850886
1275313670822727681
1275313691454406656
1275313783242493952
1275313828880883713
1275313833930825728
1275313871847227393
1275313889878605830
1275313980366438400
1275314009734963200
1275314026105327616
1275314055742279680
1275314063854186496
1275314390091173894
1275314509905891328
1275314513882079239
1275314514217463808
1275314538020102145
1275314570199027712
1275314658031931399
1275314735752318976
1275314768824471553
1275314777758326785
1275314907244908544
1275314969236713473
1275314974663995392
1275315053797900289
1275315058730504192
1275315100497227776
1275315147700162560
1275315149545648128
1275315165806936067
1275315181581594624
1275315225798074368
1275315323315597312
1275315347747414016
1275315419147010055
1275315558733365248
1275315605281873922
1275315758659244037
1275315814225379329
1275316077539491841
1275316111937060865
1275316132325371905
1275316191603515392
1275316229410975746
1275316372273106944
1275316385632133121
1275316402992209922
1275316405995556865
1275316456234921985
1275316505694007296
1275316518096601093
1275316622706634753
1275316762339409920
1275316848733483014
1275316921802600448
1275316970246877185
1275317152636178433
1275317177550331909
1275317210756591617
1275317217962442752
1275317227617546240
1275317257007218688
1275317264678629383
1275317294051311617
1275317303849086976
1275317461324140545
1275317658485997568
1275317780544249856
1275318007703707649
1275318066122022912
1275318200075522049
1275318262427987968
1275318305226719232
1275318397199417345
1275318459778445312
1275318464031277056
1275318489285144577
1275318490367266821
1275318786640367618
1275318786921562113
1275318825022394368
1275318933302775810
1275319059643539457
1275319168338984962
1275319241751826432
1275319446651973639
1275319748268613632
1275319867047129088
1275319873632186369
1275320003525406722
1275320217250549762
1275320343486435328
1275320519026507776
1275320560835330048
1275320561518940160
1275320742402560001
1275320757967609856
1275320829715329024
1275320985646850053
1275321010967867392
1275321153674829825
1275321157214855168
1275321157567352832
1275321203998294022
1275321436933165057
1275321454872211456
1275321535889149953
1275321602352115712
1275321660246089728
1275321740508397573
1275321773358284800
1275322134303293442
1275322138212265984
1275322151059419136
1275322188481146880
1275322218071949318
1275322319431294977
1275322424221982721
1275322570246676483