1268150439285055488
1268150441591951362
1268150542213287936
1268150563088355328
1268150592100319233
1268150657996984321
1268150771922632706
1268150821906264065
1268150838909972482
1268150843309608961
1268150944325185541
1268151330184605696
1268151383926231040
1268151396857151490
1268151618840690689
1268151651702996992
1268151749044568064
1268152075520802822
1268152174548156423
1268152430182744064
1268152457827422208
1268152570570313729
1268152676245798912
1268152747389587458
1268152816222253058
1268152855929794561
1268152891501666309
1268153091590959104
1268153192090566663
1268153209157300225
1268153270612172801
1268153322311213062
1268153351637733378
1268153430717194241
1268153468201533440
1268153596253745152
1268153661835882498
1268153760590823425
1268153761807183874
1268153880053010434
1268153984583438336
1268154001712910343
1268154026769682433
1268154089587818496
1268154136245276672
1268154190208962563
1268154231665680390
1268154366076338176
1268154391636307969
1268154396119990273
1268154399723073536
1268154886178451456
1268154932164734977
1268155242933190656
1268155427608543234
1268155473326301190
1268155486353928192
1268155488375500800
1268155565924134916
1268155595263299585
1268155653874429953
1268155670479532033
1268155720803012614
1268155838822141952
1268156144721281024
1268156220403154945
1268156246194098178
1268156326640836609
1268156572733227011
1268156855781593088
1268156882864279554
1268157046895063040
1268157117070020612
1268157207549485056
1268157260133543944
1268157311262081024
1268157486273458177
1268157675336019970
1268157768009211905
1268157813781598209
1268157874741686272
1268157944773959682
1268158078324805633
1268158162110160897
1268158268599226370
1268158274152443905
1268158292691488768
1268158485038071808
1268158561189847040
1268158681830559745
1268158685961953281
1268158719428263938
1268158963184525314
1268159710601060353
1268159721397239809
1268160147295264769
1268160242279493637
1268160293256826882
1268160456117682176
1268160601597059072
1268160712041324546
1268161131505283072
1268161770050465793
1268162057406484482
1268162339469012996
1268162344074588161
1268162413490143233
1268162461129195520
1268162670793916416
1268162683112755201
1268162849756581889
1268163148902785031
1268163336761413636
1268163383892811776
1268163384307970048
1268163447172280329
1268163519444328451
1268163551467720704
1268163614038462469
1268163627544084480
1268163702496342018
1268163773971468294
1268163799502249984
1268164021368258560
1268164042612408322
1268164092591661057
1268164097197182979
1268164332677992448
1268164369285816321
1268164549192155136
1268164655152758785
1268164713361354764
1268164746337026049
1268164771095801861
1268164809897529344
1268164814792265728
1268164822899871744
1268164893737443331
1268165174663557122
1268165267080613891
1268165325180284929
1268165387687993354
1268165467195281409