1269630237148508163
1269630241804353538
1269630262947860481
1269630287610351616
1269630329935007745
1269630333613375488
1269630354509291522
1269630450315780098
1269630528350756864
1269630582566408193
1269630602099126272
1269630741283065856
1269630958304706561
1269631029389570050
1269631055469953024
1269631138554937350
1269631360718733313
1269631431602515969
1269631451445813250
1269631567363805185
1269631726189494274
1269631743310602241
1269632007572684803
1269632056243425285
1269632425891635208
1269632556904992768
1269632568237801473
1269632577092161536
1269632845418561536
1269632880415670272
1269632880642338816
1269633198478315520
1269633470613139462
1269633620177756162
1269633844191297538
1269633848960311306
1269633945890676739
1269633974638444545
1269634024626151425
1269634093513400321
1269634100681478144
1269634179337199618
1269634209452363776
1269634318386814977
1269634326703902722
1269634457146920965
1269634464889610242
1269634591410868228
1269634623287562242
1269634630149386246
1269634691801452550
1269634754032402434
1269634767353495559
1269635030730649600
1269635244837105665
1269635421484412929
1269635459610808321
1269635534592368640
1269635625034100739
1269635693816377346
1269635731758239744
1269635794064543745
1269635848829575170
1269635970212728832
1269635983122657280
1269636062995001344
1269636104002535431
1269636109040070657
1269636110373851136
1269636122159788033
1269636154925645824
1269636186630270978
1269636223431147520
1269636306637713414
1269636326921588737
1269636352188055553
1269636415417090049
1269636442504003586
1269636565673955333
1269636652688965632
1269636831026597888
1269636872709574656
1269636985599262720
1269637044659249158
1269637087952728065
1269637127777722371
1269637203430440962
1269637234556354563
1269637377955262465
1269637384951549953
1269637396385103873
1269637404903776262
1269637497908232195
1269637544247021574
1269637586106167296
1269637677940387840
1269637740636901378
1269637765416644610
1269637851035004929
1269637975253475329
1269638013677711363
1269638320218406913
1269638386211598337
1269638660305059840
1269638675597590528
1269638818593828873
1269638843054977030
1269638973581930497
1269639002963021824
1269639063818174467
1269639103278129160
1269639270416838659
1269639490248810496
1269639708209971202
1269639725276676096
1269639754363973632
1269639770575187970
1269639837851811840
1269640009327337472
1269640089707020288
1269640110745755649
1269640111551119363
1269640130408693760
1269640258045476870
1269640333249445891
1269640426845339648
1269640575206260737
1269640646442221576
1269640710841655297
1269640795633651717
1269640948885012484
1269640996331061248
1269641110575554561
1269641229807030273
1269641364024647680
1269641470094397440
1269641531943563264
1269641549287227401
1269641658041356290
1269642057171296258
1269642115472130050
1269642341842849794
1269642383421038592
1269642397836869634
1269642555886616578
1269642663344705537
1269642781837926402
1269642811642646528
1269642878768353288
1269642900108959745
1269643046649581569
1269643050143408128
1269643155747602432
1269643322634629121
1269643377877962753
1269643432441589761
1269643436916977664
1269643486208368643
1269643553283735552
1269643591695163392
1269643611194490882
1269643666999504897
1269643758229876736
1269643789272047621
1269643826681073664
1269643868204498944
1269643998462967809
1269644217070092289
1269644233951993856
1269644249785667587
1269644404987432960
1269644468245999622
1269644506799972352
1269644673653583873
1269644744688308227
1269644921956376582
1269645022707802112
1269645103712227334
1269645183638962177
1269645223661113344
1269645274340904960