1269071508397101056
1269071584754651138
1269071633848979457
1269072050892804096
1269072066642313222
1269072067141472257
1269072071700733957
1269072361497788417
1269072373724016640
1269072384063164418
1269072386722336768
1269072403352522752
1269072675072364547
1269072688066289665
1269072696622460928
1269072705069989890
1269072714070765568
1269072743464677376
1269072768534020097
1269072790344302597
1269072822636249091
1269072860376694785
1269072881251758080
1269072910204968960
1269072948792643584
1269073054346461185
1269073104007020545
1269073502650286080
1269073527216369664
1269073594186739712
1269073626982047744
1269073716220133376
1269073745341276165
1269073799447748611
1269073920981950466
1269073962622803968
1269073992314306560
1269074004377100288
1269074118034567170
1269074135419928578
1269074207129964551
1269074285781532672
1269074570272743424
1269074595522306049
1269074784945651713
1269074794282020864
1269074877887115264
1269074919553409025
1269074945524498432
1269075101208719360
1269075137330102274
1269075252685963264
1269075279881760771
1269075313633513472
1269075335255072774
1269075402363932672
1269075456839614470
1269075561613148160
1269075607406731266
1269075774172102656
1269075863074557952
1269075884956409856
1269075959552053248
1269076026665193473
1269076157560836097
1269076309537435648
1269076332668993536
1269076371445297152
1269076486788530176
1269076534981058560
1269076816402305026
1269076912078544898
1269076915815624705
1269076936887844864
1269076988615987200
1269077043511246850
1269077083550031872
1269077208590503936
1269077239125225474
1269077339960295424
1269077402162008064
1269077415567003649
1269077423787778050
1269077553437970432
1269077608030973958
1269077804513140744
1269077851124293633
1269077989343576064
1269078157921062914
1269078174677315586
1269078199591460864
1269078233137496075
1269078341790740481
1269078405464670208
1269078425861570561
1269078552303017986
1269078665716887552
1269078841663750145
1269078954352181248
1269078967451033601
1269079042591866881
1269079248519692289
1269079285815488514
1269079411908677632
1269079450248978433
1269079625117794304
1269079791069736962
1269079902675890176
1269079952361771008
1269080016131850242
1269080041461170177
1269080171019149314
1269080175053910022
1269080318683693057
1269080345737138180
1269080401940754432
1269080451655688194
1269080519381340161
1269080581410705409
1269080708158455808
1269080727959875584
1269080786998788096
1269080837649313793
1269080841814257666
1269080896839323653
1269081123767844864
1269081138754129920
1269081319629361152
1269081336544989190
1269081395588038656
1269081463179415552
1269081496951889921
1269081555714166785
1269081585560797184
1269081666540015616
1269081803131957248
1269081912078856193
1269081971570937857
1269081978789408769
1269082201691316225
1269082296465883136
1269082302182809601
1269082385116655617
1269082439659294725
1269082495120601088
1269082553912344576
1269082610539671552
1269082625336958976
1269082652130152448
1269082825631752192
1269082825711669248
1269082900915462144
1269082972910567424
1269083032608059392
1269083082297995267
1269083128124985345
1269083186396569607
1269083190301298695
1269083263588610048
1269083275911237632
1269083278289465344
1269083283574251520
1269083372594266112
1269083392315981826
1269083446330175489
1269083455155044353
1269083480912265217
1269083555625340929
1269083603323027456
1269083686261137409
1269083765457981442
1269084058878795777
1269084090558484482
1269084112062754816
1269084172649467905
1269084289964130310
1269084487880552450
1269084495786827776
1269084573008158720
1269084821982191617
1269084835508822016
1269084855855452160
1269084899887251458
1269084935958212608
1269084980275302402
1269085041306619906
1269085128619417601
1269085149909532678
1269085220495474688
1269085221133201408
1269085316931084288
1269085543796703233
1269085598985277442
1269085601724317698
1269085606706962433
1269085653330870272
1269085828128489472
1269085976313430017
1269086046760734720
1269086097276956674
1269086131733307396
1269086227900268547
1269086265225310211
1269086378056462336
1269086436755533825
1269086579328315392