1270490874850541568
1270491060347813889
1270491066274217984
1270491089523355648
1270491146960154626
1270491189330894848
1270491365479251968
1270491566134657029
1270491599735336961
1270491709990985730
1270491722015838208
1270491722695487489
1270491833391595525
1270491885740666881
1270491935669698569
1270491953365426176
1270491989797146624
1270492024073007105
1270492057916919809
1270492062501257217
1270492255271424003
1270492313161269249
1270492435555201024
1270492519780872193
1270492619056074752
1270492762098380800
1270492772626321411
1270492800770080768
1270492823129858054
1270492826745352193
1270492863214870528
1270492955925757952
1270493069289197568
1270493089480794114
1270493261908623360
1270493446021828610
1270493507698876416
1270493513440915456
1270493672694525955
1270493709985935360
1270493897853145088
1270493900956786689
1270493903268073472
1270493920095592448
1270493944489619456
1270493983228039169
1270494116678336518
1270494360337960960
1270494463916417026
1270494497181442049
1270494577972166656
1270494712000962560
1270494762739646464
1270494775498637320
1270494842162827264
1270494905211719682
1270494908865040384
1270495077782245382
1270495133977337856
1270495169398411265
1270495174016131072
1270495223920177153
1270495278303531009
1270495391247671297
1270495442309206018
1270495476865855488
1270495500807147522
1270495500970545153
1270495522953068545
1270495684987420673
1270495769703747586
1270495864209862657
1270495916450107393
1270495942328889345
1270496043289808896
1270496085807640576
1270496122931277830
1270496212089819137
1270496315164762120
1270496344172462081
1270496352024301575
1270496398505541634
1270496448950480899
1270496469435453440
1270496478444871680
1270496634200195072
1270496742874574848
1270496868053680129
1270496886089232385
1270496894410776578
1270496946768273410
1270497113051455491
1270497137395224577
1270497149055389698
1270497346237980672
1270497443063316483
1270497530564841472
1270497543604977664
1270497627394707457
1270497719715536896
1270497778158927872
1270497849457938432
1270497967661817856
1270498028831551493
1270498139439599621
1270498185174290434
1270498449708978176
1270498478893019136
1270498578688094208
1270498628172484616
1270499002979581952
1270499028346630144
1270499179731787776
1270499276540579846
1270499284421672960
1270499313282625536
1270499385076580352
1270499468438237184
1270499556778815488
1270499741785260033
1270499905807753222
1270500106295373825
1270500123693527040
1270500194497425408
1270500215083151362
1270500219289911296
1270500266219986945
1270500324000829441
1270500345966444544
1270500630218432512
1270500698476560384
1270500801514033153
1270500820119965698
1270500876629745664
1270500891456679936
1270500929544937473
1270500981369974791
1270501179596791808
1270501209741373441
1270501302670372867
1270501440038014977
1270501536003756033
1270501611949809664
1270501615569698823
1270501754300436486
1270501781022310401
1270501927047049224
1270502006105313280
1270502070022549506
1270502075567181824
1270502081833517058
1270502102796611584
1270502240411955205
1270502311987679234
1270502345831444480
1270502433706237952
1270502690787856384
1270502707250581505
1270502711268704256
1270502833419255811
1270502916953178112
1270502974561779713
1270503063770497025
1270503159568297984
1270503235824934912
1270503253084483584
1270503269698281479
1270503289340276737
1270503343173980160
1270503403555303425
1270503499390910464
1270503574733111297
1270503608165920768
1270503776072413186
1270503904166293505
1270504012471832576
1270504061520031744
1270504087365304321
1270504103161081859
1270504246182461441
1270504256227901440
1270504413275226112
1270504474554118145
1270504539435577345
1270504585518604288
1270504590056833030
1270504632402325504
1270504633463484416
1270504724995833856
1270504725285388289
1270504749612371969
1270504786975129600
1270504833162842114
1270505014092537858
1270505077569183745
1270505152739344384
1270505211237408768
1270505407576895488
1270505491865587712
1270505703011049472
1270505706052075521
1270505730651549696