1267682376647393280
1267682493303570434
1267682587348099072
1267682800347623425
1267682867850575874
1267682888918564864
1267682930744193025
1267683093768527872
1267683483582894081
1267683492588068869
1267683505816973312
1267683576402702338
1267683651837399040
1267683995883581440
1267684050879143936
1267684197524623360
1267684419260817408
1267684579545997312
1267684631954022405
1267684637981192192
1267684649691688966
1267684654036840448
1267684662605942786
1267685292552581120
1267685321447268352
1267685585520451584
1267685779041587205
1267686064203980803
1267686432971292673
1267686446153871360
1267686801717641217
1267686927534358534
1267687093146435588
1267687459476967425
1267687532256362499
1267687590997692416
1267687699286294528
1267687752549703681
1267687753552220161
1267687826889596928
1267687917696290817
1267687984893059072
1267688211662303234
1267688236404670465
1267688287105216512
1267688299948396545
1267688533998759937
1267688534774874114
1267688643348492289
1267688684071071751
1267688710973190145
1267688725431148545
1267688753398767618
1267688803168387077
1267688932868673536
1267689117065895938
1267689235286376448
1267689480661749763
1267689508612591617
1267689551037960196
1267689591013769217
1267689629152501760
1267689884795494400
1267689914436640768
1267689918555455489
1267689969201618945
1267690046817263618
1267690078773694466
1267690085815857153
1267690246612742150
1267690678819020801
1267690782317850624
1267690797228490752
1267690858465251329
1267690866237272064
1267691009313345536
1267691176615804929
1267691415527583747
1267691570058473473
1267691965040082945
1267692238366101504
1267692238483619840
1267692307786022912
1267692566805393412
1267692816756506624
1267692963708039170
1267693077172350976
1267693156096716803
1267693172894904321
1267693189798014976
1267693274023763971
1267693467242815488
1267693492245069824
1267693781450518528
1267693894805880832
1267693912677920769
1267694113027059714
1267694436257009665
1267694527642570752
1267694750024556547
1267694856161419269
1267695036990439426
1267695086344650753
1267695233103323136
1267695245388582918
1267695245443182592
1267695395662172161
1267695643805413381
1267695716320727040
1267695773627514880
1267695802975207426
1267696075512700930
1267696130953003009
1267696207566176260
1267696360444182529
1267696434750472193
1267696587444191232
1267696839781908481
1267697124755386373
1267697447926730753