1272408530902044677
1272408574384148481
1272408586136825857
1272408616981725186
1272408678730272769
1272408684845391873
1272408691195740160
1272408864554651650
1272408886851428354
1272408931424493568
1272408984000040960
1272409008863936513
1272409019374854145
1272409026593251328
1272409026836393984
1272409070096601088
1272409141282107393
1272409224782495749
1272409257263144966
1272409279899799552
1272409302737620992
1272409329845616640
1272409352209682433
1272409378927378432
1272409436699713536
1272409492291039232
1272409545722286083
1272409566928678914
1272409651494125570
1272409732184076293
1272409744439783425
1272409854087516160
1272409885817225216
1272409944952717312
1272409987114053634
1272409996253421577
1272410081053810690
1272410164604203008
1272410219272798211
1272410269587816450
1272410298876649473
1272410319164301312
1272410373984079872
1272410422876884992
1272410439813525504
1272410503399251968
1272410771633377280
1272410793439420418
1272410838629077005
1272410870660792321
1272410872749731840
1272410897688825857
1272410965687009280
1272411011740565509
1272411058595074049
1272411113561427968
1272411170364952578
1272411199120998407
1272411264656998400
1272411275385921542
1272411413156450305
1272411451634810880
1272411492621697024
1272411631042125825
1272411640915529728
1272411836281995265
1272411986417065992
1272412096232390656
1272412193431191553
1272412196790820864
1272412228357173248
1272412239643815936
1272412269884968962
1272412280731435008
1272412319381741568
1272412321407696897
1272412347139670018
1272412357671579648
1272412397878173696
1272412399275053057
1272412432669925377
1272412614065152000
1272412644029288448
1272412682969325570
1272412687339675653
1272412738350993409
1272412817107320834
1272412902092419073
1272412903568633857
1272412940575092737
1272412994413060096
1272413024339595265
1272413062461440003
1272413313771565057
1272413363654373376
1272413469325824002
1272413568303075330
1272413606974373889
1272413780513656832
1272413937850445826
1272413971258064896
1272413974718447616
1272414024651726849
1272414057815891969
1272414106537123841
1272414113923203077
1272414169501847553
1272414218957008896
1272414276787990528
1272414300129259520
1272414306735280128
1272414331653640197
1272414477980491783
1272414685300744198
1272414713532514308
1272414786492551168
1272414815416442888
1272414820130672640
1272414864124723200
1272414903739887616
1272414971054510082
1272415091971878912
1272415103921672192
1272415117007872000
1272415139116060672
1272415213409701889
1272415251787628549
1272415406053920768
1272415451994259456
1272415500035715072
1272415514686521344
1272415679690362881
1272415797185576960
1272415839606669312
1272415878005612545
1272415897433432064
1272415927427117059
1272416043709992960
1272416081299341312
1272416148970016769
1272416207728193538
1272416210764906496
1272416211746373634
1272416227965702144
1272416294852313088
1272416374862708736
1272416399751704582
1272416434661056515
1272416539648471040
1272416559588229120
1272416685295886336
1272416756682940417
1272416788354084864
1272416828933824513
1272416858617139200
1272416878074269698
1272416894771884032
1272417042017193984
1272417063034933248
1272417065652142081
1272417084660539394
1272417105481064448
1272417159113838593
1272417302382862339
1272417379151228933
1272417391302115328
1272417393223045120
1272417482943295492
1272417565742993408
1272417589113827328
1272417731372089345
1272417803589619712
1272417835197894657
1272417902273019904
1272417986561871872
1272418060993884160
1272418113007452161
1272418220327256064
1272418296026083328
1272418296416079872
1272418357820583937
1272418392402780160
1272418396097961984
1272418468772675585
1272418481477214208
1272418548418113537
1272418555602984961
1272418561370337283
1272418566827053056
1272418635793854465
1272418669331730432
1272418709798354944
1272418740957786114
1272418769684459525
1272418823703011328
1272418845844664320
1272418854594064389
1272418859492864003
1272418865390202880
1272418901188653056
1272418978816651264
1272419034554945552
1272419051340521472
1272419068402741248
1272419071548690432
1272419118508118022
1272419203601928193
1272419262401929217
1272419274234171392
1272419295130247168
1272419319360569345
1272419461165793280
1272419629571485707
1272419662874189829
1272419664312676353
1272419801454043142
1272419894517133313
1272419919510949888
1272420104983048192
1272420116228009984
1272420220691288066
1272420222411079680
1272420255583752193
1272420367987073024
1272420376136515584
1272420420029800448
1272420516037562371
1272420586158010368
1272420603438551040
1272420779859140608
1272420796556816384
1272420954828795905
1272421017911267328
1272421026370994176
1272421036735201280
1272421047128612864
1272421078003003393
1272421117412749312
1272421348925677569
1272421375924293645
1272421399831904256
1272421648478560256
1272421680674148352
1272421744242982912
1272421817920061440
1272422121692696577
1272422129854791680
1272422294141329412
1272422444825968643
1272422473259028480
1272422474412625920
1272422536677113860
1272422567220064256
1272422619845984257
1272422702893031425
1272422750221553664
1272422788482117645
1272422948536754177
1272423365312200704
1272423366167638017
1272423400024215552
1272423429271097345
1272423460422086656
1272423470199197705
1272423480064163844
1272423480731086848