1274416738327822336
1274416741775544320
1274416743067217920
1274416771538321408
1274416779213844480
1274416847824261120
1274416883106709504
1274416902949961731
1274416923271405568
1274416931504680960
1274416952937717762
1274416970398482433
1274417002824830977
1274417031941632000
1274417040992817152
1274417054112714754
1274417082814300161
1274417146047729665
1274417232051757057
1274417275555188736
1274417292231794690
1274417305280102400
1274417356832309248
1274417455201505281
1274417489510838274
1274417490609803265
1274417531885809665
1274417602945789952
1274417614874382336
1274417674219597824
1274417675721195521
1274417678271352832
1274417707832807425
1274417758302691328
1274417758500007946
1274417779467149312
1274417809158701056
1274417850233565184
1274417871846694914
1274417894831644672
1274417901186027520
1274417921339490305
1274417925714112512
1274417926372839424
1274417929623404545
1274417959641939968
1274417980529672193
1274417994098040833
1274418001882886145
1274418085999640578
1274418103179509761
1274418110033002508
1274418119050698752
1274418123052122112
1274418123735621632
1274418127091257345
1274418139556483072
1274418140164894725
1274418219864985609
1274418274671964161
1274418312265347079
1274418321212026882
1274418324886208512
1274418358029606912
1274418412211646470
1274418522244997121
1274418529673101312
1274418555233153026
1274418556181061637
1274418567463616512
1274418572312403968
1274418608739962880
1274418622937526272
1274418681179602944
1274418688788217862
1274418693393481730
1274418732153008129
1274418732211855362
1274418769234849793
1274418798746054659
1274418844254248961
1274418845822914565
1274418909278593025
1274418912197775369
1274418933127405569
1274418978450964481
1274418987309416450
1274419003340005377
1274419041524998146
1274419108424146944
1274419142158737409
1274419172194373639
1274419184219197440
1274419188254343168
1274419205518118912
1274419217929056258
1274419251269550080
1274419259842727936
1274419261839155202
1274419294500077568
1274419296920383489
1274419338150244352
1274419394047815680
1274419423428915201
1274419427702902790
1274419503003131904
1274419507184971777
1274419516647378945
1274419549811568640
1274419598096568327
1274419633169346567
1274419653696081920
1274419654442844160
1274419658322518016
1274419662487457792
1274419716640169984
1274419754569211905
1274419842779688966
1274419864208322560
1274419871858798592
1274419889156034560
1274419892872253447
1274419914766508033
1274419950569086976
1274419959855288320
1274419964037005320
1274419968398983168
1274419969304997889
1274420018667716608
1274420054948528130
1274420056873631750
1274420061407547392
1274420133662842880
1274420135865057282
1274420136393338880
1274420177841516545
1274420187387662337
1274420195386261505
1274420199874232326
1274420203338809345
1274420207814168576
1274420236859686912
1274420295479078913
1274420296410423296
1274420299438731264
1274420324314931202
1274420393458032640
1274420394511007744
1274420415474077697
1274420421211893760
1274420472478928901
1274420475368820736
1274420496390598657
1274420496587722753
1274420497523097601
1274420517626433538
1274420519794860038
1274420555668688897
1274420564485079041
1274420572492095498
1274420572760363008
1274420575428128769
1274420580981395457
1274420627554828289
1274420631375876099
1274420639860953089
1274420644487344129
1274420677664071682
1274420690058346497
1274420714984988672
1274420719032639492
1274420753887354882
1274420756122869760
1274420817171034114
1274420820203405319
1274420859961315329
1274420862750318598
1274420865665466371
1274420907709169666
1274420933504176128
1274420954454560769
1274420999489040385
1274421000311095299
1274421005092556800
1274421017033805826
1274421021752221696
1274421068074110978
1274421076370456577
1274421089741889537
1274421105877487617
1274421112714129413
1274421126681071616
1274421180288561152
1274421234873389057
1274421268704636930
1274421277474861056
1274421307652943873
1274421323091984389
1274421352708157453
1274421356399136773
1274421381720084480
1274421382852620291
1274421386455416834
1274421428805402624
1274421444437557250
1274421466361102337
1274421503711477761
1274421529493647360
1274421532886888448
1274421561886412800
1274421595780628487
1274421629788082177
1274421678152445952
1274421698498924544
1274421700768268289
1274421717188767744
1274421728161214465
1274421738122752006
1274421755654930432
1274421763162681354
1274421800118693889
1274421805839790080
1274421834910511106
1274421851993903104
1274421885414105099
1274421923041161218
1274421949146546177
1274421994130419715
1274422019073998849
1274422053987323905
1274422076900888581
1274422095460446208
1274422108014116864
1274422112040730624
1274422115853168640
1274422125076643842
1274422153916682245
1274422204424318976
1274422209050808320
1274422233818001408
1274422261974523909
1274422262381318151
1274422293284950019
1274422308883566595
1274422317410430977
1274422321848242178
1274422321969758209
1274422327116214276
1274422350281428992
1274422379888820224
1274422384641048584
1274422493848240128
1274422526710476800
1274422553918894080
1274422577113575427
1274422593508929536
1274422627608789003
1274422628242120711
1274422658155917312
1274422677705560064
1274422690640809985
1274422694398832640
1274422728150245376
1274422766092115974
1274422782739300353
1274422807733166080
1274422816339685376
1274422820819415041
1274422835465707520
1274422854121971718
1274422858433822723
1274422871415238657
1274422874959302662
1274422875093643266
1274422883662671872
1274422900020428802
1274422917460299777
1274422942059896833
1274422988037689344
1274423002281713665
1274423022040932353
1274423042798579717
1274423062444691457
1274423086159364103
1274423160255811584
1274423199602704386
1274423231261413383
1274423259543605249
1274423277889486848
1274423334881472513
1274423336383045637
1274423380251271169
1274423412115505152
1274423412589355010
1274423416431341568
1274423466754703361
1274423511629598720
1274423533960081408
1274423563320254464
1274423571075530760
1274423571532648450
1274423583784263681
1274423660091265025
1274423697831387136
1274423701484654593
1274423706186588163
1274423723051765760
1274423742790164480
1274423753980743682
1274423755888930816
1274423761543061505
1274423797819404289
1274423821588500482
1274423832904962049
1274423869420580866
1274423890903617536
1274423901905391621
1274423918393057280
1274423966459985920
1274423966543876097
1274424008100982794
1274424130008485888
1274424150866759681
1274424217761611777
1274424242898038784
1274424247146942465
1274424284178460672
1274424293062041601
1274424304437002241
1274424318773153793
1274424331032948736
1274424346728169474
1274424372325949444
1274424380890714114
1274424398330593281
1274424421164466178
1274424440298881025
1274424477426659331
1274424499606302721
1274424527905267712
1274424566199152640
1274424658226565122
1274424669764894720
1274424678371786759
1274424716846157826
1274424730305478661
1274424797435506690
1274424823662276610
1274424829719072768
1274424834152370176
1274424850560368641
1274424854805020672
1274424875952701440
1274424921284845581
1274424938032541697
1274425027362947072
1274425052273029121
1274425069465305089
1274425081859649543
1274425125245292544
1274425131511754753
1274425173551255552
1274425185903534082
1274425193159471104
1274425255365312513
1274425257768767488
1274425262776737794
1274425299845906434
1274425307638853632
1274425307748065288
1274425311669612549
1274425316619030528
1274425387594821632
1274425388027035652
1274425404573364224
1274425454754033664
1274425459174895617
1274425463767797761
1274425483996925955
1274425504301379584
1274425512404926465
1274425555820187648
1274425560182272000
1274425589068374016
1274425634857652228
1274425664398143489
1274425697994506246
1274425698309021699
1274425706307555329
1274425736347160578
1274425742860808192
1274425757360623616
1274425796770267136
1274425801098887168
1274425823169216514
1274425823999807488
1274425836159016960
1274425945370308608
1274425958574022656
1274425975489662977
1274425976076861445
1274425980887552000
1274426012705550337
1274426084226932738
1274426092988829696
1274426109044486144
1274426129474940929
1274426175922868227
1274426180855148544
1274426192247078912
1274426230683697154
1274426230893240320
1274426231065161728
1274426268239507457
1274426268419674112
1274426306239832066
1274426310727618561
1274426326942994433
1274426328494870529
1274426336300261377
1274426343942471680
1274426373541466113
1274426386891960320
1274426394014072841
1274426520912740354
1274426545222955008
1274426583101603840
1274426600050786305
1274426648717398016
1274426670380916738
1274426680069644288
1274426750420889601
1274426762940776450
1274426776538607616
1274426805424984064
1274426847355379715
1274426859833503744
1274426860592435200
1274426875637465088
1274426880091926535
1274426914816643073
1274426944063303680
1274426951646789634
1274426960115052556
1274426982445412352
1274426993891840000
1274426999868719105
1274427006684262400
1274427015748292608
1274427019795869696
1274427023608500225
1274427036128251904
1274427049118175233
1274427060644167680
1274427065819754496
1274427069557018624
1274427073310814208
1274427077605941249
1274427107892842496
1274427111688765445
1274427130491949057
1274427137081122819
1274427178323607552
1274427241380720640
1274427253787709440
1274427313103556608
1274427321357869058
1274427321420840960
1274427341742264321
1274427346255110144
1274427363330158592
1274427363648929792
1274427383374848003
1274427433794453504
1274427475221602304
1274427476647849986
1274427639898521602
1274427669011214336
1274427677890543616
1274427689256906752
1274427692893560833
1274427878814494720
1274427883235282946
1274427891183476741
1274427895356645379
1274427910967955456
1274427913274720256
1274427951002595328
1274427958237835264
1274428009047613440
1274428026026029056
1274428056225099776
1274428059261612032
1274428071005782016
1274428152039669760
1274428157215387648
1274428202191147010
1274428214463606787
1274428218607652864
1274428288514043904
1274428303152041987
1274428315130986496
1274428345334317057
1274428361180418048
1274428370336354304
1274428370374311937
1274428424296247296
1274428441820102657
1274428448673431552
1274428462133108737
1274428470047567872
1274428475982610432
1274428516440866817
1274428529149542401
1274428533314650114
1274428567510757379
1274428595503423488
1274428621273403392
1274428702789681157
1274428726286090243
1274428735891087361
1274428798340083718
1274428805847924743
1274428810474201093
1274428818309042178
1274428831504498693
1274428848176676865
1274428877075443712
1274428886064009218
1274428886198206465
1274428923330342915
1274428944196833280
1274428944469700608
1274428960827416581
1274428983661256709
1274428994360946689
1274429002531258368
1274429028682719232
1274429041077096450
1274429053877903361
1274429057049014273
1274429062522580994
1274429066440069124
1274429070785339392
1274429104570470400
1274429128519741440
1274429136854028290
1274429142579249154
1274429166805450752
1274429171087925249
1274429175030562816
1274429191728123904
1274429208891195392
1274429221356666882
1274429234019217410
1274429250574180355
1274429256278388736
1274429273315688449
1274429279783120897
1274429292751941632
1274429296736641025
1274429342546870274
1274429346976063489
1274429367674900480
1274429406681772033
1274429473467834369
1274429486017232902
1274429506527227904
1274429510767837186
1274429547421863937
1274429551196676097
1274429564828164096
1274429577083998209
1274429582398164993
1274429586365800448
1274429589998260225
1274429602761506824
1274429602769895426
1274429627918807041
1274429633015042056
1274429649800527872
1274429682289647622
1274429733288148993
1274429783666024449
1274429808559165440
1274429811650433025
1274429854465712128
1274429854503575552
1274429892340387841
1274429901370621952
1274429996845719559
1274430006324649985
1274430093906100227
1274430100507746304
1274430101917229056
1274430135282757634
1274430156778754051
1274430181718003714
1274430194590396416
1274430269454454784
1274430296126099457
1274430361821499400
1274430382788743169
1274430412207554561
1274430505291669504
1274430550477070337
1274430559645655040
1274430601928605706
1274430603354615809
1274430672241737729
1274430748104294403
1274430757902127105
1274430768085860352
1274430773773336576
1274430783873323008
1274430807030018050
1274430860863799296
1274430865364275200
1274430869550387201
1274430916631441408
1274430928471969793
1274430937409806336
1274430954182815744
1274430970389827584
1274431003524657152
1274431037355982848
1274431059027832832
1274431066602827781
1274431096235544576
1274431113537167360
1274431121518804995
1274431192339800065
1274431213948862467
1274431246857392129
1274431288959696896
1274431289773494274
1274431322560163840
1274431335982137346
1274431352641925121
1274431411236286464
1274431414310600706
1274431460775202817
1274431498364600321
1274431538080493568
1274431561505497088
1274431561518252032
1274431562310975488
1274431576210726913
1274431649745448963
1274431662886191104
1274431674667991041
1274431682058297345
1274431720704536576
1274431797024174080