1275081150298353666
1275081246956126210
1275081352313024512
1275081358151348228
1275081376362987523
1275081376811933696
1275081430406590464
1275081435565690881
1275081478435598342
1275081530046509057
1275081536144936960
1275081643514974209
1275081661428822016
1275081767452504065
1275081793025105923
1275081794778394625
1275081807713783809
1275081812981633024
1275081825551921155
1275081972100915200
1275081976479797250
1275081984700608512
1275082001414938632
1275082006397947904
1275082013897142275
1275082025993678848
1275082034663178240
1275082034948366336
1275082094130036737
1275082104087298051
1275082231992598531
1275082232122740736
1275082283196833793
1275082328650297346
1275082333532520448
1275082441636675584
1275082458162057219
1275082467297292298
1275082500750991360
1275082557902786560
1275082621215813634
1275082673187217409
1275082685367685120
1275082718301220865
1275082744360394752
1275082764845371392
1275082769165664256
1275082799226032128
1275082806734061568
1275082807497256965
1275082812975198208
1275082899361062913
1275082958123053056
1275083024632332289
1275083058413285376
1275083134069960704
1275083211610054657
1275083218853691392
1275083222292918272
1275083230354571264
1275083251418230784
1275083306434990081
1275083325581873154
1275083348482969600
1275083452816265216
1275083549578678274
1275083628784074753
1275083667229028353
1275083679841345537
1275083683360276480
1275083712498032641
1275083734228717568
1275083741396963333
1275083748548259845
1275083816147828736
1275083842685198338
1275083874393919493
1275083880962416645
1275084027079397378
1275084027939024897
1275084065151082497
1275084077876555776
1275084112953577474
1275084144624590848
1275084153684291584
1275084371377172480
1275084375575736322
1275084480672227329
1275084602017640448
1275084607411630085
1275084707366146048
1275084718837506048
1275084725787525126
1275084727788220426
1275084890581630982
1275084900245409794
1275085011029393408
1275085114947579904
1275085235307200514
1275085256358576128
1275085268975058944
1275085324343848960
1275085348687749120
1275085390131707904
1275085524227756032
1275085549628350465
1275085567810777088
1275085608994648076
1275085663331909638
1275085675075907598
1275085709012094977
1275085733615861761
1275085773608415233
1275085893179715585
1275085964776484864
1275085982409404417
1275086024390082560
1275086030660567042
1275086049203482624
1275086130891960321
1275086137539719170
1275086191600324609
1275086198604791810
1275086199850295296
1275086209321250822
1275086223292407810
1275086275226329088
1275086340313546755
1275086348047781891
1275086391471304704
1275086409708253184
1275086418042183680
1275086457846108161
1275086573369872384
1275086632471887875
1275086685714485250
1275086704005787653
1275086710557327360
1275086804581056512
1275086845056090113
1275086859136163850
1275086887770886146
1275086904736624640
1275086930397540353
1275086931970277378
1275087060056059909
1275087101944569857
1275087121750114306
1275087127164923904
1275087139403821057
1275087146777325568
1275087181695115265
1275087198472134656
1275087320400580609
1275087358153687041
1275087361836232706
1275087431373664257
1275087441670660099
1275087447295234056
1275087497551212546
1275087538114506752
1275087835859730433
1275087882164805633
1275087890851250177
1275087915945771008
1275087978243612673
1275088049458892802
1275088077896085504
1275088079720759296
1275088083550121985
1275088085508935681
1275088146607284225
1275088196456583168
1275088219542077441
1275088230409555968
1275088246687453185
1275088306141827078
1275088323959291904
1275088339750674432
1275088370209705987
1275088393727356931
1275088409577521154
1275088435435495428
1275088444801384458
1275088459456221191
1275088477810548736
1275088512082153472
1275088586719854595
1275088600103780353
1275088602909868034
1275088620869877765
1275088639840718860
1275088670731710466
1275088682538668033
1275088684774293508
1275088733545459714
1275088740285689856
1275088763195187200
1275088771487272961
1275088826197778432
1275088875157950467
1275088917444743169
1275088965431934980
1275088993735127040
1275089025645211648
1275089037855019009
1275089044716871682
1275089073040957440
1275089082251505664
1275089165642797065
1275089230373572608
1275089266477985793
1275089282340917249
1275089416126697472
1275089421285670913
1275089457641914370
1275089505738018818
1275089505838604290
1275089551950782466
1275089568199565312
1275089577875775489
1275089592945950725
1275089594531356672
1275089656120565763
1275089681206706178
1275089804808482822
1275089882696880132
1275089887528706054
1275089896131170304
1275089903529811971
1275089922291126277
1275089936711024640
1275089949205901315
1275089957422370821
1275089958055927808
1275089995653689344
1275090013194158082
1275090058631135234
1275090074250752000
1275090101349920768
1275090116223082496
1275090243247656962
1275090306946355200
1275090379402964992
1275090389926588422
1275090424651284487
1275090435317342208
1275090461636489216
1275090499079032837
1275090529093660673
1275090566255083522
1275090606684016640
1275090633422708736
1275090659528126470
1275090667505504257
1275090699294322689
1275090708584714251
1275090817603055620
1275090889577123843
1275090935307739140
1275090966521790464
1275091073652731905
1275091241772990469
1275091242007789570
1275091245858250753
1275091258558443521
1275091288996696064
1275091306365063168
1275091313537548289
1275091342897680391
1275091363370012673
1275091371658010626
1275091405921226753
1275091459935473664
1275091501882753024
1275091522774581249
1275091636377268231
1275091648981225473
1275091674168000512
1275091744061825024
1275091756149686272
1275091796385828865
1275091845685575680
1275091849405816832
1275091875720867840
1275091904301015040
1275091913096364033
1275091984504565763
1275092000711286786
1275092046961876993
1275092106655260673
1275092176767037440
1275092208685727745
1275092260208758785
1275092281800810496
1275092288243466240
1275092295654801408
1275092303300816896
1275092374918533121
1275092431235670018
1275092449610944513
1275092499602817024
1275092507550871553
1275092517546004482
1275092550643220480
1275092612966486020
1275092634323890177
1275092872430264320
1275092915748913152
1275092957360685056
1275093003280027648
1275093083177222153
1275093087119802370
1275093116295548929
1275093250890702850
1275093263741906944
1275093288182321153
1275093352028012547
1275093376979927043
1275093384840065025
1275093452787789824
1275093456503705600
1275093488669872128
1275093566033932289
1275093674569854976
1275093757688451072
1275093762922905600
1275093770782904320
1275093802135494658
1275093821785870337
1275093838424506369
1275093846326558721
1275093926156865536
1275094001947828224
1275094043333210116
1275094056553590784
1275094192356757504
1275094213508526080
1275094246752546816
1275094277157076992
1275094350175899655
1275094353912963072
1275094395805749254
1275094468878757889
1275094546477711366
1275094559526133762
1275094605831254022
1275094617973719041
1275094626978770950
1275094680821272576
1275094777780977664
1275094819778543616
1275094822877982720
1275094827147943942
1275094853135843328
1275094878830149632
1275094916268318722
1275094957569671169
1275094967007031297
1275094990885138439
1275095006483709954
1275095041300627456
1275095138910511104
1275095150742564864
1275095167935156226
1275095213556391937
1275095289196498944
1275095293906878467
1275095481950056448
1275095515630354432
1275095600690651136
1275095608601214976
1275095637453934592
1275095657980792833
1275095723181105155
1275095804512833536
1275095817540366336
1275095842475646977
1275095888986243072
1275095968409665539
1275095986000592896
1275096107887087628
1275096128380456962
1275096152908709889