1269131919838543872
1269131952528949249
1269131991011586049
1269132034032709632
1269132087530893318
1269132105042161664
1269132239629168641
1269132244368494592
1269132323817246723
1269132376929521665
1269132491199336448
1269132780090212352
1269132847144669184
1269133023770902528
1269133031689736192
1269133090724687872
1269133156399017984
1269133183800479744
1269133325165187073
1269133388109266944
1269133463627665408
1269133694167420929
1269133769643978752
1269133854683435009
1269133923189166081
1269133929199448065
1269134108984147973
1269134143566176256
1269134252811055104
1269134281307295744
1269134393802711042
1269134600082558977
1269134658697977856
1269134860200927232
1269135031823486977
1269135091164262401
1269135127843500033
1269135191408119808
1269135245225283584
1269135346417037312
1269135510477221890
1269135526961045505
1269135615670603778
1269135636922957828
1269135800303710209
1269136230635143171
1269136517424955392
1269136722903724034
1269136841816473600
1269136949501218817
1269137141868761089
1269137214346162176
1269137260504469505
1269137462082715648
1269137487001260038
1269137914308460546
1269137918368636928
1269138014590111744
1269138022978600960
1269138145389563905
1269138148593766400
1269138342781779968
1269138380182433792
1269138416848891904
1269138446276313088
1269138463619723264
1269138557517434881
1269138647523213313
1269138694155276288
1269138715214934016
1269138744273035265
1269138765227929601
1269138816545296386
1269138841517953025
1269138920798904320
1269139030140059649
1269139093499392000
1269139146557345792
1269139371657052160
1269139449738170369
1269139474107097088
1269139722397347841
1269139806937919489
1269140049116803077
1269140191039688704
1269140296769531912
1269140419008315393
1269140464269168650
1269140480958357505
1269140597979439107
1269140824744497152
1269140997365096451
1269141043305500672
1269141095998423041
1269141189070118912
1269141290681335808
1269141354036236293
1269141419580461056
1269141495132622849
1269141581438869504
1269141621192310785
1269141927263232000
1269141978157133824
1269142012457914369
1269142334744285186
1269142402285084672
1269142544258076672
1269142640718688256
1269142691511537665
1269142779080343553
1269142822663401473
1269143135407521794
1269143198540038144
1269143357676281858
1269143362554208256
1269143374008893445
1269143447744548865
1269143601197518848
1269143645547978752
1269143887756488705
1269143924032942083
1269143946241941506
1269144125993029637
1269144137753866240
1269144188500803585
1269144227361013761
1269144238706642945
1269144322416443392
1269144479585366016
1269144481946677249
1269144499772624896
1269144697039183873
1269144958222696458
1269145069426110464
1269145112677933057
1269145260799651840
1269145434498281475
1269145753408192517
1269145836140630016
1269145878515810304
1269146008987942914
1269146033264578562
1269146042274111492
1269146067351687168
1269146210285174786
1269146293068234752
1269146425616629761
1269146667296555008
1269146734883557376
1269146753099579397
1269146822062280704
1269146964962144256