1269735886666661889
1269735899887046656
1269736001448050693
1269736047317049345
1269736171443085312
1269736215374422022
1269736255081852929
1269736260983193602
1269736289877843968
1269736324329730048
1269736563895873542
1269736914732625921
1269737027970445320
1269737133297688576
1269737280547274755
1269737452060753921
1269737527247884294
1269737678993526784
1269737683137544192
1269737884715810817
1269737893267779584
1269737929943011330
1269737967230148608
1269738323834056705
1269738382642442240
1269738454168080391
1269738567799996417
1269738585084891136
1269738646913122305
1269738764286509060
1269738903612854275
1269738944318640128
1269739088774672385
1269739141605896192
1269739192336224258
1269739318756749313
1269739372787761153
1269739423362473984
1269739582645399552
1269739590556045314
1269739732356849664
1269739802636812294
1269740140286685184
1269740165695750153
1269740169294254080
1269740215318405120
1269740298202230785
1269740316719865857
1269740483611369472
1269740634988036096
1269740635554185219
1269740689891491846
1269740769046196224
1269740861300117507
1269740911765991425
1269740920225673216
1269740941536985090
1269740958473760768
1269740966640062475
1269740998525140992
1269741000500613124
1269741050387746816
1269741163260465152
1269741171942752257
1269741187348549641
1269741222538678272
1269741304201637889
1269741308735885314
1269741356852928512
1269741520116162560
1269741566702338058
1269741574948139008
1269741621328961537
1269741637439275008
1269741668158320641
1269741675670392841
1269741784520749056
1269741880796946433
1269742019355783170
1269742036472590342
1269742363225796608
1269742413653950465
1269742454317748225
1269742480393555969
1269742494142652416
1269742523909578757
1269742682185912327
1269742892559601668
1269743030422175745
1269743047752941568
1269743123007062017
1269743168867704839
1269743227386703872
1269743247649316864
1269743273507086338
1269743302112194560
1269743328733650947
1269743496832811009
1269743508711243776
1269743542236315650
1269743696699891712
1269743776987254787
1269743801930788864
1269743906771603460
1269743997968359424
1269744104184991746
1269744187827724288
1269744339569315840
1269744573871505408
1269744658504130568
1269744694210080768
1269744694323445760
1269744775625875458
1269744809289355271
1269744847444783104
1269745030962520074
1269745039942410240
1269745086646149121
1269745132305125376
1269745192099213312
1269745387436257280
1269745429224308739
1269745441966563330
1269745501093662721
1269745613656264704
1269745620903956480
1269745626327252992
1269745640009064448
1269745673643216903
1269745736771497984
1269745762470178819
1269745769503956993
1269745861593927680
1269745886894141442
1269746183624372224
1269746206428794881
1269746268093378560
1269746398213390336
1269746436507385856
1269746436968714251
1269746462419636224
1269746574109954048
1269746582691307520
1269746775054848001
1269747065191612417
1269747119977611265
1269747397250265089
1269747443253608448
1269747559972646913
1269747672329658368
1269747723219144705
1269747761311776768
1269747777854193667
1269747795122159617
1269747850147225602
1269747875228991488
1269747900206116866
1269747958699958283
1269747959475961856
1269747982062292992
1269748059535261696
1269748064824299521
1269748206964965376
1269748228213227520
1269748261646106624
1269748295007531013
1269748306256764928
1269748420299939841
1269748642467983361
1269748696213852165
1269748739163463681
1269748789570666498
1269748838761455616
1269748866796183555
1269748961641992204
1269749007980658688
1269749142147854336
1269749157742415878
1269749310238982145
1269749443840167945
1269749488983453697
1269749494025007105
1269749507392069632
1269749708513296384
1269749712233664516
1269749719674150912
1269749741602177024
1269749757628448768
1269749777673175041
1269749787882065921
1269750173938434048
1269750257455333383
1269750261607575553
1269750424640290817
1269750437105852418
1269750441836818432
1269750453761425411
1269750466608607233
1269750507402387462
1269750563555741697
1269750568408489987
1269750701388894208
1269750853352615936
1269750885610975233
1269750920033841153