1277255443555823617
1277255447456727040
1277255455073603584
1277255469975982084
1277255470638604294
1277255474996445184
1277255481409646593
1277255493296230403
1277255540515713025
1277255557037150208
1277255574078599172
1277255603044392960
1277255603338072065
1277255639421648898
1277255653422247936
1277255790022275079
1277255792559874048
1277255796586352645
1277255850785153025
1277255854677307397
1277255882464808963
1277255888584261633
1277255914551037960
1277255939289223170
1277255939331153925
1277255980905050114
1277255989469736960
1277256052996804608
1277256056461279233
1277256071174852616
1277256093920563200
1277256115882020864
1277256131593801729
1277256149021200384
1277256187621318656
1277256216377536514
1277256219858735104
1277256220231954435
1277256223008518144
1277256298971578368
1277256307368747010
1277256320970706944
1277256345679392775
1277256349445836805
1277256350075179011
1277256358300127232
1277256417032966147
1277256484565299202
1277256488705069056
1277256573673299969
1277256589158817792
1277256639125618689
1277256643353460740
1277256664941543430
1277256672470327297
1277256676517859328
1277256676694011904
1277256676916244482
1277256685833330688
1277256702136586242
1277256709791199238
1277256727239540741
1277256761305636870
1277256866029088768
1277256887101280256
1277256889462476802
1277256892666875909
1277256954252013568
1277256987294785538
1277257025425223680
1277257033260109824
1277257042034647044
1277257047357247492
1277257066835566596
1277257071474413572
1277257075177984003
1277257092282355712
1277257101241450502
1277257125702635522
1277257167897272321
1277257184494018562
1277257189179211776
1277257197496545281
1277257209936785408
1277257238042890240
1277257272998100992
1277257281156112385
1277257301725007872
1277257311690657793
1277257347912605696
1277257360621424641
1277257381831831552
1277257396260352002
1277257398630207490
1277257410554585088
1277257419874349059
1277257448500465664
1277257461288898570
1277257473666269184
1277257565328625664
1277257588896403456
1277257633137737728
1277257670840516608
1277257673189269505
1277257691682004992
1277257697205903360
1277257741711572992
1277257779577860096
1277257788637368320
1277257801027538944
1277257817892610049
1277257826692485121
1277257830245052419
1277257839313068035
1277257871705567232
1277257911232860160
1277257958548783108
1277257968971546625
1277257971836338176
1277257977406410752
1277257993705238529
1277257999497588737
1277258023786942470
1277258041340157957
1277258048231419905
1277258048814211072
1277258053528805378
1277258082511396864
1277258157316689922
1277258159116222469
1277258183095078913
1277258200090382341
1277258228401934337
1277258283649167370
1277258358899314688
1277258376574050306
1277258397356785664
1277258417787338752
1277258418537951232
1277258425781628928
1277258434325471232
1277258466277699591
1277258498536079360
1277258522388987904
1277258522435215360
1277258576919179264
1277258577137119232
1277258581084196864
1277258614453882885
1277258627301224448
1277258648419471361
1277258669109854209
1277258694326173697
1277258741381881856
1277258751997890561
1277258766099111938
1277258774127030275
1277258811833675778
1277258835472920576
1277258866212945921
1277258921640693762
1277258929655947268
1277258940841996289
1277258952980357120
1277258958240018432
1277258991974793216
1277258992482430976
1277259004473991173
1277259013097390082
1277259047100731392
1277259082710355968
1277259097297969155
1277259124720484352
1277259141195718656
1277259201690001408
1277259214822404096
1277259231402397696
1277259239430541312
1277259248850763776
1277259331717775362
1277259353268125696
1277259369646903298
1277259374260637696
1277259386726072328
1277259391297871873
1277259424202096640
1277259432611778566
1277259432632758278
1277259478711197696
1277259487200579589
1277259496130256899
1277259508482363392
1277259516871049217
1277259524680888320
1277259532964696064
1277259596969566209
1277259609145630720
1277259638090629120
1277259653080952833
1277259722903740416
1277259724036030464
1277259724484943872
1277259739018203138
1277259747637542912
1277259776762707968
1277259799063904259
1277259801894871048
1277259819448250368
1277259839169687554
1277259865178681345
1277259882077577217
1277259902923223040
1277259990647128064
1277260057755873281
1277260128136376320
1277260167189540864
1277260178895917057
1277260204044963842
1277260208855752704
1277260209321177088
1277260250693992450
1277260283682140160
1277260315701411842
1277260334349217792
1277260359821189121
1277260367488524290
1277260380310568961
1277260418570805248
1277260435822010374
1277260456126820355
1277260456848130049
1277260464833966082
1277260481548476423
1277260632581120000
1277260632702640128
1277260644803383297
1277260678261284865
1277260683873333248
1277260699010568194
1277260723270250497
1277260733093306369
1277260759219781633
1277260774621229056
1277260796393734144
1277260809001996290
1277260842342518784
1277260910168387584
1277260963436249090
1277260982453243907
1277260984948752387
1277260986521661442
1277261060714741760
1277261064011464705
1277261114456358912
1277261118927405061
1277261129450840064
1277261148233117697
1277261156357410821
1277261160505458689
1277261211453677568
1277261216470102016
1277261282333376512
1277261324150435840
1277261327728345089
1277261333742997505
1277261334460141568
1277261349173760000
1277261375090438144
1277261400197529601
1277261437644111878
1277261471211110401
1277261479868280833
1277261501036781568
1277261513024319488
1277261514844573698
1277261521999912960
1277261526404083712
1277261561153957888
1277261575703769088
1277261630594842625
1277261672869064705
1277261701751046145
1277261714279579654
1277261715193974784
1277261728158486529
1277261748446400512
1277261761020821505
1277261768981610497
1277261815131648001
1277261827106373634
1277261830973521920
1277261835138404357
1277261891069493248
1277261899504193544
1277261984870825984
1277262033218678784
1277262074998128641
1277262097957568513
1277262100663021570
1277262108690874370
1277262129939263488
1277262138231402497
1277262141473452036
1277262159299465217
1277262183810904065
1277262264047931393
1277262279495618561
1277262292271263744
1277262297422016516
1277262301771546626
1277262335103635456
1277262366783176704
1277262373297041410
1277262398445977608
1277262418893082626
1277262454846820354
1277262457203904512
1277262460773265408
1277262495137308673
1277262510786150400
1277262511536918530
1277262584912232449
1277262586258632706
1277262590897520643
1277262595708329985
1277262640746823685
1277262708979703808
1277262733159706624
1277262742257389569
1277262758283747334
1277262779297271809
1277262781306138637
1277262822381162496
1277262823438135299
1277262828467105793
1277262854584963077
1277262855318966273
1277262892862189568
1277262964572123138
1277262980946833413
1277262983660310529
1277262993995321346
1277262999909289984
1277263012169211906
1277263027251757058
1277263039721615362
1277263042821140480
1277263044243075073
1277263048831623169
1277263081278767105
1277263086186086401
1277263120914776067
1277263216125542407
1277263233854865409
1277263236849643520
1277263249331769345
1277263249784930306
1277263282550734850
1277263317099257864
1277263391955005441
1277263392198270983
1277263395746693120
1277263441032630274
1277263446468329473
1277263460510961665
1277263484242231301
1277263497752186880
1277263521949126662
1277263534804676611
1277263538591948800
1277263551451860993
1277263567176323072
1277263601485611013
1277263606145564672
1277263622520090624
1277263643621519362
1277263648268988416
1277263650588200961
1277263656116314114
1277263671010484224
1277263677297577985
1277263722520743936
1277263727302258690
1277263740581351427
1277263752354607104
1277263756754468866
1277263773749870596
1277263808055173121
1277263816427024385
1277263828300886016
1277263832939786240
1277263850081890305
1277263882566774784
1277263924640075776
1277263943535407112
1277263961176432642
1277264008945569792
1277264035520667650
1277264109537542155
1277264176541507584
1277264185186029569
1277264197030563840
1277264241624522753
1277264273136287744
1277264293138796544
1277264311165915136
1277264316551618560
1277264323421896711
1277264360671449091
1277264373728153600
1277264411342839809
1277264491093188608
1277264503118262272
1277264570625769473
1277264579429568513
1277264601000771585
1277264608961736704
1277264654901940224
1277264659750498305
1277264704633819136
1277264713878065157
1277264729908678656
1277264767581851653
1277264815682203653
1277264864118005761
1277264914768375808
1277264919130509313
1277264951518859266
1277264960624754689
1277264965414588417
1277264969030086656
1277264972620455937
1277264989724848128
1277265000898482177
1277265006900502528
1277265052475838464
1277265096302043138
1277265141457797125
1277265165122039814
1277265170557841408
1277265210114482179
1277265212740075524
1277265323092295681
1277265329639452672
1277265329819996161
1277265344076414976
1277265358429159424
1277265367119904770
1277265367715532807
1277265401257263105
1277265409914408966
1277265424896397312
1277265439328841728
1277265475681030144
1277265480621756417
1277265480781230081
1277265510095339522
1277265543331004416
1277265582493249542
1277265589703245826
1277265589875150854
1277265656568832001
1277265731676016640
1277265736042512387
1277265749233610752
1277265749623672832
1277265779021488128
1277265795140255745
1277265816187174913
1277265829562855431
1277265833308258304
1277265849825538049
1277265858390372353
1277265875037564930
1277265897346854912
1277265900140294145
1277265904447950849
1277265961545015299
1277265989269434369
1277266017320910848
1277266037939953665
1277266075139309569
1277266075634159616
1277266088292757505
1277266089311952896
1277266126951649280
1277266181423083520
1277266218395873283
1277266235416293382
1277266269478301697
1277266283986182145
1277266369831002113
1277266371433332736
1277266436990386186
1277266462160424961
1277266479549952001
1277266553420087297
1277266555529822208
1277266576039952384
1277266579307315200
1277266630561746944
1277266634084716544
1277266705966862337
1277266751483523078
1277266785251794944
1277266789286785026
1277266789953671170
1277266802263851010
1277266815291281413
1277266828629344261
1277266873105690626
1277266886040989697
1277266897411719168
1277266906253266944
1277266916005085186
1277266982371549186
1277266986527944705
1277267050348544001
1277267054438092802
1277267121114939393
1277267200517210113
1277267204657086467
1277267258801340417
1277267305416679424
1277267329735409669
1277267342712401920
1277267393304309764
1277267395078311936
1277267418767818752
1277267429635362816
1277267439257038848
1277267460320907265
1277267464938590208
1277267475147653121
1277267510560280582
1277267527543009282
1277267532374773763
1277267561131003906
1277267582719057920
1277267641594523649
1277267687253647363
1277267733055279105
1277267754156949511
1277267796381007874
1277267807294484480
1277267817130160129
1277267829763354630
1277267863892606976
1277267871874367488
1277267888555069443
1277267972978065410
1277267980540416000
1277268018385440768
1277268089709694976
1277268157024088064
1277268173822275586
1277268186505805830
1277268188804395010
1277268190670749696
1277268198774181895
1277268214045646849
1277268223898116096
1277268257339293697
1277268265782243328
1277268278440800258
1277268307717038081
1277268314310483968
1277268322191540224
1277268323550613504
1277268328365674498
1277268329145741312
1277268332568182785
1277268345646206978
1277268348980649984
1277268354223529984
1277268355238551554
1277268362138091520
1277268370933473280
1277268424889176064
1277268441737629696
1277268458456178691
1277268459160850432
1277268521232171008
1277268524608761856
1277268551259140096
1277268554845429761
1277268571220062208
1277268573749157891
1277268584780181507
1277268617743261696
1277268672977997825
1277268694205263873
1277268790355656705
1277268811725635593
1277268832906813443
1277268874824646656
1277268878352158720
1277268898027618306
1277268923881099264
1277268924019757062
1277268941421850624
1277269037425311744
1277269037450313729
1277269054059761664
1277269099618332674
1277269128257114116
1277269130396274688
1277269150654742529
1277269155054567425
1277269159483781123
1277269163644293120
1277269179784212481
1277269201632194564
1277269205835022336
1277269206212513792
1277269210431971331
1277269260629204993
1277269284763381760
1277269314626826240
1277269327104937984
1277269331521478656
1277269365340192769
1277269393454628865
1277269404510814209
1277269414208049153
1277269435858841601
1277269469736300544
1277269477701357569
1277269557837774848
1277269565823688704
1277269574531121155
1277269583192358913
1277269603870220288
1277269619674316800
1277269671444656128
1277269691753467906
1277269734757670912
1277269783960944640
1277269784191578113
1277269788562087936
1277269837681754114
1277269850998689793
1277269852009435138
1277269877280002050
1277269889036640260
1277269904035581954
1277269905511940099
1277269927360180227
1277269930703020033
1277269939397832704
1277269969055571968
1277270039918514176
1277270052459343872
1277270060843839489
1277270061892300804
1277270094117306371
1277270166242394112
1277270170096898048
1277270194948276231
1277270224291627011
1277270308765007874
1277270333117128705
1277270335327535110
1277270337533685760
1277270345771294720
1277270358396219392
1277270419821727744
1277270475832508416
1277270478034481157
1277270493259857923
1277270495079968772
1277270498976518144
1277270518874419206
1277270531394416640