1269962379162341382
1269962382933196803
1269962502084812800
1269962572624691201
1269962651230224385
1269962828460494849
1269962859041009667
1269962921087586309
1269962935495000064
1269963050867720192
1269963055137513472
1269963109776740352
1269963125585055744
1269963126415544320
1269963468511367168
1269963478871179265
1269963545686532096
1269963554834255872
1269963622521942016
1269963689056178177
1269963944812298240
1269963977829818368
1269963982519128065
1269964062286364673
1269964082842611714
1269964091013070848
1269964149813108738
1269964293761613824
1269964311386079233
1269964397046267907
1269964456240525313
1269964464020955136
1269964469549096965
1269964478331924482
1269964552583733248
1269964570099097602
1269964769898848256
1269964808276901892
1269964857945686016
1269964949528469505
1269965044005076995
1269965089634992135
1269965189761425409
1269965400244195328
1269965447417532418
1269965492359516160
1269965594432016385
1269965655060606976
1269965901987807234
1269965999459184641
1269966058988896260
1269966146419044352
1269966154866491392
1269966164823810051
1269966221375660037
1269966337444626434
1269966351646568448
1269966407279747073
1269966432000978947
1269966447524134912
1269966513726820354
1269966531833794560
1269966695398924290
1269966701187260418
1269966712046260225
1269966766802907136
1269966913578381313
1269966963553550340
1269966968272158722
1269967010311659520
1269967159855329282
1269967208412831744
1269967222778269699
1269967278298333184
1269967295360782337
1269967341535797248
1269967347705696258
1269967361353715712
1269967409869475841
1269967410980950016
1269967441985261569
1269967452441640960
1269967472184233986
1269967528689885197
1269967576236470274
1269967591453396993
1269967707115577344
1269967744465846277
1269967753227767808
1269967778737512454
1269967830713348098
1269967857116471298
1269967896656121857
1269967900338782209
1269967967779000321
1269967981146144768
1269968050100613120
1269968067532148738
1269968084258914311
1269968113677807617
1269968138109673472
1269968206594215938
1269968227175727105
1269968238500347906
1269968406050111489
1269968452955013122
1269968637294673927
1269968662464790533
1269968674032680961
1269968675324518400
1269968678608613382
1269968693284528128
1269968693733269505
1269968725974941697
1269968741946716163
1269968767313829889
1269968797118746624
1269968829997858819
1269968842912120832
1269968844334018560
1269968923111362560
1269969094524223489
1269969127768293376
1269969278918369284
1269969517721071617
1269969633337126915
1269969644170948611
1269969690304090112
1269969799670628352
1269969812572246017
1269969821069910017
1269969924904177664
1269969951093391360
1269969966872354817
1269970025802326019
1269970064058593283
1269970093250936834
1269970106018381831
1269970201728049153
1269970206174195721
1269970223223812096
1269970249337757697
1269970257210466305
1269970404002729984
1269970420339539969
1269970453403230208
1269970468599066625
1269970508126269440
1269970529936646144
1269970681258803201
1269970722425888771
1269970780764413952
1269970811177361408
1269970840042590210
1269970944883396608
1269970990630608904
1269971147040448513
1269971291219595266
1269971298974867457
1269971334341316609
1269971361763454978
1269971447449034755
1269971451295268864
1269971528462016512
1269971574599430149
1269971700034068482
1269971745588547584
1269971766421499904
1269971816895975424
1269971851725484032
1269971867676311554
1269971900652019718
1269971946684526592
1269972093355073538
1269972203543633923
1269972231767101440
1269972261714395136
1269972375111495681
1269972404794732544
1269972517617192961
1269972537011769345
1269972635703803905
1269972873772326919
1269973003682697217
1269973158209048578
1269973239507365888
1269973285204344834
1269974073095761922
1269974142587043840
1269974212338384896
1269974228960493568
1269974256915484673
1269974262607036418
1269974338150621184
1269974522826043392
1269974614223884289
1269974669207142403
1269974954264670211
1269974986913124352
1269975000942968834
1269975062700003329
1269975062922190850
1269975071826890752
1269975113627103233
1269975478397472768
1269975478556717056
1269975487918616580
1269975618185297920
1269975625294635017
1269975628003958785
1269975654881095681
1269975995148234760
1269976003998216195
1269976246110367745
1269976330793177090
1269976610528264192
1269976619281715200
1269976628161019904
1269976744964042767
1269976794389676034
1269976833640071168
1269976841449865217
1269976875037851648
1269976909179428866
1269976938950639616
1269976961130000385
1269976964040884224
1269977045473222657
1269977081116573701
1269977118215032833
1269977135306792961
1269977181129789444
1269977224381452288
1269977270317432834