1271985747889917952
1271985800687702016
1271985871164751872
1271986010147127297
1271986047656751109
1271986072638025729
1271986080863092741
1271986102187024384
1271986110416248838
1271986119094067201
1271986205756919811
1271986206998269953
1271986207245959168
1271986278096089088
1271986370697924608
1271986425232154624
1271986555238756352
1271986601334169600
1271986643625406464
1271986655428255744
1271986689809006598
1271986697488613376
1271986869786591238
1271986919828668417
1271986932252200961
1271986946357645312
1271987047478317056
1271987054491074560
1271987098971598850
1271987109772042247
1271987193431519232
1271987225635557376
1271987265313492992
1271987368317378563
1271987379327336448
1271987568284971012
1271987575939612678
1271987593073225728
1271987612983554048
1271987650698805249
1271987678716690432
1271987791048687616
1271987822463905792
1271987885236015105
1271987910380859401
1271988005939666945
1271988022926405632
1271988027078868993
1271988073253896192
1271988119932473344
1271988124323905536
1271988153675546631
1271988335330852864
1271988421209346050
1271988477144506374
1271988615543959552
1271988635622150144
1271988636964155392
1271988644484714496
1271988666269724677
1271988710918283265
1271988731847880705
1271988760838901760
1271988819882127360
1271988862294736897
1271988992108625920
1271989013239549952
1271989020495511553
1271989155954864134
1271989269104431106
1271989294723366912
1271989318752497664
1271989336825901057
1271989390244556800
1271989453112795136
1271989525686956032
1271989568015790080
1271989571866308608
1271989634877153280
1271989684273418240
1271989712237060096
1271989739059589121
1271989742528344067
1271989779937193984
1271989847360585728
1271989869506514944
1271989878146949120
1271989941199753216
1271990120397385729
1271990139028418562
1271990203243085824
1271990296230805506
1271990302094446592
1271990346549989381
1271990371694907392
1271990425818103808
1271990746292379650
1271990750910337024
1271990751082295298
1271990753376395264
1271990760603336706
1271990762578874369
1271990813178818561
1271990825585704960
1271990886650478599
1271990975473352704
1271991017688821760
1271991027465945090
1271991086366375938
1271991090749546496
1271991127462338560
1271991269959532546
1271991359662993408
1271991382438301696
1271991390977748992
1271991419020800000
1271991463463845889
1271991501095124993
1271991509546446848
1271991555243589634
1271991626685186048
1271991641671454720
1271991667692761089
1271991748324139013
1271991764929392640
1271991785288417281
1271991881992491009
1271991885473746944
1271991903710568448
1271991952628543488
1271992000645120005
1271992011713736704
1271992053602357248
1271992061852618754
1271992223794491394
1271992247102382081
1271992306422419456
1271992306569281536
1271992319110197248
1271992353130196993
1271992356020068352
1271992485728968705
1271992567358504962
1271992662778937344
1271992854898978818
1271992885144104966
1271992960268328960
1271992965490245635
1271993051733389313
1271993106964103173
1271993126744395776
1271993157530431489
1271993178116239360
1271993265282220032
1271993321330749440
1271993443196297216
1271993458761269248
1271993497499901954
1271993543649714177
1271993710264254465
1271993710633529344
1271993736109555714
1271993736470450178
1271993748898152448
1271993983795945472
1271994009586565121
1271994113592684545
1271994126893043718
1271994431734976512
1271994457731108864
1271994486659244033
1271994507110875138
1271994517219090432
1271994669900201984
1271994739001364482
1271994817422254081
1271994830973878272
1271994932253908997
1271994936213164034
1271994940378103808
1271994989724274688
1271995016370688000
1271995150143836160
1271995183006208000
1271995196620718080
1271995204019650561
1271995338233188353
1271995350816034816
1271995401147609088
1271995463734931457
1271995636108398594
1271995641426784256
1271995647860842496
1271995653464510464
1271995749740544000
1271995757957185536
1271995767335514112
1271995775531266052
1271995790840471557
1271995942137475073
1271995982150946817
1271996177769091072
1271996206026121216
1271996256349372416
1271996260300591104
1271996442157211649
1271996517725896704
1271996551217451010
1271996566828695553
1271996592959025152
1271996596209750018
1271996605412098048
1271996630632484864
1271996689251840000
1271996809385304064
1271996818146996224
1271996842478370816
1271996919263436800
1271996961311223808
1271996980793835520
1271996981745942529
1271997091942772737
1271997167192780800
1271997176097447936
1271997272587415552
1271997305214943232
1271997477843918849
1271997515106140160
1271997615090139142
1271997703040520195
1271997763618652165
1271997791674515457
1271997821978279941
1271997839724478470
1271997841657835521
1271997884246843392
1271997972553895937
1271998002719125507
1271998013607682048
1271998066862764032
1271998244470624258
1271998306860883969
1271998371016912898
1271998483390697474
1271998504160894976
1271998575501705217
1271998617755234308
1271998680439164929
1271998681584144386
1271998802820554754
1271998936308473856
1271999008769290241
1271999108794941440
1271999109453545472
1271999289976188928
1271999360969117697
1271999390354456583
1271999393650995200
1271999415696322561
1271999448231448577
1271999470197043204
1271999490006765568
1271999535234142208
1271999654075514881
1271999679165677569
1271999705346695168
1271999712107859968
1271999745494376449
1271999809549815808
1271999866265370624
1271999886603345920
1271999902042685440
1271999999006724097
1272000065528348674
1272000174278107136
1272000174567686144
1272000175003693056
1272000237087883267
1272000295678234625
1272000338036473856
1272000342234787840
1272000358676606977
1272000479875063808
1272000610003542017
1272000666815401984
1272000698847297537
1272000731671867392
1272000785778380802