1275141506232225794
1275141506312146947
1275141507306205190
1275141510397190146
1275141514419752965
1275141537882681354
1275141548376801281
1275141568324829185
1275141586108608513
1275141606153293824
1275141754417672193
1275141758628900866
1275141773338251264
1275141774231719938
1275141858516230148
1275141863650078722
1275141883325489153
1275141972857061376
1275142006591782912
1275142072123617280
1275142081036648449
1275142088552833028
1275142114201022467
1275142143900741632
1275142144618049545
1275142151551086592
1275142211349471232
1275142265762168835
1275142307214495744
1275142316110409728
1275142328798392323
1275142441511686144
1275142530884132865
1275142584889835520
1275142668805382151
1275142672034992130
1275142706050879488
1275142706243743744
1275142728087715848
1275142798455517193
1275142798681964546
1275142835063459842
1275142869477515264
1275142899265499136
1275142949257560072
1275142971437039617
1275142986775568387
1275143041766965248
1275143049690132481
1275143123732238344
1275143272650944512
1275143276857868288
1275143326329602048
1275143326606352384
1275143330599444481
1275143431191506949
1275143450258624512
1275143465442082818
1275143469154140162
1275143481883635712
1275143532479688707
1275143540478291969
1275143557318393858
1275143639287676929
1275143666382909443
1275143678822998016
1275143721147924481
1275143737711177730
1275143771416657921
1275143784452538369
1275143791809200128
1275143798042099715
1275143800860610566
1275143801338814466
1275143808712232962
1275143863158616064
1275143877066993664
1275143889679265792
1275143912307359744
1275143976815902722
1275143985070309376
1275144010261282819
1275144073863507969
1275144085792124928
1275144132474871810
1275144184173912064
1275144227882782720
1275144240603885568
1275144247260393472
1275144273638289409
1275144278902296581
1275144345591492608
1275144371902570496
1275144375081861126
1275144379351662598
1275144417104535552
1275144428445937664
1275144450659016708
1275144458875666438
1275144488902701058
1275144521915957250
1275144549984337922
1275144567076065280
1275144614547259395
1275144635321638913
1275144654401318912
1275144719153184769
1275144736270102529
1275144823826272256
1275144852997640193
1275144881309192192
1275144914549051392
1275144983994159110
1275145008421707776
1275145071512424450
1275145095243640832
1275145104764870656
1275145157302579200
1275145168019021824
1275145209878384642
1275145244636598272
1275145252001759244
1275145252697812992
1275145264119103489
1275145331437690881
1275145347082473473
1275145403231600641
1275145406175993857
1275145411095859202
1275145414375698433
1275145417982951426
1275145429899005955
1275145509666250754
1275145536614662145
1275145549285658625
1275145550363426816
1275145570399793152
1275145580843589632
1275145583733473281
1275145587143278593
1275145667523096583
1275145697180835841
1275145704009236485
1275145817968574465
1275145867973079041
1275145885278629888
1275145892333522945
1275145899459653632
1275146055647182848
1275146061523251200
1275146064820142081
1275146073879703553
1275146221376737284
1275146227693375489
1275146287461961728
1275146334564233221
1275146351370661889
1275146360052944902
1275146362271694850
1275146401295499264
1275146451061014533
1275146465296502787
1275146523312115721
1275146531168026626
1275146547966152706
1275146605348433920
1275146632280104961
1275146727973105666
1275146733400588288
1275146740447019008
1275146765298270209
1275146767366000640
1275146794494840837
1275146846244163585
1275146855811293186
1275146867626606593
1275146921154404355
1275146921506680832
1275146945074323456
1275146975856353280
1275146979803160576
1275147001542389766
1275147009108967425
1275147021922512897
1275147030915174400
1275147092802113540
1275147134732587008
1275147138213666816
1275147143054069761
1275147147713880066
1275147185840062466
1275147194442670083
1275147235894996992
1275147243948040194
1275147277284368384
1275147281440727040
1275147281906446342
1275147384113238017
1275147415532814338
1275147416119934980
1275147428346421250
1275147436768493570
1275147517836111872
1275147521061511168
1275147528686600193
1275147554171359235
1275147598228307969
1275147680293871616
1275147813526147073
1275147822837497857
1275147839253987329
1275147911345700865
1275147927854485505
1275147948880429056
1275148015741874179
1275148024298209281
1275148093323751426
1275148238505508864
1275148360375308288
1275148381673926657
1275148476754677760
1275148476872089601
1275148489878462464
1275148508442624002
1275148514465509376
1275148532077428738
1275148565363507202
1275148573970255883
1275148591024074752
1275148607348281345
1275148646393303043
1275148732758020098
1275148808519892998
1275148837657722887
1275148971258916866
1275149013277237248
1275149035318292480
1275149058680782851
1275149118482997248
1275149141719478272
1275149168592420864
1275149186636435456
1275149234132615168
1275149244551311360
1275149278185435139
1275149324402524162
1275149338327633922
1275149427322183681
1275149450302930952
1275149480069914626
1275149495987318788
1275149512735105036
1275149530518831104
1275149538672750593
1275149538802593793
1275149555542052864
1275149564442484741
1275149592548438017
1275149711347982344
1275149747855163392
1275149819288285184
1275149902063042565
1275149916571041793
1275149928722059265
1275149932756779008
1275149946497282048
1275150054249000960
1275150096238358528
1275150104924651521
1275150121391525891
1275150142186946561
1275150146255360002
1275150163670110209
1275150171316162560
1275150180652847108
1275150221920677894
1275150230833504258
1275150233169772555
1275150238580342790
1275150264735952896
1275150271107280897
1275150293093810176
1275150295023091712
1275150305706074112
1275150321535397895
1275150330951602182
1275150361888796672
1275150370910633990
1275150383258755072
1275150406696333315
1275150422915919872
1275150465081229315
1275150477710307332
1275150603551989760
1275150653640380417
1275150682744553475
1275150704131346432
1275150737564143616
1275150754911846400
1275150798448553984
1275150805168017408
1275150824931500034
1275150838844063748
1275150884993929217
1275150892359192580
1275150914517688320
1275150947635904514
1275150952845148163
1275151015151636485
1275151077927780353
1275151086253416450
1275151092742004736
1275151108256731136
1275151144931799041
1275151157300736000
1275151194940473345
1275151232772960256
1275151333360730114
1275151362930675712
1275151426080182274
1275151431943598080
1275151433881358336
1275151513434931201
1275151556401389571
1275151585560182784
1275151594250743809
1275151601703899136
1275151614710550531
1275151618623901702
1275151702841274370
1275151778267443200
1275151781547225089
1275151791563214848
1275151803013881857
1275151803668144130
1275151887436779520
1275151891572326402
1275151905690451969
1275151992118104065
1275152025739616256
1275152147492024320
1275152151900295174
1275152172452323333
1275152191733415936
1275152244267274241
1275152248226619396
1275152323795435521
1275152362907328520
1275152441466671104
1275152453885976577
1275152469866225666
1275152482776174592
1275152532646567941
1275152583783518209
1275152587558354950
1275152588049199105
1275152596265775105
1275152687097667586
1275152747432722434
1275152767930306561
1275152789488848901
1275152839992623104
1275152847370194944
1275152948629143552
1275153082763141130
1275153107270369281
1275153108004306944
1275153128053190658
1275153148269793288
1275153291895242753
1275153304780234752
1275153326263242753
1275153359885021186
1275153405636468737
1275153450788098050
1275153467745562624
1275153497609011200
1275153531750604801
1275153535240482819
1275153553238175745
1275153572028715009
1275153605339705344
1275153673996263424
1275153787498496005
1275153821174546438
1275153825419141121
1275153889986088960
1275153940129157121
1275153954670862337
1275154023838965765
1275154034211590145
1275154106177302528
1275154108719067136
1275154143779475456
1275154148447657987
1275154160351096833
1275154231763193857
1275154349451345920
1275154354123620353
1275154358133538828
1275154428706861063
1275154466979880965
1275154526018904064
1275154550752636928
1275154571774566400
1275154573716606983
1275154604875845633
1275154608122482692
1275154655341883393
1275154677861056512
1275154685029048320
1275154697272397829
1275154704662622208
1275154747314573315
1275154786107699200
1275154792034324480
1275154796211822595
1275154806336884743
1275154860690808833
1275154865212317697
1275154877380005891
1275154885369946113
1275155007776657410
1275155020229591046
1275155033437462528
1275155040378990598
1275155078828249089
1275155155089006593
1275155194645319680
1275155209036029952
1275155242850623497
1275155288597975045
1275155289021562883
1275155289092882435
1275155356310745089
1275155408135639040
1275155460954431489
1275155473629675521
1275155506420748288
1275155565451206656
1275155581972762624
1275155583075835905
1275155616286179329
1275155724566515714
1275155780078129157
1275155821526003712
1275155833958158340
1275155897359220736
1275155905332408320
1275155964153475072
1275155991559110656
1275156011448520711
1275156031870504960
1275156051818475520
1275156064397398017
1275156105203609600
1275156108106178561
1275156139714531335
1275156150346846208
1275156152280657928
1275156182500507648
1275156187705741323
1275156227908161539
1275156305687216135
1275156313517916160
1275156316705525760
1275156374058676239
1275156434167181313
1275156475816472576
1275156505378148353
1275156516438454272
1275156528044138496
1275156555059671041