1274945263237545984
1274945263963000832
1274945284624302080
1274945300692471809
1274945322561818624
1274945385681870849
1274945470146547712
1274945764142329856
1274945786808274945
1274945795821797380
1274945836338814981
1274945850960158721
1274945900691853313
1274945986671128577
1274946018463715329
1274946019126542336
1274946027494113280
1274946031734538247
1274946038764371970
1274946073317060609
1274946194905673730
1274946233417826305
1274946375575166977
1274946377097703425
1274946384198807553
1274946504818597888
1274946525823729664
1274946770183872512
1274946819735252992
1274946869546762240
1274946899133562880
1274946899636822016
1274946959044829189
1274947050690326528
1274947163731025920
1274947318559596545
1274947319322914823
1274947464311824385
1274947540891336704
1274947565746819077
1274947628724219907
1274947714082467842
1274947768424038405
1274947856227463169
1274947973072314369
1274947973860990976
1274948062348115968
1274948082560643073
1274948112029609984
1274948127049437184
1274948135824039936
1274948157168902150
1274948284348416000
1274948363562045442
1274948465496227840
1274948483384930304
1274948486593568768
1274948513412022272
1274948601764917250
1274948820984410112
1274948907600982017
1274949298526941185
1274949307595198465
1274949349156573184
1274949395037990913
1274949403736932352
1274949525376045056
1274949541779800064
1274949714178424833
1274949743089561601
1274949751159418881
1274949805165314051
1274949813574852610
1274949923868250113
1274949991253983237
1274950039526309888
1274950044957827072
1274950196116492288
1274950200813998081
1274950201296523264
1274950234318073857
1274950247387561984
1274950527927726081
1274950669263187969
1274950695720869888
1274950733243101184
1274950801283260417
1274950832555831296
1274950834481008647
1274950843352207361
1274950846502113285
1274950868240986112
1274950976357625857
1274950988244361216
1274951022478274562
1274951115218604032
1274951220340248576
1274951295573667844
1274951325277548544
1274951374535397376
1274951455514824704
1274951542320304131
1274951551891550216
1274951569079844864
1274951571068116994
1274951612889313281
1274951660893343746
1274951693818445825
1274951718938107905
1274951810218852352
1274952180219424768
1274952250599837696
1274952557094453249
1274952590980153344
1274952653722644480
1274952679450644480
1274952758731268096
1274952764062404608
1274952780336136192
1274952853619163137
1274952880164794368
1274952947433123840
1274953022314033152
1274953099224903681
1274953099740950529
1274953101842288642
1274953106653016066
1274953112432676864
1274953145672699904
1274953160251957251
1274953191172583431
1274953191721857024
1274953234235289600
1274953249334996995
1274953320369549312
1274953386211676160
1274953501131501568
1274953640839651328
1274953801808572417
1274953842887553025
1274953954733023241
1274953974899245056
1274954051273162752
1274954067756961793
1274954084257333249
1274954096810749952
1274954117102792705
1274954129132019712
1274954185637683200
1274954188980715520
1274954193678274560
1274954263861420034
1274954401757704192
1274954452848410624
1274954465381154817
1274954603453222913
1274954635632095232
1274954671199682560
1274954692594819074
1274954771980414976
1274954842662825984
1274954932106301446
1274954948594274306
1274955103729078272
1274955276916006912
1274955481665228800
1274955484945137666
1274955607133601792
1274955615543197704
1274955635600343041
1274955645024788480
1274955664515833856
1274955723709923328
1274955769545293825
1274955773941080067
1274955921966301184
1274956055294943233
1274956197762863104
1274956219652898818
1274956332098113539
1274956407876366337
1274956534724931584
1274956616962412545
1274956626827464704
1274956940511260672
1274956973700595712
1274956977785966592
1274957309991682051
1274957390459305985
1274957489952321536
1274957493777518592
1274957524425465856
1274957572819148800
1274957678385627136
1274957855402196998
1274957913576988672
1274957946804412416
1274958016412962816
1274958022830206979
1274958031772680193
1274958090123821067
1274958152904192006
1274958244847460352
1274958253852708865
1274958257786957824
1274958295283847169
1274958328599154695
1274958357946757120
1274958517502435334
1274958617590984704
1274958676655312896
1274958711849705474
1274958712193585152
1274958760843362312
1274958829118042113
1274958878568968193
1274958885087064066
1274958925876596737
1274959013533249537
1274959048014733313
1274959079715340290
1274959189635330048
1274959342840709122
1274959432560984064
1274959443185172481
1274959515822194689
1274959548738990080
1274959642116816896
1274959655127547904
1274959671561007105
1274959717987692544
1274959787499765761
1274960044635959297
1274960212408098816