1269147005709963264
1269147006007562240
1269147008503291906
1269147086492057600
1269147137662566400
1269147237386461185
1269147267489030144
1269147363182030848
1269147599883337733
1269147746566574082
1269147803697233920
1269147949717581825
1269148098531659777
1269148107650072576
1269148118123114496
1269148153040605184
1269148204337000448
1269148220128518145
1269148244879323136
1269148346490351616
1269148625780854785
1269148694227664898
1269148789996089345
1269148849123160066
1269149012902522880
1269149364162879489
1269149414121185283
1269150061365256192
1269150090427392000
1269150158068961286
1269150161176952832
1269150162116415489
1269150190809657344
1269150286377111553
1269150329230299136
1269150430392508422
1269150439460622337
1269150463959666688
1269150564161671174
1269150669908262913
1269150761482702848
1269150924749983744
1269151079637422080
1269151202505359361
1269151230657347584
1269151320298176512
1269151549701447680
1269151586766458880
1269151618630430720
1269151696489332737
1269151726679937025
1269151780690169856
1269151813107941378
1269151860373553153
1269151998521139200
1269152028099514373
1269152044033748993
1269152182055473152
1269152225516904448
1269152229245751298
1269152325345726465
1269152417557463043
1269152447043428352
1269152551934418944
1269152555977719809
1269152563779248128
1269152694167646208
1269152783288025088
1269152794872856576
1269152895561154561
1269152912158027777
1269153034350718977
1269153089354784774
1269153125916651523
1269153147601092608
1269153226617569281
1269153333215805440
1269153673063682049
1269153756274479104
1269153799337320448
1269153898725388294
1269154014777823238
1269154125046046720
1269154281145266176
1269154719705919488
1269155027836448768
1269155261912166402
1269155295722303489
1269155889220550657
1269156343920852992
1269156427173691392
1269156469900840960
1269156747215867904
1269156758439768065
1269156772524277762
1269157027382800386
1269157057363505153
1269157142486974464
1269157191958892544
1269157274762612736
1269157614547464194
1269157656918233088
1269157866956632067
1269158003409694722
1269158160109047809
1269158206430867456
1269158244234088448
1269158252387995648
1269158353252614144
1269158357270757376
1269158366049271809
1269158605447626752
1269158641594241024
1269158740843847680
1269159016128798721
1269159094532935680
1269159108071927810
1269159123959951362
1269159149327257601
1269159188057460736
1269159544850124801
1269159660935839751
1269159815839875072
1269159901374246914
1269159940033146885
1269160017430634497
1269160018743566337
1269160186343809025
1269160232317575168
1269160253041467395
1269160320318095363
1269160411124899841
1269160617471950850
1269160739782062080
1269160827103264769
1269160836003590146
1269160975200145408
1269161028362866689
1269161364469276672
1269161607608832000
1269161612922912768
1269161666526224384
1269161779386556416
1269161788181901312
1269161943656472579
1269161947787911168
1269162027920117760