1270536158427021312
1270536362236628992
1270536407589634049
1270536492570591239
1270536804941172736
1270536899074162689
1270537095832932352
1270537213672075264
1270537234467389441
1270537343418593280
1270537364331429889
1270537373059670016
1270537411060289539
1270537437492592640
1270537659329286144
1270537905786814467
1270538056022532097
1270538332104265728
1270538372235366402
1270538430544523265
1270538451075477506
1270538550971424774
1270538580859875329
1270538739996151808
1270538752411262976
1270538753245921281
1270538798515060743
1270538882879229953
1270538954576560128
1270539038668144643
1270539092854439939
1270539134550106114
1270539188371406851
1270539192674643968
1270539195665317888
1270539198001491968
1270539267517722624
1270539310283055113
1270539402784227329
1270539415446790144
1270539441220788230
1270539457511522307
1270539470446759936
1270539516411965440
1270539701510787072
1270539733983129600
1270539763687120896
1270539831173668866
1270540053157228546
1270540141258346496
1270540162729205760
1270540274775855109
1270540359500656651
1270540400839794690
1270540589172391937
1270540619325284352
1270540736157454337
1270540757510782977
1270540770949378048
1270540793162366977
1270540875265957889
1270540895486705664
1270540921793323009
1270540964260507648
1270541044061368321
1270541117289910273
1270541197430468609
1270541337427881988
1270541387683917824
1270541533532565506
1270541629603151875
1270541680265981952
1270541713505947648
1270541718484512771
1270541739133190144
1270541764257087490
1270541852366778368
1270541978116161543
1270541987792420864
1270542242717949952
1270542330873786369
1270542427783397376
1270542728418545664
1270542755551498241
1270542951761018880
1270542970874400770
1270542971780370432
1270543035605057537
1270543132774535169
1270543148033306624
1270543710045048832
1270543736641138688
1270543964882571264
1270543978375462915
1270543991881203713
1270544062966231040
1270544142251307008
1270544270865375233
1270544318181195776
1270544397780860928
1270544461777510400
1270544494069526528
1270544515275907072
1270544536939397122
1270544629528694784
1270544645873778688
1270544851642220545
1270544943476469760
1270544996236767234
1270545119746408448
1270545296406257666
1270545371450744835
1270545622987182081
1270545762829479936
1270545783150919680
1270545869838794752
1270545959173447684
1270546113439899649
1270546160189501440
1270546218024873984
1270546249633185802
1270546283586093056
1270546627783200769
1270546767788953605
1270546835623391232
1270546947561058304
1270546981828558854
1270547058739511298
1270547107414491136
1270547175370633216
1270547252080250887
1270547313291931649
1270547401338585089
1270547405901926401
1270547439666200576
1270547523007062016
1270547640971939840
1270547644709027840
1270547799373987840
1270547943230226432
1270548063774359553
1270548101649108992
1270548172918554624
1270548206888214529
1270548353714012161
1270548500435042304
1270548539962245121
1270548571574632455
1270548656396124166
1270548990950547456
1270549053814833153
1270549113705201666
1270549212782968833
1270549224187408384
1270549247004487681
1270549263899144193
1270549405817466881
1270549468828459008
1270549540463013890
1270549578140594182
1270549578941698051
1270549589196550146
1270549644939067393
1270549767144103936
1270549956504494085
1270550090399338496
1270550270649552897
1270550382884851713
1270550384147341312
1270550404766433280
1270550446697000961
1270550463197384710
1270550567606120449
1270550590842499072
1270550591211745281
1270550644177305600
1270550724104065024
1270550778525044736
1270550840303108103
1270550913149816833
1270550924281425920
1270551052228546560
1270551138916581376
1270551230377582594