1276802450511593472
1276802450800984064
1276802467385114624
1276802470283325441
1276802480265809921
1276802509105803266
1276802525929148417
1276802529762832385
1276802594791251968
1276802639909408770
1276802728069443585
1276802870134767616
1276802887251685378
1276802975197876230
1276803064733683712
1276803113228222465
1276803139933372416
1276803190378213379
1276803209676259328
1276803243419398145
1276803247932489728
1276803441885450241
1276803550572449793
1276803605270417408
1276803610530078720
1276803641949581314
1276803642868133889
1276803706302771201
1276803800947281921
1276803832563945478
1276803909852397570
1276804059278671873
1276804059664510978
1276804091692240896
1276804115478110208
1276804178522763267
1276804202606391297
1276804205273944064
1276804325725974528
1276804427442032641
1276804444139614208
1276804540948312064
1276804545377525761
1276804657856352257
1276804718044475392
1276804886726836224
1276804986782068736
1276804989432684544
1276804997242486784
1276805105929424896
1276805120185864197
1276805126812925957
1276805157351649280
1276805261903069185
1276805330308149251
1276805412239495171
1276805579491680256
1276805612983193603
1276805680276500480
1276805689176776705
1276805710169415680
1276805719166255104
1276805752317935619
1276805799642140678
1276805823843332097
1276805840591355904
1276805868978225153
1276805890344128513
1276805944660447232
1276806001157521409
1276806062721687552
1276806104681517058
1276806129629097985
1276806129914449920
1276806237947080706
1276806254195871744
1276806321933651968
1276806373771264001
1276806381652398080
1276806382239563776
1276806401780854784
1276806431019237377
1276806524174848000
1276806633939562498
1276806636468764672
1276806720430329856
1276806810356375552
1276806837547958272
1276806854358769666
1276806908524015617
1276807006842585088
1276807011737513986
1276807030544699394
1276807030607675392
1276807073871867904
1276807106658807809
1276807194420314117
1276807208622325761
1276807252603781122
1276807346669473794
1276807351052505088
1276807387064578048
1276807458149859328
1276807460301332481
1276807484687122432
1276807488902332416
1276807510092066816
1276807601976680448
1276807752447340544
1276807752631934976
1276807807694749696
1276807844227100672
1276807934043926528
1276807970739929088
1276808022472392707
1276808059541692416
1276808059793182723
1276808120598216704
1276808155314429964
1276808160016306176
1276808177410072581
1276808214387003392
1276808335082360838
1276808436919922690
1276808506214096896
1276808507803779073
1276808579585114112
1276808586597933057
1276808705422635016
1276808737831833602
1276808739367124994
1276808864143273984
1276808877548290048
1276808944879644673
1276809035744858113
1276809080552566784
1276809098772783104
1276809139629568002
1276809144432033792
1276809149490368513
1276809262715375616
1276809574914289665
1276809618933547008
1276809661929283585
1276809672935301120
1276809674520555520
1276809749439213570
1276809791898173441
1276809832033632256
1276809858671677442
1276809954083495936
1276809980486676481
1276809984928550912
1276809997347848192
1276809997658324992
1276809998190993408
1276810043237830658
1276810118454300675
1276810152075603968
1276810181100408833
1276810242039222273
1276810256480268288
1276810397920550913
1276810399611060229
1276810474076528640
1276810516019793920
1276810542233956352
1276810579072757760
1276810658684829700
1276810701663866880
1276810772329517056
1276810777782091778
1276810899416911872
1276810907541295105
1276810932522496000
1276810961467424769
1276810965783322624
1276811161997017088
1276811182901473280
1276811184059146240
1276811281996136448
1276811364892368897
1276811368050483200
1276811415039488000
1276811438313492480
1276811519020486656
1276811552793006081
1276811564818075648
1276811675488804864
1276811687119605761
1276811717964685312
1276811720204464128
1276811721383063554
1276811725824720896
1276811752206823424
1276811804774215680
1276811816220323841
1276811951541112832
1276811976644141056
1276812039411757056
1276812130520649729
1276812135327293446
1276812172685905920
1276812214360403969
1276812257993818112
1276812265157562368
1276812274490105857
1276812366404112385
1276812412117606402
1276812525565292545
1276812544091590658
1276812639189053444
1276812663998341120
1276812701403136000
1276812731254026240
1276812754553372673
1276812827278401537
1276812928079912960
1276812936053428224
1276813018056265728
1276813019721457664
1276813046866948096
1276813255084834816
1276813267017629696
1276813278849593344
1276813336223481858
1276813382784618498
1276813432235241474
1276813469262557184
1276813493874892801
1276813506420015104
1276813532240261120
1276813566419636224
1276813573939957761
1276813705297133570
1276813762482311172
1276813774985375745
1276813788189245447
1276813817209446401
1276813821395468291
1276813858884239361
1276813892405080064
1276813914139844614
1276813994800500738
1276814131585331200
1276814132155527168
1276814242767941633
1276814259830349825
1276814304868777985
1276814311734874112
1276814484699525122
1276814722147454976
1276814725045645312
1276814774458814466
1276814812249493511
1276814853219520512
1276814862237171712
1276814870718091265
1276814974351028224
1276814978872258560
1276814979149312000
1276815029740994560
1276815097483022338
1276815184519204865
1276815226588090369
1276815238743064577
1276815255650385922
1276815395341639680
1276815470319075329
1276815470570565634
1276815561780088833
1276815616410882051
1276815688892665859
1276815729531269133
1276815842685173765
1276815853200293888
1276815918287503364
1276815961207656449
1276816025204535297
1276816120419401730
1276816272269991936
1276816288950566913
1276816346945388544
1276816352066498560
1276816527841538050
1276816576809852929
1276816590009327616
1276816641330995201
1276816674566569984
1276816728123674624
1276816803432468486
1276816878984364033
1276816967492567040
1276817072454942720
1276817077072826372
1276817119540391936
1276817202096812033
1276817223852662784
1276817244341796864
1276817255465189381
1276817299824140288
1276817324440502273
1276817335005790209