1272212203689648129
1272212203932803072
1272212224229195777
1272212232571629571
1272212236879245313
1272212248224768002
1272212256877469702
1272212283377270786
1272212283477897219
1272212292344700928
1272212333012623366
1272212354915319809
1272212358950256640
1272212360183402497
1272212464256430081
1272212502030487559
1272212539825246208
1272212651473436673
1272212656871669762
1272212703365361664
1272212774467313664
1272212787792621569
1272212803840020480
1272212870923780096
1272212884496547844
1272213001026908163
1272213095159607296
1272213152831344641
1272213240953569281
1272213294829441025
1272213311447339012
1272213379336331264
1272213408079851522
1272213433211957249
1272213433652518919
1272213471124480001
1272213487075201024
1272213557556523014
1272213599658926082
1272213605698633730
1272213755993059329
1272213848611676160
1272213882778513408
1272213938957099008
1272214057043529729
1272214154397519872
1272214172693127169
1272214251244044290
1272214385621008385
1272214523504734209
1272214528474976258
1272214557063368712
1272214605075374081
1272214621571690499
1272214624621006848
1272214663397142529
1272214674923274240
1272214703532650502
1272214740371214338
1272214767512498182
1272214775318142977
1272214997955784707
1272215034811355136
1272215094307553280
1272215102830243840
1272215174997409792
1272215183893692417
1272215376991059971
1272215421404319744
1272215459409117184
1272215501268307969
1272215501544910849
1272215522214625283
1272215568268103685
1272215633254440960
1272215736040243201
1272215839727472640
1272215861604962304
1272215924758716418
1272215954177626112
1272215956652281858
1272216264904183810
1272216303143718913
1272216326996713472
1272216345023787008
1272216358839713792
1272216468495761409
1272216489358229508
1272216554147508225
1272216638432002049
1272216722221793286
1272216742874378242
1272216817948336129
1272216831152074752
1272216860919058434
1272216906972479488
1272216969194999811
1272216979730886656
1272217019757162497
1272217027390763008
1272217044923097088
1272217048681189376
1272217100891774978
1272217243875602432
1272217280386981890
1272217313417273348
1272217346208382978
1272217417783992320
1272217422406184960
1272217518388756480
1272217526861205512
1272217531567259648
1272217644888985600
1272217715445391360
1272217716699488256
1272217807799779328
1272217942281904130
1272217955263303682
1272218003166261249
1272218017699475456
1272218022212747266
1272218025605902336
1272218026277036036
1272218051371577350
1272218096586162177
1272218168841441288
1272218234511597572
1272218235790749697
1272218286168502273
1272218373607305216
1272218380288905216
1272218403873447941
1272218429093752838
1272218491739930625
1272218541782171649
1272218609998127104
1272218642579468288
1272218722770485250
1272218737953906689
1272218751665090562
1272218806664876032
1272218905780662273
1272218929688129539
1272218947308355584
1272219078514536449
1272219096147345409
1272219124899315712
1272219144906248424
1272219201214824451
1272219272412987392
1272219309687951362
1272219346937344000
1272219472841936904
1272219567159480321
1272219604622946306
1272219678342086661
1272219784529104898
1272219846235873281
1272219917849427968
1272220118865416198
1272220123080908801
1272220124066582530
1272220136192143361
1272220140206096390
1272220152814280705
1272220165648683008
1272220233919533060
1272220261983477760
1272220262432415744
1272220276445442048
1272220300126625795
1272220425624453121
1272220438337327104
1272220440031711232
1272220589038678017
1272220609854861312
1272220630524583936
1272220769796460548
1272220817774964738
1272220823265427460
1272220885785538560
1272220966807113728
1272221008804577285
1272221016350220288
1272221101448474627
1272221117206405125
1272221146327535616
1272221163079503873
1272221226526822402
1272221282344599554
1272221314195918848
1272221319170592770
1272221339479412739
1272221452163579905
1272221498942590977
1272221507838672896
1272221511525466113
1272221537299427328
1272221658275692545
1272221666244845570
1272221688571113472
1272221863301783552
1272221897397350400
1272221904003166208
1272221948169392134
1272222060664639488
1272222061339881472
1272222073633603585
1272222137273606144
1272222173973880832
1272222245687984128
1272222309152100352
1272222312499236865
1272222463955357696
1272222570184683521
1272222665756086275
1272222732516655104
1272222837323882497
1272222895780106251
1272222899911319552
1272222934287826944
1272223041171439616
1272223068606263297
1272223143789072384
1272223202266267650
1272223210222899200
1272223273162379264
1272223311674703872
1272223319098523658
1272223526230073344
1272223540083855362
1272223540415250435
1272223549730762753
1272223591732580353
1272223592219017223
1272223695369637891
1272223728533987329
1272223747735465984
1272223873086390272
1272223877574397952
1272223878174007296
1272223898424299521
1272223922516361218
1272223994641616896
1272224053302943744
1272224141001850880
1272224141253521410
1272224153786081280
1272224220731150336
1272224235348307969
1272224255149772800
1272224330257240065
1272224330605264896
1272224362540814340
1272224395927281664
1272224455612411906
1272224534549204995
1272224544883986437
1272224564974505984
1272224577368625152
1272224636902739968
1272224703671758851
1272224771078586368
1272224821162782721
1272224879702683648
1272224879744614401
1272224905426337798
1272224977987735552
1272225001119285248
1272225106648018945
1272225118899638272
1272225149320925184
1272225161303883778
1272225211937624065
1272225299510333440
1272225445442879492
1272225490166861824
1272225684874604547
1272225709881253889
1272225781373120512
1272225819499180037
1272225859542437888
1272225983635079168
1272225991482585094
1272226108415471616
1272226133711286273
1272226133740793856
1272226138299838464
1272226280474173441
1272226324883505152
1272226352276615168
1272226377610211329
1272226457331384322
1272226464914640902
1272226493729398784
1272226504915562497
1272226512796815360
1272226524591034369
1272226540772786176
1272226578819436546
1272226580631347206
1272226789117526018
1272226820570611717
1272226922622140416
1272226931396632577
1272226943841243138
1272226968109371392
1272227006189633541
1272227039697874947
1272227044345118723
1272227077614374918
1272227097990266881