1274733818813898752
1274733833242509314
1274733835889127426
1274733883133747203
1274733890876432384
1274733899717935111
1274733953921007623
1274733992667987975
1274734033121841152
1274734092089806848
1274734100495118336
1274734227410608130
1274734244397322240
1274734264047845376
1274734297765773312
1274734332230242306
1274734369886912518
1274734445531144192
1274734449092149249
1274734515987021829
1274734549835055104
1274734579212062721
1274734666742972416
1274734668466847745
1274734781033353218
1274734784498020352
1274734834649387008
1274734870460235776
1274735048973971456
1274735049141714951
1274735108105424898
1274735326137683974
1274735329681932289
1274735342785040387
1274735367313215490
1274735435218948097
1274735456421203968
1274735572783820800
1274735602190041089
1274735688680796161
1274735695098150915
1274735891815075840
1274735945691148291
1274736069691338753
1274736247500533765
1274736294460116992
1274736299300306951
1274736306694873090
1274736364303585280
1274736382263595009
1274736450034995200
1274736462798307329
1274736596294778882
1274736688519098368
1274736810594197505
1274736869528477696
1274736880869752834
1274736911769391107
1274736957697011715
1274736958032482304
1274736984636952578
1274736999602311168
1274737007688773633
1274737158549499904
1274737329870012416
1274737364565254145
1274737393577480192
1274737394030436357
1274737426934595584
1274737439781924864
1274737444064079872
1274737530387210240
1274737552537329665
1274737578231635968
1274737603296653317
1274737632841469955
1274737664089038851
1274737670527180800
1274737686545383426
1274737758712586250
1274737888433967104
1274737909757890561
1274737917475373058
1274737918087761921
1274738060811546632
1274738190864183296
1274738253107625984
1274738270635778054
1274738291246596097
1274738433391542275
1274738565038002176
1274738575872086017
1274738586026414085
1274738605341229061
1274738618494406656
1274738675147059200
1274738697632509952
1274738702468743169
1274738714632208384
1274738731858014209
1274738740016091138
1274738869502652419
1274738870391717888
1274738877945831424
1274738878067478528
1274738894152650754
1274738958262579200
1274738974586789891
1274738991011692544
1274738991594692608
1274739024876449795
1274739058921660417
1274739071370301440
1274739075464015874
1274739095999328263
1274739129302102017
1274739150693031941
1274739172239015936
1274739188827672576
1274739210172448773
1274739266250137600
1274739284810125312
1274739329252769798
1274739334458064896
1274739343400284166
1274739364875120641
1274739365353345025
1274739373758693376
1274739474178719744
1274739490737786883
1274739523579240456
1274739544399777799
1274739558278737923
1274739604453810176
1274739682996219910
1274739797614084096
1274739809488195586
1274739863749750784
1274740148844953603
1274740209146527745
1274740222367092736
1274740346258444292
1274740446653304834
1274740492727652353
1274740494560571392
1274740509643333632
1274740531025887234
1274740563498209280
1274740723489935363
1274740740539609094
1274740748630593538
1274740761658101760
1274740846118739969
1274740874790883329
1274740916859703302
1274740934220173312
1274740941287383040
1274740948379987968
1274740991946362882
1274740995469574146
1274741029422456835
1274741110376738823
1274741124515508224
1274741194145267716
1274741210704416770
1274741241813405696
1274741244996935680
1274741250504167425
1274741368506789890
1274741382385553409
1274741382586998787
1274741394490482691
1274741403868737536
1274741421854076929
1274741433262628864
1274741592134496256
1274741602259546112
1274741626087321600
1274741628415225857
1274741684241264640
1274741710267039744
1274741784887922688
1274741814277349382
1274741839153762310
1274741941700227072
1274741965519753222
1274741994015817730
1274742107815792643
1274742141957427200
1274742170268901376
1274742279421546496
1274742297125687297
1274742389324775424
1274742452453285888
1274742456169443337
1274742476729913345
1274742493628772353
1274742519054716930
1274742540202369024
1274742695718801410
1274742753512038400
1274742787989213184
1274742804246220800
1274742827449081858
1274742858298187776
1274743017333682177
1274743131783585794
1274743169230360576
1274743198179635200
1274743202961031168
1274743290336817152
1274743336771829761
1274743337392766976
1274743380908453888
1274743399900426246
1274743425070510082
1274743429382246403
1274743546319233024
1274743576044482561
1274743578082840578
1274743613457604610
1274744008514826240
1274744158922649600
1274744271913062403
1274744275910234112
1274744301277327362
1274744413131091969
1274744519540408322
1274744527123857408
1274744572179034115
1274744596199886848
1274744645252153349
1274744746628583426
1274744776357707783
1274744817327714310
1274744824554455040
1274744830774644741
1274744897661104130
1274744914740482056
1274744947212779520
1274744972768612358
1274745018448859137
1274745156864966656
1274745156978253825
1274745158475505670
1274745259977818114
1274745358636236801
1274745402730770433
1274745412709085185
1274745413812334597
1274745417129816064
1274745438701146112
1274745455524614145
1274745467801227264
1274745500680372225
1274745573241806848
1274745644117159936
1274745645560102912
1274745659308965888
1274745727411875840
1274745740712173568
1274745744747003904
1274745829195001857
1274745852997836800
1274746101380218883
1274746142463492097
1274746245148553228
1274746331903471618
1274746437033574401
1274746445078265856
1274746448802914304
1274746457602613252
1274746482546139138
1274746498392010754
1274746520093392896
1274746633553616897
1274746667330424835
1274746713404780544
1274746746149748738
1274746830799151107
1274746861589594113
1274747069618688005
1274747124622733313
1274747141387321345
1274747296379478017
1274747338754592769
1274747467997700098
1274747472255029249
1274747485269917707
1274747489392959489
1274747502286245890
1274747538357145600
1274747602555138048
1274747686684631042
1274747787289100289
1274747832914849795
1274747849721380876
1274747892167847938
1274747980097216515
1274748056278163456
1274748092886265856
1274748101706874881
1274748114692214786
1274748218782384130
1274748255679758337
1274748272930930689
1274748279582932992
1274748315809263619
1274748353650327553
1274748370502905856
1274748386881789952
1274748412278321153
1274748508252168192
1274748546625998849
1274748630994489344
1274748643120156675
1274748709411213318
1274748747625480193
1274748760275300353
1274748788217790464
1274748899182424065