1274341231938560001
1274341237307387905
1274341271348232193
1274341367460827136
1274341400734248960
1274341446242500609
1274341476353429504
1274341476806414337
1274341556141555712
1274341596289531910
1274341598092902401
1274341615029510146
1274341641655144448
1274341648391118849
1274341671803719684
1274341711611867137
1274341778389336065
1274341862447419392
1274341895494225921
1274341907712413697
1274341908198940673
1274341912913338374
1274341957746245632
1274341966877208577
1274341967602823170
1274341995209687041
1274342001018880000
1274342005750009859
1274342050746392577
1274342055934930945
1274342057448882178
1274342231910969344
1274342232586424322
1274342295358205953
1274342367299067906
1274342369656221697
1274342450065276930
1274342461222117378
1274342486987739137
1274342487239331843
1274342488615116800
1274342549570891776
1274342566708862977
1274342583381221377
1274342596073205760
1274342600036757511
1274342621280825344
1274342629531148288
1274342716160086021
1274342735030386690
1274342755439972352
1274342763539070976
1274342802042892288
1274342827292528640
1274342867423711232
1274342868572876802
1274342886289670144
1274342894795739137
1274342910390083590
1274342952656142337
1274342981915508737
1274343040639959041
1274343125721346048
1274343167014236161
1274343179488301058
1274343221041090575
1274343402092597249
1274343422325858304
1274343445231030272
1274343464600297472
1274343473261535233
1274343515510710277
1274343571655704576
1274343585765154817
1274343586037809153
1274343602735456257
1274343606871040000
1274343652538503168
1274343842834243591
1274343846353276928
1274343897095905281
1274343954901807105
1274343992516280321
1274344021515816960
1274344022908305408
1274344085151596545
1274344122791243779
1274344169318658048
1274344176042291206
1274344202751692806
1274344223827992576
1274344270053306369
1274344366820245513
1274344472428474368
1274344558722191361
1274344597217587200
1274344684379242497
1274344726968381440
1274344762519191557
1274344785843650563
1274344794001674241
1274344802914623488
1274344878143651843
1274344902697066497
1274344907352621058
1274344919658909696
1274344949241262082
1274344956048490496
1274344974482620417
1274345012487163905
1274345045106270213
1274345046138028032
1274345049191583744
1274345137934528521
1274345253831491590
1274345263667261440
1274345296366112770
1274345427626872833
1274345544710647808
1274345561878073344
1274345582648274947
1274345666127564801
1274345675195588615
1274345675342438400
1274345678970503169
1274345679868039177
1274345682883629064
1274345690320318464
1274345696490110976
1274345707546132481
1274345708661944320
1274345729515896834
1274345758846865408
1274345775359823880
1274345775892516869
1274345779923005441
1274345851457019905
1274345863549239299
1274345941877903367
1274345943211446272
1274345952523026432
1274345980637270016
1274346006872649729
1274346022538481665
1274346030717374464
1274346047972823042
1274346097696276482
1274346115337420800
1274346136233533440
1274346152050245633
1274346182152785920
1274346182517678081
1274346212158816256
1274346217649168385
1274346221776195584
1274346278605000715
1274346363174543361
1274346363548061696
1274346400055263233
1274346417612447745
1274346421009842176
1274346446964224000
1274346492803846145
1274346518225567745
1274346543613644800
1274346610391121920
1274346623208960000
1274346636760813568
1274346657614888964
1274346694524747778
1274346702548242433
1274346721351434241
1274346798811840512
1274346815974973447
1274346819401760770
1274346870131875840
1274346890876858368
1274346954848428032
1274346984430845952
1274346987417149442
1274347006006263814
1274347025560199175
1274347038231212032
1274347046930198529
1274347120850501633
1274347135341940738
1274347163548389376
1274347165855264769
1274347178115207170
1274347197308514305
1274347205428604928
1274347244414795776
1274347256364142592
1274347357405093888
1274347365416255495
1274347382952648704
1274347415085219842
1274347439307272200
1274347445468770305
1274347487298490369
1274347508731273219
1274347541321089026
1274347561978036224
1274347570928771072
1274347625555398656
1274347713908408320
1274347751598415876
1274347763937968128
1274347823165628416
1274347834570084354
1274347880757723136
1274347889750421509
1274347913452257285
1274347919357939714
1274348002489044994
1274348069618765826
1274348084731039744
1274348087255932928
1274348103089471493
1274348129203236864
1274348166997999617
1274348233364590593
1274348254965248000
1274348283738107904
1274348287684837376
1274348300926361601
1274348308694212610
1274348336028323841
1274348338075381760
1274348392496455682
1274348408648720385
1274348409873457152
1274348430589136897
1274348456279187456
1274348471919824900
1274348511941853184
1274348556409802754
1274348594653474816
1274348619878019072
1274348623174799361
1274348657375150082
1274348723796131840
1274348782042230784
1274348807434768384
1274348807719841793
1274348811054243840
1274348858483650560
1274348900330147840
1274348909016555520
1274348925252665346
1274348959427854336
1274348962498203650
1274348987076743169
1274348988624302086
1274349005275828224
1274349022648635392
1274349034489200641
1274349037861437440
1274349038385725440
1274349063463415808
1274349071747158018
1274349101404938240
1274349180815724545
1274349236382023680
1274349241054486528
1274349290526248960
1274349400354099201
1274349415856250883
1274349503185850368
1274349529094127617
1274349541739892736
1274349614167195650
1274349649990692865
1274349652696010752
1274349684530704385
1274349717963583488
1274349736095440897
1274349765212303360
1274349776830693379
1274349787484164097
1274349833592201217
1274349858053410818
1274349873714720768
1274349881381928964
1274349898276786176
1274349931717898246
1274349957554884608
1274349960478294018
1274349969743458304
1274349990933147648
1274350019525480448
1274350022210007043
1274350049045159937
1274350066514497536
1274350070696214529
1274350116938399744
1274350117215244288
1274350133421805569
1274350139449249792
1274350159288098816
1274350266268213249
1274350293074018310
1274350293254377472
1274350296987324416
1274350355401314306
1274350380122550272
1274350384862113798
1274350418953482243
1274350464805605377
1274350480056082432
1274350591037394945
1274350619428438026
1274350657764352000
1274350662504112133
1274350720934952960
1274350746205474818
1274350749959499776
1274350753872670720
1274350754241949697
1274350771669209094
1274350824563580930
1274350876333731842
1274350909775020034
1274350972920160256
1274350986396606465
1274351018206212096
1274351031623680002
1274351045578305536
1274351149005537280
1274351149445984279
1274351189346394119
1274351206610210817
1274351227963408384
1274351262172098560
1274351318023524356
1274351362113974273
1274351366446743557
1274351370318090243
1274351407089344512
1274351408125562880
1274351413275971585
1274351437397528577
1274351445752635392
1274351450693435392
1274351492007432198
1274351492699389952
1274351492846108672
1274351505064198145
1274351572709851137
1274351626661138434
1274351680981737472
1274351693983932416
1274351723390386176
1274351735692238848
1274351748400865282
1274351809281302540
1274351876385972225
1274351911660146689
1274351919629242368
1274351963149385728
1274352029436186630
1274352033827639296
1274352087590035456
1274352166434598913
1274352167504076800
1274352255467053057
1274352273011900416
1274352310383259654
1274352343786508288
1274352344222875650
1274352360698138624
1274352496282963970
1274352520324767744
1274352537412538370
1274352595109154817
1274352604412346370
1274352636876087298
1274352688034123777
1274352813355778048
1274352832725032960
1274352884956770304
1274352951130075136
1274352952090689543
1274353019132366849
1274353052703571969
1274353060970737664
1274353111293779969
1274353119498047496
1274353132449955840
1274353169070317568
1274353182265806848
1274353200112566273
1274353203623202816
1274353237836083200
1274353246576885761
1274353380278906880
1274353392094195714
1274353396351262722
1274353404505198592
1274353408766509056
1274353421529694211
1274353429981224964
1274353432938323971
1274353489171243009
1274353497589248003
1274353510147072000
1274353541864292352
1274353563586658307
1274353565343989761
1274353575788007426
1274353578644254721
1274353619329060865
1274353619471491072
1274353619878453249
1274353662836371464
1274353669631344645
1274353702405648384
1274353739730530305
1274353782680195074
1274353800883720193
1274353841740357634
1274353862271479810
1274353866763464706
1274353870563655682
1274353882391621642
1274353895372963847
1274353962695766018
1274353971633754112
1274354008837115905
1274354017351741440
1274354061312172033
1274354068262191104
1274354071315636224
1274354084909285377
1274354093331537920
1274354160310390784
1274354181151784962
1274354257207099392
1274354277083824130
1274354302669205506
1274354349133701126
1274354361674665984
1274354422978506753
1274354425637810178
1274354543908851713
1274354545909551104
1274354567526875142
1274354634468003840
1274354675517542401
1274354733491388416
1274354755985424384
1274354764273397760
1274354788872880128
1274354814940598278
1274354873257955329
1274354886008868864
1274354898981642241
1274354910889488386
1274354923338190849
1274354958700347392
1274354969672421377
1274355028703227904
1274355072177025024
1274355082402955269
1274355082994352128
1274355095199780864
1274355106918662144
1274355107602345987
1274355158034546690
1274355183695339520
1274355277974736903
1274355305716109313
1274355368529805312
1274355392773083136
1274355397135130624
1274355414323191808
1274355458417942528
1274355459890253826
1274355468203372552
1274355579503497217
1274355607093592065
1274355611526787073
1274355652731654144
1274355711686971398
1274355749968162816
1274355766904991751
1274355925642620930
1274355942860210176
1274356035336187905
1274356039312265216
1274356043645157382
1274356047474499586
1274356047658934272
1274356048384741377
1274356083759316992
1274356102285623296
1274356132073668609
1274356177657147397
1274356196607049731
1274356198645653504
1274356203271979009
1274356241188352001
1274356263690866688
1274356311661125633
1274356316086177792