1267259629513388034
1267259662396608513
1267259750296715265
1267259752935022593
1267259880429113344
1267260132091518976
1267260165897805826
1267260165973323787
1267260173917323265
1267260204250304512
1267260207865843712
1267260229139357696
1267260328397680642
1267260438909091841
1267260471964430339
1267260576691937281
1267260674423558144
1267260770020020224
1267260782414266370
1267261072236515328
1267261122161397761
1267261180965462021
1267261243989151744
1267261248581722112
1267261356841078789
1267261445542227968
1267261475078524928
1267261539423342595
1267261632452968448
1267261688174305281
1267261732340338688
1267261768025296896
1267261834689683458
1267261868768288771
1267261982081605632
1267262053519028224
1267262066412445697
1267262296692310016
1267262349939036161
1267262455786463232
1267262456298115072
1267262526896705537
1267262820464365569
1267262837795291136
1267262901913608192
1267263014312476675
1267263202322194439
1267263257179553792
1267263286434816003
1267263375945302017
1267263585241235457
1267263592853880835
1267263628039749632
1267263693550739457
1267263732633100288
1267263785800269825
1267263923578945537
1267264213136916487
1267264227544358913
1267264274373566464
1267264297635205120
1267264337594458118
1267264503030460416
1267264603479834625
1267264770786201600
1267264880454877193
1267264919948460033
1267264930388066313
1267265173670129664
1267265478738640897
1267265479447437312
1267265589535539204
1267265611148726277
1267265735388278784
1267265744015949824
1267265773568999426
1267266163878309890
1267266218617999360
1267266365536247808
1267266545782153218
1267266561032818694
1267266587029102592
1267266704893186048
1267266935462547456
1267267007331946496
1267267053234372610
1267267077875929091
1267267161543847937
1267267188186140673
1267267274865606661
1267267443178852355
1267267786662989824
1267267787061202945
1267267791314280448
1267267841545269248
1267267879344300033
1267267912315711488
1267267954523213825
1267268001088237568
1267268096835956746
1267268155568619522
1267268271050350592
1267268319238742018
1267268596201394176
1267268634189066240
1267268697305026561
1267268735120936960
1267268809200672768
1267268948451397632
1267268986200363009
1267269301360304131
1267269444142878721
1267269447149969408
1267269452258619392
1267269657435803648
1267269762746376192
1267270051327082496
1267270437836374018
1267270491699462145
1267270504601149442
1267270517620269056
1267270621899051010
1267270695190319106
1267270697665146880
1267270740019044352
1267270908072415232
1267270940913786884
1267270981854191617
1267271142353465345
1267271163983605760
1267271212213825536
1267271217565835265
1267271279817551873
1267271314601107458
1267271498470961153
1267271504531582977
1267271507425853441
1267271654498897920
1267271687478919168
1267271863648112640
1267272090425724928
1267272111006998530
1267272142501974016
1267272808247238656
1267272954460553216
1267272959011495937
1267273034148147200
1267273054784086016
1267273126557233153
1267273142688497664
1267273545446559744
1267273600601636865
1267273650283184130
1267273663461625856
1267273738233536514
1267273852180185089
1267273977753407488
1267273981654073344
1267274363218219009
1267274434555138048
1267274484878376961
1267274485100666881
1267274533205147650