1276742050638069762
1276742052332670977
1276742092375629824
1276742095697408006
1276742122536931331
1276742190916608000
1276742199208742917
1276742216845676545
1276742224806588416
1276742302174756865
1276742345946542081
1276742351252226049
1276742388753543168
1276742422584635393
1276742435033538560
1276742493607014405
1276742494344974337
1276742498195406854
1276742502209355777
1276742556878082048
1276742573978193921
1276742673953628160
1276742728034873344
1276742786696519680
1276742803700285440
1276742804929036289
1276742841918611456
1276742846322786305
1276742896016740352
1276742959413821441
1276742964048310272
1276743063742771200
1276743064409772037
1276743068654243842
1276743173184688132
1276743197339852800
1276743197629149190
1276743210648256513
1276743231078895618
1276743239803027456
1276743290021384192
1276743331838558209
1276743336464957440
1276743384762204160
1276743414948802561
1276743424373374977
1276743428974546944
1276743445986586624
1276743449962786816
1276743474654490627
1276743521777549313
1276743529943961601
1276743558951768067
1276743580367888384
1276743583404625920
1276743659115839498
1276743719371313153
1276743735129395200
1276743743542943744
1276743776975720453
1276743780817928192
1276743819036438528
1276743843975778305
1276743851344982016
1276743861436588032
1276743868642279425
1276743902603603969
1276743917917134849
1276743949366046720
1276743983155331073
1276744028713820160
1276744049656057856
1276744082832928768
1276744133969940480
1276744214211149824
1276744339247345664
1276744347489271816
1276744390698926080
1276744439336075264
1276744469346316288
1276744545082978306
1276744555891654661
1276744566511632384
1276744582294896641
1276744619695407107
1276744628650119168
1276744646148882432
1276744659872755712
1276744661537665024
1276744704441421824
1276744722296369159
1276744745130192896
1276744787987554304
1276744795852017664
1276744876969738241
1276744880736305153
1276744926257184769
1276744943722278914
1276744948142845952
1276745006137499648
1276745013959880704
1276745035648827392
1276745089872728064
1276745094213836800
1276745109363503106
1276745127726178304
1276745185628651521
1276745202921689088
1276745210685513728
1276745227735388160
1276745232244072448
1276745234488135680
1276745311759724545
1276745336531251200
1276745349659602944
1276745370740146177
1276745378646368256
1276745483780796417
1276745500151160833
1276745501052895235
1276745525556121600
1276745702979166208
1276745705520947200
1276745719731404800
1276745735279525889
1276745735279718401
1276745736353390592
1276745739360665600
1276745786785587200
1276745804200509440
1276745818922459137
1276745870373879808
1276745881929146369
1276745961960640513
1276745963193774082
1276745987676164096
1276746011679940609
1276746024707674114
1276746032873963520
1276746037005295617
1276746150314274816
1276746231490977792
1276746255100596225
1276746341859770368
1276746361669468165
1276746389968400387
1276746427591389184
1276746431458664450
1276746489625300992
1276746519555772416
1276746525360762880
1276746532847411201
1276746545363210241
1276746553919565824
1276746566070448129
1276746592268288000
1276746660006289415
1276746707632443394
1276746813161107456
1276746818542546952
1276746823940493313
1276746898888462336
1276746918647992321
1276746932086616064
1276747035786567682
1276747044204486656
1276747062441242627
1276747070011998208
1276747096180363264
1276747136302854144
1276747152698433537
1276747153482764288
1276747170029289473
1276747175016509440
1276747212039557120
1276747304440078336
1276747429484785665
1276747441711116289
1276747460719894529
1276747481049522176
1276747514796847104
1276747518366416896
1276747543288770561
1276747580945416192
1276747604286672896
1276747623207022594
1276747656652455937
1276747699925090305
1276747739838033920
1276747794561277957
1276747862550945798
1276747920935657472
1276747929391374336
1276747929877872641
1276747954158620673
1276747972521234432
1276747991848640514
1276748012958572549
1276748018570625024
1276748042507554816
1276748044659093505
1276748057351057408
1276748065915854851
1276748098002317312
1276748126846513153
1276748180986761218
1276748235546263552
1276748243439845381
1276748289879220226
1276748298162855936
1276748321990688773
1276748336725450752
1276748403167412224
1276748417197174794
1276748445898817541
1276748491214123009
1276748598554705920
1276748603977949184
1276748633451323392
1276748637633052674
1276748688635777024
1276748701671669761
1276748726350929926
1276748759842656256
1276748838951424000
1276748893317971970
1276748932362776577
1276748935969730560
1276748953535614977
1276749033122361346
1276749044837044230
1276749082212487168
1276749090676604928
1276749129163722753
1276749157764608001
1276749166522372096
1276749197392228356
1276749254589992961
1276749255584157697
1276749296507908096
1276749335863181313
1276749367894872064
1276749423238770690
1276749426246082561
1276749462040449025
1276749473130131456
1276749489739423746
1276749490217562112
1276749494135095301
1276749531309203462
1276749548753428480
1276749582844588034
1276749627853811712
1276749641896194048
1276749671084498951
1276749687253430272
1276749754626478081
1276749766391554048
1276749826047295489
1276749828647555072
1276749837485191168
1276749858334838786
1276749862407753728
1276749879809683456
1276749884498952193
1276749912668024833
1276749946293805056
1276749969047851014
1276749984117874688
1276750005265739776
1276750056691916801
1276750118931165184
1276750136912293889
1276750227228278784
1276750298657157120
1276750303564464129
1276750303954698241
1276750324791984129
1276750354441535494
1276750355619917827
1276750438549897216
1276750458426732547
1276750472221605888
1276750488399011840
1276750508821295104
1276750529411112961
1276750530845474816
1276750606334595072
1276750676991696897
1276750689897717761
1276750702426144768
1276750710210564097
1276750751881203712
1276750769090252801
1276750793723588608
1276750812614725632
1276750834236223489
1276750854284996608
1276750877748088832
1276750886912450560
1276750889651445765
1276750916943785984
1276750979950694401
1276751003652485122
1276751020920655875
1276751066546106368
1276751104772980736
1276751117297356800
1276751128651116545
1276751145575174145
1276751159307333634
1276751225346641920
1276751225879359489
1276751310667132929
1276751327448535043
1276751334956568581
1276751377415524354
1276751414224580608
1276751436043259905
1276751506696519680
1276751506956410880
1276751518885187585
1276751519581442048
1276751580197502977
1276751641119580160
1276751674229448704
1276751741892132864
1276751749655572480
1276751752746774528
1276751776679485440
1276751782308220928
1276751807553757184
1276751914177265664
1276751980904411137
1276752071396483073
1276752177458024450
1276752190795927552
1276752212178305024
1276752215328292865
1276752286740447232
1276752290783924224
1276752303907721217
1276752378797137920
1276752396387942400
1276752421100965888
1276752450477625344
1276752459696930819
1276752469159182336
1276752587488989184
1276752588357226496
1276752661375709184
1276752688525406208
1276752696175996928
1276752714936942594
1276752737095606273
1276752740966940672
1276752764857548803
1276752776589172736
1276752861594963968
1276752892393709568
1276752936681574400
1276752961952190464
1276752978590830596
1276752983506563072
1276753013089226752
1276753046228414464
1276753196137041920
1276753243553574913
1276753261610090496
1276753297970511872
1276753364395659264
1276753369458077696
1276753372909989889
1276753421127741440
1276753423900135425
1276753445727469569
1276753469857284097
1276753473925599233
1276753511326208000
1276753588266700801
1276753607744843776
1276753632957026304
1276753633426788352
1276753650300444672
1276753737898434560
1276753740129873920
1276753742013116416
1276753750472880128
1276753813354012673
1276753854823047168
1276753880848543749
1276753910183727104
1276753939547987968
1276753956497174529
1276754115280777216
1276754124592177153
1276754136822804485
1276754141738668032
1276754191717892096
1276754204015521794
1276754220184563712
1276754220641746944
1276754233014902785
1276754301466087431
1276754313671557120
1276754334647291906
1276754367064965121
1276754387084304385
1276754398321000458
1276754404826394624
1276754409238728704
1276754409511432192
1276754426250719233
1276754501911949313
1276754517930004480
1276754632845471745
1276754673551245312
1276754691070795776
1276754702747590656
1276754727578079234
1276754732154007554
1276754753104613376
1276754799686451206
1276754887485714434
1276754896444940288
1276754908214169600
1276754925121269760
1276754929277964288
1276754933396787200
1276754938111102977
1276754947632070656
1276754970520563714
1276755009846292480
1276755013587648512
1276755013759463426
1276755106814398464
1276755173931724801
1276755226872082434
1276755259306635264
1276755286905192448
1276755319054651392
1276755340374179840
1276755345721880578
1276755394438680577
1276755408003178497
1276755445680611331
1276755462617251840
1276755479407087617
1276755511912906753
1276755596407009282
1276755630464864256
1276755667974598657
1276755701281419264
1276755767836774400
1276755777491886082
1276755852561506304
1276755866377768961
1276755868105744384
1276755907825655809
1276755940042330114
1276755957402554368
1276755965455421440
1276755970245476352
1276756020023484423
1276756020333862912
1276756033298284545
1276756049412923400
1276756078030581761
1276756092110942208
1276756187518664704
1276756258683531265
1276756264815595520
1276756288190349312
1276756305760473089
1276756312827637761
1276756368876331008
1276756376811737098
1276756385867476993
1276756394751004672
1276756431950118912
1276756452212748290
1276756485733675010
1276756489693089792
1276756598912770048
1276756645515837441
1276756653530996736
1276756669817470976
1276756793100832769
1276756820825120770
1276756820950835201
1276756866740207617
1276756976647704576
1276757035669839872