1273661755705753606
1273661805764714500
1273661818972626951
1273661843685474304
1273661845942001668
1273661881258049536
1273661902556708866
1273661907220627456
1273661977840226304
1273662023847383040
1273662028767309826
1273662048673685505
1273662087080837120
1273662235341058048
1273662250507743232
1273662359580573696
1273662383425273856
1273662409857732610
1273662439335346182
1273662452010541056
1273662467340734465
1273662506293014529
1273662506360139776
1273662513440124929
1273662536777228288
1273662556608106496
1273662577944326145
1273662686941806592
1273662753652146178
1273662834338148352
1273662930526113792
1273662972586582017
1273663042828603392
1273663085920653313
1273663089947246594
1273663127020765185
1273663170314461184
1273663198994952194
1273663274731450368
1273663286412804098
1273663358034567169
1273663434001956864
1273663442503774210
1273663470718894080
1273663471008321536
1273663540545458177
1273663614176702464
1273663663958831104
1273663669671518208
1273663705922715649
1273663803692105729
1273663844972466178
1273663861191839750
1273663958071853056
1273663993450606594
1273664040422633472
1273664061562073092
1273664075713646595
1273664091140378632
1273664099956731907
1273664111541395457
1273664134551343104
1273664146651918336
1273664161495556102
1273664247738884103
1273664322418376706
1273664322481393665
1273664348221771776
1273664359282212864
1273664405977403401
1273664409718718464
1273664428567941120
1273664498642178048
1273664499103531010
1273664520007942144
1273664655240486914
1273664657530785793
1273664676186882048
1273664720881553409
1273664729161109511
1273664738136915968
1273664738568765440
1273664741924147201
1273664801336463361
1273664811436511233
1273664851320201217
1273664920077336577
1273664926654046209
1273664952201613313
1273664989744828416
1273665022850412545
1273665111253831686
1273665228446797824
1273665270419271685
1273665325050007555
1273665342426865664
1273665358608642051
1273665425574772736
1273665444696784898
1273665475516542976
1273665554684022784
1273665631855009794
1273665671180595201
1273665673403731969
1273665681691742209
1273665727854186497
1273665784468983810
1273665891616591873
1273665929264717826
1273666005013803008
1273666023124660224
1273666025121177600
1273666027734347776
1273666030045261826
1273666030997344257
1273666034214502405
1273666051633487876
1273666101247979524
1273666114715869184
1273666126807998469
1273666176501944320
1273666192406794240
1273666349441712128
1273666392319901696
1273666428130848769
1273666486670888963
1273666495793360897
1273666512755339264
1273666528890834948
1273666544325844993
1273666549933576195
1273666567230951429
1273666568468168704
1273666592317018113
1273666612856487940
1273666641948278784
1273666671979487234
1273666776698695681
1273666835221811201
1273666853504778241
1273666859972399105
1273666910778003456
1273666927349469184
1273666967954694146
1273666990037745664
1273667000183578624
1273667091003052039
1273667124922388482
1273667210544852994
1273667242006392832
1273667257588211715
1273667257927860224
1273667313129029633
1273667320888602625
1273667330120093696
1273667413654020096
1273667425347624960
1273667501994450945
1273667502283919360
1273667556704952323
1273667572370681857
1273667581749137409
1273667673780609030
1273667803892023302
1273667863220543492
1273667883084558337
1273667905113206785
1273667907382177793
1273667917381619717
1273667980539420676
1273668056703799302
1273668057081229312
1273668085615124480
1273668102216019969
1273668115046395905
1273668193928667139
1273668211968524288
1273668219044196353
1273668282621390849
1273668399776714752
1273668408303849474
1273668489555791873
1273668521285742600
1273668604731330560
1273668606476406784
1273668638831230980
1273668646737285120
1273668764723265537
1273668808012677125
1273668907249725442
1273668927969730560
1273669104503750656
1273669111894151173
1273669146455060484
1273669225543020546
1273669225983340545
1273669301623418880
1273669307193536513
1273669336633356291
1273669372633120768
1273669372901457920
1273669499686981635
1273669540463947776
1273669552946044931
1273669563327098882
1273669565981945858
1273669619824328705
1273669653487812608
1273669678951329792
1273669680067117056
1273669720764559361
1273669800196296712
1273669817904574473
1273669850397904896
1273669867892334594
1273669946954956803
1273669951786758146
1273669961907613699
1273669968593326092
1273669973475561475
1273669987509682176
1273670002223300608
1273670004605624321
1273670010058276867
1273670064894607360
1273670176534171649
1273670177616429056
1273670198709665794
1273670257086025729
1273670257341800448
1273670283044544512
1273670308222898180
1273670413109821441
1273670542655139845
1273670542655197185
1273670592634531843
1273670593032773633
1273670786486853632
1273670823178465286
1273670874982383616
1273670903189114882
1273670966850334720
1273670982117384192
1273671160203554817
1273671180738756608
1273671209578909697
1273671272547758080
1273671289157365760
1273671295780167681
1273671306748350472
1273671327258308608
1273671335802294272
1273671340004950018
1273671359403565056
1273671429020499968
1273671474092654593
1273671520628457472
1273671545588789254
1273671555143344128
1273671585375936515
1273671650144333825
1273671650655916032
1273671654540017666
1273671674936938497
1273671700484366336
1273671738858049536
1273671742695903236
1273671756335677446
1273671780142444544
1273671800988131328
1273671825919115264
1273671964918534146
1273672074301714432
1273672090294480896
1273672102684569600
1273672136771670020
1273672212625666048
1273672233098108929
1273672238005452810
1273672283605938178
1273672309140848643
1273672321144889347
1273672349666078721
1273672350735753218
1273672351637483524
1273672359115980801
1273672359170498561
1273672433367736320
1273672498211622915
1273672505379741696
1273672530855964673
1273672576829657094
1273672623403208709
1273672627945525249
1273672636787306496
1273672686707695616
1273672698644832260
1273672707180126209
1273672727761768450
1273672736972451840
1273672749693747201
1273672760472961024
1273672767691468800
1273672820921257984
1273672888701325315
1273672979965075456
1273672980149809152
1273673004527095809
1273673029554298880
1273673088434143235
1273673160781705218
1273673217664745472
1273673236711079936
1273673252360110080
1273673286111682565
1273673293355085824
1273673309209505795
1273673311101186049
1273673352926965761
1273673386338717698
1273673412162891776
1273673504160911361
1273673537484738560
1273673583856889856
1273673772680306690
1273673793484054531
1273673818263957504
1273673852682264576
1273673868641660928
1273673942205493249
1273673952443891712
1273674003324866560
1273674049365905410
1273674049579859968
1273674074200432641
1273674142479310848
1273674149811150849
1273674163589246976
1273674208665534464
1273674258804285443
1273674275996618753
1273674296737452033
1273674302982930432
1273674334264012801
1273674350672084992
1273674372348141569
1273674447019552768
1273674464631414787
1273674464849428480
1273674494389956619
1273674502661177351
1273674544398680064
1273674602657374210
1273674624199516167
1273674653635014656
1273674655031791617
1273674748443217920
1273674775668244481
1273674833767923715
1273674842622091266
1273674918526402561
1273674926625566720
1273674988978081794
1273675026433282050
1273675052056219650
1273675055168475137
1273675091591774210
1273675160932028416
1273675294822539264
1273675307325816833
1273675320370114562
1273675365970399232
1273675385998204928
1273675412347006982
1273675416608346114
1273675438309556224
1273675450125090817
1273675630232498178
1273675630773628928
1273675668358914048
1273675748231036931
1273675762709811204
1273675773304438785
1273675860420300803
1273675865759666177
1273675873871372289
1273675875536388097
1273675882452758528
1273676058672295937
1273676095850721280
1273676104449101828
1273676113076727810
1273676117342400513
1273676274029023232
1273676280983158784
1273676295386263555
1273676297961566209
1273676330664472576
1273676352298692608
1273676372687421440
1273676389489786880
1273676411115458560
1273676499988746246
1273676633405140997
1273676645958930439
1273676716733415429
1273676716750364675
1273676717337595904
1273676771406368769
1273676822056755201