1271487440717590534
1271487551417847808
1271487579075076097
1271487611375423489
1271487634574016522
1271487689251053568
1271487718309036032
1271487818422874116
1271487852308652032
1271487992092176386
1271488041459134464
1271488062191734785
1271488124858793985
1271488179263156226
1271488192135548929
1271488288835149825
1271488347723034624
1271488393667424257
1271488394057650179
1271488430606860288
1271488548886233090
1271488643774009345
1271488657120206851
1271488686870237185
1271488766692057088
1271489005553475585
1271489022897074176
1271489064886140929
1271489077523763202
1271489086877040641
1271489131957420032
1271489188223827968
1271489188328812545
1271489216300617733
1271489256842596352
1271489312148897793
1271489362673319937
1271489400120266758
1271489505908920320
1271489727645003776
1271489738906710019
1271489823883309059
1271489916170571776
1271490026308657154
1271490192440877057
1271490419679825920
1271490431377948672
1271490448230617088
1271490455830700032
1271490474130526217
1271490478047997952
1271490513833623553
1271490561539637248
1271490578484654081
1271490660860932096
1271490770701365248
1271490885310509060
1271490897021218816
1271490985701380100
1271491022871298054
1271491028202250240
1271491064667357185
1271491123056455681
1271491157479116801
1271491185744285696
1271491201548587017
1271491211635781632
1271491291906560000
1271491303470034944
1271491366183370754
1271491614746316803
1271491645113094145
1271491664738205696
1271491726167990273
1271491773467148289
1271491787115204611
1271491791418585088
1271491827842060288
1271491907714027520
1271491941331591168
1271492069203144704
1271492090900422657
1271492138509860865
1271492214120681472
1271492354856214528
1271492400892899328
1271492428516581376
1271492475761446915
1271492490739187714
1271492506044239872
1271492553787858944
1271492579037712386
1271492666723721216
1271492701540831232
1271492704728383489
1271492726090076161
1271492738647592960
1271492750395899904
1271492826929393666
1271492827025981441
1271492965400223746
1271493028943925250
1271493061533675521
1271493087781625856
1271493128571273216
1271493165321801728
1271493166190006272
1271493284037300229
1271493379982049281
1271493434960941058
1271493510894702596
1271493552329994241
1271493564564791296
1271493737114451974
1271493822791315456
1271493849651781640
1271493884028256257
1271493908724408328
1271493917700210689
1271493926092812288
1271493963615285248
1271494138496679949
1271494141743034369
1271494194175995904
1271494311427874816
1271494337264668672
1271494346710437891
1271494349151506432
1271494403992027138
1271494488310112257
1271494558950600704
1271494567402053639
1271494588696612865
1271494646946988032
1271494693080219648
1271494798562725890
1271494819215552516
1271494894498934784
1271494902828933120
1271494930515529735
1271494976216547331
1271495024921006082
1271495037134700544
1271495054268469250
1271495061927153664
1271495071054000130
1271495116792885248
1271495171520118784
1271495347806732288
1271495359878045699
1271495371194130433
1271495426311503873
1271495451548803073
1271495465377267713
1271495477482184704
1271495480837640195
1271495490815889410
1271495527901904899
1271495586793918464
1271495645996736512
1271495708596674561
1271495891493564417
1271495892500131841
1271495894731390977
1271495943750209536
1271495981645914112
1271495994312724485
1271496044208103425
1271496153104699392
1271496165041729536
1271496173904420864
1271496194443939841
1271496195605778432
1271496228459679746
1271496241826979841
1271496249842245635
1271496266329907201
1271496282582982656
1271496324635144192
1271496350119735296
1271496396344930306
1271496455669182469
1271496468034015232
1271496483938934787
1271496497440448512
1271496500712026113
1271496527123546113
1271496530722279425
1271496534551494656
1271496560182992896
1271496589631279105
1271496648326123521
1271496748628766720
1271496785215852545
1271496885237420038
1271496889276522496
1271496911942561792
1271496957702180864
1271496992431263744
1271497111230722049
1271497201303326720
1271497288310013952
1271497435177791488
1271497448998002689
1271497478592839680
1271497503691530240
1271497520699584514
1271497524520648704
1271497561245876229
1271497708927193088
1271497791471263745
1271497800992227329
1271497801487138817
1271497869317603330
1271497893678059521
1271497914095984641
1271497927362588674
1271497947847561216
1271497956676587528
1271497961076224000
1271498048519241730
1271498049383067648
1271498082233049088
1271498106539040774
1271498124943667200
1271498145344753667
1271498158212739072
1271498229281107969
1271498237988536322
1271498239821221888
1271498263196250112
1271498267096838146
1271498303767805954
1271498408931536897
1271498430829883392
1271498498211381248
1271498531388272640
1271498549759365121
1271498551290454016
1271498602699988993
1271498677400420353
1271498688402206720
1271498702310510596
1271498706962046976
1271498773987016710
1271498794857873409
1271498865586339840
1271498962197983234
1271499000957591552
1271499050966224898
1271499064140423170
1271499080028561409
1271499096868585472
1271499122672119809
1271499172756283392
1271499277567700992
1271499467120836608
1271499505897259008
1271499521390972934
1271499537769783299
1271499570929795072
1271499579733630976
1271499608703881217
1271499633789792256
1271499664143953922
1271499721756995584
1271499864413745153
1271499882721947648
1271499894184972289
1271499915185631232
1271499957682483200
1271500024200024064
1271500032831893506
1271500092038541323
1271500125224001540
1271500128583548934
1271500162402140160
1271500209512562689
1271500288596348930
1271500335819997184
1271500343105519616
1271500365981237248
1271500385459613696
1271500388534026240
1271500494465200128
1271500569824370689
1271500586807148545
1271500590011633664
1271500620332101632
1271500644688551936
1271500741262274560
1271500747654475776
1271500893914087424
1271500942584627201
1271500992148762625
1271501125116555264
1271501267609587717
1271501313856229377
1271501353785921538
1271501362245832704
1271501363222990853
1271501433825828864
1271501441757315072
1271501463072567296
1271501496295833600
1271501525609639936
1271501554890297345
1271501618161295362
1271501693566496768
1271501711174250496
1271501802463166466
1271501813900951553
1271501885120315394
1271501907518009344
1271501986807066624
1271501987352281089
1271502022488002563
1271502028984868864
1271502059028824064
1271502142738583552
1271502167241875458
1271502192621559811
1271502197608628228
1271502209289773058
1271502230282067968
1271502329997475840
1271502380945858563
1271502381029756928
1271502411694309377
1271502435886993410
1271502436126031872
1271502457407967232