1273722153565732864
1273722170624090115
1273722170737221633
1273722185941766145
1273722191108952064
1273722199849877505
1273722243542114306
1273722265939644418
1273722266367324160
1273722277289275393
1273722293642866688
1273722338647904261
1273722354741338112
1273722368075038722
1273722392662233088
1273722395770134534
1273722446894583809
1273722535285125121
1273722543564881920
1273722586732658688
1273722595670548481
1273722598275383302
1273722714218512384
1273722730806984704
1273722854870114304
1273722908280410112
1273722918200098818
1273722938441830400
1273723000903266304
1273723007312244736
1273723085590368257
1273723116615872514
1273723130721304576
1273723247004131334
1273723252234485761
1273723253014564870
1273723260987834369
1273723315761397761
1273723317216780288
1273723336405577728
1273723340864098305
1273723362397663232
1273723406379294721
1273723412356059136
1273723412939186176
1273723416122494982
1273723446174928897
1273723470837243904
1273723495638278145
1273723535010086912
1273723539582005253
1273723550155763712
1273723626039238657
1273723659140558849
1273723706758574081
1273723717827342342
1273723840326139905
1273723942361075714
1273723979023421440
1273724015060942848
1273724024766566402
1273724044064391169
1273724053837225986
1273724066357284866
1273724150184464384
1273724188994535424
1273724251032313856
1273724260566122496
1273724281554448385
1273724299552133131
1273724352366706690
1273724384864342016
1273724418993389573
1273724422709563392
1273724435766247424
1273724490137038848
1273724603366543361
1273724616167444481
1273724657758281728
1273724677068742658
1273724717061623810
1273724750305599489
1273724775332900865
1273724780240187392
1273724788469456896
1273724813610233858
1273724821906632704
1273724838323130381
1273724843008102403
1273724846808195074
1273724850868228096
1273724850977361920
1273724854877990914
1273724859554488320
1273724892752547848
1273724906052689920
1273724916064374784
1273725006544019456
1273725018959011840
1273725094083395584
1273725125943275520
1273725177809920000
1273725190065860608
1273725206830264320
1273725228070436864
1273725236882497536
1273725236949716994
1273725237201436673
1273725311830482944
1273725404226805760
1273725413144100864
1273725450771222529
1273725450875895808
1273725456001490944
1273725487198633986
1273725549819637765
1273725564512174080
1273725584627994624
1273725685895499777
1273725697173815296
1273725777746395136
1273725806779523072
1273725824026284032
1273725891030417408
1273725898940792832
1273725928007335936
1273725958286200834
1273725987721826304
1273725989441470464
1273726032336601088
1273726052234260482
1273726083045584896
1273726104650633222
1273726114133753856
1273726134442754049
1273726150653558788
1273726166315171843
1273726205867499520
1273726252227190786
1273726260204560385
1273726271386779649
1273726285529767936
1273726347999940611
1273726419428708352
1273726482272210945
1273726498902605826
1273726537091543040
1273726558096756736
1273726600517832705
1273726625142710279
1273726649557831680
1273726651298390019
1273726730096738304
1273726758844416001
1273726832957947906
1273726849915420673
1273726876373180418
1273726885189451776
1273726893645234176
1273726920044105728
1273726935923863555
1273726987631239173
1273726994488967168
1273726997802430465
1273727011245232129
1273727014902493184
1273727017633095682
1273727066693865474
1273727073870209025
1273727078219702272
1273727087455633409
1273727149548007427
1273727178816008196
1273727187728740354
1273727207702032384
1273727210306838530
1273727241302786055
1273727242028417026
1273727304565489671
1273727334600912896
1273727336358113280
1273727342347771910
1273727380440440833
1273727383757971456
1273727387486822400
1273727451688890368
1273727488728764417
1273727505992744965
1273727509897633796
1273727535361282053
1273727606987292672
1273727619255742472
1273727660045357064
1273727677963345926
1273727689720037377
1273727724629131265
1273727735484026880
1273727744279564291
1273727757139107840
1273727786721697793
1273727812306743297
1273727825191636992
1273727833018433538
1273727853524385792
1273727870720851968
1273727879420039168
1273727898579546113
1273727903679873027
1273727910646611972
1273727916807909376
1273727920519987200
1273727920855547910
1273727949854785538
1273727958746664960
1273727995199422464
1273728013096505344
1273728017227853824
1273728040019861505
1273728071712083969
1273728219129147392
1273728261311336449
1273728331448487939
1273728350075281408
1273728363501203457
1273728373173305344
1273728383822688256
1273728411798663169
1273728458091159552
1273728469441089539
1273728562508337152
1273728574277783552
1273728597317091335
1273728604543713280
1273728655877963781
1273728663683391489
1273728679923736576
1273728751331872769
1273728760374636545
1273728799247609856
1273728856742957057
1273728869657448453
1273728881153806338
1273728906328018944
1273728940947824642
1273728983109111808
1273728986141655048
1273728987949400071
1273729002667151360
1273729016860721152
1273729035240013824
1273729057943945219
1273729061504909316
1273729109424836608
1273729119650557958
1273729120778608640
1273729149845159938
1273729170598694912
1273729172926607361
1273729196783788036
1273729200038400000
1273729200202055680
1273729250554757121
1273729285182767105
1273729309690208260
1273729319999766528
1273729342627966976
1273729426849595394
1273729472609435648
1273729506805788673
1273729507179008001
1273729526988705793
1273729532231647233
1273729594747760646
1273729604218269696
1273729624015396864
1273729636875169792
1273729644924190726
1273729661390983168
1273729750255702018
1273729774779805700
1273729786683092992
1273729796388859904
1273729809068240896
1273729833391083526
1273729840458403847
1273729846749741058
1273729979512025088
1273729988886478849
1273729993231695881
1273730018925932544
1273730095027556353
1273730095799169024
1273730102078160906
1273730182331789312
1273730312619655168
1273730353191059461
1273730417309306880
1273730478927904768
1273730513329688580
1273730532065464320
1273730643135025158
1273730655902302208
1273730664823742464
1273730710017318912
1273730752203587586
1273730777155395584
1273730829534015488
1273730883221098497
1273730911687892992
1273730920193970177
1273730976707940353
1273731017522573312
1273731029417656320
1273731062472953856
1273731066889736198
1273731075718574080
1273731100859346944
1273731150259855361
1273731156891107328
1273731298385956864
1273731332905095168
1273731351544360962
1273731386147512321
1273731407060369414
1273731490182868993
1273731603827695617
1273731608114335745
1273731636975280130
1273731648069095427
1273731679002284033
1273731716817928193
1273731809579335680
1273731838570188800
1273731843011928065
1273731844186542088
1273731847634083841
1273731859638296579
1273731906115436546
1273731913447071744
1273731955784286217
1273731959936692224
1273731972691447809
1273731980828577793
1273732001225416719
1273732052731527170
1273732058561613824
1273732068766355456
1273732077465161728
1273732110944092160
1273732162806845440
1273732190950641665
1273732199028862982
1273732203961294848
1273732227701104642
1273732243186315264
1273732308294565888
1273732451039416320
1273732531125444609
1273732612536668160
1273732614294245376
1273732668375564289
1273732752899280897
1273732782909526018
1273732788664111105
1273732795509149697
1273732866652794880
1273732878640148480
1273732950429806595
1273733044449361922
1273733126896996355
1273733135469965312
1273733156072349696
1273733168684769281
1273733184186978304
1273733200544587776
1273733201849192449
1273733202142617601
1273733210766143488
1273733268202979328
1273733281662611456
1273733343729737728
1273733432267456519
1273733444908933121
1273733449036238854
1273733476512960512
1273733495727116288
1273733542497968128
1273733558130151425
1273733636886536192
1273733650069237761
1273733679932747783
1273733684483354625
1273733692519862272
1273733700878864384
1273733738967400448
1273733756340375553
1273733813760397315
1273733855577595904
1273733869989224448
1273733897780523008
1273733910510235649
1273733956761006085
1273733994652274689
1273734007801307136
1273734020308713472
1273734023777521664
1273734120506626048
1273734191344168960
1273734258763448320
1273734262982729728
1273734263263789057
1273734270809505792
1273734398819483649
1273734423872184320
1273734485507366912
1273734555221086209
1273734556437417984
1273734573180850177
1273734581385138183
1273734632018591754
1273734757638168576
1273734758300704769
1273734782803984384
1273734808263249920
1273734850013360128
1273734892551942144
1273734934075752448
1273734950530023425
1273734958503387137
1273734980623953920
1273735017504493568
1273735019744440320
1273735034307043331
1273735051398676480
1273735089390858242
1273735119145250817
1273735121225605125
1273735122550960134
1273735139957317632
1273735173163544577
1273735210958557186
1273735320186441729
1273735358002327552
1273735391351156736
1273735408078258177
1273735411341369344
1273735437555826689
1273735482933866496
1273735509366337536
1273735512738746372
1273735524923191302
1273735533676486657
1273735538197975040
1273735540756680704
1273735541989629953
1273735542354710530
1273735597211910144
1273735601485803520
1273735602819796992
1273735672369569792
1273735675947421702
1273735688765259776
1273735693399986176
1273735706121252864
1273735713507418115
1273735718091673600
1273735730703945729
1273735772810739712
1273735773716709388
1273735776896012291
1273735850648580096
1273735866377256968
1273735881313026048
1273735884186107904
1273735895737348096
1273735915400282112
1273735944991051780
1273735963840253953
1273736107952353281
1273736181558247427
1273736184057880576
1273736197014200320
1273736204408717318
1273736268212404224
1273736292128493571
1273736296641396736
1273736305319407616
1273736306288443392
1273736351293333509
1273736378497544192
1273736435942608896
1273736535842664450
1273736562212311040
1273736562371694593
1273736615723180035
1273736624082386947
1273736628058689536
1273736695645519872
1273736703841193989
1273736731372785666
1273736759172427776
1273736787421212678
1273736801211912192
1273736825769807875
1273736850394329088
1273736866806870016
1273736867733663744
1273736892832526347
1273736901120233472
1273736920305188868
1273736950944538624
1273736964630437888
1273736972155211776
1273737033417060352
1273737040002084865
1273737059837116418
1273737073133060096
1273737178359533568
1273737207686156288
1273737215143743497
1273737240636567552