1271593175405285383
1271593233727062017
1271593258062356482
1271593347581386752
1271593381135777794
1271593461028982785
1271593473515286529
1271593596899282948
1271593943642378240
1271593998222835720
1271594005936160769
1271594042384580609
1271594051712802818
1271594100924416000
1271594120126005249
1271594141604966400
1271594153575514113
1271594345313918976
1271594359385755648
1271594371129827328
1271594441787142145
1271594442365886469
1271594442730860544
1271594503799844866
1271594581482704902
1271594660000157697
1271594744854966273
1271594764803112960
1271594815008976896
1271594836240429056
1271594898802827268
1271594919904153600
1271594937818087425
1271594980633653248
1271595142810501120
1271595144211566592
1271595147310936065
1271595222766686208
1271595239497580544
1271595269113724929
1271595289808375808
1271595319655051266
1271595393818570752
1271595401980907522
1271595434545262594
1271595520268668929
1271595549440049153
1271595646953414656
1271595648228327424
1271595708840153088
1271595713114378245
1271595726833737729
1271595789010309123
1271595872548200449
1271595880806674432
1271595914105245696
1271595960616071170
1271596002357764104
1271596094762496000
1271596147841404931
1271596154178789376
1271596208717541376
1271596229546237953
1271596249578422272
1271596346252894210
1271596352728903682
1271596358927933440
1271596468097429509
1271596568584450049
1271596589170266113
1271596694380085253
1271596702705819649
1271596711677497345
1271596727657693184
1271596819882012672
1271596863435800577
1271596865427959808
1271596883903905792
1271597050552111106
1271597054658138113
1271597117887275008
1271597193695318016
1271597250872041479
1271597256358211584
1271597289686081536
1271597349349945344
1271597404408754177
1271597437229191169
1271597449002524672
1271597500093263872
1271597512328175616
1271597525800292354
1271597592778928129
1271597651553738753
1271597668247142406
1271597707283640322
1271597731010748416
1271597747632664576
1271597839764779008
1271597839819223041
1271597865052155904
1271597914926845952
1271597948397211648
1271597953052966917
1271597963165364226
1271597978860519424
1271598058216853508
1271598074805096448
1271598108535857152
1271598228736278530
1271598246901583872
1271598314979332096
1271598322176921603
1271598400853757952
1271598721046917122
1271598816857292800
1271598821668040704
1271598888118628359
1271598967571091456
1271599097368068096
1271599186396377088
1271599211516055553
1271599257074704389
1271599269795880960
1271599299999133696
1271599329396965376
1271599357419085824
1271599382836596736
1271599395474153472
1271599414344327169
1271599544204177408
1271599575762010113
1271599648176656389
1271599705915641857
1271599740325695489
1271599756758921217
1271599777126457346
1271599785892438016
1271599790468415488
1271599836727517185
1271599843962687490
1271599890599043072
1271599932777000960
1271599933049561089
1271599945615839235
1271599951529873408
1271599953924816907
1271600037307527168
1271600041447157762
1271600087660146690
1271600104458219521
1271600142567837696
1271600155414925317
1271600190319759360
1271600242509504512
1271600243377713158
1271600251145576448
1271600263669911554
1271600322129965062
1271600335904280576
1271600356867190785
1271600365633335297
1271600380015710208
1271600398197903361
1271600427365134337
1271600433644146688
1271600469962395648
1271600499112865792
1271600566024777729
1271600585956040705
1271600696522092544
1271600782627033089
1271600892479811584
1271600947270205441
1271600964068352001
1271601002731302914
1271601094762921991
1271601132977225729
1271601166313553920
1271601367237476352
1271601501723594753
1271601589359386624
1271601615179354113
1271601920344383488
1271601962673414144
1271601987633721344
1271602096442208256
1271602164591472643
1271602264860266496
1271602297575964672
1271602398352609280
1271602428669026309
1271602448235454464
1271602558436470785
1271602578787381256
1271602608550133760
1271602650614661120
1271602721880236036
1271602725944426497
1271602789123158016
1271602801332744192
1271602822484819975
1271602898317819905
1271602987308204033
1271603070036672512
1271603217164578820
1271603278845841408
1271603305077227521
1271603397481738240
1271603405925093376
1271603447582715904
1271603580844171264
1271603615388614656
1271603661391761409
1271603665493778435
1271603678986727424
1271603745135243265
1271603787422035969
1271603848449163264
1271603850558894080
1271603984172646400
1271604005001715713
1271604043169882114
1271604046927806464
1271604080494940167
1271604123914436608
1271604190628872192
1271604210648223744
1271604236149612545
1271604269112795136
1271604332039819264
1271604341506560000
1271604467180470275
1271604504064999424
1271604525758066689
1271604886338035712
1271604889685123072
1271604953723940864
1271605033054777346
1271605061957881856
1271605158510641154
1271605230610726912
1271605288886558722
1271605440032333824
1271605871538135041
1271605875401199619
1271605887774470144
1271605905470226432
1271605909475770369
1271606019081322496
1271606026815582208
1271606029948772352
1271606093756747781
1271606137989869569
1271606199176355848
1271606224283459585
1271606244604817409
1271606283708358657
1271606337370157057
1271606345830031361
1271606442940866562
1271606463069401089
1271606463107076097
1271606475492909056
1271606567977267200
1271606719144067072
1271606757085700098
1271606827520688128
1271606854595088386
1271606894940033025
1271606933833703426
1271606941312339969
1271606995104280576
1271606995255164930
1271607045654032385
1271607072166215682
1271607096258310144
1271607247710363650
1271607252533862400
1271607253087420422
1271607484751413248
1271607528124821504
1271607608286183424
1271607742361264128
1271607949778010112
1271607973702512641
1271607986029543425
1271608053188538368
1271608137288519681
1271608178271125504
1271608216716292098