1273012477853196288
1273012512875831303
1273012548493807619
1273012552700555265
1273012565342408704
1273012566093107203
1273012607230902282
1273012643469553665
1273012689669885954
1273012712990060544
1273012759312113665
1273012834348212224
1273012884218535939
1273012909946351618
1273012919639445505
1273012922550071296
1273012926413246464
1273012972907122691
1273013001831034880
1273013018541031424
1273013036018778119
1273013047733321728
1273013060551217153
1273013104335609860
1273013169464791046
1273013199046995968
1273013349048029185
1273013387975225344
1273013455600189440
1273013497245216768
1273013513246724102
1273013592883892225
1273013635955126272
1273013660374437888
1273013698404200454
1273013739785248769
1273013842973462529
1273013970769719301
1273013970996203526
1273013984749215746
1273014067494563840
1273014075958521857
1273014138256723970
1273014178911936512
1273014194649141248
1273014256884224003
1273014327226793990
1273014356163395585
1273014474027315202
1273014488795668480
1273014574950817793
1273014701010501632
1273014768110952448
1273014822934888453
1273014890744160256
1273015227341131776
1273015276007829510
1273015367242317839
1273015531017306112
1273015779924086786
1273015795178586118
1273015796038434817
1273015850149097474
1273015891026903040
1273015943585624064
1273016000447987718
1273016030412103680
1273016084073811968
1273016151707009024
1273016188549955585
1273016189665505281
1273016193801224194
1273016215389138944
1273016277448228875
1273016320406310912
1273016324705472513
1273016354224975875
1273016392334413824
1273016472621789191
1273016559003467777
1273016575063441410
1273016584169291777
1273016602926231553
1273016667472363522
1273016667929485313
1273016693086969859
1273016698208169985
1273016706013765633
1273016714385596421
1273016725773017088
1273016861089660928
1273016882652606464
1273017009014558724
1273017060793159681
1273017133333692416
1273017135820726275
1273017231396540417
1273017243169939463
1273017255924768769
1273017273633042432
1273017338808410118
1273017349780758528
1273017416281440256
1273017447638016001
1273017487634821120
1273017502419898373
1273017523944984578
1273017896193556480
1273017898747883520
1273017949520121857
1273018030939914241
1273018043195686913
1273018106286354432
1273018147889729537
1273018185718140931
1273018366249353218
1273018427096129536
1273018441839120386
1273018622533910532
1273018665391099904
1273018824439164929
1273018835541659648
1273018983550156801
1273018986939199489
1273019009718521856
1273019221979488257
1273019251868270592
1273019259833274369
1273019288773963777
1273019444592349187
1273019478683586560
1273019541384245252
1273019636120879104
1273019662444433413
1273019670593966087
1273019679217516544
1273019717368905729
1273019750214336518
1273019759781711872
1273019796846755840
1273019826823409665
1273019852031168515
1273019868103823361
1273019872608477187
1273019914908033024
1273019919744020481
1273019989373657089
1273020054926393353
1273020111490822145
1273020127148224512
1273020131770167296
1273020170508869639
1273020204189130752
1273020208249274369
1273020216709050369
1273020241635717120
1273020292428754944
1273020312695775233
1273020316441284608
1273020412071424000
1273020413782528000
1273020438201937920
1273020454752514048
1273020475879370752
1273020479616561152
1273020656406474752
1273020682012463104
1273020727231381504
1273020769732263937
1273020791370780674
1273020871100248068
1273020950439698439
1273020966948474880
1273020973621694465
1273021029733076994
1273021166408683528
1273021282154696705
1273021331810983943
1273021418230480898
1273021439097081858
1273021445027790850
1273021470806085632
1273021486727561225
1273021512191299586
1273021566666899458
1273021625177382913
1273021642210529281
1273021646467629059
1273021663001673728
1273021676167368704
1273021831293939714
1273021834762608646
1273021904245403651
1273021907156242434
1273022062081253379
1273022063406694403
1273022093265944582
1273022141361983489
1273022175541428225
1273022187826544642
1273022206621163520
1273022244084764672
1273022254142668808
1273022272308047873
1273022317015314433
1273022371960668162
1273022409826799623
1273022439518343175
1273022468509372421
1273022480664403969
1273022505859645448
1273022577863163904
1273022661535444992
1273022701142192128
1273022707278512130
1273022732301668352
1273022840518803456
1273022850736275458
1273022879416844290
1273022879517507584
1273022921846386688
1273023055435042817
1273023059423830018
1273023123663851524
1273023178584010754
1273023192140066816
1273023209647083521
1273023217184243722
1273023266148548609
1273023287203893255
1273023302060171265
1273023360377786368
1273023381219221504
1273023386244075521
1273023454564974593
1273023454623739906
1273023475288965121
1273023480053841923
1273023501365129216
1273023508180803584
1273023508512194570
1273023512723193863
1273023576992440321
1273023583535726592
1273023643556216832
1273023718172786688
1273023826767630337
1273023839836999681
1273023870115684352
1273023886179938312
1273023894140735490
1273023900268593153
1273023923706355713
1273023941079175170
1273023944631574528
1273023970535587840
1273024008225726465
1273024053973000197
1273024062823022595
1273024200442249216
1273024221661331456
1273024238341877760
1273024284361981956
1273024422958567427
1273024435533029377
1273024490331668488
1273024506467139584
1273024592383283200
1273024645428543495
1273024708074766338
1273024767487066112
1273024792522825733
1273024817701191684
1273024833908084742
1273024834834853888
1273024889046224896
1273024964493533184
1273024993698422785
1273025093892026368
1273025200930590722
1273025228948430848
1273025291649257473
1273025298590765062
1273025308355178496
1273025400931663872
1273025400961208323
1273025459463294976
1273025483614105602
1273025524202377216
1273025542544121858
1273025584935743488
1273025601834749952
1273025610433138695
1273025635418550273
1273025639965167619
1273025643966595073
1273025693530689536
1273025715538190337
1273025756768190467
1273025762921197568
1273025786862338048
1273025788577820674
1273025799755628549
1273025822237036544
1273025882148536322
1273025899303182336
1273025903522508800
1273025975643750407
1273026075954679808
1273026120695156736
1273026157152067584
1273026204489019392
1273026213808943110
1273026286462566402
1273026293181886464
1273026314237128704
1273026407757516800
1273026440586498048
1273026441576235013
1273026448606015491
1273026449461710851
1273026498761502720
1273026512565002242
1273026663576731648
1273026713522515978
1273026742165233664
1273026759458463746
1273026781197590529
1273026822545039364
1273026826219196417
1273026864584392704
1273026864638947328
1273026895400054790
1273026913657860096
1273026973313519616
1273027020033794052
1273027052334186502
1273027083170713600
1273027146051727360
1273027178201059328
1273027217396826112
1273027238586396672
1273027265862000642
1273027288351870978
1273027409588207616
1273027434737270786
1273027435186065408
1273027459399778304