1271713918591868929
1271713933922045954
1271713937549955072
1271713938737111040
1271713964066516994
1271714211404697609
1271714228148330496
1271714236515979264
1271714273534906368
1271714470520393728
1271714541672357890
1271714550891646977
1271714593686065152
1271714668726243329
1271714903288680448
1271714924008542208
1271715000726495234
1271715075833901057
1271715133966827520
1271715176585322498
1271715187444322304
1271715255832285189
1271715272295137280
1271715335499104262
1271715586934927361
1271715805839929345
1271715837762695170
1271715951671570432
1271715984445968390
1271715989995040771
1271716039621873665
1271716311761129473
1271716449942409216
1271716663784685572
1271716761516343296
1271716781649014784
1271717009718476801
1271717138877706241
1271717140031291393
1271717172239192065
1271717298273841154
1271717298848612355
1271717326392397824
1271717437474435072
1271717540872499204
1271717569993551872
1271717662150627328
1271717664671567872
1271717693721153537
1271717774922878976
1271717842967298054
1271717914782003200
1271718086928973824
1271718157217128448
1271718169812430849
1271718186459844609
1271718250443915264
1271718387421454336
1271718538999455744
1271718651758960641
1271718670843162627
1271718673267523584
1271718743228346368
1271718768578686976
1271718789944664066
1271718795812278272
1271718799251771392
1271718888519024641
1271718930172739584
1271718951458873344
1271719067540471808
1271719126013079553
1271719148247232512
1271719173664768000
1271719193809846272
1271719223526592513
1271719243533320192
1271719243717832704
1271719269189984257
1271719332997787648
1271719399209172992
1271719425301975041
1271719566385852416
1271719646945673218
1271719697218666497
1271719730047414274
1271719848096100353
1271720154804568065
1271720167672815617
1271720373156020225
1271720472401633280
1271720799414759427
1271720805186113536
1271720808130334720
1271720993346785280
1271720996484022273
1271721245604601858
1271721253779443713
1271721324675649537
1271721338982596613
1271721350621609984
1271721420410650630
1271721437670150144
1271721439620726784
1271721467470925824
1271721512245039110
1271721568712962048
1271721572362072064
1271721626715869185
1271721760745013248
1271721781120860161
1271721802629361664
1271721860787343360
1271721937769828352
1271721975006855168
1271722032665853952
1271722038449889280
1271722126446215170
1271722141373923331
1271722141998698496
1271722159912747008
1271722293262082048
1271722326732595200
1271722440994050048
1271722621311352833
1271722742338007040
1271722742526685184
1271722783467204609
1271722822025515009
1271723072102584321
1271723234384384001
1271723254156230656
1271723268307894275
1271723292341211139
1271723605588692992
1271723610638561285
1271723724769812481
1271723828155203585
1271723984606965761
1271723997156175872
1271724055134195713
1271724167914590208
1271724210231013376
1271724268510986240
1271724418704838656
1271724441735704581
1271724553396420608
1271724625337163776
1271724721592315904
1271724746615521281
1271724783730712576
1271724813975842816
1271724831344451585
1271724876265435137
1271724947493265408
1271724980825456642
1271724990849675264
1271725171116826630
1271725194344792065
1271725213743484928
1271725237202309120
1271725267195703296
1271725468178210817
1271725485098176518
1271725608641445888
1271725649057787904
1271725753697071104
1271725806276968456
1271725909360418816
1271725927303655425
1271725946819633152
1271726311635972096
1271726491294994439
1271726548568215552
1271726709319008258
1271726957734981633
1271727012076388353
1271727087133442048
1271727204326535168
1271727283590647808
1271727342755274760
1271727363945041920
1271727373365338112
1271727608745676808
1271727666358616064
1271727686155595778
1271727695584350208
1271727736785117185
1271727951000694784
1271727971762495488
1271728046865879040
1271728174053773315
1271728175148482560
1271728220371595264
1271728307151802373
1271728350403289088
1271728583866793988
1271728823063674880
1271728896719884288
1271728956526473216
1271729003834093569