1275473716139511812
1275473849685929985
1275473862281568256
1275473862482776064
1275473955126681600
1275473966291988481
1275473971845255185
1275473980422385664
1275473980506476546
1275473996918566913
1275474026249551872
1275474034524856320
1275474068456833025
1275474107249934338
1275474118574436353
1275474139768225792
1275474140502257664
1275474190381039620
1275474242453241856
1275474362250878977
1275474370501079040
1275474384778477575
1275474450096537601
1275474479616008193
1275474647589556225
1275474655587917824
1275474667869024257
1275474705894404099
1275474814740938755
1275474864145563654
1275474970592894976
1275474982856843267
1275475043175129088
1275475061974142982
1275475083641843712
1275475121092911104
1275475127698771970
1275475179871895553
1275475201568858113
1275475239107952646
1275475245097508864
1275475299350740994
1275475339716763649
1275475358389690369
1275475368640745482
1275475382867722240
1275475405378588672
1275475453097111553
1275475570533584897
1275475582881497093
1275475638313517056
1275475657661841416
1275475658555052032
1275475749256851457
1275475813585113089
1275475850826219521
1275475938315325440
1275475973022990336
1275475981285953536
1275475993747009536
1275476023078006784
1275476123644645376
1275476153206112257
1275476223943213057
1275476319745253382
1275476339471126536
1275476345259266048
1275476467728687104
1275476483704860674
1275476491913113600
1275476530400055296
1275476530550976512
1275476543293145088
1275476547168845824
1275476711363293185
1275476713875505152
1275476757114568704
1275476777759113216
1275476945417863169
1275476964699181057
1275476999679520768
1275477007908982786
1275477021326483457
1275477050929770497
1275477122107113472
1275477134148956160
1275477138401923072
1275477181418872834
1275477199886393346
1275477221826875393
1275477247739265024
1275477256496873475
1275477414743871489
1275477427930759168
1275477458087817217
1275477470125400066
1275477499372322816
1275477599959961601
1275477659045236736
1275477721414426624
1275477790704320512
1275477843062018050
1275477882500902914
1275477926952271875
1275477927539494915
1275477973093593089
1275477989916987394
1275477998448197632
1275478006463713283
1275478027774963714
1275478078299529221
1275478157949190144
1275478161854279680
1275478166669156352
1275478179302576130
1275478186973937664
1275478355161178112
1275478396995280898
1275478405295702016
1275478438875328512
1275478463466450944
1275478535398920192
1275478607029170177
1275478632207724549
1275478647147835393
1275478701711507460
1275478711567958017
1275478720820756480
1275478803419103233
1275478836210290690
1275478847408885761
1275478849627713537
1275478852047736836
1275478857118859265
1275478862881792000
1275478869806510086
1275478942514700289
1275478970478157825
1275479005085523973
1275479078963994629
1275479201903190016
1275479206139277317
1275479227941490690
1275479231166771200
1275479233977032706
1275479240184659968
1275479275882381312
1275479286061961222
1275479336313745408
1275479341456072705
1275479425895759874
1275479436767322117
1275479449945829376
1275479481277460481
1275479516618481664
1275479517151129600
1275479546389655553
1275479570473349121
1275479598403219456
1275479722361667584
1275479751600361472
1275479781094514689
1275479823461351426
1275479832105611266
1275479910673498113
1275479954482794497
1275479986066132993
1275480053317619712
1275480112733929472
1275480155817799680
1275480212722069506
1275480216987549703
1275480281017876481
1275480319274020865
1275480368234115073
1275480376618749954
1275480607167045632
1275480620135636992
1275480673797767168
1275480729678483459
1275480743939117059
1275480745444700160
1275480766646894592
1275480778990915590
1275480788113461254
1275480796539699200
1275480803967991808
1275480808598286337
1275480876214816770
1275480885085667329
1275480894116106247
1275480913695014914
1275480940639387650
1275480984985563137
1275480994594897924
1275481039314575360
1275481055873490944
1275481061397577728
1275481140422479872
1275481148005576705
1275481156645982209
1275481181572628481
1275481203265568768
1275481207497723906
1275481216091918336
1275481223243149312
1275481299155931138
1275481358547247104
1275481378981851136
1275481413190647810
1275481433587449856
1275481454433062912
1275481468719022080
1275481584444084224
1275481604844949505
1275481644825075718
1275481670733438976
1275481768791965697
1275481811657781248
1275481812681191430
1275481815348699142
1275481823343194112
1275481878066323458
1275481894617055232
1275481901285945344
1275481907917176834
1275481920743387137
1275482083482308610
1275482109063434244
1275482133751050240
1275482159101489152
1275482179905224704
1275482205389680641
1275482226944327681
1275482234846416896
1275482255448662017
1275482297102479362
1275482301707833347
1275482315356082176
1275482366434324482
1275482377196908546
1275482402450747392
1275482406582210561
1275482410629640192
1275482413057970184
1275482419811037186
1275482444905345030
1275482516191920128
1275482523842142209
1275482527441059841
1275482570033991682
1275482574614343681
1275482643836973056
1275482734052294657
1275482813395906560
1275482817829285888
1275482834560405504
1275482859625566215
1275482897521217537
1275482972628701186
1275483020989009920
1275483023253725185
1275483077612011521
1275483115620839425
1275483216183529473
1275483220088406016
1275483241831632903
1275483249981128705
1275483297183924227
1275483329241001984
1275483342247354369
1275483345879736321
1275483380973436931
1275483400384757768
1275483438011867137
1275483519385403393
1275483556202950657
1275483649995988993
1275483727859191808
1275483758758629376
1275483778169724928
1275483782385205251
1275483785321218049
1275483803918704645
1275483846558060546
1275483896067452929
1275483917206814720
1275484038262906882
1275484072362434560
1275484088783319051
1275484143313465349
1275484231221882880
1275484297630232579
1275484368455204864
1275484381918818306
1275484411480338433
1275484418363346945
1275484420070408192
1275484424038223872
1275484430128349184
1275484459010101249
1275484463804198915
1275484499938365440
1275484516442730496
1275484525976358913
1275484571027468289
1275484608457576449
1275484625653993473
1275484629131317250
1275484641927950336
1275484725998612481
1275484813122666497
1275484860472156161
1275484913781936131
1275484966466596864
1275485023664250888
1275485041502519298
1275485086599860224
1275485091360358407
1275485121391575040
1275485133122891776
1275485137057140739
1275485196033327104
1275485225175441410
1275485230464331776
1275485262819348481
1275485313037594624
1275485326249730054
1275485422408413185
1275485457141297152
1275485493673824258
1275485531611303946
1275485556479111169
1275485607339458561
1275485623336480768
1275485648573665284
1275485657301999616
1275485669335478279
1275485757831098370
1275485758338461696
1275485808187920390
1275485870225793024
1275485996839243777
1275486042024554496
1275486066854723586
1275486080805060608
1275486139386904579
1275486156508012544
1275486216830382081
1275486273881473025
1275486289429762050
1275486315723685888
1275486353858465794
1275486374800613377
1275486375245230087
1275486420501770247
1275486488051027968
1275486504454959105
1275486512088571904
1275486550281916420
1275486634725818373
1275486647329619968
1275486676505317376
1275486726719451136
1275486735129104393
1275486785301286915
1275486797577871360
1275486818696339458
1275486835469357056
1275486871825629186
1275486963458609153
1275486990738378758
1275487016071856128
1275487079015694336
1275487146330202115
1275487149752631297
1275487183856529408
1275487255369355265
1275487305273274368
1275487322377564160
1275487330585972736
1275487345479991297
1275487385371934720
1275487471413968897
1275487476484841475
1275487483724279809
1275487549071351808
1275487549390290948
1275487561306083329
1275487565576101889
1275487620190142470
1275487645523730432
1275487691136778243
1275487737521623040
1275487750775595010
1275487767301099520
1275487798368313345
1275487804391329793
1275487911371313155
1275487922968424448
1275487942824378373
1275487985685929987
1275488005235630080
1275488077750898688
1275488081186037761
1275488135493943298
1275488140430643206
1275488148844425216
1275488190472892416
1275488207291977730
1275488262212239362
1275488283137638401
1275488337499848704
1275488341547454471
1275488358530088961
1275488475567976448
1275488578546675712
1275488598108762113
1275488639653380098
1275488682850627584
1275488697790738438