1273903345896488962
1273903377672536068
1273903378557435909
1273903406533533696
1273903412006907909
1273903423914741760
1273903556651868165
1273903568756580353
1273903583440670721
1273903592424869889
1273903610473132034
1273903663463923712
1273903682896097280
1273903694749237258
1273903738445598720
1273903751527620608
1273903857874026496
1273903901696196608
1273903906632929281
1273903915172536320
1273903965323833345
1273904152989532166
1273904187009572864
1273904199390998528
1273904250670678016
1273904350511931394
1273904362046119936
1273904401674055682
1273904426789548032
1273904515163578369
1273904560868864001
1273904581039308800
1273904656473866240
1273904665873154053
1273904669346201601
1273904699025035269
1273904741148356615
1273904745560846336
1273904765597089795
1273904858547003392
1273904863672520705
1273904871129911301
1273905043285000192
1273905131558338560
1273905355551059968
1273905465970360323
1273905466423349250
1273905492293607429
1273905600955629568
1273905701488918529
1273905827779403777
1273905876609482756
1273906185259962369
1273906586709303296
1273906628262322177
1273906677985824776
1273906713100349441
1273906713888866305
1273906718276288512
1273906746096889856
1273906780158992386
1273906803756224515
1273906830112985089
1273906922215923715
1273907000989057024
1273907160095821825
1273907168736051202
1273907496235814919
1273907587855945732
1273907635386028032
1273907789748994048
1273907999120162816
1273908062529732610
1273908157832556546
1273908230989774853
1273908239567118340
1273908251759915009
1273908359859765250
1273908422711242754
1273908432014172160
1273908485449809922
1273908532060884992
1273908686474350594
1273908704598003713
1273908797270929408
1273908850731749376
1273908942897373189
1273909106378772480
1273909153539543041
1273909329624612864
1273909333881794566
1273909350726279169
1273909383819341825
1273909472302370821
1273909547896311809
1273909631929077760
1273909663470366721
1273909827903934466
1273909937236783104
1273909968287068163
1273910104971194369
1273910114043547648
1273910116044201984
1273910214803234817
1273910238593323013
1273910432730759169
1273910445615783936
1273910453278670853
1273910474913001472
1273910478851526656
1273910508400369664
1273910515492888577
1273910575249186816
1273910609004892162
1273910714697084930
1273910746771083264
1273910792887455745
1273910909296140288
1273910943400026112
1273911065047433216
1273911065789652996
1273911246060810242
1273911426017566722
1273911434485862400
1273911486201593857
1273911564953776129
1273911593823322113
1273911631064576000
1273911636760440833
1273911652325502980
1273911665143083008
1273911674211381248
1273911785351938048
1273911838380625925
1273911870332768257
1273911878951952384
1273911938116915201
1273911947138908160
1273911991325712385
1273912210331443201
1273912231239929858
1273912361380954112
1273912471154278401
1273912495007129600
1273912499524395009
1273912529824165890
1273912537613025286
1273912558664089600
1273912586724151296
1273912629732524032
1273912646358700032
1273912701442539525
1273912706253361152
1273912776227008513
1273912810339274758
1273912844317310977
1273912898520330240
1273912932573773824
1273913117769162754
1273913130477813761
1273913160223715333
1273913163927498752
1273913172634882049
1273913212447215618
1273913229522006016
1273913266964779009
1273913334635679744
1273913335163965443
1273913452948361216
1273913511475736577
1273913518774013952
1273913661262790660
1273913723556593665
1273913979195318272
1273914045091975168
1273914080747716611
1273914136280403970
1273914156417273858
1273914420062834688
1273914441675886593
1273914521359433729
1273914630876864512
1273914647364751366
1273914764276699136
1273914849324437506
1273914932141195264
1273914957441175553
1273915057878040576
1273915059547156481
1273915076647489536
1273915134017024001
1273915135082430465
1273915163167674369
1273915213054697473
1273915247561146370
1273915328473563138
1273915387017494528
1273915469536395264
1273915486112305157
1273915667436224512
1273915698775879680
1273915750093217793
1273915757236273152
1273915845014704128
1273915897749667847
1273916014690889728
1273916077152571397
1273916153014845440
1273916161835622405
1273916227363233792
1273916607333457920
1273916664636223489
1273916690749968385
1273916715840266240
1273916781392887809
1273916816234971138
1273916832177684482
1273916857817448448
1273917080106983424
1273917108183797760
1273917222889586689
1273917269463138304
1273917336010002434
1273917386350112773
1273917546945789953
1273917553794932736
1273917579095166976
1273917669100539905
1273917675589296130
1273917690139287552
1273917721353179137
1273917746384904192
1273917865301852160
1273917923048882176
1273917989264297987
1273918087256031234
1273918231716286469
1273918243879751680
1273918254159851520
1273918270823903233
1273918388402880513