1268694055325782022
1268694102108811264
1268694357550432256
1268694639038664705
1268694726628257792
1268694736476540931
1268694842521071619
1268694878357196800
1268694945050869761
1268694949886746624
1268694978772889602
1268695217718398976
1268695269971054592
1268695360731516930
1268695493892354048
1268695712818065409
1268695776206741505
1268695850341011458
1268695867680272385
1268696190205325312
1268696253145198599
1268696286762598400
1268696325484433408
1268696455335772160
1268696529688133632
1268696551460868096
1268696826024062976
1268696861298135040
1268696916277239809
1268696940977336320
1268697121898860544
1268697278488776704
1268697327851749376
1268697348147838976
1268697377906532361
1268697381425553414
1268698056968548352
1268698136828014593
1268698425287217152
1268698870810370050
1268698966910255104
1268699005300748296
1268699088519905280
1268699164009025536
1268699181037826048
1268699269848092672
1268699336713613313
1268699365914431494
1268699453562580993
1268699454351302658
1268699570932002820
1268699684526346241
1268699810606936065
1268699877934092294
1268699902546194433
1268700015960027136
1268700053570555905
1268700242008059904
1268700296861102081
1268700355543683073
1268700749975912448
1268701408645263362
1268701529600450560
1268701602262720513
1268701638707085316
1268701987303903232
1268702035664408577
1268702058737270785
1268702117826564096
1268702221790638080
1268702336857387009
1268702394415792128
1268702435897303042
1268702531846311937
1268702662410874882
1268702864232402944
1268702901142200320
1268703664186617857
1268703794533150722
1268704029976129537
1268704047089029125
1268704094241292295
1268704294435524609
1268704386777337857
1268704422600814593
1268704792949297153
1268704851237765120
1268704902726868992
1268704952098185218
1268705074445979653
1268705200304541696
1268705241513500674
1268705342143098880
1268705571861135365
1268705657668210695
1268705766766190592
1268705786710028288
1268705842364383232
1268705917668900871
1268706235597164544
1268706428803375104
1268706528707530752
1268706738989158400
1268706763492085762
1268706772501528581
1268706855758393351
1268706949094350848
1268707008049557504
1268707209170399233
1268707234629906432
1268707296898580480
1268707300015038470
1268707356805705728
1268707375856234497
1268707477110968321
1268707616143917056
1268707674629292034
1268707779444740096
1268707817344516096
1268707918985256961
1268707934998953984
1268707979265794048
1268708107133353984
1268708186510548992
1268708329292881920
1268708648857014273
1268708711272497155
1268708744201998340
1268708827806998528
1268708877840683009
1268708937110446080
1268708937219444736