1270883466486272000
1270883579245940737
1270883582769274880
1270883634212270080
1270883655448215566
1270883675027144708
1270883717871857664
1270883725975355393
1270883768002400256
1270883990262525953
1270884069937524736
1270884141303824385
1270884164460519426
1270884275190038528
1270884326322757633
1270884363006177280
1270884476671803394
1270884700127625216
1270884700815532043
1270884731832451085
1270884759204397059
1270884820042887172
1270884858223616000
1270884919569289216
1270884950783356928
1270884967724183552
1270884972270927873
1270885066214830080
1270885130765242369
1270885135903309825
1270885164193910785
1270885568419946496
1270885702360842246
1270885777027657733
1270885777363394563
1270885818387726336
1270885868652228610
1270885919306870784
1270885924000264197
1270885965977059328
1270886142309740544
1270886189797527557
1270886200107249673
1270886224849485828
1270886226321477632
1270886436464668673
1270886611954348032
1270886679209893888
1270886732024754176
1270886749523378190
1270886760214458368
1270886927546421254
1270886969191661569
1270887098854277121
1270887163907895298
1270887165447340034
1270887358389338112
1270887425179553794
1270887538388086792
1270887626871095296
1270887627030487040
1270887648186576897
1270887806978584577
1270887840260521985
1270887884489478145
1270887957507891200
1270887965825343490
1270887994548006912
1270887995235844097
1270888013237714945
1270888110142877696
1270888264031969289
1270888423297921024
1270888443959291907
1270888449646702592
1270888485185077250
1270888595998609411
1270888721756442625
1270888729230508033
1270888812172976129
1270888833073242113
1270888934910894081
1270888948999561216
1270888989659029505
1270889035465031680
1270889044415639552
1270889082520993794
1270889124241633281
1270889126339006466
1270889135918723072
1270889362897633282
1270889495286743041
1270889509324980224
1270889643651657728
1270889677126602755
1270889685611667462
1270889710634876928
1270889794688688130
1270889857879994368
1270890038663032832
1270890121680703489
1270890268972154881
1270890366409928704
1270890398605611013
1270890650351865862
1270890659197714432
1270890663501053960
1270890679758184454
1270890690302574595
1270890737794641920
1270890739619135490
1270890919366197249
1270890927058542596
1270891120248184838
1270891127864950786
1270891220466688000
1270891248149311488
1270891376385933322
1270891402470150145
1270891422846201862
1270891431507513345
1270891473072840705
1270891645056290824
1270891732171980800
1270891746465943553
1270891786018254848
1270891790955053057
1270891799461023744
1270891817219784704
1270892072698961921
1270892110225571842
1270892162276683777
1270892219063586821
1270892222985224193
1270892261698666497
1270892370557571075
1270892375359942656
1270892378337886210
1270892445782458369
1270892452409257984
1270892475704586241
1270892520688496643
1270892534277890049
1270892596785590272
1270892663684780032
1270892668197974016
1270892689190457348
1270892793532219392
1270892794442366976
1270892881558081538
1270892882187055104
1270892899350315009
1270892949640019969
1270892984737787905
1270893003759026176
1270893004333518848
1270893010872528896
1270893016379621376
1270893116279660547
1270893250908323841
1270893263558373377
1270893322928783365
1270893448707682305
1270893511416651781
1270893604605530114
1270893658871599106
1270893691201302529
1270893872080715776
1270893874072834048
1270893917538525190
1270893952649093126
1270893977269678080
1270894043333943297
1270894152608354309
1270894164918431744
1270894283504189443
1270894347182096398
1270894439485956099
1270894487817129984
1270894593337225216
1270894627005005825
1270894654326800397
1270894667567992832
1270894747192868868
1270894768965537805
1270894774090948608
1270894774153871360
1270894785981829127
1270894824451788800
1270894942244700167
1270894949266067462
1270895054714855424
1270895071190306818
1270895075946401792
1270895081042726912
1270895155877478401
1270895335037038594
1270895348320358400
1270895479195394048
1270895491362877440
1270895654336753664
1270895671101599744
1270895712008617986
1270895714025930752
1270895783802335232
1270895893097541633
1270895910013276163
1270895925326761985
1270896007543488519
1270896015185305600
1270896090875940865
1270896137873088513
1270896153916321798
1270896174845886465
1270896275290980354
1270896283243470850
1270896359592169472
1270896371856314370
1270896395046645760
1270896417679093760
1270896460779753472
1270896505470287874
1270896530682253313
1270896531013541894
1270896563712405507
1270896701252009984
1270896708336181255
1270896731933364224
1270896762388013056
1270896816616284162
1270896818017140741
1270896866142687232
1270897080509313024
1270897147479719937
1270897290778198016
1270897297593782272
1270897365822705664
1270897411649441792
1270897461662531586
1270897549315051525
1270897585310568450
1270897600519159808
1270897672690360320
1270897793033555968
1270897815108100096
1270897860830285824
1270897898734190597
1270897898910289929
1270897906376216576
1270897996247564290
1270898087863750657
1270898179777708033
1270898263215026178
1270898342898221056
1270898385667657728
1270898405666181121
1270898426289328128
1270898452311019520
1270898502390988800
1270898520317472770
1270898531671269376