1270068109584392200
1270068136499429377
1270068143331913729
1270068252581007362
1270068290262622208
1270068298537934855
1270068352992436225
1270068445829386240
1270068457506246663
1270068458156220417
1270068500216926208
1270068685915525123
1270068831428530178
1270068935614959619
1270069036336979968
1270069100891394048
1270069108600647682
1270069165731299329
1270069167165669376
1270069179547291649
1270069229346271233
1270069238443716611
1270069278449061889
1270069305250582528
1270069313148502016
1270069351773876227
1270069477099687937
1270069673900400645
1270069674877878272
1270069736576090112
1270069776983998466
1270069946173841414
1270070026910019587
1270070262206259200
1270070288047374340
1270070323178811395
1270070332775264256
1270070426585071616
1270070429282009088
1270070685302390790
1270070697004597250
1270070926931931136
1270071116665683971
1270071226573025280
1270071297830268929
1270071445993947146
1270071446757392384
1270071540160303104
1270071620443549701
1270071691297738752
1270071700663738368
1270071796818206723
1270071830187929600
1270071885158428672
1270072040070971393
1270072172124479488
1270072194748551169
1270072232417640448
1270072249454940160
1270072258199838720
1270072281767657472
1270072283181219841
1270072347538731008
1270072367931363329
1270072413049565187
1270072454183096321
1270072476035399688
1270072488618340352
1270072518364315648
1270072574169489411
1270072661201346560
1270072737390891008
1270072911790047232
1270072978961829892
1270072983839666176
1270073043847655429
1270073057932165123
1270073100860825603
1270073118019645440
1270073192183410688
1270073231295352841
1270073315265298434
1270073341265707009
1270073448639926274
1270073562246889474
1270073562804695043
1270073566919380992
1270073612515577859
1270073838802526208
1270073856041127936
1270073915172425739
1270073979231928320
1270073986098003970
1270074108076834817
1270074109494349824
1270074335932211201
1270074662094077953
1270074669241114633
1270074686676914178
1270074715642593280
1270074736928862208
1270074892180914179
1270075080479879168
1270075236281733120
1270075243743318018
1270075340614819840
1270075415323914240
1270075470382497793
1270075474769620993
1270075482181165057
1270075484903260162
1270075524849602560
1270075586380214273
1270075638695825409
1270075683415326720
1270075727052931074
1270075728911110147
1270075781121794050
1270075912684478476
1270075989192855553
1270076053961269252
1270076128951021569
1270076299432919040
1270076397365735424
1270076490131046403
1270076586700701699
1270076621026922496
1270076633429561344
1270076758683942916
1270076903106293760
1270076930654564352
1270076943254212609
1270076959956090882
1270077005523030017
1270077018508611586
1270077022686121987
1270077040985849859
1270077161538535429
1270077164977901569
1270077165950971904
1270077308280455168
1270077345131409410
1270077435074273283
1270077471011061760
1270077618214236160
1270077697616523266
1270077754348908547
1270077858082443265
1270078079877218305
1270078083752693760
1270078147946561536
1270078153977991168
1270078171174637568
1270078232172400643
1270078330914713600
1270078398283558912
1270078482161242113
1270078483889377292
1270078495490793472
1270078554068234243
1270078624549482496
1270078656405286929
1270078681973534720
1270078728878665729
1270078763821264896
1270078855081009154
1270078860433002498
1270079291431280642
1270079295554236417
1270079359320313858
1270079421446262784
1270079446721101830
1270079513607630849
1270079531030736896
1270079576752996352
1270079750304862208
1270079774011133958
1270079777999925249
1270079824984305665
1270079907075444737
1270080000121868288
1270080037899735040
1270080181206736896
1270080202408894470
1270080265617125384
1270080286416449536
1270080356906082305
1270080580013756421
1270080688231010306
1270080889511448576
1270080948244226050
1270081041429037056
1270081115198537728
1270081212544176128
1270081292764397576
1270081330005622784
1270081334342533120
1270081443255943168
1270081726736478209
1270081754536095745
1270081766448078853
1270081989069213696
1270082021973323777
1270082036250767360
1270082048007569410
1270082060334632968
1270082060766646272
1270082187694682112
1270082224419770369
1270082274000801801
1270082309086199811
1270082369014435841
1270082441160667136
1270082466821390341
1270082496567414786
1270082642919280640
1270082760011583490
1270083151046619137