1268256229790494726
1268256346794844160
1268256596116807683
1268256602374668290
1268256753319317511
1268257030390910976
1268257110091018242
1268257150310244355
1268257191296995329
1268257290160951296
1268257423179079681
1268257575616864258
1268257588128280578
1268257751597305857
1268257868647718915
1268258082720641024
1268258098038349825
1268258209111764993
1268258225842987013
1268258326414004228
1268258329031331841
1268258396530192388
1268258422438445059
1268258745676677127
1268258753855606785
1268258833400393728
1268258842045042690
1268259244790501380
1268259264717631488
1268259614186975232
1268259706352492545
1268259734081212416
1268259813970108416
1268259952361181184
1268260201297256450
1268260221148966916
1268260272780828675
1268260276991918083
1268260557762813952
1268260587143860230
1268260662704308224
1268260823476011008
1268260859849183235
1268260916253978625
1268260945157074946
1268261023255072768
1268261038002241540
1268261174585458688
1268261270735564800
1268261397537964033
1268261404924162052
1268261438138826754
1268261459584266243
1268261539020234752
1268261640421720066
1268261757216227328
1268261920597061632
1268261954050830337
1268262092731232256
1268262210209566722
1268262242258223106
1268262285228687360
1268262305692819459
1268262448928260101
1268262470415769600
1268262621217730560
1268262650460483585
1268262740314865664
1268262750360346624
1268262939703644160
1268263367644512259
1268263464092352513
1268263544040165377
1268263611069272079
1268263611320930307
1268263614747566081
1268263694942769153
1268263761711738880
1268263832926945280
1268263955438268416
1268264076301471747
1268264158807511040
1268264312637812737
1268264466660995077
1268264503910817793
1268264789903585280
1268264793498058759
1268264909344772104
1268264936154767361
1268264974109028353
1268265074759696384
1268265162701766656
1268265170889039873
1268265236903141376
1268265326409584641
1268265388783087617
1268265470475591680
1268265658191613953
1268265905638617088
1268265997355683847
1268266305708122112
1268266380777926656
1268266496490340352
1268266685653323776
1268266727726514177
1268266740007366657
1268266810979364864
1268266978722164737
1268267041934508032
1268267046405582855
1268267255667863552
1268267373095727112
1268267520143683584
1268267556428820480
1268267726075813895
1268267736247001088
1268267805025210369
1268268082079956993
1268268119606378503
1268268137272750080
1268268165794017281
1268268186719453184
1268268354051153920
1268268509815099394
1268268630883676166
1268268694439936001
1268268807816126466
1268269143603757056
1268269462110629888
1268269571334701059
1268269684375392256
1268269738372759557
1268269940668317696
1268270061187411970
1268270190187380736
1268270385004376064
1268270494047965184
1268270964044939265
1268271047595433986
1268271102331142146
1268271189933219840
1268271232090324993