1273480561886199808
1273480583037898752
1273480633252220928
1273480839502888960
1273480860281589761
1273480935011385349
1273481101852336128
1273481232781697024
1273481376172408832
1273481414051274753
1273481428655726593
1273481459937017856
1273481463338381312
1273481505428430849
1273481568133296128
1273481611863109632
1273481614731776001
1273481674114969600
1273481700862017537
1273481820462555142
1273481858349662208
1273481932098072576
1273481958786576385
1273481984078221312
1273482055142211585
1273482114642726914
1273482140114579456
1273482249090957317
1273482276370874373
1273482352589586433
1273482390128611330
1273482400081854464
1273482412845076480
1273482420227014658
1273482474509594624
1273482476350869504
1273482495246376961
1273482513147543553
1273482516771614721
1273482539697504257
1273482554348167168
1273482693078994945
1273482707008458756
1273482710023954432
1273482902622343170
1273482964920401920
1273482993823215618
1273483016476807168
1273483075725537280
1273483090988396545
1273483170369933314
1273483296761155584
1273483305258606596
1273483312984657920
1273483354806108160
1273483481566281729
1273483632490012674
1273483720427618305
1273483746117849089
1273483825482477568
1273483842020491265
1273483859292753920
1273483861025083392
1273483971645648896
1273484014267985920
1273484048136957953
1273484056764669953
1273484148880138240
1273484197890535424
1273484281122340869
1273484315683434496
1273484349459927041
1273484353381646336
1273484466699329541
1273484500857761792
1273484504200384512
1273484647847075840
1273484744705994752
1273484772673650689
1273484802763546624
1273484823173009408
1273484907130601472
1273484974331748352
1273484978840616960
1273485100550746113
1273485112290742272
1273485117600575489
1273485121832837120
1273485133400674304
1273485197753778176
1273485259808489474
1273485334001496066
1273485389836111872
1273485583202037760
1273485589220929537
1273485616911511552
1273485696372576257
1273485733609615362
1273485775900835841
1273485784054591488
1273485884738994180
1273485939986309121
1273485977139503109
1273486008168964096
1273486034794405888
1273486065643339781
1273486083762741249
1273486161302847488
1273486225106747392
1273486321009524736
1273486400948629504
1273486442841255938
1273486627302633472
1273486683850203137
1273486723456970753
1273486779799293952
1273486791849447424
1273486802691616768
1273486907943481344
1273486975107043328
1273487138135306241
1273487172524359681
1273487323833884674
1273487448782393356
1273487458311663618
1273487508001550337
1273487545033261057
1273487620874665985
1273487634644348935
1273487701174411264
1273487722242617345
1273487914777772032
1273487918330454017
1273488086316376065
1273488099410980865
1273488112606261248
1273488137751322624
1273488216579092480
1273488283800965121
1273488606385131520
1273488656762888197
1273488728489463808
1273488757677678593
1273488770034102272
1273488909041758208
1273488959000068097
1273488959025418240
1273488993158496256
1273489022489374720
1273489119319076864
1273489210335531008
1273489367177273344
1273489500912717824
1273489563277643781
1273489587994853376
1273489597633302529
1273489621188395009
1273489684883288064
1273489745952342016
1273489755641188353
1273490020469530624
1273490061292482560
1273490099809005569
1273490127751311362
1273490142565548032
1273490240393506816
1273490406504710145
1273490602714263552
1273490692119990272
1273490696435937280
1273490791864963072
1273490816397434884
1273490818943217664
1273490825146662917
1273490864359329795
1273490918570631168
1273491001357660165
1273491025076486144
1273491085629681664
1273491216638922752
1273491233403371520
1273491236947496960
1273491250382020608
1273491286419320834
1273491354195161088
1273491385350569984
1273491417491484672
1273491597347315712
1273491819368611840
1273491861961936896
1273491922171109376
1273491958342680576
1273491961727668226
1273492000533213184
1273492026860937216
1273492034209251328
1273492100672299008
1273492276904427521
1273492458362421249
1273492659714301953
1273492741545062406
1273492793726390273
1273492930968371201
1273492948353724416
1273493032017391616
1273493090314027008
1273493115333009411
1273493159260160001
1273493191019204609
1273493203920941056
1273493220819963906
1273493320896036865
1273493389053505537
1273493409571930112
1273493421496299520
1273493455919079425
1273493460306112512
1273493539540946944
1273493577864265728
1273493658017251334
1273493690464366593
1273493736312504321
1273494042215501826
1273494050545586176
1273494093453279232
1273494168019496962
1273494196440256513
1273494219466784773
1273494239670919168
1273494269236441090
1273494374622494720
1273494387402649600
1273494516113129473
1273494551332880385
1273494595586756616
1273494601165418496
1273494645729710082
1273494652071456769
1273494680198541312
1273494710024167424
1273494895269867521
1273494943814860800
1273495128905117696
1273495161478287360
1273495481780486144
1273495513111736320