1274764017878302720
1274764064829386757
1274764077429075968
1274764077961748481
1274764094713720833
1274764105090584579
1274764203773943809
1274764225819357186
1274764295465811969
1274764410347679744
1274764660214861824
1274764673922072577
1274764707153534976
1274764752837767168
1274764803257569281
1274764815769141249
1274764849067601920
1274764858060390400
1274764945532518401
1274765038620835840
1274765063325282304
1274765115842277376
1274765168640024576
1274765302203469824
1274765420088758274
1274765450036027393
1274765562166390784
1274765659294007296
1274765680466894848
1274765683910377474
1274765689505542144
1274765702264762371
1274765725949988865
1274765747382890498
1274765784510869510
1274765812432359425
1274765826495778817
1274765856262754304
1274765965100756994
1274765973740941313
1274766049066520578
1274766061716549632
1274766196030742528
1274766208919724032
1274766212392615936
1274766230105227265
1274766276414537733
1274766349789810689
1274766356924305408
1274766426931441665
1274766435366166528
1274766447705759745
1274766527334580226
1274766653784354816
1274766728736600064
1274766753315381252
1274766774303690759
1274766791944949768
1274766850577108993
1274767009297895427
1274767050926436352
1274767064188825600
1274767155678941185
1274767187480371201
1274767193750728704
1274767253523894278
1274767282301014018
1274767373921378305
1274767446205796352
1274767450626600961
1274767454145839105
1274767487800877058
1274767517156769792
1274767604746522628
1274767618260504578
1274767634916085761
1274767722950213638
1274767764423573513
1274767780970184706
1274767791904575488
1274767932946616321
1274768066635804673
1274768196311166978
1274768236668747777
1274768247015878656
1274768386157936644
1274768399428726785
1274768465656766464
1274768469553184774
1274768474066182144
1274768494404476928
1274768545256218624
1274768553435168770
1274768616504909828
1274768628987170817
1274768658032664579
1274768678916104192
1274768778719563777
1274768855361916929
1274768868200689665
1274768944407216130
1274769023138328576
1274769030914740226
1274769070731202560
1274769174607417346
1274769298565795841
1274769396137893889
1274769450898776065
1274769454967250945
1274769467722080257
1274769508519964672
1274769547694874625
1274769551671070721
1274769584789184512
1274769673150771200
1274769765207244802
1274769773847556098
1274769778067017733
1274769798837174279
1274769858056589312
1274769879271452673
1274769887378862080
1274769908337971202
1274769979624140800
1274770000688144385
1274770101896720384
1274770116396244992
1274770184620761088
1274770218372358145
1274770273737244679
1274770376816500737
1274770398320775172
1274770459884732419
1274770507028738049
1274770583478308866
1274770654483513344
1274770703896604672
1274770725933649929
1274770767515967489
1274770783332597761
1274770877280894976
1274770902081830912
1274770924953374721
1274770963234721793
1274770985925869575
1274771060286722049
1274771140662132753
1274771168273133569
1274771184761163780
1274771186430480392
1274771228654473217
1274771396623609856
1274771405515755520
1274771409592516610
1274771413715410944
1274771434196422656
1274771497781997571
1274771518380224517
1274771644976779264
1274771770130812928
1274771790657728513
1274771803735556096
1274771841534562308
1274771921247203329
1274771958899630085
1274771959348412428
1274771995918348288
1274772030399840257
1274772050834415616
1274772148276596736
1274772200285966338
1274772227515396097
1274772287779033088
1274772321719291905
1274772369664610304
1274772453282189312
1274772453399691264
1274772454221557760
1274772471246438403
1274772483443310592
1274772591731896320
1274772613739491330
1274772673139073025
1274772705523400704
1274772768848896001
1274772840588419072
1274772851627786248
1274772969621991424
1274772969882038272
1274773037133574146
1274773038366552064
1274773074936766468
1274773086932307968
1274773101612544000
1274773139222822915
1274773154691346434
1274773200744910849
1274773217333383174
1274773242281156608
1274773246248980480
1274773250376110081
1274773258991214593
1274773292658724865
1274773309062864896
1274773351026708480
1274773397482942464
1274773431666585602
1274773506136387585
1274773562046525443
1274773569025839110
1274773583860920320
1274773612155846657
1274773626986754051
1274773628505280512
1274773628618330112
1274773677913993216
1274773729038471168
1274773912665063434
1274774022748884992
1274774034501087232
1274774107020820480
1274774164721799168
1274774334087847939
1274774366199439361
1274774442061815809
1274774449888342017
1274774471363223553
1274774488090120194
1274774490866737152
1274774542200852484
1274774614447738880
1274774765144866816
1274774782639128576
1274774918823993344
1274775016391892993
1274775033639034884
1274775053704593408
1274775066862067713
1274775125200523264
1274775207673073664
1274775238463627266
1274775242833981441
1274775334622281729
1274775356172632064
1274775387151704064
1274775389378736129
1274775397171974145
1274775397889179656
1274775415467528193
1274775419200339969
1274775557469802496
1274775566151901184
1274775708993110017
1274775771303653376
1274775824433102848
1274775864551419904
1274775902904254471
1274775905198649350
1274775989122449408
1274776073813852162
1274776224271917058
1274776288050532352
1274776346108067840
1274776350906298372
1274776370829119491
1274776378819391496
1274776472427864067
1274776564715130882
1274776576660574211
1274776652422295554
1274776684332494854
1274776698639257601
1274776743866441728
1274776747989483520
1274776874263207936
1274776874271543298
1274776913060470784
1274777042911821824
1274777046019969029
1274777165465301003
1274777180589834241
1274777332025364481
1274777335577919492
1274777385729167361
1274777428666093568
1274777448740159488
1274777524258684929
1274777584182669317
1274777738315010048
1274777780581007361
1274777822431793152
1274778057291845632
1274778273684303872
1274778286112018432
1274778292768378880
1274778317263179777
1274778355049455616
1274778401182605312
1274778422388985856
1274778430933008384
1274778515490177024
1274778564617854976
1274778631831793664
1274778661426782208
1274778682763034624
1274778736597106692
1274778849616617472
1274778879538933760
1274779004864622593