1269554693514113026
1269554706717618177
1269554760174141441
1269554768982077442
1269554834279141376
1269554920677609476
1269555128320831493
1269555138424827904
1269555335687266305
1269555406814294021
1269555473528881153
1269555654450130945
1269555780908392448
1269555784544813056
1269555793537482753
1269555863834054656
1269555873124241410
1269555893970051073
1269555953084649472
1269556023729274880
1269556094973743106
1269556136061042689
1269556300683321344
1269556404169306113
1269556479889211394
1269556519940624384
1269556606720552960
1269556615008616448
1269556627839033346
1269556784928350210
1269557062918385664
1269557070803529729
1269557165649473536
1269557313041584128
1269557328631812096
1269557402673672192
1269557608144199681
1269557764843397120
1269558228767162368
1269558237084483584
1269558623497142275
1269558729776775171
1269558770146742273
1269558842464993283
1269559215896571905
1269559303129595904
1269559332686962689
1269559533862617088
1269559551424167937
1269559614389071873
1269559671695736832
1269559815237484544
1269560046825988096
1269560108654252033
1269560171065421825
1269560276753489920
1269560285460865024
1269560396970708995
1269560455535579136
1269560511374508034
1269560611882573824
1269560640877756416
1269560707672145923
1269560712684281857
1269560720687075328
1269561119028330496
1269561174988734464
1269561329720922117
1269561459568259077
1269561505915170818
1269561667248984064
1269561828247572482
1269562104362631168
1269562252354445312
1269562310089007104
1269562687861604352
1269562797391667200
1269562873837215744
1269562911145459712
1269562968653455367
1269563272291684352
1269563350419038208
1269563439569006593
1269563555642322945
1269563727864573955
1269563862346543104
1269563929665077248
1269563939433492480
1269564066357317633
1269564248398708738
1269564295974662144
1269564429554909184
1269564433845702656
1269564471472730112
1269564575030132736
1269564646266109953
1269564772737056769
1269564881688301568
1269564936872656901
1269565037842018307
1269565120868306946
1269565224190967809
1269565260748386304
1269565360363233280
1269565506052292609
1269565548096098304
1269565658049765376
1269566031204192258
1269566031460052994
1269566088720891904
1269566228227555329
1269566291079290881
1269566390995951619
1269566420607614977
1269566453201674240
1269566524836196352
1269566525771579394
1269566568343666688
1269566895612727297
1269566932581150722
1269567034456715265
1269567062340444164
1269567209099100161
1269567264929591298
1269567286970638338
1269567301549989888
1269567415253426176
1269567419313524736
1269567550075146241
1269567594622844928
1269567667385569282
1269567678974435328
1269567683537731585
1269567684473163776
1269567687711174657
1269567705155358720
1269567762927517696
1269567792627531776
1269567821123469314
1269567897359257601
1269567972927877120
1269567988904202240
1269568108081098753
1269568236527456256
1269568384036978690
1269568493445419009
1269568521752756224
1269568594410721280
1269568761599873025
1269568895800786944
1269569004819099648
1269569180216340480
1269569257756483584
1269569316015333376
1269569316221063168
1269569361913810951
1269569533183954944
1269569533725065216
1269569538124918785
1269569538951122944
1269569540951805952
1269569541794926596
1269569542671552512
1269569545519484934
1269569550003195905
1269569550502318080
1269569550904963072
1269569553438330882
1269569563105980417
1269569580143382528
1269569625815166977
1269569644123348992