1269539656435142657
1269539734340198405
1269539905564299264
1269539950288146432
1269540004218368000
1269540060157878272
1269540062632574977
1269540076549287936
1269540113912147968
1269540177090920448
1269540217213632512
1269540324008816643
1269540436688896000
1269540472361324544
1269540475507224576
1269540492490018816
1269540500148760577
1269540555438075905
1269540614007373825
1269540625940205568
1269540631099191297
1269540685448953857
1269540702951702528
1269540731644833792
1269540738561433601
1269540742348890115
1269540848989069313
1269540918756962307
1269540968564391942
1269541001565175809
1269541187632824320
1269541208965120000
1269541305190887425
1269541357263216640
1269541369078444033
1269541406390902784
1269541411327803393
1269541418915074053
1269541433557614592
1269541508417347584
1269541549085425665
1269541554076610560
1269541567251038210
1269541636683554817
1269541724579344384
1269541770553167877
1269541837250822144
1269542245167857667
1269542282795114496
1269542295096999937
1269542353758334977
1269542552929284097
1269542634470678528
1269542751932223489
1269543029683224576
1269543088923594759
1269543134209310720
1269543196503060480
1269543231588458497
1269543256150495234
1269543276778082305
1269543323494002688
1269543374085750786
1269543423813365760
1269543860616790021
1269543893919510533
1269543956389539840
1269544014832861191
1269544179522105344
1269544673292378113
1269544698063974400
1269544761465028609
1269544795699056640
1269544846475362304
1269545001064837120
1269545038800982016
1269545083516452865
1269545113216323585
1269545147718500352
1269545341008908290
1269545365755383814
1269545366485176321
1269545394419056641
1269545454439731200
1269545726721261569
1269545936310550530
1269545977364398080
1269546040698400769
1269546045844926464
1269546146898345987
1269546305518477312
1269546397948354560
1269546431871926272
1269546456383279104
1269546566190198786
1269546609882345479
1269546617876684802
1269546653679259648
1269546687804121097
1269546744993533961
1269546753734463489
1269546765646041089
1269546788924596229
1269546901902200833
1269546913369600000
1269547135202217984
1269547145230761984
1269547207713271809
1269547211572068353
1269547220287848453
1269547231776038914
1269547292144488449
1269547332908937216
1269547361535131648
1269547449774997510
1269547488924573698
1269547520990085120
1269547646781403136
1269547713982533639
1269547789366620161
1269547949085855744
1269548137980424194
1269548222386597888
1269548226706837505
1269548318935449603
1269548355258126337
1269548414980653059
1269548558023299072
1269548749677719552
1269548826987245568
1269548896663019525
1269548992976883721
1269549093811965953
1269549156713893889
1269549180491628556
1269549279804362752
1269549309835374593
1269549505176838144
1269549517424209920
1269549615537414152
1269549651532939265
1269549739696992256
1269549745720250369
1269549873881284608
1269550210675441665
1269550244540235777
1269550332805148673
1269550658937470976
1269550660934078464
1269551018947289090
1269551040203980801
1269551116066394113
1269551128879955969
1269551249713696771
1269551338221903872
1269551476541583360
1269551493440471045
1269551502550536193
1269551657429331968
1269551671555829760
1269551707010236418
1269551769828220928
1269551825826598917
1269551908198453259
1269551981065986048
1269552072468434945
1269552087773274114
1269552343617384449
1269552358268248064
1269552458201812992
1269552570932092929
1269552605279158274
1269552633959919617
1269552654427942912
1269552940194377728
1269553003700215808
1269553015318614016
1269553195912757248
1269553337256620037
1269553355459825664
1269553401471229953
1269553427119591424
1269553494706528256
1269553632900534273
1269553717898022915
1269553730434863105
1269553942087831553
1269554049189371905
1269554228466417664
1269554303141896193
1269554316366446592
1269554480749535237
1269554546080198656
1269554572210712582
1269554584923574272
1269554614086615041
1269554622521208832
1269554645858279426
1269554664887877632