1268422228938457088
1268422352699719680
1268422365647523840
1268422443724673025
1268422449827323906
1268422604865470464
1268422621432909824
1268422780569243649
1268422781080748032
1268422847942320128
1268422987176386560
1268423007615234048
1268423015395741698
1268423101777354753
1268423175135801345
1268423196660756481
1268423326050942978
1268423392874692609
1268423401925902337
1268423507777552384
1268423655425376256
1268423700048683008
1268423754171904003
1268423872011022341
1268423968324804609
1268424043184693248
1268424223531433984
1268424378510979072
1268424420747620352
1268424509092069378
1268424654227734535
1268424681373102085
1268424702399307776
1268424841725698054
1268424936252510208
1268425339426017281
1268425343959830530
1268425414931886080
1268425465670193153
1268425569827520513
1268425641000611841
1268425641201815553
1268425747343048704
1268425801894170624
1268425846227902464
1268425872500981761
1268426240584605697
1268426345626734594
1268426486685417473
1268426606025912320
1268426900545908742
1268427099833946112
1268427385554104321
1268427406391545856
1268427675632193536
1268427681407709184
1268427707290759169
1268427719374565378
1268427809300475904
1268427939995176961
1268427969162293248
1268427973092229120
1268428313527271424
1268428383567990786
1268428677701722112
1268428728960311298
1268429112567365638
1268429215621353472
1268429456374329345
1268429656111280128
1268429785321082880
1268429974366679040
1268430085197115397
1268430313794998279
1268430640715755523
1268430682432274439
1268430694809731072
1268431432961060864
1268431773354131456
1268431849459724290
1268431907194384384
1268432071808016384
1268432272597880833
1268432524985974784
1268433229129883650
1268433883290202112
1268433931541426181
1268434281535283212
1268434423793344512
1268434671676862464
1268434721773477891
1268434970592317441
1268435027827646464
1268435100078936071
1268435220665171970
1268435246967517184
1268435736774103042
1268435939354763264
1268435992828153858
1268436056136806400
1268436070498209793
1268436110084112384
1268436112772599810
1268436274324606982
1268436278170845184
1268436500510900224
1268436504222683136
1268436564138323974
1268436614424014849
1268436654181830657
1268436697144057857
1268436714231443456
1268436841809825792
1268437033300738049