1278040608809070594
1278040610675609600
1278040648893952001
1278040666338189315
1278040672516427776
1278040676706459648
1278040684692246528
1278040684805664768
1278040717785534465
1278040742678724609
1278040768721158145
1278040789952626690
1278040831837036544
1278040839709745153
1278040844851990529
1278040994978488322
1278041016323506176
1278041052222455809
1278041053334028294
1278041071172362240
1278041078529220609
1278041079426711560
1278041083189121027
1278041083868598272
1278041116315660288
1278041146103660549
1278041197039190016
1278041209257308166
1278041242073534466
1278041271051960323
1278041271454650368
1278041296515432448
1278041318829297671
1278041339268136960
1278041351280562176
1278041380821045251
1278041397141045248
1278041397430550529
1278041465244061697
1278041477805793280
1278041490309222400
1278041515663728640
1278041552829415425
1278041569417998343
1278041598178332673
1278041616247218177
1278041645276000256
1278041653329051649
1278041658815393792
1278041687475052544
1278041725530001409
1278041787353960448
1278041792282275849
1278041796262506497
1278041804353548288
1278041809126592512
1278041834481221632
1278041835919872000
1278041850411192322
1278041859240099840
1278041860498432001
1278041871814504448
1278041875568422913
1278041880731631617
1278041884116615168
1278041917566025728
1278041939091304448
1278041955700703238
1278041989129424897
1278042039192518661
1278042042191491072
1278042061883637760
1278042097191284737
1278042145413304325
1278042147472670722
1278042185951109121
1278042254825979904
1278042266435715079
1278042307745513474
1278042475995619328
1278042488306126852
1278042509348929539
1278042525849153536
1278042540197900289
1278042580576600070
1278042580748390401
1278042601665560577
1278042660394188803
1278042676877832192
1278042714496360448
1278042726978772997
1278042735426048000
1278042757043326977
1278042773174849538
1278042773543882752
1278042777943670786
1278042822805839873
1278042836995358720
1278042860114370560
1278042869652238336
1278042873775001600
1278042907434455040
1278042911599284224
1278042930612015105
1278042941391544326
1278042996219543553
1278043010207371266
1278043025697112064
1278043031883710471
1278043040490405888
1278043090272555009
1278043092155850753
1278043092415889408
1278043093820940289
1278043120752562183
1278043123667529728
1278043159331663873
1278043176511700994
1278043256593551360
1278043263849697282
1278043281012776962
1278043289787207685
1278043332028096513
1278043348662718464
1278043355176415232
1278043499733176326
1278043504694956032
1278043505609379840
1278043511275900930
1278043516212514816
1278043519047790592
1278043561133514752
1278043566359666694
1278043608420102146
1278043632076021760
1278043641391378434
1278043654050000897
1278043713663635458
1278043716171726849
1278043720210739203
1278043808966619136
1278043827425742856
1278043868382900224
1278043878650785795
1278043880462704642
1278043892991102977
1278043922481197061
1278043951484874754
1278044011412979713
1278044016609820673
1278044053809106944
1278044061442519042
1278044108414738432
1278044142954852358
1278044166409379841
1278044174068199424
1278044174542143490
1278044195069059084
1278044210889928704
1278044218133544969
1278044218674511872
1278044220159336450
1278044253839593474
1278044254321901572
1278044254959316993
1278044287134052352
1278044367886802944
1278044381996449792
1278044390695600128
1278044392201302017
1278044426120683520
1278044451248787457
1278044451773067267
1278044460006465536
1278044468000641024
1278044501941137409
1278044509541040128
1278044529329876996
1278044574946963456
1278044576994013186
1278044581766918145
1278044589933420550
1278044614189027329
1278044614407135232
1278044627799597056
1278044636481753091
1278044655075106822
1278044673102184455
1278044686209474560
1278044707398901762
1278044719298367488
1278044724079628289
1278044757181284358
1278044762487037953
1278044812277624832
1278044824994746376
1278044832636653568
1278044833177899009
1278044833202843649
1278044882590892041
1278044916736720896
1278044920037675010
1278044933086048256
1278044950161002497
1278044971220766721
1278044979600822273
1278045010047295490
1278045012266110976
1278045030775771146
1278045055048089600
1278045063566766082
1278045088858292225
1278045154256003075
1278045167543558144
1278045181724540932
1278045185331494913
1278045189085388800
1278045190687731720
1278045202326917122
1278045239907880960
1278045252805431297
1278045277178519554
1278045277878919177
1278045344740212736
1278045344903778305
1278045348498472960
1278045407411650562
1278045487090843649
1278045511937900544
1278045525606981632
1278045528849145856
1278045538152316933
1278045558666489856
1278045559077498880
1278045562940674049
1278045587527565313
1278045625922314240
1278045637284528129
1278045672319614977
1278045693031124992
1278045701293985799
1278045705806868480
1278045743450935296
1278045768222457856
1278045785230241793
1278045806973550593
1278045810224009216
1278045818910580736
1278045830835036160
1278045870525734912
1278045931187781632
1278045944286674946
1278045944559423488
1278045947176480768
1278045973130829826
1278045993175564290
1278046007838859264
1278046028550176768
1278046041556860931
1278046057767763970
1278046089866706944
1278046093692018693
1278046103330570247
1278046128798228480
1278046137325404162
1278046137379950593
1278046138608861187
1278046150117990401
1278046162235211780
1278046272084013056
1278046274797871105
1278046300877893632
1278046331613753344
1278046337980915712
1278046360084844544
1278046380519538695
1278046455916302339
1278046480301842432
1278046519405543427
1278046523142606849
1278046535729557504
1278046603182395393
1278046651505049600
1278046690910535680
1278046692495945729
1278046716223258625
1278046720115519494
1278046729070411779
1278046737047977988
1278046775509766145
1278046781197221889
1278046834133475330
1278046846229741569
1278046892652474372
1278046901074571267
1278046946586963968
1278047001112834048
1278047011476996097
1278047030829617154
1278047043726999552
1278047068892868609
1278047089071722497
1278047098089246720
1278047126866575360
1278047135427186694
1278047165953146882
1278047167584669696
1278047173007949825
1278047194595995649
1278047211146936322
1278047232122654720
1278047274162180098
1278047278851338240
1278047281904787461
1278047302351896576
1278047311554392064
1278047320135720960
1278047345427415041
1278047371071373312
1278047386879889408
1278047396212154369
1278047508535455745
1278047517339336704
1278047543650287623
1278047551283851264
1278047579943690241
1278047618153828355
1278047655038337024
1278047659702403072
1278047672524513286
1278047675384905728
1278047688827731974
1278047698059505664
1278047726597484545
1278047752786673667
1278047755819257857
1278047760583983105
1278047799708274689
1278047848924278784
1278047850543316992
1278047852686647297
1278047930100748288
1278047999940149248
1278048033310150659
1278048054059446273
1278048075030945798
1278048079539834880
1278048100012249090
1278048101593300992
1278048112691593216
1278048143062388737
1278048176092655616
1278048188302102528
1278048200797097984
1278048247085498383
1278048251690618882
1278048287468240897
1278048298629238787
1278048305579200513
1278048308318134275
1278048330505912329
1278048341637693440
1278048446528868352
1278048448022011905
1278048448135249920
1278048456498540544
1278048494054408193
1278048520017231872
1278048524110901249
1278048527747354624
1278048603118792704
1278048611587235844
1278048620009402371
1278048620672159745
1278048621611626503
1278048624585240576
1278048636786499584
1278048649910513664
1278048674736562176
1278048682630246400
1278048716746883072
1278048737894567941
1278048772593815557
1278048784992198656
1278048813358280705
1278048850339680256
1278048850792665093
1278048872368164867
1278048873206947848
1278048881167785984
1278048926642421762
1278048930878521344
1278048959672520705
1278048961866194950
1278048962948161536
1278048964525191168
1278048966433812483
1278049010432040961
1278049052370878469
1278049060885127168
1278049068997107717
1278049086021799936
1278049144691544064
1278049161531789313
1278049167521153024
1278049200417243136
1278049204611485698
1278049266280300545
1278049304020684800
1278049409482264576
1278049430265106432
1278049443183341568
1278049450812899331
1278049489291325441
1278049501165436929
1278049514130149381
1278049530852839424
1278049534862520320
1278049543683223561
1278049544421494784
1278049551115415552
1278049585441771521
1278049601891848198
1278049605934956544
1278049626818560007
1278049631017095169
1278049644321308673
1278049656287580165
1278049657709420544
1278049658674098176
1278049669499752450
1278049673144676353
1278049723467866112
1278049736877133826
1278049744636596224
1278049745114673155
1278049769546448898
1278049836965781511
1278049849200521216
1278049874647236610
1278049884105564161
1278049953797963776
1278049983288221696
1278050017303949312
1278050046924259332
1278050063848214531
1278050110543405062
1278050112661585920
1278050142504042497
1278050155762237440
1278050172019175424
1278050172249894912
1278050205472944128
1278050246275272710
1278050260951105536
1278050264340185096
1278050272259039234
1278050323169501184
1278050348389761024
1278050409165266948
1278050436222681089
1278050449040584706
1278050456187670529
1278050485103136768
1278050487049375744
1278050583228878848
1278050599414697990
1278050616607195138
1278050697888641024
1278050708995137536
1278050713029849089
1278050721301028864
1278050724560154627
1278050730625155073
1278050745082920960
1278050747058438147
1278050751433097216
1278050754549493767
1278050759364554752
1278050776233828352
1278050786778337280
1278050792713392128
1278050838724972544
1278050868693262340
1278050872740675590
1278050876465319943
1278050885642391552
1278050893137657858
1278050923290517506
1278050937656029186
1278050938297569280
1278050939438542850
1278050957612507138
1278050965778649089
1278050969285263360
1278051019050455040
1278051023425171456
1278051040580034561
1278051048675049474
1278051082954919936
1278051102957674496
1278051342188048385
1278051345400913920
1278051349213728768
1278051357212229632
1278051362199068672
1278051385133555712
1278051430289588224
1278051436195008512
1278051468629684224
1278051485591339009
1278051506013569026
1278051510128082945
1278051556596817922
1278051564909924354
1278051640147353602
1278051644857561091
1278051707914575872
1278051744979628032
1278051819738943488
1278051833630597120
1278051841515966464
1278051872964673536
1278051899799977985
1278051906523283456
1278051942867111939
1278051958063083522
1278052005253050368
1278052017479585792
1278052018616033280
1278052072663904256
1278052133003198470
1278052138564943873
1278052148660617222
1278052151844093953
1278052152318078977
1278052175634194432
1278052236254277632
1278052256995213316
1278052270006054912
1278052273134997505
1278052302855831555
1278052303010967552
1278052345054724098
1278052378508275712
1278052387027070978
1278052416886317057
1278052441381011456
1278052475485007877
1278052513258721280
1278052529759309825
1278052575301033987
1278052596280963082
1278052663544868864
1278052667688771584
1278052714283442185
1278052743077220352
1278052760294952961
1278052771183431683
1278052790992953345
1278052797624340480
1278052806369435649
1278052815437467651
1278052873302085635
1278052877982994439
1278052909888897025
1278052918420258816
1278052923348520966
1278052929308487681
1278052956785520640
1278052974657339392
1278053011403821058
1278053011651166208
1278053016848007168
1278053036884099073
1278053050146414592
1278053112134070383
1278053129133723651
1278053129427222529
1278053137371316238
1278053137488715777
1278053145881587712
1278053163002626061
1278053171315847168
1278053209043374080
1278053221852950530
1278053247232684034
1278053280292184072
1278053321996226561
1278053360088707074
1278053367936417794
1278053389704847360
1278053401553768449
1278053496932257792
1278053501445312512
1278053506281164800
1278053512123908097
1278053527693275142
1278053528385335298
1278053544587755520
1278053556247916545
1278053560966615040
1278053565102280707
1278053595443847168
1278053598803484672
1278053632366333955
1278053691531186177
1278053695238877184
1278053703950503937
1278053720849342464
1278053800540950528
1278053859156357120
1278053926093217792
1278053926294548480
1278053927192322049
1278053930451132417
1278053993738989568
1278054047573049345
1278054051700244481
1278054085204287490
1278054171783180288
1278054186937180160
1278054265991368705
1278054294990749697
1278054317220601862
1278054341681831947
1278054362439397376
1278054429489537024
1278054433998417924
1278054467808694272
1278054484371845120
1278054492781506560
1278054496539676678
1278054500859813888
1278054511949623301
1278054528588427264
1278054530328997890
1278054530396164096
1278054534028226560
1278054540596711424
1278054547047550977
1278054567620427776
1278054610519941121
1278054614101786632
1278054626261004288
1278054631231287296
1278054635534643200
1278054686881394696
1278054697685774336
1278054708121395200
1278054714794524676
1278054717046882306
1278054727406825472
1278054730133049344
1278054744783757315
1278054776824102919
1278054794549235713
1278054861427351552
1278054865592291328
1278054882323423235
1278054894717542400
1278054911473844224
1278054932621361152
1278054941672837120
1278054958345134089
1278054978930671617
1278055062602825728
1278055062686838786
1278055062913212416
1278055075592757251
1278055078155350016
1278055086225338376
1278055142651092993
1278055159604576261
1278055171755347968
1278055180035112962
1278055268069314561
1278055285282631680
1278055293709099008
1278055352509116422
1278055369659387905
1278055407592800260
1278055414966386689
1278055431642984451
1278055453184802816
1278055474072637442
1278055494926598150
1278055499003383808
1278055507345969152
1278055507417235457
1278055546625519616
1278055565814611974
1278055570172493824
1278055578603065345
1278055596067971072
1278055612031676417
1278055628951486470
1278055633321951232
1278055638044721156
1278055645539782656
1278055667312414721
1278055677190012929
1278055693401182208
1278055693547962369
1278055696207052801