1272831300286717952
1272831309430181891
1272831332129832961
1272831415420403715
1272831534974799872
1272831577538641920
1272831611160203264
1272831653304504320
1272831669943234561
1272831702063124482
1272831736406212608
1272831770438795265
1272831948172529664
1272832045073477632
1272832157304619008
1272832462721335303
1272832557135147008
1272832563808264193
1272832660461752323
1272832836085538818
1272832949705224192
1272832969674297346
1272833119444500480
1272833146892009472
1272833175132217344
1272833191888457728
1272833251082743808
1272833309031182337
1272833317973286913
1272833376098168832
1272833393991077889
1272833520281452545
1272833997559775234
1272834185745428480
1272834337747189762
1272834362606792707
1272834463798624256
1272834526662873091
1272834596284043264
1272834693998628866
1272834806674530304
1272834815587487744
1272835355402739717
1272835600857436161
1272835632780529670
1272835713072082945
1272835759284850696
1272835767140618240
1272835847692443648
1272836102856966147
1272836249661829120
1272836488431009794
1272836598783148033
1272836619414970368
1272836724775809026
1272836774117511168
1272836825598615554
1272836938404433921
1272836949896769536
1272836954758025217
1272837197159444481
1272837227568148480
1272837273692880898
1272837285357076480
1272837307213676546
1272837393754849282
1272837453154414594
1272837465666027522
1272837738824228864
1272837773322522624
1272837992135057408
1272838115401449472
1272838296511623168
1272838335556452352
1272838524241354754
1272838631628169217
1272838831151239169
1272838833193709569
1272838867238993920
1272838871936614400
1272838984893415424
1272839037418643459
1272839138677530629
1272839152011223041
1272839242541080579
1272839580148838401
1272839978637115392
1272840003404603393
1272840299711250432
1272840315083333634
1272840420108582912
1272840431517270016
1272840641152724992
1272840720441696256
1272840769062068224
1272840909948928000
1272840927229497344
1272840935139954691
1272841195148853249
1272841266460532737
1272841274937298945
1272841366452817923
1272841383435554816
1272841442541649921
1272841615229382656
1272841689334456327
1272841690806546432
1272841717541199872
1272841938123751431
1272841978913398788
1272841987876458498
1272841990967685120
1272841996105773057
1272842000950321152
1272842003106000897
1272842005618610177
1272842092650381313
1272842155929681926
1272842218030747651
1272842413740969985
1272842457236082690
1272842495446126594
1272842566103375874
1272842592330420224
1272842600563773441
1272842617135550466
1272842622961422336
1272842625113100293
1272842770940477441
1272842838955495424
1272842872669089793
1272843011463024641
1272843015627796480
1272843045696942081
1272843048981082112
1272843086255796224
1272843102064181248
1272843182431182848
1272843224844046336
1272843270310309888
1272843326169980930
1272843350534754306
1272843421686943745
1272843439361724421
1272843509553262594
1272843520240386051
1272843638138122241
1272843674003443714
1272843909111123969
1272844042485686273
1272844134739369984
1272844140129075201
1272844244332339202
1272844339400630272
1272844366525026304
1272844415975948289
1272844457495474182
1272844614228152326
1272844688681132032
1272844731777761280
1272844806205714433
1272844848026890247
1272844856851722240
1272845016172580864
1272845079346995200
1272845141435432962
1272845297966895105
1272845498085527556
1272845707611795462
1272845720186478592
1272845829867438080
1272845846539689984
1272845943470202880
1272845981080526849
1272845997576765440
1272846232738607104
1272846249327316994
1272846328658362369
1272846371939287040