1268029676267745281
1268029858011123714
1268030029327331329
1268030097761734656
1268030424690782209
1268030504470798339
1268030654895161344
1268030676453842944
1268030835145531392
1268030952837656578
1268031222023811072
1268031224603279360
1268031251534852103
1268031296787243008
1268031393566605312
1268031451766960128
1268031457198514177
1268031611523592193
1268031743895846913
1268031892412157954
1268032027313520640
1268032187628163073
1268032219647541248
1268032295543455744
1268032345610780672
1268032366334758912
1268032540138487808
1268032761325027328
1268033033657094144
1268033220936900609
1268033320211943424
1268033599577690116
1268033662429233153
1268034094308491264
1268034211832881154
1268034265872130048
1268034288924135425
1268034313288908806
1268034444725633027
1268034497041379329
1268034630667563010
1268034706026741762
1268034790474817537
1268034929608228864
1268035277534027779
1268035427274862592
1268035685350543361
1268035705630003200
1268035705739137030
1268035717839675393
1268035755282227200
1268035890800209922
1268035948735942656
1268036016264232962
1268036090293882881
1268036195998728192
1268036229850894338
1268036292685762560
1268036343004688386
1268036359530459138
1268036379931488258
1268036534189645824
1268036583443308545
1268036753568350209
1268037072473993217
1268037299062915073
1268037467447443457
1268037479891898368
1268037630391877632
1268037672540528642
1268037727532060674
1268037828782379009
1268037865201524738
1268038104801136640
1268038209101074432
1268038212687212545
1268038355683627012
1268038406480814082
1268038558582927360
1268038801085140992
1268039688821956608
1268039740021862401
1268039801992876032
1268039824331747329
1268039874877239297
1268039916463616002
1268040011640758272
1268040184848883713
1268040247755116545
1268040294005649408
1268040403351031808
1268040496548417538
1268040670930857985
1268040868025577472
1268040935469965314
1268041040818249733
1268041178684911617
1268041267633688577
1268041484579700737
1268041603115032577
1268041900310831109
1268041966547349504
1268042310585024513
1268042693118169089
1268042931987857410
1268042965500465152
1268043124611461120
1268043141610786821
1268043767027654658
1268043955364560901
1268044020711714817
1268044047647510529
1268044047727439872
1268044266640683010
1268044570496884736
1268044705977249793