1277240333915602944
1277240338499776518
1277240360964521984
1277240407018045440
1277240424483168258
1277240424726515714
1277240427578449922
1277240438269886468
1277240508901965824
1277240511246499841
1277240537595219968
1277240559330037762
1277240595594055684
1277240600174133250
1277240609183596546
1277240625759485953
1277240689089286145
1277240705426108418
1277240756047089664
1277240763617873921
1277240780458020866
1277240785348558849
1277240823537598465
1277240829875191808
1277240854491607041
1277240860262924288
1277240961182175239
1277241007331999745
1277241079197286400
1277241113930276867
1277241124495806464
1277241133320622081
1277241187825401857
1277241196394565633
1277241250022899712
1277241278242136065
1277241296566890496
1277241308256632832
1277241343472009218
1277241368964993024
1277241431178919936
1277241438602817536
1277241454646231040
1277241455686438916
1277241468378365956
1277241485239504899
1277241540440621057
1277241561407987712
1277241571700850689
1277241602323300352
1277241678865338369
1277241756229214208
1277241756929724418
1277241772687732737
1277241899154378756
1277241934780796934
1277241947346726912
1277241964010733574
1277242014031966208
1277242139798384645
1277242168621649922
1277242199097442304
1277242206559109120
1277242211567112192
1277242219297148928
1277242252524490757
1277242265467936768
1277242283348426752
1277242345629466624
1277242386003853316
1277242453280595975
1277242486595948545
1277242489624301568
1277242496255483906
1277242517512048640
1277242532884291584
1277242571874582529
1277242602912395269
1277242626769481729
1277242672302915586
1277242676321177601
1277242680972460034
1277242722634600448
1277242747720589318
1277242797670555649
1277242806344519680
1277242827269865473
1277242857456353280
1277242863244521476
1277242906869366785
1277242906974265346
1277242911860551682
1277243001597763589
1277243041959436288
1277243121101934593
1277243147601444864
1277243158619992066
1277243164739416064
1277243166853410816
1277243180690354182
1277243188022042624
1277243194623823873
1277243230120218624
1277243245203001344
1277243303231184897
1277243335401488384
1277243394713059328
1277243427235803136
1277243460454510595
1277243478548897792
1277243498421354496
1277243507770449920
1277243527198502912
1277243545351368711
1277243561818324993
1277243565513551880
1277243582047498240
1277243620559650818
1277243624376299520
1277243627182460928
1277243630533718016
1277243637634682880
1277243640281260036
1277243678394847233
1277243705825656835
1277243716378468352
1277243728613212161
1277243738256015361
1277243763325382657
1277243791674613763
1277243816181989378
1277243834406187009
1277243872251437056
1277243895353671680
1277243896599326722
1277243971157319680
1277243981496070145
1277244014690013184
1277244078879621122
1277244123171389446
1277244161117339650
1277244166746116098
1277244198920560640
1277244199478460420
1277244207833518080
1277244211574853639
1277244215844646912
1277244227941027843
1277244228427530243
1277244234073083905
1277244240641343488
1277244283414884356
1277244314830151681
1277244339090001926
1277244345767395328
1277244351576498177
1277244405423001604
1277244429565296642
1277244438742515712
1277244493113196544
1277244530622955522
1277244567759314944
1277244601749827584
1277244606053146624
1277244626370363396
1277244652131926017
1277244657165111301
1277244683190784001
1277244740300427264
1277244744645570568
1277244764262404096
1277244786693623811
1277244809653235715
1277244815890096128
1277244823783825408
1277244831853621250
1277244853181710338
1277244863780581376
1277244878238277634
1277244912669462529
1277244931678048266
1277244949826854912
1277244970412498945
1277244982009659393
1277245029329797126
1277245075089653760
1277245100821790721
1277245126637748225
1277245153569202176
1277245184615616516
1277245220388696065
1277245243557965826
1277245245445431297
1277245344187727874
1277245369756323840
1277245370087718913
1277245395026903042
1277245407525994497
1277245419567923200
1277245457060687872
1277245473997369346
1277245482989809664
1277245486605438977
1277245503604834304
1277245519702773775
1277245532742864896
1277245577894539264
1277245595506352135
1277245654084079617
1277245657837903873
1277245658328694784
1277245671284891651
1277245679983828994
1277245683687469063
1277245687667871747
1277245700988973060
1277245781582340096
1277245788930924547
1277245797319532544
1277245855762976774
1277245894002237441
1277245927825145857
1277245935169368065
1277245961404850178
1277245994162413568
1277246006527229957
1277246015796580352
1277246028203405313
1277246073602482177
1277246132687495168
1277246144863707139
1277246149431185413
1277246161078886400
1277246166942408706
1277246199721009152
1277246205169295360
1277246228561092608
1277246239411707904
1277246241986863104
1277246249410969601
1277246261545054211
1277246295976050688
1277246312619159552
1277246330612543488
1277246377605705730
1277246389219545088
1277246392541429761
1277246485395116033
1277246493015937025
1277246524867690496
1277246546736607232
1277246547219173376
1277246564663205889
1277246594786701317
1277246639753719810
1277246654236831744
1277246702605553670
1277246711329669127
1277246718673735680
1277246720162828290
1277246778912509957
1277246820834516992
1277246845719384065
1277246904552820737
1277246941907345409
1277246946718224390
1277246967203102724
1277247016729542658
1277247086371704833
1277247097159528448
1277247113361887232
1277247118009401344
1277247141837180928
1277247142151827458
1277247198133133320
1277247239031832576
1277247244778049537
1277247285563359232
1277247298431520769
1277247350893838336
1277247357029998593
1277247374243618816
1277247377460490255
1277247390794334208
1277247399811969024
1277247415591088128
1277247444791640067
1277247449216794630
1277247517395234816
1277247525246795776
1277247530502287365
1277247550538412033
1277247571463995398
1277247589784715264
1277247590426263554
1277247607610519553
1277247613121826817
1277247617894961152
1277247634122723329
1277247651118026752
1277247667043577862
1277247733750018049
1277247743325425665
1277247751630188545
1277247755623305217
1277247755862323200
1277247811894087681
1277247827333316608
1277247835029807104
1277247861315399681
1277247877761433603
1277247884673421319
1277247890092630018
1277247892135256065
1277247907767484418
1277247910573457409
1277247932404609028
1277247964835004416
1277248000977494018
1277248020682342401
1277248036587089925
1277248046691241990
1277248065888571394
1277248070351114247
1277248086662938624
1277248086860017666
1277248095340937218
1277248100374102016
1277248104438382592
1277248141969014787
1277248145928396800
1277248154782621696
1277248200827641857
1277248250274287618
1277248250710380546
1277248251830419456
1277248274420740101
1277248314166173696
1277248326098812928
1277248359712030720
1277248363679940608
1277248364762062850
1277248388887699456
1277248397884428295
1277248510337769472
1277248518558674945
1277248565094436865
1277248569125330944
1277248573499826178
1277248602721660928
1277248615623405569
1277248642638807045
1277248670287704064
1277248720262709248
1277248749564309511
1277248812910874624
1277248897254121474
1277248917374148609
1277248920008093696
1277248939431993344
1277248980305563656
1277248980632690688
1277249016359727105
1277249017903185920
1277249156587929606
1277249178066980871
1277249225152135170
1277249231267540992
1277249266340163590
1277249387677265922
1277249387912183808
1277249389715750915
1277249390252613638
1277249395260448769
1277249407247941632
1277249415988871176
1277249441582497792
1277249473429848064
1277249486637670402
1277249496896942082
1277249497190498305
1277249584369205248
1277249584457224196
1277249590069166082
1277249630703583233
1277249639545139200
1277249700454903808
1277249710336569344
1277249727642435585
1277249777223307266
1277249836190842880
1277249852976447489
1277249865567920129
1277249949286227970
1277249970735906816
1277249987882164226
1277250029783302144
1277250037118951424
1277250054189957120
1277250054751956992
1277250078541934592
1277250091766763520
1277250126860427265
1277250155436216321
1277250221555269634
1277250227246751744
1277250272079736834
1277250356976721921
1277250368058032129
1277250372701089794
1277250382385872896
1277250389453217792
1277250398516940800
1277250423271931904
1277250431949901824
1277250443513597952
1277250460894756865
1277250532231516160
1277250591165681665
1277250683473850368
1277250687043276802
1277250687471169537
1277250720593403905
1277250738012352513
1277250796577570818
1277250801832992769
1277250817301581830
1277250817804902400
1277250836779892739
1277250846149865474
1277250854517723137
1277250857931870208
1277250896972468225
1277250921148362755
1277250938583937029
1277250939200475141
1277250952437862406
1277250977045704706
1277251002312404992
1277251021287198721
1277251115592159232
1277251191198617601
1277251220743360513
1277251236203343872
1277251245418459137
1277251307963891713
1277251358266019851
1277251360724058113
1277251401094008833
1277251463140401152
1277251480219643904
1277251510997565441
1277251543482294273
1277251573593387008
1277251576415961090
1277251610582962176
1277251665427664905
1277251677003952128
1277251702505308160
1277251736529444865
1277251755793883136
1277251765272969216
1277251765612810240
1277251815940083712
1277251817596993537
1277251880096317441
1277251894805741570
1277251903584264194
1277251920785297408
1277251929618472962
1277251962560380928
1277251966566105088
1277251992361017345
1277252004323176449
1277252030105448449
1277252034274553858
1277252059419598860
1277252072229011457
1277252088012161025
1277252102876733445
1277252123017830400
1277252134480891904
1277252151618818050
1277252164935659520
1277252167682928640
1277252172175020033
1277252205989462017
1277252207914749953
1277252209512574976
1277252210771005441
1277252241628508160
1277252284724871169
1277252294116020224
1277252298058731522
1277252298083913733
1277252299136565248
1277252319709671425
1277252327917989888
1277252344741330945
1277252347694063618
1277252358326509570
1277252423543750657
1277252457697964034
1277252571015663616
1277252571464376320
1277252579009810433
1277252581249646594
1277252595975884800
1277252633745666051
1277252651789492226
1277252659335102464
1277252663655235584
1277252693342519297
1277252696282562560
1277252709939318789
1277252730864762882
1277252742466027522
1277252759637688321
1277252770576433163
1277252776721027074
1277252797323456514
1277252831620317185
1277252838381555713
1277252840260501509
1277252906455109638
1277252910984945665
1277252925455294464
1277252933084680198
1277252937274855425
1277252961047994369
1277252977334595587
1277252994464129024
1277253003343351809
1277253041075490816
1277253073866555392
1277253087539990528
1277253088680849410
1277253130179301378
1277253183534968832
1277253216497995779
1277253258814337026
1277253305433911296
1277253346210934789
1277253371251044357
1277253414108327940
1277253417363275776
1277253431359672323
1277253451311837185
1277253455493685248
1277253480499929088
1277253502532833281
1277253536041127937
1277253540847718402
1277253545910132737
1277253561240489986
1277253598867451905
1277253607537213442
1277253644576886785
1277253681960927232
1277253686184628224
1277253764819357697
1277253820473630724
1277253845744320513
1277253852140654593
1277253863469387777
1277253937125560321
1277253937150779392
1277253942016122880
1277253942565580800
1277253946852036614
1277253963356598272
1277253967135858688
1277253991643205632
1277254009817096193
1277254032671887362
1277254043128168449
1277254064082952199
1277254085238980609
1277254085318717441
1277254085733908480
1277254102397960193
1277254122807361537
1277254139349807110
1277254180143497216
1277254206290890754
1277254248095350784
1277254274037186565
1277254282081824771
1277254307344265220
1277254369000345600
1277254378601287681
1277254445198385153
1277254471161016325
1277254487204409352
1277254517097205760
1277254529856266242
1277254534046322689
1277254542724173828
1277254558822039552
1277254567844098050
1277254718436319233
1277254724903993344
1277254768759582722
1277254831598497792
1277254842671599616
1277254852150730752
1277254865685708802
1277254873759780865
1277254886443241472
1277254890293583872
1277254910203985923
1277254919377039366
1277254946421985281
1277254957444427777
1277255014168186881
1277255024192761856
1277255162252402688
1277255179398774785
1277255181604970497
1277255196200992769
1277255198382194689
1277255217843748864
1277255246457249792
1277255247094824961
1277255305815117824
1277255343152803840
1277255345010868226
1277255360127139840
1277255363855814656