1270566495014096898
1270566615256403969
1270566659070230534
1270566758194110464
1270566775613124614
1270566783649320960
1270566808362250242
1270567005884727297
1270567144686792705
1270567228744794112
1270567308461633536
1270567405958332417
1270567416280436737
1270567450988417025
1270567550842286080
1270567667720749067
1270567731507499008
1270567748687495168
1270567962169077760
1270568003973844992
1270568169246097408
1270568240998039552
1270568397600849921
1270568401363021824
1270568626664267776
1270568632154636293
1270568801076015105
1270568813541699584
1270568895468929025
1270568935952461827
1270569094417244160
1270569367210586112
1270569387964203011
1270569400979066882
1270569437519847424
1270569699114274816
1270570009673125888
1270570054304690181
1270570167349784576
1270570193710768128
1270570210102304768
1270570500532563968
1270570562193104897
1270570818058153984
1270571028197097480
1270571032135569409
1270571036929593345
1270571196036321281
1270571358469058560
1270571390089879552
1270571532327108608
1270571605832261632
1270571779405295616
1270571946023940097
1270571946774675457
1270571993306247168
1270572089775439873
1270572140157382658
1270572176572387331
1270572219215708160
1270572227189190660
1270572263209754624
1270572407913353216
1270572474523160582
1270572721890615303
1270572739695464449
1270572953231519747
1270573162346889217
1270573162590339072
1270573288666943494
1270573376495423492
1270573398012227584
1270573581961814019
1270573641072168961
1270573702430760962
1270573704284643329
1270573734328299520
1270573740611510272
1270573742180249601
1270573755081859078
1270573800963411969
1270573810010320896
1270573997592379393
1270574038298046466
1270574055649730561
1270574072481579009
1270574194305179648
1270574253776220161
1270574275565686786
1270574332968939520
1270574602016546816
1270574878312353792
1270574885157441536
1270574886319263744
1270574992170901504
1270575406253436929
1270575469604360192
1270575498402250752
1270575596439994368
1270575662194208774
1270575699750006785
1270575746113695744
1270575796734787589
1270576140931993605
1270576195239907330
1270576308335099906
1270576316979359744
1270576426111164416
1270576433434427393
1270576993713549312
1270577127113412608
1270577222756315137
1270577365551374336
1270577366356471809
1270577387022024704
1270577675615129600
1270577695882084352
1270577743768498177
1270577848743575557
1270577912249331713
1270577943903952896
1270578008156495872
1270578150452289536
1270578204055449600
1270578243477934080
1270578280505073664
1270578409702215680
1270578507806990336
1270578522948464645
1270578523531546630
1270578577734598657
1270578674429906946
1270578767975481349
1270578879028215808
1270578887299194882
1270578939711287297
1270578952294326272
1270579198445273088
1270579262144352256
1270579362790666242
1270579463206711298
1270579521758965760
1270579529606672384
1270579705624788994
1270579747861348352
1270579764097626112
1270579811409440773
1270580523996504064
1270580570209189889
1270580578908114945
1270580608574636037
1270580729848778757
1270580758370029568
1270580776132894726
1270580788287778817
1270580806176485377
1270580834475692036
1270580956303446017
1270581099404627970
1270581119952486406
1270581142756954112
1270581143923023875
1270581333664940033