1277104489044930560
1277104512348626944
1277104533462712320
1277104638198603776
1277104641864581120
1277104646595600385
1277104743567900672
1277104805006045184
1277104814367944704
1277104827022086148
1277104863755763712
1277104864120541184
1277104881124270081
1277104914347560967
1277104944223408130
1277104944684740608
1277104951504896002
1277104964536610819
1277105077996515329
1277105082824142848
1277105157835087874
1277105162692243457
1277105217331478528
1277105451843284993
1277105455035150342
1277105476149395457
1277105477369749506
1277105484567179264
1277105506797203458
1277105523289022464
1277105536044093441
1277105573935407104
1277105589705818114
1277105619552501761
1277105624229179392
1277105628016594944
1277105628280848384
1277105652905566209
1277105664997961728
1277105687647137794
1277105757721292801
1277105770857930752
1277105796363571202
1277105812972937216
1277105862150983680
1277105964882300929
1277106009572429824
1277106074005340160
1277106094482116608
1277106119127826432
1277106123045253121
1277106172445761537
1277106177269280769
1277106204464918529
1277106235595087872
1277106245091147776
1277106257388646402
1277106258605035520
1277106302754283520
1277106333553176576
1277106357339066370
1277106391476342784
1277106415811694592
1277106441673990145
1277106449550766080
1277106512910049281
1277106514826653697
1277106541955448833
1277106588164161536
1277106588772446208
1277106596733165569
1277106634787966976
1277106702416920576
1277106740442652675
1277106773502169088
1277106807736086528
1277106828090896384
1277106860705763330
1277106861125390336
1277106864971546629
1277106873188208641
1277106915898609665
1277107020001243136
1277107020643160065
1277107037466439681
1277107051722833921
1277107083750457346
1277107100494094336
1277107121004240896
1277107212997939200
1277107221961162752
1277107229712240640
1277107263816302593
1277107288176594944
1277107289489502209
1277107398973538304
1277107410566475779
1277107486051323904
1277107502404911107
1277107514753069056
1277107535795777536
1277107536693530624
1277107540699029505
1277107578791530496
1277107594004361217
1277107637646168064
1277107640183803904
1277107649293586432
1277107703509368833
1277107804101279746
1277107818282332162
1277107885135114241
1277107976256413696
1277108067826413570
1277108105642270720
1277108157140144128
1277108186072461312
1277108203759828992
1277108291282370560
1277108300094545920
1277108311469420551
1277108322647195648
1277108373805240321
1277108399839211520
1277108438317883393
1277108450107863040
1277108459092054017
1277108467891830785
1277108480114114566
1277108677112193024
1277108703309762560
1277108739468742657
1277108838328664064
1277108916661260288
1277109004158865409
1277109080344064000
1277109131145613312
1277109213030944768
1277109262024470528
1277109298196176896
1277109469541830657
1277109546289254403
1277109620020936705
1277109638249340934
1277109661867573250
1277109684051120128
1277109775776600064
1277109793006772224
1277109894005415936
1277109939371216896
1277109941036183552
1277109953472462848
1277109985244327936
1277109998481481728
1277110087807430658
1277110103150407680
1277110116643295233
1277110145751879680
1277110161736335360
1277110167029583873
1277110208481853447
1277110244825616384
1277110258435940352
1277110258574352384
1277110317852565505
1277110338224295938
1277110339331596289
1277110343052001281
1277110380402106368
1277110384990679040
1277110514829516800
1277110520773033984
1277110551911575554
1277110593900576770
1277110610392764417
1277110612020146176
1277110659432345602
1277110766076739584
1277110770564689920
1277110799195156480
1277110820812382208
1277110821613699072
1277110833139658752
1277110848725581826
1277110857852432384
1277110912738922501
1277110926311739392
1277110941323313152
1277110980649062405
1277111009740828672
1277111009875054592
1277111058688364547
1277111068226023426
1277111131178328070
1277111153085353984
1277111161129861122
1277111174451146754
1277111218776551426
1277111290238992384
1277111358044073984
1277111466571767809
1277111486792359937
1277111499232706560
1277111526604693506
1277111551087042562
1277111562608627715
1277111567440588800
1277111700517462016
1277111802560606210
1277111872932569088
1277111958332899328
1277111969598836741
1277111987546271745
1277112028318990338
1277112074041044992
1277112074867539968
1277112179200794624
1277112187371368448
1277112212969095169
1277112242522087424
1277112280791031809
1277112305910575106
1277112347488911360
1277112397241729025
1277112432276709376
1277112434986106880
1277112461066293249
1277112507304480770
1277112557153681408
1277112645619986432
1277112649147461632
1277112694819045376
1277112766063472640
1277112776230502402
1277112816869269505
1277112827728351232
1277112879888633859
1277113052534460416
1277113056313724929
1277113084688191489
1277113089889107969
1277113092812529664
1277113162144403456
1277113169211723781
1277113177449222146
1277113236693880839
1277113253362044930
1277113336941944832
1277113352750161921
1277113420282597376
1277113480697372672
1277113618849546240
1277113663044964352
1277113702463033344
1277113707814739968
1277113725825290240
1277113736822693888
1277113756628156418
1277113762785316864
1277113814526246912
1277113866221207554
1277113927646752769
1277113974782337025
1277114066838810627
1277114096660480000
1277114108983349249
1277114117116039168
1277114117560696832
1277114125332541441
1277114132324421632
1277114134505586690
1277114246137085952
1277114314525007872
1277114323093950465
1277114343251984384
1277114453092216839
1277114465620652032
1277114469299056640
1277114498734850048
1277114531886567424
1277114611779551233
1277114615638429696
1277114649150763010
1277114670764056582
1277114683980492800
1277114695359401984
1277114718239555585
1277114885680201729
1277114911487692802
1277114923475021824
1277115082388848651
1277115095248588801
1277115106984329222
1277115149564833793
1277115253583515648
1277115316997246976
1277115407401463809
1277115409808814081
1277115472094343168
1277115509004255232
1277115513894658048
1277115526427312129
1277115594794348545
1277115596207878146
1277115626880974848
1277115648066404354
1277115702676250630
1277115711735779330
1277115727376461826
1277115727452024832
1277115756594057216
1277115837778968576
1277115929550368769
1277115970746605569
1277115971275112451
1277115991810387968
1277116009971888128
1277116054355968010
1277116058361462787
1277116064480980993
1277116076615020544
1277116093803397120
1277116096781275136
1277116130201604096
1277116150296358912
1277116201278287873
1277116252226387968
1277116265186934784
1277116273034313729
1277116327308689409
1277116395373727749
1277116398020382721
1277116439615299589
1277116453330845698
1277116512122408960
1277116601192427521
1277116676002078720
1277116730062536704
1277116734105964544
1277116768696205313
1277116784387080192
1277116793518206977
1277116810211610625
1277116860874362882
1277116873453101057
1277116873465892870
1277116885075505153
1277116944630665217
1277117075421421568
1277117149740437505
1277117157923414016
1277117190487990272
1277117250521055235
1277117265339506690
1277117267629584386
1277117270553133056
1277117271844851713
1277117276588634113
1277117279143149574
1277117291839160322
1277117329424482304
1277117396973694976
1277117400731746305
1277117443920584706
1277117477067997185
1277117488791240704
1277117498345664513
1277117577085374465
1277117610967121921
1277117632580186112
1277117643246301186
1277117716072067072
1277117744970940423
1277117774028869632
1277117845403389953
1277117846300975110
1277117937892167680
1277117964345466880
1277118026970624000
1277118113134198788
1277118126656806912
1277118144134299648
1277118160953585664
1277118229970685955
1277118278482096129
1277118324871172096
1277118370782031872
1277118386359562240
1277118399571771398
1277118478441304066
1277118570770513921
1277118606497787909
1277118664635015168
1277118701590855680
1277118843479977984
1277118967732228096
1277118991555796995
1277119032878129153
1277119041702789120
1277119045083545600
1277119066260541440
1277119175018700800
1277119187308015618
1277119196606812160
1277119196967534597
1277119204542615553
1277119216664096768
1277119251787034624
1277119264995053568
1277119271538065408
1277119344938323974
1277119348331753472
1277119359530315777
1277119364966170624
1277119376877993985
1277119423330033664
1277119430112145408
1277119444817530881
1277119493706141696
1277119495954477056
1277119528376377345