1269977503268876289
1269977508310650881
1269977567265722368
1269977575230541825
1269977588333793286
1269977605257691137
1269977613352787969
1269977630226481152
1269977657455841281
1269977709599494149
1269977763605143554
1269977771977080832
1269977810900221953
1269977835399254016
1269977877602136065
1269977903573241856
1269977913144872961
1269978019004891137
1269978065993678850
1269978075955187716
1269978129453535233
1269978172063244288
1269978308969717762
1269978359833993216
1269978375302508544
1269978389445849089
1269978419942641670
1269978444093325314
1269978470039289858
1269978506743726082
1269978507297337352
1269978536934342656
1269978556781735936
1269978653976387586
1269978679872020480
1269978694283603969
1269978741117255681
1269978866270994432
1269978984944742402
1269979066821533697
1269979211864788993
1269979221218275334
1269979282794852354
1269979338222469120
1269979345830981633
1269979386985447431
1269979576878297088
1269979626484297730
1269979636533993473
1269979668775686150
1269979672588070913
1269979832584220672
1269979966667546625
1269979971252076547
1269979979661611008
1269980018177986564
1269980340162121733
1269980390510546944
1269980419522428929
1269980540721082369
1269980558907629568
1269980568793616387
1269980818681638914
1269980879125872640
1269980984755265538
1269980998953033728
1269981009707241472
1269981010248138752
1269981031559565313
1269981073703911424
1269981078456057856
1269981116544495616
1269981250716151808
1269981275063975940
1269981288347336705
1269981312401768448
1269981387966291969
1269981435487813632
1269981518358671360
1269981555893645315
1269981812576661504
1269981932944797696
1269981972207722497
1269982021255823360
1269982118760845312
1269982222657949699
1269982282389037062
1269982305503678464
1269982394985086977
1269982408201375745
1269982547536039936
1269982646412537861
1269982654616817666
1269982699327860737
1269982717732585475
1269982801589395456
1269982925455388672
1269983124785692675
1269983124915658753
1269983181333164033
1269983216464781313
1269983640840265730
1269983685744267266
1269983770461057024
1269983812269887488
1269983827042197507
1269983867483705344
1269983876107173888
1269983971796008967
1269983972517429249
1269983984408199168
1269984009620082689
1269984034865778689
1269984059821903872
1269984068910764032
1269984228688756737
1269984272284291074
1269984287299796992
1269984492661477377
1269984500999688194
1269984522050899968
1269984549309747201
1269984599553294336
1269984690649391105
1269984739546578944
1269984801639018496
1269984802419159042
1269985118401290245
1269985151334965250
1269985738201980929
1269985779389874177
1269985809207345152
1269985880745394178
1269985960114245632
1269986023351648258
1269986051839442944
1269986241375866880
1269986249126883328
1269986271960711168
1269986358174638080
1269986379443863553
1269986438441062401
1269986559631208453
1269986573157793793
1269986734156189696
1269986878356217856
1269987231692808195
1269987244380696576
1269987348533653505
1269987428716036101
1269987435825565700
1269987475864391682
1269987554436227074
1269987571049824257
1269987583141896192
1269987596266090497
1269987717108170754
1269987727325327361
1269988057626836992
1269988071287730176
1269988078296485890
1269988192029155329
1269988246659817472
1269988263017754625
1269988312355397639
1269988326142025729
1269988506283147269
1269988589435305985
1269988709291528196
1269988776056705024
1269988783052726273
1269988863113678848
1269988896051519489
1269988920860659713
1269988979652415494
1269989020177707015
1269989222590623745
1269989243918655488
1269989303196606465
1269989363028541441
1269989520553869312
1269989551033982976
1269989726389338112
1269989734794829826
1269989957004939265
1269990026714152960
1269990068632117248
1269990103843291137
1269990111275515906
1269990234416087040
1269990243261915136
1269990246696943617
1269990439475691520
1269990464729612288
1269990532148674561
1269990535558836228
1269990557637541888
1269990607143014401
1269990727590821888
1269990821291491329
1269990858918629377
1269990930817454081
1269990947200385024
1269991002137296897
1269991002330333185
1269991210296446977
1269991530309332997
1269991536869195776
1269991572193640449
1269991618469400577
1269991627743014912
1269991660882141184
1269991677336227842
1269991723192717313
1269991771213385728
1269991927165997058
1269991996183150593
1269992066932768769
1269992163275952136
1269992172910071810
1269992197182668805
1269992222725935107
1269992260210495491
1269992298160537603
1269992302073851905