1277527227819651072
1277527277778227201
1277527297856204802
1277527425899999232
1277527441184038917
1277527466404458496
1277527479469604867
1277527536562515968
1277527570850906112
1277527599208685569
1277527600366313473
1277527667068338184
1277527671203749888
1277527708348506113
1277527733401260032
1277527775696564229
1277527822182031360
1277527881896337408
1277527893904691201
1277527897784238081
1277527982555435009
1277528116416610304
1277528132430397440
1277528188185436160
1277528230421884933
1277528245932625926
1277528414048542721
1277528428833619968
1277528464279519232
1277528477588217858
1277528489604907008
1277528506952552448
1277528552720732160
1277528553123241985
1277528593241956352
1277528620714676224
1277528665291665408
1277528725991698432
1277528736288714752
1277528795273142274
1277528866429468673
1277528875111714817
1277528916941561864
1277528947417403392
1277528972037894144
1277529026064719873
1277529082985451525
1277529094511562755
1277529165084819456
1277529172391481344
1277529177621577728
1277529184839938048
1277529232017707008
1277529421822537728
1277529483931783168
1277529508510265345
1277529530832490496
1277529652341493767
1277529730577846272
1277529763842871298
1277529775527981058
1277529814350602240
1277529947754557440
1277529961134424070
1277529981518741504
1277529991304151040
1277530007104086018
1277530007707938816
1277530025072513024
1277530041274990593
1277530074640760832
1277530074892218368
1277530083134062592
1277530112196374528
1277530183612973057
1277530268908298244
1277530410558410752
1277530439268339714
1277530480422932482
1277530502065512448
1277530503457849344
1277530557296115712
1277530569837031431
1277530661650341888
1277530687260811265
1277530751311982593
1277530772367384576
1277530776385597441
1277530798858567681
1277530852306620417
1277530862637154304
1277530918685736960
1277530998746611712
1277531023635554304
1277531026559025153
1277531047455055873
1277531097035923456
1277531111417995264
1277531337679831042
1277531352892444672
1277531409838600192
1277531451139874816
1277531454780645384
1277531503057154049
1277531529816625152
1277531552533053441
1277531565166170113
1277531576897855489
1277531589421891584
1277531680635588609
1277531724520599555
1277531750571421697
1277531810847690753
1277531811078422529
1277531817063702536
1277531831429193728
1277531945342324738
1277531953475072000
1277532002611163136
1277532040263589888
1277532084316209153
1277532150129143808
1277532269528281090
1277532357160062977
1277532369856032769
1277532423207575552
1277532446058328064
1277532477276459016
1277532532913983490
1277532586647130118
1277532663746752514
1277532674463109120
1277532691437457408
1277532708047147013
1277532722618122240
1277532764087123968
1277532807766642688
1277532926918316037
1277532950620516355
1277532957163601921
1277533057784909825
1277533120674304002
1277533226848997376
1277533267835699201
1277533295073546241
1277533301436186630
1277533315772354560
1277533317391245312
1277533337301770240
1277533410383335426
1277533496291065857
1277533568202428417
1277533572472152064
1277533589475692545
1277533649932480515
1277533746288197632
1277533820502315008
1277533827922042880
1277533858221699074
1277533898621300736
1277533975859339264
1277534017135484928
1277534121753968640
1277534294051819521
1277534328839438336
1277534340193320969
1277534441217249280
1277534441913507840
1277534554555850752
1277534650429247488
1277534774194843648
1277534789239623682
1277534801608794112
1277534932722520064
1277534982345383936
1277535065984073729
1277535094832496640
1277535301024374789
1277535330447614001
1277535368049352707
1277535388861632517
1277535481241231360
1277535481467674625
1277535571712315392
1277535586304380928
1277535637327888384
1277535656965820416
1277535695159033857
1277535712263405568
1277535724850614273
1277535742198243328
1277535799895101445
1277535850243346434
1277535893314834432
1277535943847809024
1277535945709850625
1277536006208618496
1277536009421389828
1277536086038724608
1277536178669936640
1277536208508329985
1277536212664934401
1277536238325694464
1277536241349799936
1277536375118729216
1277536386086604801
1277536487916146688
1277536512368836610
1277536521315397635
1277536557990178822
1277536583131058177
1277536639946899456
1277536659001749510
1277536671714566144
1277536680736624640
1277536710457466880
1277536751301603329
1277536799095693317
1277536800953819136
1277536872965836802
1277536939533430784
1277537038720524288
1277537089136013313
1277537096689844224
1277537168462921728
1277537205120978947
1277537205351743488
1277537264378273799
1277537343625256961
1277537377947226114
1277537415670968320
1277537439498866688
1277537439922499584
1277537447857975296
1277537486965792768
1277537531849031682
1277537570860253186
1277537647158796288
1277537741694070792
1277537850473529344
1277537871847710721
1277537948104380416
1277537994094841856
1277538006463705089
1277538090932817920
1277538124185419776
1277538136227115010
1277538236743770112
1277538274245050368
1277538316158750720
1277538349360787457
1277538434672984068
1277538488124989441
1277538501072838656
1277538675212144641
1277538736989970434
1277538757315563521
1277538819684749317
1277538854694764549
1277538944796618752
1277538946797514753
1277538946822668290
1277538987981201409
1277539042456997890
1277539093593722880
1277539174715920384
1277539183813410818
1277539201974706178
1277539264708952065
1277539289010712577
1277539289920950273
1277539340994981888
1277539360657866754
1277539382124318727
1277539420577693696
1277539435803009024
1277539541415530496
1277539550424899590
1277539599397588992
1277539680775540738
1277539687339565056
1277539807225425926
1277539858605465601
1277539902083629056
1277539968764829697
1277539972426477568
1277540060632670208
1277540061765160968
1277540194661482496
1277540199451357184
1277540207617687552
1277540337553203201
1277540351394242562
1277540384814628865
1277540520609415168
1277540534911938560
1277540585520402434
1277540593875521537
1277540668840214528
1277540754437570565
1277540775069433858
1277540779502772226
1277540917910568960
1277540933718798336
1277540987930378241
1277540993575923715
1277541051339698176
1277541068628729856
1277541126384218113
1277541152544169984
1277541201776988161
1277541298803740678
1277541358039969795
1277541370203262976
1277541373856579586
1277541433646424065
1277541433721970691
1277541441368059906
1277541481968840704
1277541523916275712
1277541588621758465
1277541591763296256
1277541620984971266
1277541667399241734
1277541702023200769
1277541735317614593
1277541856436342784
1277541873440210944
1277541889764462592
1277541893644189696
1277541919464226817
1277541924497436673
1277541953211715585
1277541962132963328
1277542061919670272
1277542074351587328
1277542103380299777
1277542137194831873
1277542204538417154
1277542268115849221
1277542281369837569
1277542309991796736