1258048879167037442
1258048882430431234
1258048928836136960
1258048935878418435
1258049038349291521
1258049084436262912
1258049214342299649
1258049287176536071
1258049293694504961
1258049360778199049
1258049403585257473
1258049444446076928
1258049444689465344
1258049537865912320
1258049549479878656
1258049591636869120
1258049595885699073
1258049709236781058
1258049771912097792
1258049784453234691
1258049797535096832
1258049800190164994
1258049801276600321
1258049852132360193
1258049910747824128
1258049954905538560
1258050156089540613
1258050179036442624
1258050188557647873
1258050256052326402
1258050285735313408
1258050353259560962
1258050479084494850
1258050498919202816
1258050544360476672
1258050557358542848
1258050586097917952
1258050663034036224
1258050686593482755
1258050723926982657
1258050891820695553
1258050938243215361
1258051025669324805
1258051039426641921
1258051048155029504
1258051080979484673
1258051169290784768
1258051348408434688
1258051362878820352
1258051466348171269
1258051667519471618
1258051739674124288
1258051789905166338
1258051823660867584
1258051877503152128
1258051896863936513
1258051919819476992
1258051994549399554
1258052100094693377
1258052196110925829
1258052201764831232
1258052208853213184
1258052225785610240
1258052288490463233
1258052319171796993
1258052325651869696
1258052330643173379
1258052376553852930
1258052400855818240
1258052477481553922
1258052582519513091
1258052669937192961
1258052687972782080
1258052699834257408
1258052733501751296
1258052779500855296
1258052819581575169
1258052938322382849
1258052938699886592
1258052946400436224
1258053006341406722
1258053030827655168
1258053102382518272
1258053151233622016
1258053182405648387
1258053198906089473
1258053220338995201
1258053262252609536
1258053308075425792
1258053341529202689
1258053354141421568
1258053403995000833
1258053450358829059
1258053471133208577
1258053521607360512
1258053613768884227
1258053717703757826
1258053831776178177
1258054050089783302
1258054177344950276
1258054189537726464
1258054260073222145
1258054272668897280
1258054335910608897
1258054356366241793
1258054448796119041
1258054495084445696
1258054507046539264
1258054507403055105
1258054510972473345
1258054644288368640
1258054668908978177
1258054679788949510
1258054738093932546
1258054788438097920
1258054805320355840
1258054872261365760
1258054931325480965
1258054960413114368
1258054976103800832
1258055002389692417
1258055015178133504
1258055031410036736
1258055131972751364
1258055240474976257
1258055505471172610
1258055635746410496
1258055672471715840
1258055740138442753
1258055815799492608
1258055866227531776
1258055904139894784
1258055944816205824
1258056004840886274
1258056038449844225
1258056038508646405
1258056067302354944
1258056075753984000
1258056107936960521
1258056122054750208
1258056143458336770
1258056164010610688
1258056231358394369
1258056272676560896
1258056285775257606
1258056302447771648
1258056323624775680
1258056327831728128
1258056393443008514
1258056428310261763
1258056491518570497
1258056494161027072
1258056527077933057
1258056537463050242
1258056616701767680
1258056617263677440
1258056702987055106
1258056709169451011
1258056718069592065
1258056747446607873
1258056769303195651
1258056866678136832
1258056952107667458
1258056957103149056
1258057136900321284
1258057137135194123
1258057204583858176
1258057301128167424
1258057315938418688
1258057368233037831
1258057424155447298
1258057443378110465
1258057477922394113
1258057493776928769
1258057500865298439
1258057515717267456
1258057561011445760
1258057561259081732
1258057564941680644
1258057581517574147
1258057610391179264
1258057687948038147
1258057713843462144
1258057724065128448
1258057857846689793
1258057871725559808
1258057997256921088
1258058101892186113
1258058164311781377
1258058270138347523
1258058366775001090
1258058382784843776
1258058442343952384
1258058459045486594
1258058491652190209
1258058493711581188
1258058516268490754
1258058640717742080
1258058680639111170
1258058777191989251
1258058798217850880
1258058882284478465
1258058890362720257
1258058970238943239
1258058996327387136
1258059046109626374
1258059088245686277
1258059117022896128
1258059292508381185
1258059313744015361
1258059318617706499
1258059385554849793
1258059418433880064
1258059421181112324
1258059427338469379
1258059452353261569
1258059498721366021
1258059535899648006
1258059611044638720
1258059666816479234
1258059713092165633
1258059725331034112
1258059808319705094
1258059853857280002
1258060026683568129
1258060155717124097
1258060303989866496
1258060315352354817
1258060421115904000
1258060425767407619
1258060472013684737
1258060525889617925
1258060588627836929
1258060593161998336
1258060651534024705
1258060748485308418
1258060756093976576
1258060832325410823
1258060853485563911
1258061008641429504
1258061332471066624
1258061473911173124
1258061532656787457
1258061582828879873
1258061633223634955
1258061661740490757
1258061695068647427
1258061701749944321
1258061763733590016
1258061776652046337
1258061788790304769
1258061797099257859
1258061826765529092
1258061863897751552
1258061884353163269
1258061939592306690
1258062021242662912
1258062035436396544
1258062141266911232
1258062155146055680
1258062187165188096
1258062451460866054
1258062605777805313
1258062632172519425
1258062741849473024
1258062762036490240
1258062782060097537
1258062920971419649
1258062943238881282
1258062992866004993
1258063130158137346
1258063139133775872
1258063157135921152
1258063164131782657
1258063231706333184
1258063248139735040
1258063332126449665
1258063361843113985
1258063461495570433
1258063504642322438
1258063554873135104
1258063558564347910
1258063605032873984
1258063630463107072
1258063653649219585
1258063701044846592
1258063701464150018
1258063785924886528
1258063806468669441
1258063940313133056
1258063944138330112