1259302182983065600
1259302203447283717
1259302228839608320
1259302232513826816
1259302287723433985
1259302309072449536
1259302384108482560
1259302492602425349
1259302500269584390
1259302501783703554
1259302556074835971
1259302594033233920
1259302611108409345
1259302700749066240
1259302723914170368
1259302734454566916
1259302842113896448
1259302931419009024
1259302975765282816
1259303013061099520
1259303034888175616
1259303074167951365
1259303131097292801
1259303146821767169
1259303168996970497
1259303240426041344
1259303252132352003
1259303282024919040
1259303340560678913
1259303479404826625
1259303573038477312
1259303649370669057
1259303722519334913
1259303940711157760
1259303957601685509
1259304058789048323
1259304062060769281
1259304062199029761
1259304091714572289
1259304226322333696
1259304237898530818
1259304263496302593
1259304279891775488
1259304292399419396
1259304380886667269
1259304389916766208
1259304431453003776
1259304644607643648
1259304654162157568
1259304657115062272
1259304679089061888
1259304720797229056
1259304771887837185
1259304836702633989
1259304843514195968
1259304851844071426
1259304888749772800
1259304905908477952
1259304981376536576
1259305005628047360
1259305045612302338
1259305051601817600
1259305052637818881
1259305106165596162
1259305110750011392
1259305124247330816
1259305211799240704
1259305218052767745
1259305295383162880
1259305399460737024
1259305404569473024
1259305416120512512
1259305433870864384
1259305490422493184
1259305505169846273
1259305523540828160
1259305568520548353
1259305613319946240
1259305643988725765
1259305756433752066
1259305820128333825
1259305870665515008
1259305938638553095
1259306021731725312
1259306118066520065
1259306205253599235
1259306216490250240
1259306218306355201
1259306242884993030
1259306272760958977
1259306369594929152
1259306373449486338
1259306557117849602
1259306625141215232
1259306682770812928
1259306746549465088
1259306763242934272
1259306918830641154
1259306951189635073
1259306973071360000
1259306980587352064
1259307010631315456
1259307049156063235
1259307115572846593
1259307132375175168
1259307219625095169
1259307233231474689
1259307262440546309
1259307321504616449
1259307329796726786
1259307333164969985
1259307423220797443
1259307484860334082
1259307508977422336
1259307566816845824
1259307598395830272
1259307652531785733
1259307686874644480
1259307727807012864
1259307745481830400
1259307773390663680
1259307795301699587
1259308000600186881
1259308001091076103
1259308020896395265
1259308113754292224
1259308148315361280
1259308159488983042
1259308236915818496
1259308276681859072
1259308277680267266
1259308370831511553
1259308592248827910
1259308633940254720
1259308679943389191
1259308705423724544
1259308730795143168
1259308738445324288
1259308743327649795
1259308855735078913
1259308872852004865
1259308877650132992
1259308956696051712
1259308999285096448
1259309002514665473
1259309031992233985
1259309048526225409
1259309057325674496
1259309183335313408
1259309234405158913
1259309246040215554
1259309301241221120
1259309304500363265
1259309368593379328
1259309414688980992
1259309415204872192
1259309425770315781
1259309498637750272
1259309516799176704
1259309527607934979
1259309681979174918
1259309740917587968
1259309753152319489
1259309780159455232
1259309817400889344
1259309820496285696
1259309884807372801
1259309932509159425
1259310022187716614
1259310027359354881
1259310041359925250
1259310086666678272
1259310169009164288
1259310177507069952
1259310286051426304
1259310513449828355
1259310517270638593
1259310534979092481
1259310609738477568
1259310652901830656
1259310676813778954
1259310706576351233
1259310717917855746
1259310726658678784
1259310816047874049
1259310827426865152
1259310885819957250
1259310924935999488
1259310991340212225
1259311032461398021
1259311041210576896
1259311125105012738
1259311176401461254
1259311190175612930
1259311284312514560
1259311469750960128
1259311531738750976
1259311560461291520
1259311607886340096
1259311662068379648
1259311720801206272
1259311721459712001
1259311732989853696
1259311838883229701
1259311910815744000
1259311918910599170
1259311985902010368
1259311991614656513
1259312156719398912
1259312156966825984
1259312304799264769
1259312341679845376
1259312342182932480
1259312363662127105
1259312373409542144
1259312530016649219
1259312567580790784
1259312589152161798
1259312609981083648
1259312626691198976
1259312631094992897
1259312647763308545
1259312656218877952
1259312664372604929
1259312757498712064
1259312807671185409
1259312845080145925
1259312849316450304
1259312886544908289
1259312908200062976
1259312918094626816
1259312969680207873
1259313089599557633
1259313172458029056
1259313201348579329
1259313273578704897
1259313286790516736
1259313293057024000
1259313302167064581
1259313326984556544
1259313335830564868
1259313364968378372
1259313406462623744
1259313470408929280
1259313519763156992
1259313579154567174
1259313600273006593
1259313625501708288
1259313630224531463
1259313632149671936
1259313683299045377
1259313695752151040
1259313708397977600
1259313730728259586
1259313801297637377
1259313801331011584
1259313839272681472
1259313948525912064
1259313962455388163
1259314036010778625
1259314112212983809
1259314224611786754
1259314245684154368
1259314296527507456
1259314315842260992
1259314334540259328
1259314581391863808
1259314615726387205
1259314622630211585
1259314648806981634
1259314694268915712
1259314770622050304
1259314862171148288
1259314929091244032
1259314947512729601
1259315009139748864
1259315082212839424
1259315115125604354
1259315222856101888
1259315227339845633
1259315267076833280
1259315273653538817
1259315340506312705
1259315366611709953
1259315391265816576
1259315638121750534
1259315697747816449
1259315707172368386
1259315797786349568
1259315807546339328
1259315818631856128
1259315881680625664
1259315885766053889
1259315945849237504
1259315999511203840
1259316007744798723
1259316036437831681
1259316112463888385
1259316117115461632
1259316178587209728
1259316180663369730
1259316186984132610
1259316189291053056
1259316192432525315
1259316224980369408
1259316279434977286
1259316334732685312
1259316360603209728
1259316377388814338
1259316410620280833
1259316498130259968
1259316549179113472
1259316615415504896
1259316645412999170
1259316670436446224
1259316736832217089
1259316833213128705
1259316879849480193
1259316955539894276
1259317039627411458
1259317052159995904
1259317228593311745