1262669347924750338
1262669395790356480
1262669567836463104
1262669625742983173
1262669639374581760
1262669693367791619
1262669693783085059
1262669822674055170
1262669827933646849
1262669949694128129
1262669996464824320
1262669999946096642
1262670060012912640
1262670079113801729
1262670117047013376
1262670117248393217
1262670167613587456
1262670191919534084
1262670201763618817
1262670440943640576
1262670703888916480
1262670776144142338
1262670809249861635
1262670847417950209
1262671024283217920
1262671129258397701
1262671229003202560
1262671271436996608
1262671576027107328
1262671627784826885
1262671739915350017
1262671824460165120
1262671895952011266
1262672076038643712
1262672089905074178
1262672133534240778
1262672179935588352
1262672357791072261
1262672373418913792
1262672407871008768
1262672645948092426
1262672646577295361
1262672667783593984
1262672705473712130
1262672726973730816
1262672814210834434
1262673036005826561
1262673095183282176
1262673102825234432
1262673111620579329
1262673111956193281
1262673127898783745
1262673140385296384
1262673165924339712
1262673229207859200
1262673259784482816
1262673321759473667
1262673354491858945
1262673359151575041
1262673368014376960
1262673419411357696
1262673483105882114
1262673493490978817
1262673648638291973
1262673656146059269
1262673749398224896
1262673820416045057
1262673875516772353
1262674000670388229
1262674021990256640
1262674089535107072
1262674167931043841
1262674194111901696
1262674252987326466
1262674274575409152
1262674278115192832
1262674281621622785
1262674621125386240
1262674684937633793
1262674726155059202
1262674775836708865
1262674897228255232
1262674904371077122
1262675126140706823
1262675163532996609
1262675389198917633
1262675511706345472
1262675695785959424
1262675748801871872
1262675748931821568
1262675847929970689
1262675849251139586
1262675964212936705
1262676332766470144
1262676408876269569
1262676496210178048
1262676610752208898
1262676656231194624
1262676668629557249
1262676719854661632
1262676819179905025
1262676905695809537
1262676928508702722
1262676986448748545
1262677044175003652
1262677056564887553
1262677150160891905
1262677200647700481
1262677260928192514
1262677323184300032
1262677372266074117
1262677423394557952
1262677715272052736
1262677725183172609
1262677955475640321
1262677977743196161
1262677978628177922
1262677992636968960
1262678044239474690
1262678069690556417
1262678085058605058
1262678095640899585
1262678102733279233
1262678115689680896
1262678178566492160
1262678668536623104
1262678719547805696
1262678723620470784
1262678724467740672
1262678810467594240
1262678810899689478
1262678840926703616
1262678912129290240
1262679223384367104
1262679296029556736
1262679311334748160
1262679370554114050
1262679496253009922
1262679669654065152
1262679776160071681
1262679910520365059
1262679921861840897
1262679923631820801
1262679936512507910
1262679995798786048
1262680082755141633
1262680175122116608
1262680292994711553
1262680405473472514
1262680539770900481
1262680770038005766
1262680786836340743
1262681010363236353
1262681055590518785
1262681126075801600
1262681143662350337
1262681165359505409
1262681240831959042
1262681253909688322
1262681489059299328
1262681627051864069
1262681648589570050
1262681827426385920
1262681874222252034
1262681904060534784
1262681970741587968
1262682038206820353
1262682265949097984
1262682745420972032
1262682750856957953
1262682795383513088
1262682873179467777
1262683110652751874
1262683119523713027
1262683237190680576
1262683258703273984
1262683350575321093
1262683353570041856
1262683390093996032
1262683393906618368
1262683400747483136
1262683527054671872
1262683673431879686
1262683688178835456
1262683783603634176
1262683799315517440
1262683806609412097
1262683882215931907
1262684087623593985
1262684109991796737
1262684175829630976
1262684307308646407
1262684348332953600
1262684359901040640