1257429803210170368
1257429832008417280
1257429837444153344
1257429849653862400
1257429867936833543
1257429983791845384
1257430089471533056
1257430122887614466
1257430246460198913
1257430275312795648
1257430317566173184
1257430361782525952
1257430449200267264
1257430479835402240
1257430537473589253
1257430621653217281
1257430729224531968
1257430739605430273
1257430797906305024
1257430868701913090
1257430907469942792
1257430915774664705
1257430945138909193
1257430986742288390
1257431016387612673
1257431049900081153
1257431074344443909
1257431128908185602
1257431129143029760
1257431268066840578
1257431368985980928
1257431435268567042
1257431455199830024
1257431460706951168
1257431532094083073
1257431560883765248
1257431577526702086
1257431601870508033
1257431651430400002
1257431670812278785
1257431674989797376
1257431698997948416
1257431749501607940
1257431837330280452
1257431875754344448
1257431883543126018
1257431992955809795
1257432038916882432
1257432048035381248
1257432060630884353
1257432123432108038
1257432135490813952
1257432152486150157
1257432253031944195
1257432320908447747
1257432407822815234
1257432416802742273
1257432437283577863
1257432495257255937
1257432525552660481
1257432693962412032
1257432711012257794
1257432739097255940
1257432948846010368
1257432955976388609
1257433056950059009
1257433100944060417
1257433191415255042
1257433192916758528
1257433234004160513
1257433247224602631
1257433270242947073
1257433306209169410
1257433332415111170
1257433407002419204
1257433423687417861
1257433444155564034
1257433532814839811
1257433533762678784
1257433579048570884
1257433604092760065
1257433611701293058
1257433611965431810
1257433680026447873
1257433725983391747
1257433742852980738
1257433754471145472
1257433755075203072
1257433787404816395
1257433859806973952
1257433863023968257
1257433863913123841
1257433883727069184
1257433901796032513
1257434006515257346
1257434015373680642
1257434170479034369
1257434180453044225
1257434204540936192
1257434241421451265
1257434270483853313
1257434271087833088
1257434288020238337
1257434358945849350
1257434361315631104
1257434421172547597
1257434458774519808
1257434572545024005
1257434642518626305
1257434673095086081
1257434674407800834
1257434689712898052
1257434694355947521
1257434694678917125
1257434716216713227
1257434736299053056
1257434748869316610
1257434819614707719
1257434823922196481
1257434837037842432
1257434841450270720
1257434857342406656
1257434869153529856
1257434924577144837
1257434979333820419
1257435021201244160
1257435025894711296
1257435077933481985
1257435216706240512
1257435360923127809
1257435373799641089
1257435390073602051
1257435502443102210
1257435533023870983
1257435637705302018
1257435684786393093
1257435772086599682
1257435792307359745
1257435806085627906
1257435809168461826
1257435818651783168
1257435894027620358
1257435923198902275
1257435932380344321
1257435978110775298
1257436031986663427
1257436053759197184
1257436111024128002
1257436241974513664
1257436246449836032
1257436288426356736
1257436317752983561
1257436325273317376
1257436393304993792
1257436426570018818
1257436429573140487
1257436434774077445
1257436447780601867
1257436455997255680
1257436464985538560
1257436493196546049
1257436536196530177
1257436556459159559
1257436669541842945
1257436694674096130
1257436762160406529
1257436770255409154
1257436849582280710
1257436861372514304
1257436862483922945
1257436913369264129
1257436980293578753
1257437055329669120
1257437101441810434
1257437140113375232
1257437210384662530
1257437235701592064
1257437246950715394
1257437342673092610
1257437414227947527
1257437515440689152
1257437529495699457
1257437534159802368
1257437635561377795
1257437654532096000
1257437708076621824
1257437882492628997
1257437892940640256
1257437937291182085
1257438008023879680
1257438010158845958
1257438168430903296
1257438183912083462
1257438184004296711
1257438250798628866
1257438273129123841
1257438368436228096
1257438386912145409
1257438407015497729
1257438490209460224
1257438495355928577
1257438564771643395
1257438568408121349
1257438582031220737
1257438584795250688
1257438620694327296
1257438637391785989
1257438649152659457
1257438652881403907
1257438731163885570
1257438733093277696
1257438817239347211
1257438817864364032
1257438921996337152
1257438940866412544
1257438976874610688
1257438993563693062
1257439110672809995
1257439131237584898
1257439244991238148
1257439252511707137
1257439337249157121
1257439353917313026
1257439388168081411
1257439446154297344
1257439471609548802
1257439479930945537
1257439530489131011
1257439538332532736
1257439605432991746
1257439634600189954
1257439665000452098
1257439761192624131
1257439828297342976
1257439849029734401
1257439936766189569
1257439979678117890
1257439987773116416
1257440092110704642
1257440151095128064
1257440175845781508
1257440189263339520
1257440245169229826
1257440259668836360
1257440260654538754
1257440323653025794
1257440419362877446
1257440456738246657
1257440498987536394
1257440532659417089
1257440553886679040
1257440628662829057
1257440634664898566
1257440665836892166
1257440717842124800
1257440755443998730
1257440839074304000
1257440880824328192
1257440885366718464
1257440900755718144
1257440905730174976
1257440919332311041
1257440976890724359
1257440979604340737
1257440993584037891
1257441027776004097
1257441073867247617
1257441085586014208
1257441133069819908
1257441136823730177
1257441137415127055
1257441162522177536
1257441196697440258
1257441225495511040
1257441230188879874
1257441300166709249
1257441359302098944
1257441400725164033
1257441409033961472
1257441412364279812
1257441450922573830
1257441463086055427
1257441464235233285
1257441505557561346
1257441530002001921
1257441539036532737
1257441560381325314
1257441590005641216
1257441610838704129
1257441635799097344
1257441759623340034
1257441900539281414
1257442042764017664
1257442109407313921
1257442130475319304
1257442168823853056
1257442198393630720
1257442202235658242
1257442210255179776
1257442219214200833
1257442297953890304
1257442311077867520
1257442357110341634
1257442419865518090
1257442479110062083
1257442617052315649
1257442637977706497
1257442693573234692
1257442700158173186
1257442714146275328
1257442734618574851
1257442832278859776
1257442856819658753
1257443002735366145
1257443091570720771
1257443124609236993
1257443200022831107
1257443230175592448
1257443299897507841
1257443308902768643
1257443329962278913
1257443355778322437
1257443369191641091
1257443384911892480
1257443397704482817
1257443487198429184
1257443529795735552
1257443556953858050
1257443585793953797
1257443594912350212
1257443628072517634
1257443644006686720
1257443662021230592
1257443699711193089
1257443741473873921
1257443783509184512
1257443787758022656
1257443829587853315
1257443887725121536
1257443908402937856
1257443944977367040
1257443981417418752
1257444021963763713
1257444059901317121
1257444152918315009
1257444340928053250
1257444382346747904
1257444518548439040
1257444529956929546
1257444533727617031
1257444571467984903
1257444584113790977
1257444646373949441
1257444694306566146
1257444717563916293
1257444819477106692
1257444819510743040
1257444822488690696
1257444858261880839