1263107212794163210
1263107238396334083
1263107251017060352
1263107264392474624
1263107348052221953
1263107368663093250
1263107443686608899
1263107565522530312
1263107616533884928
1263107695676194818
1263107709064314880
1263107801880068097
1263107850689056769
1263107876261974024
1263107931157024769
1263107985036935168
1263108098190905345
1263108102699827200
1263108182202859526
1263108236942569473
1263108262230142978
1263108299978924038
1263108340042928129
1263108357340069891
1263108415922016256
1263108446376861696
1263108477846802432
1263108534746701824
1263108547325431814
1263108555684614144
1263108564400259073
1263108568833650688
1263108588433801217
1263108677512331264
1263108722164891649
1263108929204224000
1263108997479096322
1263109043423514624
1263109067767250944
1263109130010558466
1263109202131603460
1263109216333705221
1263109264329015297
1263109264811479043
1263109290908418053
1263109293500293120
1263109339813838849
1263109361041207296
1263109529128050688
1263109546609913860
1263109566641946625
1263109591866445825
1263109604126289920
1263109611193864198
1263109671440863232
1263109788478529537
1263109913997455360
1263110132931518465
1263110195577847811
1263110270953684997
1263110384187105280
1263110391640592384
1263110522041499649
1263110699145805824
1263110719001804801
1263110732629114882
1263110760923721728
1263110803856797697
1263110849968947201
1263110887788941318
1263110891765194753
1263111050901295114
1263111076016578561
1263111143536689152
1263111160309710848
1263111234544689152
1263111327859396608
1263111390367297541
1263111403260588032
1263111474798616577
1263111491286372352
1263111502069936128
1263111587931578368
1263111588296474625
1263111589701529601
1263111617178488832
1263111655199825921
1263111674069991427
1263111685273014273
1263111705720008709
1263111739375140874
1263111797621633024
1263111802017263617
1263111861916008449
1263111877640495111
1263111890412072961
1263111952823394304
1263112005298225161
1263112023929499649
1263112053482536962
1263112065876541441
1263112150643625984
1263112243052449793
1263112293224722433
1263112318000472067
1263112414985433088
1263112420018532352
1263112511018217478
1263112531956174849
1263112584041058310
1263112626369896449
1263112632904671243
1263112752412884993
1263113026871406592
1263113106080690176
1263113127207604224
1263113169758760961
1263113189962760192
1263113190952615936
1263113201094287360
1263113276617043972
1263113383072665601
1263113404522381312
1263113409492647936
1263113513041645569
1263113601516277761
1263113743656816641
1263113764792123393
1263113798308724737
1263113861873442816
1263113886984798209
1263113894849110016
1263113945163980801
1263113957440655360
1263113966898814976
1263113983332098049
1263114025379954688
1263114179461943296
1263114223477035010
1263114392876412930
1263114456952864770
1263114460773957635
1263114569486077958
1263114683478925312
1263114688042340352
1263114700755214336
1263114729402269702
1263114734146072576
1263114788265066498
1263114876383354880
1263114939197034496
1263115039742939136
1263115094927572994
1263115123356569601
1263115199801892866
1263115295524376579
1263115341879627778
1263115417586974720
1263115475044708352
1263115500990717959
1263115551641161730
1263115736626667521
1263115875256799232
1263115888666034176
1263115899680313347
1263115933553491976
1263115941455499264
1263115950481641473
1263115957314236421
1263115983373373442
1263116004776968195
1263116005401903104
1263116076230914048
1263116084015742976
1263116172204990464
1263116240400367617
1263116327906168837
1263116348412039169
1263116361175269385
1263116395224711168
1263116411293110272
1263116448798515206
1263116518352547841
1263116617644412928
1263116650779422720
1263116664184455169
1263116693406130178
1263116760590532609
1263116896536104962
1263116918816256002
1263116948050755586
1263116964865679360
1263117027549409281
1263117057085845504
1263117145669394433
1263117157988290561
1263117179811172357
1263117239261163522
1263117269581864960
1263117317338259458
1263117512306286593
1263117530509520896
1263117530803179520
1263117669533917184
1263117686298550272
1263117694058012672
1263117825813680130
1263117834114252805
1263117887998492672
1263117963814670336
1263118173378764800
1263118177346748417
1263118215187697665
1263118253447974912
1263118260930785281
1263118301103886337
1263118311467909121
1263118328031313925
1263118340525977600
1263118344951140353
1263118353251667968
1263118384448888833
1263118408159125506
1263118446952357895
1263118488031375360
1263118542905331712
1263118559309443073
1263118565252702208
1263118596638683136
1263118634165075968
1263118655203745793
1263118672375148545
1263118693925564418
1263118697746464768
1263118738787831808
1263118743347040259
1263118756592652288
1263118798388957186
1263118898028621824
1263118927967793154
1263119008225726464
1263119060017037313
1263119070590885889
1263119088500396032
1263119102282997760
1263119107953573894
1263119121425653761
1263119162983043072
1263119196403257344
1263119201088266241
1263119204846391306
1263119209967480832
1263119255362588674
1263119510854197250
1263119524129320966
1263119532765347845
1263119633051267072
1263119645634105344
1263119779960967174
1263119801762775045
1263119843177443334
1263119906020765697
1263119951235133440
1263119968306069505
1263120056671666178
1263120061314801671
1263120238557761536
1263120282723561473
1263120303942701056
1263120341347569664
1263120425720168448
1263120497434378240
1263120515054678017
1263120697938923521
1263120708504338432
1263120749910528007
1263120761637789697
1263120761943924737
1263120782479196160
1263120794319814658
1263120794730692608
1263120828465643525
1263120832030744577
1263120886284128262
1263121010762661888
1263121050080030720
1263121054068699136
1263121163489869824
1263121285447548930
1263121411515744262
1263121448631250944
1263121490972729344
1263121518424457216
1263121579111833607
1263121592051290114
1263121639518109696
1263121696606863361
1263121860054511618
1263121873258401792
1263122032381890565
1263122226506842115
1263122275114594304