1264405807925350401
1264405849197424642
1264406004625596416
1264406017221197824
1264406035000971265
1264406035189596160
1264406052340224002
1264406093469560838
1264406139334275072
1264406259723374592
1264406315662802945
1264406399557271553
1264406508525121536
1264406545959251968
1264406605400952833
1264406643481161735
1264406689031294977
1264406748346986497
1264406868899880960
1264406910540922881
1264406923463528448
1264407007148326912
1264407011426369538
1264407012579913728
1264407020813389826
1264407053541560320
1264407059170299904
1264407092020068358
1264407112572002305
1264407149955788800
1264407166041165828
1264407230717341699
1264407284958052354
1264407323423977475
1264407422686375936
1264407423181369345
1264407461902966784
1264407557323534337
1264407610997927937
1264407620649091073
1264407695899029504
1264407713058099201
1264407842557169664
1264407855056203779
1264407883975974912
1264407890355519488
1264407905635352583
1264407909875642374
1264407930851463169
1264407963545919489
1264408085138862081
1264408140260335617
1264408202667454465
1264408220711424000
1264408245491208193
1264408261471563776
1264408287283380232
1264408343600410626
1264408350021861377
1264408388202426370
1264408391289626624
1264408413930479618
1264408514383900672
1264408529756196865
1264408559414120450
1264408584378552321
1264408601050800128
1264408651214848001
1264408806395727873
1264408832450506753
1264408835768438787
1264408844739809280
1264408866852225024
1264409024717561857
1264409041129713666
1264409053880557570
1264409074768240640
1264409076370477056
1264409259418300416
1264409323737944065
1264409351508226048
1264409355862097925
1264409413923885056
1264409418055258114
1264409465186639873
1264409469360001024
1264409486510473216
1264409502499180549
1264409575266156549
1264409642362236928
1264409644337786881
1264409650121912321
1264409658401280002
1264409718082211841
1264409738726514688
1264409856129110017
1264409876458921986
1264409889000108032
1264409897858293761
1264409910676160512
1264409936710242314
1264409988669325318
1264410005337448448
1264410016938962946
1264410095628152832
1264410145351663618
1264410158362316800
1264410186309140481
1264410219263770624
1264410283163832322
1264410300096233472
1264410315791511552
1264410358522970114
1264410531458199553
1264410556414545920
1264410738317287424
1264410787465969664
1264410896966844416
1264410921834856449
1264410942395334656
1264410978856439808
1264411033805877248
1264411041611444224
1264411151217000448
1264411205436878848
1264411286856761346
1264411301641666561
1264411324831993859
1264411404678782976
1264411407216521218
1264411415596670977
1264411592441167879
1264411695687991296
1264411819122229248
1264411828085559296
1264411853255520256
1264411859676991488
1264411936453586951
1264411969240489984
1264412027545702402
1264412175516516354
1264412262648868866
1264412280709509120
1264412287529562112
1264412347575291904
1264412359352709120
1264412372044705792
1264412393423200256
1264412416223264770
1264412417854803969
1264412491951403008
1264412500876910593
1264412531784708096
1264412535391830016
1264412547169636352
1264412641134620674
1264412715617042432
1264412736961810433
1264412745576919040
1264412884857225216
1264412896630583296
1264412904398491648
1264412933695475713
1264412972178444289
1264413083860172800
1264413122661502976
1264413130358059008
1264413147630272513
1264413149094203394
1264413165028143104
1264413190214963200
1264413307709976576
1264413446180728834
1264413491684872197
1264413518125608960
1264413596496408578
1264413715115335681
1264413731775295488
1264413777270890498
1264413835915677696
1264413856840986625
1264413872233963520
1264413932283785217
1264414074420559873
1264414113159053312
1264414128015319040
1264414145295912961
1264414267446566915
1264414276300783619
1264414322358317056
1264414431213215746
1264414570715549697
1264414607067602944
1264414716140687361
1264414791642181632
1264414843894820865
1264414942859427840
1264414989248421888
1264415068982132736
1264415136464453634
1264415165602320385
1264415172942196736
1264415211768942592
1264415241166716928
1264415320124489730
1264415354295652356
1264415354601816064
1264415368036052992
1264415375774683138
1264415403498848256
1264415450840158215
1264415451242590209
1264415485262782466
1264415493676511237
1264415644746801152
1264415715836268544
1264415718638071808
1264415739123052546
1264415740377149440
1264415768902541318
1264415799818752001
1264415871310729217
1264415970438889472
1264415971193884673
1264416047442137088
1264416067637710849
1264416073316737024
1264416092220461061
1264416261414494208
1264416331308380162
1264416406885425152
1264416471846977537
1264416525622013953
1264416534014898176
1264416595952070657
1264416609810219010
1264416708363784197
1264416738587934723
1264416796259561474
1264416838886146049
1264416918905257984
1264416919626579968
1264416943798353922
1264416977289908225
1264416994243178496
1264416999779659776
1264417035892768768
1264417099310665728
1264417116133916672
1264417140834271237
1264417141303808000
1264417184345980933
1264417224527425536
1264417225693372417
1264417279783112704
1264417295037685760
1264417317473026048
1264417427032608768
1264417480182771712
1264417505293987840
1264417578388262912
1264417602941661184
1264417624068444160
1264417660844101633
1264417857590513665
1264417976192765952
1264418232418447361
1264418285958893568
1264418411523837953
1264418583217614848
1264418609146757122
1264418613928157185
1264418801300340738
1264418801828786178
1264418947060731904
1264418955063484418
1264418962701520898
1264419028472193025
1264419111280406532
1264419234324480000
1264419325684748289
1264419360036098050
1264419398170877953
1264419409860399104
1264419435151908865
1264419477585723395
1264419556568809472
1264419665868206080
1264419695446245378
1264419699120574465
1264419751033401344
1264419768473436161
1264419775800913920
1264419876090687488
1264419905341927424
1264419952884420608
1264419971561598977
1264420081494298624
1264420085160120320
1264420177677938688
1264420270313541633
1264420284213444608
1264420290437754886
1264420301162643461
1264420375326310401
1264420426069000192
1264420545640136704
1264420563293892608
1264420601285861376
1264420785680252928