1257354301132988417
1257354303544721409
1257354305289498630
1257354314940592130
1257354322549133320
1257354334674857995
1257354343583551496
1257354365603545090
1257354423803826176
1257354428316876800
1257354523175268356
1257354528904617986
1257354590556770304
1257354618515881990
1257354620613079040
1257354636291452929
1257354662396731392
1257354716767490048
1257354783553445889
1257354833813737472
1257354910552797187
1257354956270641153
1257354964189483008
1257354967033221126
1257355061811974145
1257355073149186058
1257355119815012354
1257355179000766464
1257355222210482182
1257355226555854850
1257355296068046849
1257355321342865411
1257355350589743112
1257355449206214656
1257355450967887881
1257355458806976518
1257355555053731841
1257355644405010432
1257355717415182337
1257355735178108933
1257355791553695746
1257355808070918146
1257355870381527042
1257355922210533378
1257355932213919756
1257356033967755266
1257356035632889860
1257356093090562053
1257356111444881411
1257356302264696834
1257356381813956611
1257356403305525253
1257356458146086912
1257356470238285824
1257356512177127426
1257356524848123907
1257356579239837706
1257356579323731968
1257356629546348547
1257356667676766209
1257356726287941632
1257356802670374915
1257356834270253056
1257356960946630659
1257357002721935363
1257357036565737474
1257357086473805830
1257357220863410184
1257357241876910082
1257357342368239616
1257357343400046594
1257357359522942981
1257357363448872962
1257357447213260802
1257357485863731200
1257357489261228034
1257357493933674497
1257357543862648839
1257357736737746947
1257357799929061377
1257357875460087816
1257357916514004992
1257357955273494538
1257358005672312834
1257358044125638656
1257358082541264896
1257358098110570499
1257358181019406336
1257358212380135426
1257358256206462977
1257358365908484096
1257358404445708289
1257358424519716865
1257358432639819777
1257358474981277699
1257358596842688512
1257358600680472583
1257358638722801664
1257358666459746305
1257358697212391425
1257358718829760512
1257358802728488960
1257358839957073923
1257358941031477248
1257359029384491008
1257359125475966976
1257359147051495429
1257359179964207105
1257359241628827653
1257359267683880960
1257359280463843329
1257359406368534528
1257359452669390852
1257359501784690688
1257359518108876807
1257359611675410433
1257359637403369474
1257359655032012800
1257359750964170755
1257359775026864132
1257359818018435078
1257359842462838793
1257359863883194368
1257359883705495552
1257359955310624772
1257360006057545740
1257360013510742017
1257360035195367424
1257360069014028288
1257360119601532929
1257360261855485954
1257360297632894976
1257360375298904064
1257360375466659847
1257360452885123072
1257360484120092675
1257360516361699329
1257360593599844352
1257360636046127113
1257360672708591624
1257360790824288263
1257360811892367360
1257360819916099591
1257360865608810499
1257360902841647104
1257360926694608898
1257360962304212995
1257360974765608961
1257360978909499397
1257360996697546753
1257361021469065216
1257361045850644480
1257361051399659521
1257361076141854725
1257361096605945869
1257361111038525446
1257361117594226691
1257361184312954886
1257361184405233670
1257361201127981058
1257361239409393664
1257361291724951552
1257361335396040704
1257361352122908676
1257361373824253955
1257361419894427650
1257361422633373703
1257361423484817410
1257361438181638145
1257361512085303303
1257361529051234314
1257361557715025924
1257361562798559233
1257361607262420992
1257361608621383684
1257361629701955584
1257361633791401992
1257361659414413314
1257361687264583682
1257361692310339590
1257361793124651012
1257361818193924096
1257361818563026945
1257361839253487617
1257361912188239877
1257361977552273412
1257362022418780172
1257362039753842688
1257362159857799173
1257362205449826306
1257362228375945231
1257362241722167300
1257362262458871808
1257362273246593026
1257362295447007234
1257362308638146560
1257362331975274496
1257362388631912452
1257362392402604040
1257362475856605185
1257362497910255617
1257362523080273923
1257362535877091330
1257362640147537924
1257362707302551552
1257362743897796610
1257362820678680577
1257362914119426060
1257362942435213314
1257363013788733443
1257363076984307716
1257363084366266374
1257363131187236866
1257363214804889608
1257363218642677763
1257363226716786692
1257363256773095431
1257363411916161024
1257363429498683393
1257363429712637956
1257363432426389505
1257363437392445440
1257363475678081025
1257363521446215683
1257363577327009792
1257363600248840197
1257363612894715904
1257363710206717953
1257363894156382211
1257363894521249792
1257363902897283072
1257363919091503113
1257364204543229956
1257364280296570885
1257364288638980099
1257364511058808834
1257364516624576512
1257364686816923650
1257364698581872649
1257364701798903813
1257364720325197824
1257364800226672643
1257364917793042432
1257364920489869323
1257364925959282691
1257365127512363008
1257365198354223104
1257365236165812225
1257365241022812161
1257365351446216710
1257365351769214976
1257365354122280971
1257365375513223168
1257365404361555973
1257365408606294019
1257365450893205505
1257365475916500992
1257365476465872898
1257365593373790208
1257365597169598464
1257365621928583168
1257365647182438401
1257365680652943367
1257365680674025473
1257365693743411208
1257365719173468170
1257365744326717449
1257365822630215681
1257365861767221248
1257365878187966466
1257365911557812226
1257365932487344129
1257365966360580096
1257366095700295686
1257366154278043648
1257366174465167365
1257366235148410880
1257366243591565313
1257366347618701322
1257366388995428360
1257366411141406725
1257366419261530116
1257366423543992327
1257366427813765122
1257366461464674306
1257366482792710145
1257366675625738246
1257366696588988419
1257366728616574978
1257366763458695171
1257366851635548163
1257366867569782789
1257366872334438405
1257366963438878727
1257367048402894849
1257367245120049153
1257367291722977280
1257367350120194052
1257367391782277120
1257367518236356610
1257367560066142210
1257367614231281667
1257367791218438144
1257367793223307265
1257367845220093952
1257367895635562500
1257367912316375040
1257367946650943495
1257367953043005441
1257367958873088000
1257368025549987842
1257368025759723521
1257368029479997440
1257368059628720135
1257368069606948876
1257368118302855170
1257368151345561608
1257368210271338496
1257368331612553216
1257368331901964291
1257368361517842433
1257368423966875654
1257368580628328448
1257368588849164288
1257368751164530688
1257368780033966088
1257368812413992960
1257368860539400197
1257368914717270019
1257368977518538752
1257368978202267650
1257369057000595457
1257369123732021248
1257369171354157056
1257369209044193288
1257369225485746178
1257369261514936326
1257369329600954368
1257369351210127360