1258667955103117312
1258668097264922625
1258668139329531904
1258668189061439488
1258668280773935106
1258668281357099009
1258668339553021952
1258668342862323712
1258668344955281408
1258668437330690048
1258668461343092737
1258668469458853888
1258668518926508032
1258668651022102528
1258668654625001474
1258668659121238016
1258668818009907200
1258668886083469314
1258668889757499392
1258669094217363456
1258669161850515456
1258669178275401728
1258669200047996928
1258669213129928704
1258669250698452992
1258669270340300801
1258669276053090304
1258669300346507265
1258669372920512514
1258669388041007104
1258669497147260928
1258669530760400898
1258669616630554624
1258669661576724480
1258669702408273920
1258669727695716352
1258669740693864448
1258669837712347137
1258669846872510464
1258669912903618560
1258669935477370880
1258669967609716740
1258670106441375744
1258670186065883136
1258670272959389696
1258670357030076417
1258670440307982336
1258670497895571456
1258670584063561728
1258670597359333379
1258670646223085568
1258670688497537024
1258670739575595008
1258670843216838656
1258671002906697730
1258671037862084608
1258671044967178240
1258671112180961283
1258671151288549376
1258671171408728067
1258671309736693763
1258671415315910656
1258671426732728321
1258671523449143296
1258671616055263234
1258671728366096390
1258671733286088705
1258671841469661184
1258671978740764672
1258672010776973312
1258672077524983810
1258672136132063232
1258672186287689728
1258672250066292737
1258672367330418688
1258672380739715072
1258672460167340032
1258672614551113730
1258672644016295937
1258672651855413248
1258672684998619136
1258672748223762433
1258672823532507138
1258672840821420033
1258672893325725696
1258672988288946176
1258672991401054210
1258673000125132800
1258673071906488322
1258673143423565824
1258673238999281666
1258673334818082817
1258673344813113344
1258673461360160768
1258673470092857344
1258673532101427200
1258673669926199299
1258673687567491075
1258673708178210816
1258673740801626112
1258673793972617216
1258673804932288512
1258673918786838531
1258673943986257920
1258674140334063617
1258674156977229825
1258674246584328192
1258674292323004416
1258674302079176704
1258674379644211202
1258674405099659264
1258674586243063809
1258674597647593473
1258674619436892160
1258674673635688448
1258674880742113281
1258674983582052352
1258675151052431360
1258675414932893696
1258675587234664449
1258675601424232450
1258675629408518144
1258675805393125378
1258676195916480514
1258676241437085696
1258676305287098368
1258676460782366720
1258676515396444160
1258676523541819393
1258676525290881024
1258676567624036356
1258676670476824576
1258676728634826752
1258677043933450242
1258677164775559169
1258677285898588161
1258677299907424258
1258677374784163841
1258677412935553024
1258677541990043649
1258677577293737985
1258677596218417159
1258677624705957893
1258677681362800641
1258677794839633920
1258677797045723138
1258677831313358849
1258677895360319488
1258678103351623680
1258678238873870337
1258678337708457984
1258678350849224706
1258678375838879745
1258678731264139265
1258678841456971776
1258678944963989505
1258679089659076609
1258679116397764608
1258679152535834625
1258679395486744576
1258679418706448393
1258679458636222465
1258679493125976064
1258679539259133952
1258679593189376000
1258679598033833985
1258679780922109952
1258679799008178176
1258680071734259718
1258680074674540544
1258680084443078661
1258680132270768130
1258680251883810822
1258680252710227969
1258680277448212483
1258680331571548160
1258680758585233409
1258680805733412864
1258681049401393158
1258681054262472704
1258681098369892352
1258681249381724160
1258681345624223744
1258681347092221952
1258681372027219968
1258681480311640064
1258681486066229248
1258681534837637120
1258681602739245057
1258681619067486209
1258681727884521472
1258682252642398208
1258682265359523841
1258682563670966273
1258682587532480512
1258682675377782786
1258682789257502721
1258682944690049026
1258682949874171906