1263243104661970944
1263243108759883778
1263243113864151041
1263243118209634304
1263243143815847937
1263243180511805441
1263243201055465475
1263243209725091842
1263243243384221696
1263243256235769856
1263243279736414214
1263243290029195270
1263243302360551429
1263243323361255425
1263243327220191233
1263243348145364993
1263243574885392386
1263243707949727748
1263243746277306369
1263243757392035840
1263243797535830021
1263243968269234177
1263244028440719367
1263244031750012929
1263244035801612288
1263244057326710784
1263244060749295617
1263244068823465989
1263244081976741890
1263244136347566080
1263244158103252993
1263244258716368896
1263244292002201603
1263244388102103040
1263244410894106625
1263244418108272647
1263244446780526592
1263244468938924033
1263244652662018048
1263244664779530241
1263244786825297921
1263244822837633025
1263244862209613826
1263244870719766528
1263244882132508672
1263244885886480389
1263244888038092803
1263244930278993924
1263245008607383552
1263245014022230016
1263245046851108866
1263245076488163331
1263245111615320064
1263245114547204096
1263245130699550721
1263245135443300352
1263245146272993280
1263245163914162176
1263245180821475331
1263245185384951815
1263245193534414849
1263245197783306241
1263245201897926658
1263245248593043457
1263245315521552384
1263245345158553600
1263245415778050049
1263245625727959040
1263245636683599872
1263245641326587904
1263245671211171846
1263245675506159616
1263245675845742592
1263245697312329728
1263245713460297728
1263245742652735491
1263245781072412673
1263245835669778433
1263245881404342272
1263245927281762309
1263245985775407104
1263246066322989063
1263246086539374592
1263246183624880129
1263246184296206336
1263246212284723200
1263246213580718083
1263246229389139969
1263246263517995008
1263246267179769864
1263246536059891715
1263246598957682701
1263246601302106112
1263246607455334401
1263246626346459137
1263246670009171970
1263246692096360449
1263246702502428676
1263246737487081472
1263246799755763712
1263246850355687424
1263246971684507653
1263247005993897984
1263247064068210689
1263247072360357888
1263247072502992907
1263247164391731200
1263247164584517632
1263247191566581761
1263247308097011718
1263247328774938624
1263247387092348929
1263247408596750337
1263247433175351296
1263247529950486531
1263247613735735297
1263247630252994560
1263247697932402688
1263247732464123911
1263247736943415296
1263247752563167233
1263247895190536194
1263247962014019584
1263248062887100416
1263248067127631873
1263248112333840385
1263248135746355202
1263248150501916674
1263248159330963458
1263248193178841089
1263248201672507392
1263248334732406784
1263248350955986944
1263248382669156352
1263248490404012033
1263248507214987265
1263248511367294978
1263248513275703297
1263248582779351041
1263248591403048967
1263248692506537984
1263248703831240705
1263248758831304705
1263248880331894788
1263248993196392448
1263248997600329729
1263249081884913664
1263249111756791818
1263249157042642944
1263249181713580033
1263249203666583557
1263249215792254977
1263249249422229506
1263249300437549058
1263249315448971265
1263249346344054784
1263249430578204672
1263249438497103872
1263249530885009408
1263249585465552898
1263249648287965184
1263249702881017862
1263249753124622342
1263249836683321344
1263249853544493056
1263249887149404161
1263249899279302656
1263249912541720576
1263249953872384001
1263249971282763776
1263250038291038208
1263250166846554114
1263250182038306817
1263250197330694149
1263250235746217984
1263250265412521984
1263250271125323778
1263250281464303617
1263250323390345216
1263250453640421379
1263250512075534337
1263250646934921218
1263250667080224768
1263250705290321923
1263250751628775425
1263250763968647172
1263250775972745217
1263250818863493121
1263250889390899202
1263250889999093760
1263250953408524291
1263250974602178561
1263250977098027008
1263251016721588228
1263251032722804738
1263251044814880768
1263251087072669702
1263251131314114560
1263251150385577993
1263251166571433986
1263251199849005058
1263251254253240320
1263251279490547715
1263251296041271296
1263251367961006083
1263251418057543680
1263251430191882242
1263251500463083520
1263251527315140610
1263251543526162432
1263251627986882562
1263251728436264963
1263251736413630464
1263251762569453573
1263251766155632642
1263251837035122688
1263251841955102726
1263251863178055680
1263251927472758785
1263251938742845446
1263251942073040904
1263252007755886592
1263252063833784323
1263252131655622659
1263252248085303296
1263252273855180802
1263252294109446156
1263252298836262913
1263252319199809536
1263252323788222464
1263252349419585536
1263252391706664960
1263252550649876481
1263252575815680005
1263252634888069120
1263252670896156672
1263252802647687170
1263252815100514306
1263252991177605120
1263253044956979202
1263253070349139968
1263253134589247488
1263253142000418816
1263253198661464064
1263253230861123584
1263253234036211713
1263253267892535296
1263253297336590340
1263253314134839298
1263253322150170626
1263253364198068229
1263253394292199424
1263253400466194432
1263253402773008391
1263253415137882113
1263253431541567488
1263253448373334016
1263253461614727171
1263253464420761600
1263253486549921792
1263253503134310400
1263253636496441347
1263253645165903873
1263253658344452096
1263253662354243585
1263253862850465793
1263253934698901506
1263253969394163713
1263254056576995328
1263254093700743168
1263254150483267584
1263254202941349888
1263254210801532930
1263254325201113088
1263254462849835010
1263254483561259010
1263254530592051201
1263254535088242696
1263254601182195713
1263254651392024576
1263254726390329344
1263254752206499840
1263254756375420928
1263254769772171264
1263254802651213826
1263254828462903301
1263254828534452224
1263254840928546816
1263254887434989568
1263254907487948801
1263254931567501314
1263254962441580547
1263254973745377280
1263255012949594112
1263255026014785539
1263255037788196867
1263255154876350465
1263255168423997440
1263255201936523264
1263255305900752896
1263255360376315904
1263255558079086593
1263255562952650752
1263255579222564864
1263255679017594882
1263255713452826629
1263255745841123328
1263255816200732673
1263256003182686208
1263256048699355138
1263256060669775872
1263256069112987649
1263256119482347520
1263256140306984960
1263256144711241730
1263256192110952451
1263256241662558210
1263256307219361794
1263256418104164353
1263256452405227520
1263256544642285569
1263256551546028032
1263256559670394882
1263256564011397121
1263256585566138370
1263256627492163585
1263256672853561346
1263256681645051904
1263256692076294146
1263256870543863808
1263256915527831553
1263256917050142721
1263256967520243712
1263256968585777153
1263257139541274625
1263257181287153665
1263257190196031488
1263257244436705286
1263257256814149637
1263257277999583232
1263257309817516035
1263257390406946818
1263257466285907968
1263257482228649989
1263257549610070022
1263257625757487104
1263257634708185088
1263257646603407360
1263257692375662592
1263257700789481473
1263257722897575936
1263257751909732352
1263257801356382211
1263257864740630528
1263257902241976321
1263257952879669248
1263257990758531074
1263257995363749890
1263258009347796994
1263258044160344064
1263258066201567233
1263258121289584640
1263258141107650561