1256946698988875777
1256946716928028673
1256946745650696193
1256946758728314887
1256946799295762439
1256946816597327874
1256946878266126336
1256946908817436674
1256947047103557632
1256947051478343683
1256947096898301955
1256947098110455809
1256947105953767425
1256947112933285895
1256947116871684097
1256947321172099072
1256947340348403712
1256947350595133440
1256947395876786178
1256947626974556161
1256947667327840256
1256947689050312705
1256947761104257024
1256947816800362497
1256947818293604354
1256947886904016896
1256947891039604739
1256947953853509633
1256947962997080064
1256947969921814529
1256948049794027520
1256948062469140480
1256948070555676673
1256948091976134656
1256948129284476930
1256948284322492417
1256948617081847808
1256948662346940418
1256948704696766467
1256948884536000513
1256948956442984449
1256948989079019520
1256949081659801601
1256949141386731522
1256949270873362433
1256949303110701056
1256949374883520512
1256949408798662657
1256949417728491521
1256949458966843392
1256949506190475266
1256949614361575424
1256949645353385985
1256949668686082048
1256949706065948673
1256949736982142987
1256949774781001729
1256949826048188417
1256949865310871553
1256949980222222338
1256950025118257153
1256950167749697542
1256950172279615489
1256950180462637057
1256950243582754816
1256950331390525447
1256950343671394306
1256950388298842116
1256950402794356736
1256950423530995712
1256950425078685698
1256950433941278724
1256950445068541953
1256950519819571201
1256950608583671808
1256950622185816064
1256950751294746624
1256950793195970560
1256950843414163456
1256950893804752900
1256951044661182464
1256951153557995521
1256951196193038336
1256951266657402880
1256951280213295106
1256951321388875776
1256951355232616448
1256951355769380870
1256951359175262208
1256951367702327296
1256951401223159809
1256951422517682176
1256951472454918145
1256951523344437249
1256951606865735680
1256951636129439749
1256951636469129216
1256951648678670336
1256951683491303424
1256951761618649088
1256951799753441281
1256951821299519490
1256951879424192513
1256951980947386369
1256952013662846976
1256952026669346816
1256952045283807232
1256952085557411840
1256952093711073281
1256952130893746176
1256952219674349568
1256952248917086209
1256952311357665283
1256952358531215361
1256952445755891712
1256952466240929794
1256952537711869952
1256952627700609031
1256952768788459521
1256952874308972545
1256952966340325376
1256952982777798656
1256953062360592384
1256953083596173318
1256953117364518913
1256953201078779908
1256953221995610113
1256953229620977667
1256953263867326464
1256953384827060224
1256953418238709760
1256953462295875585
1256953482847928320
1256953552536170497
1256953565731586049
1256953590901604353
1256953695650164742
1256953720585310209
1256953762469556224
1256953846078730241
1256953850512080896
1256953879826137090
1256953905532960781
1256954010369589253
1256954037720711169
1256954058365038593
1256954111389564929
1256954163021459458
1256954168239104001
1256954199029493767
1256954200292052992
1256954232583991297
1256954237705162754
1256954324414083079
1256954420736204807
1256954446191435776
1256954566664486913
1256954608708190212
1256954689716969474
1256954722692534272
1256954769047986176
1256955000342958080
1256955008915890176
1256955037835685888
1256955067405684739
1256955104269393922
1256955184279965696
1256955221701427209
1256955245176827906
1256955328484323328
1256955361036103681
1256955441986371584
1256955508054949890
1256955528338567169
1256955662849933320
1256955826348097542
1256955851421745154
1256955931981680640
1256955981935804417
1256956013997174785
1256956027603496961
1256956122843344898
1256956159241658368
1256956174634754048
1256956212761038855
1256956344453775361
1256956380365324288
1256956435105275905
1256956467841662976
1256956484744871943
1256956572829396994
1256956589782847489
1256956606639718401
1256956653255131138
1256956657235423237
1256956688474624000
1256956709559578636
1256956710855548930
1256956753952018434
1256956806808682498
1256956895551787008
1256956908637995015
1256956912710692866
1256956941965934593
1256956971963613184
1256956982432538624
1256957017815527424
1256957063110037507
1256957184782499840
1256957209340260354
1256957336700309505
1256957357126549504
1256957516707176448
1256957573384765440
1256957617525731329
1256957670315171841
1256957676002697219
1256957730499289093
1256957735989469190
1256957751873474560
1256957764913500161
1256957768797388801
1256957780260511745
1256957781770481664
1256957822568448001
1256957834308325385
1256957907171717120
1256957998930550786
1256958002847977474
1256958003439263745
1256958039724261383
1256958045478764549
1256958124570882048
1256958157907283970
1256958166388146179
1256958205189644289
1256958279483191299
1256958296503828481
1256958410647535617
1256958489198383105
1256958653820817409
1256958661223747584
1256958690784997377
1256958706744352769
1256958854400802817
1256958964811603969
1256958993567756289
1256959115416473602
1256959148438274048
1256959206541983745
1256959223096885248
1256959311491858433
1256959375308185603
1256959444014907392
1256959445583699968
1256959446145740800
1256959576756219904
1256959675410419712
1256959676169752576
1256959693894725635
1256959773821394944
1256959782306668545
1256959785297219586
1256959843153448962
1256960020085784576
1256960074813255682
1256960155079639047
1256960330569302016
1256960450895458304
1256960452753588225
1256960507443138562
1256960612967448578
1256960654159814660
1256960656307339267
1256960670446346242
1256960695612116992
1256960783545663496
1256960826625478658
1256960905826324481
1256960918874980352
1256961005885718529
1256961015163555842
1256961015222132736
1256961047958712321
1256961170503806978
1256961194482495489
1256961215810670592
1256961219728211968
1256961221737111557
1256961430449827842
1256961437580382214
1256961463052308482
1256961626219175937