1266293238018662400
1266293281593323521
1266293286366375938
1266293328888225793
1266293365819097089
1266293383238021122
1266293386631245826
1266293404280840194
1266293445955432448
1266293516004585472
1266293600486219776
1266293600830107652
1266293676268912641
1266293694602162180
1266293730580955136
1266293764416405504
1266293836646498307
1266293974009970693
1266294015969787904
1266294044176482312
1266294190163410944
1266294295905984515
1266294318718873600
1266294359806205954
1266294373106343940
1266294473828397056
1266294499988262912
1266294633690103808
1266294923197734913
1266295110796337152
1266295127930068992
1266295152751996929
1266295309392465921
1266295387679109120
1266295498052210696
1266295659197431814
1266295678088560641
1266295815703691264
1266295967009042433
1266296005751795716
1266296037376790530
1266296168188743681
1266296319720579078
1266296360086597640
1266296415715647489
1266296461752365059
1266296555021012992
1266296697400913920
1266296881153335296
1266296923658416128
1266296953165340673
1266296993795592192
1266297044999630853
1266297087580205057
1266297100020506625
1266297287648538624
1266297389674946561
1266297560462843904
1266297623335452672
1266297778428207108
1266297822430654469
1266297996615933957
1266298005558226945
1266298017952305152
1266298035446792193
1266298310333095942
1266298697530224642
1266298780883673088
1266298995632009216
1266299045921779716
1266299127974912005
1266299168399613952
1266299246849884160
1266299285101875202
1266299347248922626
1266299402274013184
1266299601193021441
1266299601302065153
1266299649586950148
1266299736920711169
1266299955121057793
1266300039367782400
1266300090538356742
1266300140303773699
1266300144263114758
1266300194045308930
1266300249254985736
1266300357845479424
1266300430847324162
1266300451483291652
1266300455560200193
1266300645537021954
1266300668651794436
1266300675815641088
1266300680135827456
1266300693268148224
1266300853448609795
1266301080998080512
1266301155350478853
1266301175768338432
1266301238963892225
1266301255715979271
1266301399802904589
1266301544833576966
1266301603562221573
1266301758784933890
1266301831090548736
1266301890087669761
1266301944328359936
1266302044798808065
1266302050645630978
1266302087521947650
1266302189888131076
1266302220531757060
1266302498043617286
1266302506088333313
1266302569174822913
1266302635029622791
1266302757398474753
1266302917360771078
1266302920447807490
1266303046151073796
1266303138568351744
1266303143341469698
1266303193459208194
1266303238447312896
1266303259884412929
1266303261268561920
1266303441879490565
1266303486951485440
1266303512901648385
1266303579477794816
1266303623664828418
1266303633571733505
1266303637942239232
1266303709333446658
1266303872844263425
1266303948983431169
1266304065467633665
1266304073889767429
1266304082475540482
1266304334175690752
1266304363619684353
1266304676670009346
1266304840591831041
1266305247707684864
1266305296101711873
1266305432068321281
1266305505674227714
1266306068520583168
1266306083347456000
1266306184450981888
1266306197747118080
1266306228868665345
1266306259348852737
1266306297852579840
1266306351942246406
1266306477410660352
1266306566472568833
1266306573967728640
1266306734534135809
1266306880290410498
1266306891610836993
1266306976474112001
1266307036041678853
1266307060469202944
1266307073937158145
1266307187426521088
1266307249191792640
1266307251523907584
1266307379316035584
1266307424626987008
1266307601920376832
1266307630429024256
1266307706148868097
1266307866887143430
1266307901498421254
1266307991613190149
1266307992682545152
1266308126095011840
1266308282651721731