1258758589067517953
1258758692717068290
1258758731292012544
1258758752066572288
1258758856286580737
1258758882173878272
1258758894479986689
1258758898850213889
1258758966982688770
1258759041607766016
1258759041787949058
1258759106652966912
1258759110906056704
1258759211217018882
1258759217231650817
1258759293139947522
1258759481103540229
1258759498921107458
1258759523403104258
1258759595331387392
1258759741846835206
1258759795403829249
1258759813837848582
1258759901637197825
1258759926572363781
1258759939096489984
1258760064829030402
1258760073163276291
1258760086060703746
1258760164796137474
1258760236246106120
1258760249256955907
1258760265681776641
1258760320820150272
1258760325215727626
1258760325903478785
1258760356291325959
1258760588970385411
1258760594003542019
1258760681739956225
1258760730750394370
1258760739889778688
1258760860899704832
1258760950712238081
1258760954092728320
1258761004583997441
1258761020086063104
1258761082530869249
1258761117196849154
1258761184750125056
1258761193327476737
1258761211082158082
1258761212202029057
1258761239578247169
1258761319160971264
1258761373242310657
1258761453202313216
1258761484068216834
1258761494956855301
1258761503039090688
1258761513978023937
1258761542134165504
1258761554331348993
1258761589915705344
1258761603954049024
1258761629145194496
1258761638536192002
1258761671214071808
1258761747290304513
1258761781071294466
1258761834183700481
1258761860377182210
1258761915196682241
1258761957139779585
1258761982418845696
1258761985581334530
1258761994624253953
1258762048755900417
1258762288091160576
1258762334077501440
1258762342504042502
1258762430462771202
1258762477510299648
1258762527346954247
1258762532983959552
1258762533827198976
1258762577166782464
1258762606405455874
1258762635857846272
1258762648440590336
1258762692745031680
1258762723736915975
1258762736848252930
1258762762399948800
1258762769735835653
1258762929811292160
1258762935972872192
1258762976062066688
1258763080181391360
1258763164432371718
1258763176080027653
1258763286473916416
1258763395593121793
1258763410436653056
1258763466627842050
1258763533027868674
1258763615047475201
1258763626204278784
1258763628586708994
1258763659561451521
1258763696853180416
1258763711109648385
1258763806609739776
1258763823449665538
1258763883826855937
1258763885919662081
1258763902860525568
1258763917842509824
1258763961111019522
1258763999102947329
1258764024264552450
1258764053297745921
1258764070506967043
1258764116308758529
1258764207262175232
1258764208608428032
1258764267261620227
1258764317396209669
1258764376959401986
1258764413978513408
1258764469150326784
1258764484887433218
1258764490436468737
1258764494064553985
1258764557117321219
1258764607696576512
1258764640869285889
1258764652000968705
1258764707617529859
1258764745462644736
1258764754371428352
1258764756678303746
1258764779029704705
1258764858323021825
1258764960496332803
1258764985112690690
1258765043807793153
1258765071477551105
1258765085801172992
1258765131904737282
1258765224162652160
1258765236070481923
1258765244815548416
1258765341032882177
1258765370250481665
1258765433181745158
1258765441800994817
1258765442061131778
1258765488940670978
1258765537817083907
1258765550886371329
1258765600870055937
1258765624555298816
1258765639310696454
1258765755937669126
1258765764888166406
1258765773717241856
1258765811642228736
1258765865245274117
1258765865702522880
1258765940726157316
1258766003548426240
1258766006702370817
1258766046326140930
1258766070812413953
1258766107873329153
1258766125569056769
1258766159408660481
1258766248189595650
1258766354267672576
1258766427970027520
1258766494789365761
1258766511184936963
1258766583331123201
1258766696417918981
1258766712490668032
1258766755067039744
1258766797102350336
1258766801208438785
1258766909517869057
1258766914161192965
1258766974122954753
1258766989960507395
1258767064560537600
1258767137427996672
1258767161784299520
1258767182567288832
1258767232525623303
1258767232575963140
1258767261617266688
1258767272891396096
1258767308710981638
1258767325215354880
1258767333415321602
1258767345146880003
1258767384724324353
1258767409495724032
1258767427606851584
1258767429716582401
1258767445952692225
1258767471588196355
1258767488684306432
1258767543617171462
1258767610545504258
1258767648235683844
1258767652324958208
1258767677830696960
1258767686475055104
1258767689998352385
1258767719220076545
1258767753432969218
1258767778489696256
1258767786437947392
1258767873566224385
1258767895426973698
1258767921670754308
1258767975773024261
1258768110020177932
1258768148188106755
1258768348885573632
1258768431970758656
1258768466607128579
1258768478447841281
1258768495334109184
1258768602519547904
1258768637730500608
1258768654381879296
1258768667866796034
1258768705217073158
1258768729787240448
1258768759197765633
1258768919499812864
1258768977624477697
1258769124332908545
1258769200388214786
1258769263176933376
1258769283577978882
1258769313613348864
1258769351378780164
1258769388385251330
1258769449613766657
1258769451723481091
1258769527103541248
1258769617893326848
1258769671697895424
1258769676995301377
1258769775230140418
1258769788102414336
1258769862614224901
1258769906771910657
1258769912274849792
1258769925738508288
1258769934487871493
1258770127564267522
1258770177727946752
1258770253166903296
1258770278055727104
1258770281092481034
1258770290454208512
1258770353490452480
1258770357646790657
1258770394766553091
1258770421152956418
1258770424399376385
1258770436386705409
1258770437997297665
1258770504367902720
1258770629861359616
1258770642444390406
1258770828839342082
1258770835596328960
1258770932853870593
1258770940759924736
1258771066928992257
1258771087019642886
1258771095542550529
1258771159417528320
1258771167504105477
1258771179390808064
1258771233996517376
1258771344566730752
1258771347678920705
1258771362988077056
1258771434240958464
1258771456604819457
1258771711148908546
1258771720992952320
1258771737837264902
1258771771349704707
1258771856980664321
1258771863339180034
1258771902853713925
1258771926006333440
1258771997485666304
1258772060932845569
1258772119208501248
1258772249320001536
1258772278554304512
1258772606095970309
1258772651935502337
1258772743509737472
1258772764179169291
1258772930919641088
1258772987966189569
1258773071273635842
1258773088100995073
1258773146632675331
1258773283584999424
1258773306364301312
1258773335300866048
1258773374395957250
1258773427776712706
1258773444872847361
1258773520290590722
1258773574476869634
1258773583150460928
1258773625605218304
1258773633591377923
1258773637282304002
1258773649164771331