1263726310200926209
1263726467789316097
1263726612765278209
1263726637725691904
1263726649196986369
1263726666410491904
1263726695137320962
1263726791912501254
1263726804499603457
1263727015141744640
1263727117533089792
1263727139028951040
1263727195203284992
1263727254384803841
1263727358139404288
1263727392033583105
1263727440762826752
1263727544035139587
1263727564645859330
1263727568185888768
1263727589794836480
1263727623341060096
1263727727850459136
1263727748972863489
1263727790798458881
1263727795118751745
1263727801363914752
1263727831797960705
1263727845605609472
1263727876291153923
1263727878698446848
1263728016598933505
1263728332497137664
1263728489376563201
1263728553495060480
1263728570196688896
1263728607588827137
1263728612722827264
1263728616367669248
1263728650509258753
1263728759867236353
1263728882185908224
1263728883607601152
1263729002784620544
1263729070241611784
1263729128362016773
1263729131839262720
1263729136784343044
1263729189896757249
1263729200206397441
1263729224302555136
1263729367643029504
1263729396562550784
1263729484282413056
1263729498895249408
1263729588875735040
1263729590280822784
1263729598614953984
1263729644328685568
1263729790600671235
1263729790684508161
1263729942493200384
1263730060181282817
1263730060617539584
1263730097548378116
1263730119056732163
1263730126086340608
1263730196760473600
1263730232017682432
1263730295234125830
1263730343976173568
1263730412288950273
1263730441439318017
1263730453992951808
1263730462733852672
1263730509974138880
1263730529003700224
1263730729697120256
1263730747203973120
1263730797913214976
1263730836366487557
1263730873125482496
1263730885762875392
1263730923671085056
1263730939731066880
1263730950782849024
1263730987961286656
1263731069993402368
1263731179808751617
1263731263686324226
1263731309568053250
1263731372688056321
1263731401041629188
1263731426693984256
1263731435577446400
1263731609561378816
1263731633989079040
1263731745616130048
1263731939011432448
1263731944858288128
1263732000847917056
1263732065259798528
1263732261494685696
1263732270453710848
1263732275533025280
1263732342574559232
1263732372320608262
1263732387587870720
1263732391962488832
1263732407720648704
1263732408828022784
1263732484874928129
1263732556337315840
1263732848843829249
1263732877939834880
1263732899821637632
1263732978007642112
1263733175680819200
1263733213605789697
1263733286225842176
1263733297722638336
1263733437812408320
1263733496033370112
1263733583425961985
1263733612706320385
1263733632616841216
1263733728637063168
1263733835486855168
1263733836090753025
1263733845939105792
1263733868231712768
1263734079087935488
1263734104291446785
1263734135711023105
1263734186353049601
1263734430155157506
1263734438703386624
1263734543132983296
1263734564054274048
1263734573155913729
1263734674112692224
1263734765213097984
1263734770007040000
1263734802152394752
1263734853083598849
1263735103970324480
1263735107535454208
1263735239437881350
1263735415229558789
1263735701142597632
1263735709820768256
1263735952675127299
1263736002457321476
1263736057947807752
1263736112641716225
1263736120027893760
1263736145067769857
1263736224662958080
1263736352052568064
1263736452652900354
1263736489231310848
1263736564301119489
1263736658308063232
1263736670030983168
1263736745457332226
1263736869952634881
1263736992522625027
1263737005508374528
1263737161343516672
1263737199239061509
1263737256822571008
1263737261855846401
1263737273482465280
1263737285725560833
1263737308676714497
1263737340217917441
1263737376670531584
1263737421130276865
1263737440956641285
1263737476440457217
1263737593197363200
1263737693864964098
1263737731424964608
1263737810089107456
1263737828518830083
1263737852283609088
1263737869807636480
1263737927261093888
1263738037726351361
1263738040754688000
1263738041878876162
1263738112246714369
1263738129632149504
1263738161806446595
1263738247601106944
1263738306933604352
1263738314386890754
1263738330279055360
1263738389406396416
1263738390140170240
1263738415222267904
1263738461263204353
1263738463691714561
1263738510953066496
1263738613071831040
1263738675638284288
1263738691794735115
1263738934942629894
1263738939766079488
1263739014877609984
1263739207102717952
1263739262421385216
1263739287859687424
1263739346122874880
1263739352812675072
1263739429706846208
1263739512938692609
1263739560338620416
1263739602227126272
1263739617016086528
1263739676969578497
1263739760545316865
1263739777158918144
1263739795173490688
1263739816090320897
1263739846272696321
1263739890472083463
1263739899234193409
1263739966368161792
1263739983397036032
1263739999058616322
1263740032743022592
1263740046558900225
1263740126947151872
1263740196660695040
1263740252629368833
1263740265203826694
1263740313669177344
1263740465972760579
1263740513120854016
1263740553834921984
1263740578648424448
1263740800636276736
1263740822962548738
1263740952268681216
1263740978004807680
1263741032350416896
1263741032585445376
1263741082027855873
1263741128207106048
1263741152940916736
1263741250504552449
1263741350366732288