1266580096829325318
1266580206342615045
1266580231697006594
1266580303209992193
1266580316010934272
1266580332247203841
1266580499884961793
1266580595477381125
1266580647293997056
1266580676465344512
1266580724565471233
1266580848536694791
1266580910922555392
1266581048822882306
1266581088115126276
1266581212920864769
1266581241819791360
1266581280029884419
1266581285251637250
1266581289148317697
1266581428424204288
1266581430039048193
1266581578429468672
1266581603385405441
1266581640211582978
1266581720729554944
1266581729394876416
1266581745694105600
1266581901440999425
1266581989060214790
1266582035998691328
1266582048124395523
1266582067489509376
1266582149970317313
1266582153485115392
1266582224096256001
1266582239766286337
1266582243134357506
1266582277976256519
1266582282720161793
1266582336663142400
1266582416371732486
1266582471224758272
1266582500450676737
1266582564157837312
1266582567748329472
1266582568151011329
1266582571585957888
1266582588111630337
1266582626447396866
1266582650942377989
1266582739463143424
1266582852822380549
1266582953322147841
1266582968438382593
1266583171186950144
1266583255433785345
1266583340058120199
1266583427081355264
1266583451035209729
1266583506932699137
1266583532970717184
1266583536779354113
1266583569645764614
1266583595419918337
1266583603816935425
1266583612499144704
1266583620501700608
1266583637425881088
1266583662662828032
1266583683466760192
1266583712751325184
1266583777461010434
1266583936790138886
1266583955962302464
1266584069309153281
1266584103501119489
1266584182534406144
1266584324067000321
1266584454803447808
1266584732671684610
1266584773616492547
1266584786212196355
1266584912875917319
1266584924741664769
1266584970346233856
1266584998917795840
1266585116375232513
1266585134934917121
1266585222683824128
1266585378334609409
1266585416829992960
1266585424794959873
1266585474099023873
1266585520131444738
1266585627023286273
1266585708959019008
1266585830577102848
1266585868191649793
1266585984990359552
1266586078561144832
1266586158760255488
1266586202960007168
1266586224761942016
1266586276641353728
1266586401014857728
1266586414222848000
1266586438616977408
1266586510289182723
1266586531579547649
1266586547933138961
1266586606531739653
1266586686399680513
1266586688916262912
1266586761507061761
1266586778628165633
1266586790867025922
1266586863101452288
1266586871603310592
1266586891618574337
1266586904213860358
1266586907154305027
1266586996279054340
1266587030689062912
1266587048049336320
1266587116210774019
1266587206896017408
1266587432608202753
1266587554238935040
1266587646299643904
1266587747487227904
1266587756110774272
1266587757243101184
1266587793729490944
1266588007534153729
1266588035979915264
1266588041122066433
1266588091424346112
1266588114719391745
1266588558137180161
1266588666249412608
1266588729386299392
1266588754094854146
1266588809098977280
1266588903672369154
1266588909284159488
1266588976711979008
1266589144022691840
1266589169729409030
1266589434239016961
1266589442648576001
1266589547258757120
1266589564447141890
1266589736430448646
1266589761134825478
1266589846501576705
1266589861454077952
1266589876335583233
1266589956090232833
1266589958422265857
1266590180963545088
1266590239897849856
1266590348228341760
1266590365059936257
1266590473746931713
1266590523965538306
1266590600356401153
1266590738621493253
1266590746905198593
1266590838248759296
1266590864714973185
1266590866442981377
1266590910218985477
1266590960609136642
1266591013897936898
1266591095586258945
1266591213412630528
1266591229162041349
1266591287937060873
1266591291556499458
1266591397806657536
1266591489729032192
1266591524873265157
1266591631257501696
1266591665122349056
1266591686278500352
1266591703428784128
1266591778909696005
1266591828238794752
1266591850531557382
1266591984468312064
1266591988616478720
1266592009738911746
1266592147077124096
1266592235866304512
1266592390946500608
1266592412090142720
1266592432373878786
1266592504171819010
1266592517031673857
1266592541366861832
1266592580218892288
1266592743012237312
1266592814500020224
1266593146319908866
1266593296513593344
1266593405292826632
1266593459709845504
1266593703302508545
1266593825646133251
1266593937743118336
1266594144618786818
1266594324923535361
1266594328018915328
1266594331755974656
1266594345744023553
1266594500610347009
1266594924050501632
1266595095656136706