1265432570361241603
1265432582411317248
1265432671037132800
1265432674069630982
1265432687075946496
1265432687550005249
1265432694818615297
1265432741266554886
1265432812867420163
1265432825198592001
1265432866713985027
1265432938084270085
1265432955918442496
1265433038655295489
1265433050822791168
1265433081365831680
1265433131613552644
1265433143592574978
1265433185829060612
1265433249511342080
1265433265609101323
1265433270730338308
1265433424627630080
1265433508152999937
1265433539035758592
1265433542563188736
1265433580554969089
1265433584086781952
1265433584208396297
1265433585034694664
1265433617368375297
1265433638285594624
1265433655653969920
1265433669038211072
1265433674834538496
1265433688847728640
1265433705406885888
1265433739557056520
1265433786956857345
1265433874600988672
1265433895107014656
1265433899779477508
1265433940677898240
1265433986043609089
1265434038468296704
1265434041202991104
1265434080205668352
1265434120508882946
1265434200766808069
1265434238712721415
1265434246870634498
1265434280479637505
1265434297269248001
1265434343100559362
1265434410603753477
1265434434414747655
1265434438831308800
1265434456086556672
1265434456619388939
1265434464668221442
1265434469865046016
1265434490182053888
1265434548592095234
1265434578422038531
1265434583224528897
1265434583610335232
1265434590950445057
1265434629353254912
1265434641223372806
1265434650530512899
1265434663226572806
1265434749440532481
1265434788581818369
1265434892764094464
1265434900896899079
1265434905283969025
1265434939757072384
1265434943624294402
1265434960426647552
1265435052105760768
1265435120116232192
1265435162592063488
1265435174235451397
1265435198805737472
1265435224789450753
1265435236927758337
1265435241524727809
1265435291009024005
1265435325352095747
1265435342041014272
1265435359539793920
1265435429756702721
1265435513307226118
1265435521985150977
1265435526703742981
1265435550984495104
1265435559654277120
1265435611143507969
1265435652360933376
1265435667896696834
1265435668181929984
1265435690243780608
1265435706584899584
1265435769482739712
1265435811199279106
1265435826047127552
1265435861602033665
1265435873895690240
1265435988052099076
1265435988139991040
1265436038362804232
1265436083006947329
1265436084000915457
1265436099037392896
1265436114719916037
1265436147880210432
1265436151927566337
1265436155069321216
1265436155652210689
1265436172513349633
1265436176535691264
1265436227152621568
1265436297499295744
1265436319267852293
1265436331913723905
1265436339715166208
1265436427510255617
1265436436981067777
1265436441305214976
1265436449651986432
1265436461517635596
1265436461932802050
1265436465359499265
1265436479125426176
1265436483118301187
1265436529415127047
1265436542065131521
1265436545449897984
1265436563745517569
1265436575225147393
1265436592715554818
1265436612818853895
1265436629470232577
1265436734986375168
1265436742976303106
1265436768125493249
1265436784625885187
1265436784726597632
1265436785477214208
1265436855476109312
1265436890183929856
1265436902364192775
1265436936405049344
1265436960438521859
1265436961097089024
1265436990289444864
1265437027769520128
1265437150335643650
1265437233160601601
1265437241154973698
1265437388609933313
1265437434768240640
1265437438962470912
1265437463817760768
1265437473393512449
1265437527126814720
1265437594004979714
1265437631816495104
1265437719917928448
1265437805230112769
1265437810066173952
1265437813320884232
1265437845973598216
1265437883617378305
1265437913040523264
1265437921043251206
1265437947626651656
1265437992308609028
1265437992325349378
1265438031223414790
1265438148026302464
1265438152669315072
1265438160772902922
1265438164254167040
1265438185078824960
1265438195078049804
1265438197904965632
1265438215617409029
1265438261243195395
1265438309058297859
1265438366016864256
1265438387131080710
1265438416008863745
1265438526306484224
1265438529825505280
1265438575165943809
1265438592391761921
1265438601443020801
1265438646959816705
1265438671437627393
1265438687036391425
1265438697945575424
1265438705633775616
1265438709781942272
1265438730560602118
1265438819727183872
1265438828262760448
1265438892628627457
1265438945090756609
1265438948798668802
1265438986845241344
1265439002892464129
1265439092797517825
1265439096740118531
1265439137903108096
1265439204726632449
1265439221898231813
1265439248154365952
1265439280429707265
1265439313849995266
1265439352814997505
1265439376957411328
1265439381608898566
1265439389913661441
1265439453012729857
1265439532671029248
1265439604255133697
1265439653836046336
1265439755283685376
1265439778935201792
1265439783377084416
1265439813894918145
1265439819267784709
1265439821708709888
1265439842508271616
1265439880672206848
1265439883272826881
1265439909483024386
1265439922443427848
1265439926650355712
1265439967418949633
1265439993515966464
1265440097769488389
1265440106569031681
1265440118606831620
1265440157387366400
1265440260743409664
1265440266435137537
1265440278799953922
1265440374522347520
1265440378943045632
1265440388271296516
1265440430105063424
1265440455141056513
1265440496215867394
1265440567791681542
1265440648024506369
1265440735530291200
1265440806191673344
1265440829172310017
1265440848168321025
1265440857056055298
1265440886877556747
1265441025583185923
1265441192814100481
1265441197025263616
1265441213550940161
1265441223092862983
1265441225089245185
1265441251156987905
1265441272464113665
1265441377543995399
1265441390181269504
1265441402491596800
1265441424159526912
1265441470351278080
1265441484825821184
1265441511438798849
1265441516782333953
1265441524092858369
1265441533236568065
1265441598663467009
1265441600169291789
1265441608314609664
1265441675276664834
1265441801340682240
1265441846710480897
1265441851101888512
1265441901685215232
1265441972942241792
1265441980894441473
1265442050205380609
1265442073261547522
1265442082979643392
1265442091129241600
1265442094623178754
1265442140248838145
1265442144732377090
1265442249661390849
1265442287661666304
1265442299846287370
1265442387813445633
1265442396147298305
1265442426237399054
1265442504939274240
1265442531006971908
1265442542931398656
1265442563793747968
1265442576598855680
1265442605950734336
1265442660401070080
1265442731796635652
1265442753602899968
1265442780601389056
1265442790563028992
1265442798817341440
1265442799249326080
1265442848532463621
1265442862994321408
1265442875581575168
1265442892841136129
1265442976882462720
1265442983282950146
1265443011481214977
1265443033958371328
1265443034403135489
1265443043622162434
1265443101092519936
1265443118695866368
1265443147657641987
1265443159607177216
1265443188044468224
1265443357569855488
1265443390277193729
1265443394941153280
1265443445591601152
1265443454332608515
1265443458086572033
1265443462469390336
1265443462997999617
1265443487706734600
1265443504647520256
1265443516626468865
1265443527057686531
1265443600147636227
1265443646154747904
1265443684700639232
1265443693009399808
1265443700420689928
1265443742422634497
1265443747053084675
1265443755609460736
1265443768813195275
1265443797217001474
1265443806532395009
1265443807451058176
1265443814459584512
1265443822714175488
1265443851596173317
1265443885154738178
1265443910542864386
1265443929802944512
1265443940209168384
1265443948257923072
1265443948631293953
1265443998992384008
1265444024170672128
1265444117405892614
1265444121264652288
1265444136829825024
1265444175434178565
1265444192777535489
1265444194971246592
1265444196728451073
1265444221894311936
1265444279473917952
1265444309551026177
1265444367579447296
1265444467810750464
1265444529571803142
1265444535351443456
1265444536412749824
1265444544994295808
1265444573901393921
1265444598190690306
1265444619052965893
1265444620105891841
1265444639978504193
1265444644164210689
1265444661793087494
1265444666247438336
1265444674929451008
1265444702951813120
1265444733599571970
1265444736879362048
1265444796270862338
1265444901862375430
1265444941926289408
1265444960146468865
1265445069139718158
1265445133614551040
1265445178157850624
1265445181152808961
1265445181660311553
1265445193697955845
1265445202241576961
1265445202992467968
1265445262106988544
1265445267014184961
1265445294222835713
1265445353895202816
1265445374396776449
1265445377546711040
1265445394999316481
1265445395951484929
1265445439895146497
1265445481200717824
1265445505192075269
1265445563086102528
1265445576159694848
1265445606165753858
1265445622460624898
1265445655054557184
1265445701825318912
1265445711220363264
1265445760507797505
1265445793978355713
1265445806158630912
1265445948819484674
1265445971925839872
1265445982835224582
1265445995426525191
1265445999293546496
1265446054331207681
1265446100825247744
1265446113919873030
1265446175982878726
1265446230072586240
1265446246426107905
1265446252268920838
1265446348926509057
1265446350860124160
1265446377091411968
1265446473413677064
1265446478140456960
1265446498436866051
1265446518271561729
1265446537473036288
1265446595505655813
1265446687297998848
1265446713113882624
1265446725931593730
1265446728246923264
1265446784870035457
1265446813215199233
1265446847470059521
1265446867283869704
1265446918672584704
1265446952789041153
1265447105499447296
1265447186742964226
1265447189192597505
1265447190136156161
1265447223430713345
1265447249137537024
1265447261699522560
1265447262299267079
1265447266069950464
1265447355274473472
1265447383527239680
1265447408864878592
1265447437910581250
1265447470856716288
1265447489265688577
1265447504902066181
1265447602633371650
1265447618395680769