1257475289870774273
1257475361593573376
1257475395483557889
1257475395546382342
1257475402567647234
1257475463192080384
1257475622240243712
1257475689239973888
1257475761667289088
1257475778201047040
1257475798124105730
1257475874250784768
1257475932736180224
1257475949769248768
1257476011924611072
1257476125682524163
1257476152127418368
1257476155516411904
1257476204824801281
1257476230816858114
1257476250140098560
1257476277184970760
1257476282998235137
1257476398416982016
1257476532454522892
1257476545347596288
1257476666282082314
1257476719285374977
1257476738600370178
1257476791846895619
1257476879940026369
1257476918724583424
1257477006700183554
1257477035846483975
1257477170026262528
1257477173121650688
1257477186895953921
1257477241111445505
1257477258203336707
1257477266973442048
1257477308551700480
1257477320325001216
1257477338436120576
1257477377791164416
1257477434452172801
1257477449555664896
1257477480182697994
1257477505788850177
1257477650932805632
1257477652509626368
1257477983582871552
1257478009126346755
1257478059793485826
1257478165196238848
1257478173236891653
1257478184762818572
1257478252362256384
1257478423368302592
1257478440632139780
1257478441491992576
1257478457359040512
1257478474312364036
1257478612607021057
1257478629409394688
1257478642420133893
1257478696694353920
1257478708807507968
1257478881570938880
1257478910813638656
1257478982049714181
1257479000110161920
1257479032188387328
1257479057748393989
1257479153579970561
1257479171338407936
1257479179123265536
1257479241517522945
1257479325554630658
1257479330323546112
1257479346320785408
1257479418387152899
1257479489510137858
1257479551178792960
1257479585328852992
1257479593780543489
1257479740887203840
1257479825029128192
1257479887943872512
1257480014255226881
1257480075160797196
1257480089262063616
1257480089496780800
1257480144651984896
1257480161349390337
1257480164407042048
1257480202013343744
1257480269097033728
1257480340395999232
1257480396591083520
1257480446847397888
1257480467374149632
1257480521195630593
1257480525637435394
1257480572034854912
1257480617505193986
1257480730738917376
1257480731359657984
1257480802172047370
1257480857599836161
1257480899102273536
1257481066635501569
1257481166434664448
1257481170956288000
1257481318524432386
1257481335150608389
1257481360773537793
1257481427228262402
1257481507091906564
1257481511072231424
1257481566021996544
1257481616567308288
1257481737908752391
1257481784780079108
1257481854594109441
1257481855428956161
1257481947284221953
1257481968884858880
1257482013889576962
1257482061281198082
1257482144336818177
1257482160283344896
1257482223571304449
1257482287685533702
1257482362029346816
1257482412503621633
1257482458603257856
1257482571992055809
1257482634877378560
1257482698014158849
1257482840062779393
1257482983323377665
1257483054614032385
1257483088768176136
1257483105641824257
1257483125946490888
1257483133043138561
1257483148788592641
1257483226706317312
1257483231009607682
1257483322726535168
1257483373595017218
1257483374106681349
1257483382151397383
1257483448735936513
1257483511201705985
1257483583196987399
1257483646749028353
1257483788973674498
1257483825573031937
1257483865624641536
1257483887367708673
1257483950408138752
1257483985623498754
1257484107237306368
1257484128234221568
1257484160047943683
1257484308589219841
1257484359168217088
1257484402126475274
1257484413673238531
1257484581688815618
1257484594011443201
1257484707274592256
1257484736638840835
1257484761674608640
1257484829106376704
1257484837381902337
1257484861830500352
1257484888216928258
1257484924682227714
1257484963601145857
1257485058434269193
1257485162042068992
1257485198096203778
1257485235631140865
1257485248557973511
1257485265339383808
1257485324487442434
1257485332829876224
1257485364303998978
1257485390707142656
1257485415746945024
1257485416283934720
1257485474555244546
1257485482709172224
1257485507459719169
1257485558466711552
1257485570672078850
1257485642650603521
1257485655325712384
1257485738452680705
1257485768030855169
1257485844052467714
1257485868656287752
1257485872670244864
1257485881536991232
1257485906988146691
1257485918941745153
1257485932787380226
1257486007374680065
1257486078216462336
1257486078581276672
1257486095090139138
1257486120691961856
1257486196307111937
1257486358450503687
1257486359394205697
1257486372815937537
1257486598276448256
1257486599568252928
1257486652525572097
1257486675241873409
1257486699245920257
1257486706736947200
1257486724856512519
1257486726764859392
1257486769500479490
1257486800785821696
1257486807291162624
1257486835594354689
1257486866699485188
1257486874249179142
1257486876174430208
1257486919593852929
1257486940028514304
1257487030814216194
1257487248557309959
1257487315838078976
1257487317306138624
1257487463402143745
1257487475347460097
1257487495811330048
1257487529588125696
1257487605513543681
1257487643006455808
1257487645917302784
1257487692897685506
1257487777521741824
1257487827840962560
1257487893750218758
1257487932476329985
1257488070804475907
1257488075103625217
1257488079683715074
1257488109643563008
1257488118116225028
1257488162751950854
1257488179478663170
1257488188068814848
1257488238287167488
1257488264149295105
1257488289071841287
1257488298693533697
1257488355887120384
1257488411180457985
1257488459779866624
1257488557461180419
1257488561118629889
1257488615954960384
1257488662528491525
1257488670405341186
1257488725354954752
1257488732573233157
1257488733592379392
1257488746347286528
1257488763426660352
1257488793101307906
1257488809643479042
1257488822130147330
1257488825661693958
1257488868208594944
1257488870993801222
1257488909774225408
1257488927235112960
1257488974119124992
1257488997443612674
1257489040175177733
1257489065303248897
1257489098031263745
1257489140981075968
1257489211625811969
1257489239073263618
1257489291493556224
1257489316810498049
1257489376101220352
1257489401069912067
1257489429859614720
1257489488407863297
1257489593626025985
1257489606196334592
1257489618011934727
1257489765718462465
1257489781568819203
1257489853425397760
1257489903790829575
1257489915836878850
1257489990155595777
1257490121940545536