1262488151005724674
1262488155850235905
1262488204936126474
1262488251505377282
1262488297772851204
1262488305297494016
1262488318538846219
1262488318660542466
1262488339585945600
1262488368723591170
1262488377561100291
1262488474009157645
1262488527994064897
1262488565998649350
1262488600324816897
1262488637058568193
1262488658973769729
1262488722957885442
1262488748169859076
1262488797352284160
1262488865614462978
1262488906227834880
1262488952646152199
1262488997772906497
1262489049392087042
1262489069155520514
1262489141079502848
1262489142962913281
1262489216497393664
1262489354548719619
1262489414913187840
1262489479186694147
1262489544210841600
1262489544407973890
1262489574334480384
1262489765120806918
1262489782657171459
1262489786591436800
1262489820326244352
1262489852278378500
1262489891797164033
1262489996365307906
1262489998982610946
1262490076027723780
1262490096953155585
1262490102456033281
1262490164737130496
1262490265375272960
1262490306823573504
1262490445013225473
1262490505264402432
1262490517067137026
1262490548922806272
1262490574814212096
1262490620548935680
1262490646901927939
1262490814267027456
1262490814745378817
1262490856227029000
1262490944382910472
1262490948958777344
1262491033478316040
1262491066483314690
1262491069922652163
1262491128605147138
1262491154014072834
1262491170271383552
1262491195101655041
1262491209634889729
1262491255000481793
1262491294007463937
1262491318078619648
1262491354728456193
1262491363226025984
1262491391810244610
1262491436911431681
1262491471728578560
1262491494461497344
1262491523301638145
1262491531191123968
1262491531996364800
1262491586253991937
1262491603081576448
1262491611491155973
1262491694378803200
1262491812238893057
1262491892119334912
1262491905939722244
1262492092871462912
1262492109388595209
1262492112194613256
1262492156645826560
1262492159015555072
1262492177759735808
1262492193475919873
1262492256990347268
1262492343405551617
1262492365891215363
1262492370790047745
1262492379170422784
1262492433994199043
1262492494492659713
1262492609823608833
1262492621659725824
1262492626260983813
1262492645697388544
1262492656103546885
1262492701431390212
1262492706921754626
1262492864774197248
1262492886249222144
1262492891525582848
1262492902988677121
1262492941198729222
1262493007732977666
1262493033091776514
1262493033708367877
1262493062489608192
1262493071956213765
1262493146899976193
1262493209344659456
1262493221785079817
1262493257671618563
1262493426647523330
1262493428044226560
1262493494247112710
1262493524362170370
1262493571070013441
1262493603328212993
1262493633246367744
1262493644453527553
1262493672391823362
1262493690049822723
1262493704314593284
1262493729769824259
1262493758899335168
1262493789631000581
1262493818085138440
1262493838196772870
1262493895843291138
1262493908820508673
1262493923663994881
1262493926197301248
1262493980945723393
1262493985689358337
1262494020476891137
1262494038827110404
1262494078161182722
1262494106573582339
1262494132309651457
1262494268960227331
1262494312908144640
1262494392776040453
1262494513857269760
1262494564348243970
1262494576511782912
1262494619046207489
1262494643071188992
1262494644102823937
1262494652021837824
1262494665476956161
1262494720506376198
1262494824869048323
1262494891973599233
1262494896490901504
1262494920545382402
1262494932645838850
1262495037956513794
1262495046076698626
1262495321915080705
1262495365414162432
1262495398385446912
1262495420334452737
1262495448905981954
1262495517029916673
1262495570721214466
1262495574688964610
1262495608671072256
1262495628506120193
1262495755882975232
1262495789793923074
1262495794286014475
1262495929770348544
1262495997776838656
1262496031389827072
1262496082505891840
1262496170615754756
1262496215075299329
1262496275657826305
1262496338555498496
1262496341810348033
1262496451407630336
1262496454377168897
1262496556353290240
1262496590444597258
1262496606894673920
1262496611491438593
1262496699529846785
1262496724179968000
1262496732169908225
1262496808045068291
1262496816752406531
1262496825132453888
1262496879272759297
1262496931990974467
1262496976135913474
1262496984725770241
1262497019475767300
1262497043009986561
1262497092876095494
1262497104523485184
1262497130154831872
1262497219208515585
1262497229002215429
1262497235553714178
1262497277400231948
1262497403841675265
1262497404454162445
1262497424125247488
1262497458128449537
1262497525476491265
1262497537732358144
1262497563791503368
1262497596943339520
1262497629721841666
1262497684277080067
1262497685120208898
1262497694293069824
1262497709325418497
1262497793412706304
1262497815420231680
1262497835313848320
1262497857493364736
1262497906629545984
1262497910983323648
1262497919778852865
1262497932374237184
1262497973818150916
1262497986631868416
1262498016088469504
1262498053635870720
1262498171080540160
1262498209156550656
1262498230685904897
1262498233944805377
1262498241578442753
1262498271571795970
1262498298688045065
1262498322025254913
1262498351666339840
1262498372583174145
1262498385539616770
1262498627777212417
1262498663319863296
1262498706974269441
1262498745553281024
1262498829770936321
1262498831469436928
1262498842190049280
1262498866714288130
1262498875782377472
1262498914038509569
1262499110244028416
1262499186051887104
1262499201738436608
1262499215525195782
1262499231132053504
1262499236567846912
1262499253345300482
1262499261637292032
1262499279282810880
1262499370848546816
1262499433847107584
1262499455024201732
1262499504323952641
1262499530353844225
1262499599736016896
1262499805345038336
1262499827511783424
1262499831395704833
1262499837276192768
1262499987512078337
1262499996441686022
1262500035641647106
1262500046609747968
1262500049621094400
1262500093082701824
1262500161542127622
1262500188612186127
1262500234367660032
1262500269566328833
1262500278772928512
1262500282514063361
1262500365372493824
1262500382078496768
1262500428102733827
1262500511510441984
1262500583463964672
1262500624748425217
1262500628909219847
1262500654011936768
1262500662903963648
1262500692037681153
1262500726166761475
1262500814297485314
1262500885604655105
1262500901266157571
1262500910179258368
1262501006199455753
1262501040026464256
1262501082116370432
1262501085819703297
1262501140664442880
1262501206347468801
1262501221010718723
1262501223048941570
1262501300043870209
1262501371045203968
1262501472278888448
1262501522761449472
1262501535189270535
1262501569263796229
1262501635953213442
1262501772033249281
1262501787476492288
1262501867289886721
1262501940212256781
1262501970973245441
1262502008772272130
1262502076694831105
1262502113583812611
1262502121401987073
1262502178318663690
1262502223143219203
1262502277081858049
1262502449245499392
1262502467817877504
1262502508414541825
1262502508783718401
1262502529029435392
1262502671769989121
1262502717525762052
1262502795011338240
1262502801231446016
1262502855250006023
1262502873696329728
1262502931674419208
1262502977572499456
1262502977694248968
1262503057201364992
1262503067909386240
1262503070354649088
1262503128592678915
1262503150390566913