1264224571395313671
1264224621894696961
1264224621974433802
1264224655403032578
1264224656053153810
1264224670422831105
1264224672834617344
1264224692233273345
1264224695248961540
1264224735379873794
1264224785627832320
1264224823015804928
1264224856838725632
1264224877705400328
1264224903034810370
1264224974644142081
1264225037600653312
1264225054444773377
1264225067086602244
1264225112888356865
1264225129954869248
1264225239065481216
1264225275468034048
1264225343675629569
1264225368791269379
1264225390031224833
1264225410658848768
1264225482054209537
1264225505747886084
1264225506930671617
1264225507630972929
1264225578082881536
1264225582776188936
1264225600098746373
1264225645321613312
1264225645812318209
1264225680268709888
1264225737898369024
1264225751051767808
1264225792491470849
1264225841703268352
1264225846392471554
1264225871747055617
1264225880429248512
1264225893083418626
1264225917947138050
1264225943641563137
1264226046385291264
1264226052425089025
1264226061035937795
1264226061321035776
1264226084524081152
1264226085694246912
1264226132444033026
1264226137036775426
1264226163041370112
1264226339319513088
1264226339529330689
1264226370760118274
1264226399306551297
1264226407736963072
1264226442360971264
1264226463189852160
1264226484295737345
1264226514440159235
1264226521763504131
1264226543057768448
1264226559520575490
1264226640286154753
1264226686163472387
1264226756912955392
1264226832863371265
1264226857601298444
1264226862148079616
1264227012966617088
1264227037780336640
1264227105518182405
1264227113189740544
1264227130768084993
1264227146664460288
1264227172794990598
1264227186208321537
1264227228637790208
1264227406941949953
1264227411601702912
1264227453435695105
1264227557559410688
1264227568317681664
1264227600894955526
1264227604674031617
1264227638517723136
1264227658994348032
1264227708428378112
1264227755522211840
1264227815001645070
1264227817711173632
1264227860698542082
1264227868315279362
1264227935722012672
1264228040135135232
1264228086842904577
1264228165637062657
1264228183232204803
1264228219714240521
1264228335762018304
1264228354678546433
1264228377621217280
1264228381299814400
1264228392997617664
1264228401339985920
1264228452070313985
1264228554428030980
1264228573185036293
1264228577815474176
1264228606567428097
1264228660430532608
1264228674305355776
1264228732887347202
1264228749010178051
1264228876005380099
1264228892216381442
1264229093219815425
1264229096734822401
1264229121057579009
1264229164162387970
1264229244193910787
1264229262279622662
1264229366311071744
1264229416202235904
1264229441724694529
1264229475673243648
1264229476940091392
1264229487543226368
1264229488134668288
1264229545789526017
1264229591876603904
1264229598843338753
1264229886090268673
1264229919296565249
1264229919757946881
1264230035105492994
1264230054139170816
1264230125085831173
1264230222087553025
1264230238684188672
1264230318447435776
1264230419853119488
1264230519329501189
1264230535733403650
1264230553647222785
1264230565785604098
1264230569858043906
1264230645041000448
1264230662845980673
1264230691321118720
1264230720505032709
1264230728771858433
1264230771440705537
1264230796459511808
1264230804336414721
1264230812343349248
1264230904052043778
1264230989871620096
1264231102614568960
1264231129290166274
1264231142267314181
1264231152820400129
1264231202904576011
1264231207253897216
1264231219572563968
1264231262266388481
1264231279978876934
1264231282919247879
1264231324786794498
1264231388498272258
1264231429115871232
1264231449009455108
1264231539631706114
1264231596930056199
1264231609575903236
1264231656522682369
1264231727859294209
1264231735878995970
1264231740056297473
1264231979005984780
1264231979463200770
1264232150645321728
1264232150900957186
1264232218605518851
1264232263618908169
1264232335454633989
1264232394187509762
1264232495375138816
1264232563146514434
1264232570864140288
1264232574412619777
1264232633447432197
1264232684332691456
1264232699981639685
1264232759146528768
1264232784320622593
1264232849839927303
1264232893292953601
1264232927367290880
1264232981197176833
1264232984863014913
1264233023878377475
1264233060998012928
1264233105424031747
1264233149049036801
1264233178329427970
1264233200051617792
1264233315202027521
1264233399721623553
1264233429966651392
1264233447033315328
1264233509863993344
1264233526473326597
1264233610443448321
1264233647462178816
1264233734691143686
1264233854577135616
1264233860721545216
1264233866560106496
1264233988245381126
1264234222555979778
1264234222702780422
1264234237504262144
1264234327128313857
1264234433034555394
1264234579881332736
1264234642774863874
1264234666460090368
1264234684302704643
1264234722114191360
1264234726098907142
1264234797435621382
1264234852603363330
1264234905887600640
1264234934236938240
1264235027828805633
1264235057759358976
1264235099186315264
1264235162289790977
1264235198264344579
1264235246985379847
1264235380846538761
1264235381018505216
1264235447808520192
1264235505035677704
1264235522920271879
1264235582818881536
1264235598791008265
1264235640977330182
1264235679153881095
1264235683058716679
1264235737014308867
1264235983702089728
1264236189986390016
1264236194054860800
1264236278188572676
1264236278247120906
1264236362456272896
1264236368508547072
1264236526025805826
1264236668615143429
1264236693739073536
1264236719777419265
1264236730804326401
1264236826975494152
1264236836412510208
1264236903034957829
1264236908181245953
1264236974002454533
1264237001655693315
1264237020173471746
1264237062875742208
1264237096623058946
1264237101043851272
1264237111798124545
1264237200922808320
1264237236704481290
1264237242521772033
1264237280715173888
1264237301435162624
1264237301493665794
1264237338898595840
1264237339850805249
1264237389876264966
1264237415624896513
1264237434281299970
1264237481853169667
1264237486558990336
1264237503537610755
1264237528267108353
1264237569816092672
1264237688384864258
1264237938046631941
1264237985534480395
1264238014307241984
1264238120591122439
1264238123581681666
1264238131668086784
1264238199049728000
1264238233048756225
1264238283091062784
1264238308755988481
1264238324115374080
1264238325096828929
1264238333162655744
1264238400820953089
1264238421150556160
1264238440410988551
1264238501488472070
1264238551383724033
1264238610175361025
1264238627367915521
1264238732535717888
1264238739951419392
1264238790387752960
1264238790933168128
1264238808888938504
1264238883190890496
1264239083796205576
1264239211734986752
1264239231486111747
1264239238993846272
1264239333210554368
1264239352252469248
1264239381734322177
1264239419508195328
1264239423698415616
1264239449162088449
1264239473455398913
1264239495576240128
1264239520968593408
1264239629877665793
1264239661876117505