1263469597241405440
1263469614941552640
1263469638400294915
1263469667726831619
1263469685905010690
1263469697531621379
1263469727734730766
1263469790649253888
1263469795871264771
1263469810668666881
1263469864401932289
1263469886128435200
1263469974405943296
1263469986607226884
1263470007780102144
1263470062624784386
1263470138877194253
1263470156132556803
1263470237728595968
1263470339490709509
1263470341592092672
1263470352476377089
1263470356326756353
1263470390099271681
1263470419308404738
1263470435662024705
1263470603350220805
1263470620635025408
1263470651492491264
1263470662762541056
1263470691720011777
1263470720732061703
1263470747340738560
1263470750763270150
1263470814558552064
1263470830635429889
1263470851644669952
1263470851757871106
1263470871861174276
1263470926940733444
1263471002190778368
1263471145333948424
1263471157178703884
1263471207527198722
1263471211943809027
1263471250275536898
1263471279060979719
1263471360036278277
1263471382601641987
1263471421558329350
1263471518404706305
1263471543482490880
1263471571747954689
1263471628329144321
1263471732033236999
1263471733409021952
1263471790749356036
1263471807560122368
1263471853735198724
1263471891181981696
1263471933464641545
1263471942092427268
1263472033662488576
1263472130764738563
1263472175513833473
1263472215066062851
1263472226134867969
1263472327121133568
1263472335622979588
1263472373631791107
1263472398436831236
1263472402979315712
1263472487251300354
1263472516393295874
1263472532734296065
1263472612392435715
1263472687927656449
1263472804743254016
1263472826381631490
1263472868555456512
1263472918551572483
1263472989493964801
1263472990110601216
1263473019407736833
1263473108092100608
1263473120595378177
1263473128648441857
1263473137469067264
1263473233296273408
1263473246315393024
1263473256327233536
1263473263000387595
1263473274262093827
1263473297032962049
1263473321330593795
1263473338992807936
1263473371997749266
1263473479376089093
1263473497608773633
1263473585433251841
1263473615716208643
1263473624251617287
1263473666240774144
1263473815167938560
1263473842229514243
1263473874995478534
1263473946416078849
1263474001348878336
1263474019094990849
1263474044713787394
1263474069657321479
1263474148308922371
1263474299463176194
1263474300398469127
1263474316152373250
1263474390387372033
1263474458527969280
1263474483534454791
1263474492082393089
1263474516971356165
1263474557513588736
1263474558641811458
1263474622298828800
1263474630876172288
1263474671908986881
1263474703978639361
1263474771083374593
1263474983071776769
1263474995864449024
1263475019151278081
1263475049752940549
1263475078685175813
1263475087312896003
1263475131994845188
1263475169617678348
1263475179642130433
1263475195341406209
1263475272118153219
1263475312366620672
1263475347246415874
1263475612049686529
1263475641225224192
1263475679913480192
1263475703951081474
1263475711949627394
1263475787849773064
1263475813535580160
1263475877964386306
1263475980645085192
1263476031119339522
1263476087092318208
1263476156684218370
1263476178050060291
1263476199176757248
1263476236313079809
1263476256156332033
1263476261717979140
1263476379271737346
1263476483936456704
1263476491385475079
1263476496678739969
1263476496913633284
1263476539162755074
1263476542870618119
1263476564282540034
1263476572083945478
1263476576420868097
1263476593038589953
1263476602337398784
1263476639679352833
1263476697241980935
1263476865794224129
1263476898891522048
1263477071722004482
1263477154710523908
1263477248281260038
1263477304333910020
1263477331563294722
1263477339385626631
1263477436399976449
1263477511859683335
1263477557502119937
1263477566431727617
1263477621226119169
1263477658681249796
1263477721826504709
1263478057601576965
1263478079298641920
1263478149700091909
1263478165986476033
1263478312401330177
1263478321096032257
1263478337873289220
1263478360530980864
1263478379786928128
1263478382899191811
1263478438456889344
1263478448867217409
1263478549807325187
1263478573257629697
1263478610385670153
1263478694397517824
1263478695148302336
1263478766413717504
1263478820096573442
1263478937969098761
1263479043007172608
1263479048027566082
1263479050984665090
1263479076024696833
1263479114020917248
1263479122795388929
1263479152881123328
1263479230165377025
1263479252692996098
1263479418858754050
1263479419773038593
1263479445219880960
1263479575331233793
1263479699721859072
1263479700619493379
1263479743107792896
1263479810111811584
1263479847709487108
1263479852696350720
1263479860879638532
1263479877879033856
1263479902248058880
1263479902428368898
1263479973987389440
1263480024046489600
1263480062260719616
1263480171518197760
1263480186995126272
1263480208281264130
1263480325432320004
1263480370936320006
1263480417870581762
1263480444714188800
1263480452494643200
1263480506081071106
1263480569402478597
1263480600343633920
1263480623861305346
1263480654009896960
1263480706065264640
1263480728471379968
1263480745630273537
1263480783039270914
1263480791708962818
1263480810855956490
1263480832519479296
1263480841759387648
1263480846486552576
1263480880321961985
1263480934663323656
1263481056339963904
1263481084681093122
1263481169305370624
1263481190318825472
1263481316072448000
1263481366248857602
1263481374583001088
1263481447014379531
1263481462348746754
1263481501242531840
1263481508628582405
1263481513380851716
1263481685280251907
1263481747855073281
1263481790221737984
1263481919838314498
1263481947931754504
1263482054718734337
1263482063254061057
1263482087509684224
1263482191826296833
1263482241088397312
1263482426896068612
1263482444742680578
1263482456528822275
1263482476816740352
1263482502863355905
1263482549764046850
1263482622237384707
1263482685965680641
1263482720291885056
1263482754337058816
1263482784477089793
1263482788386349059
1263482808980340743
1263482822234386432
1263482834548936704
1263482840831848448
1263482898876899329
1263482969966051328
1263482985258467329
1263482989524267011
1263483014144638976
1263483018821468160
1263483028174630912
1263483098265780226
1263483107434471425
1263483161247449090
1263483180444721153
1263483183086972929
1263483228851224587
1263483269213020160
1263483295779692550
1263483329019441152
1263483345918464000
1263483421751308288
1263483648415723520
1263483744184221696
1263483744603836416
1263483748349345793
1263483748605022208
1263483749267836929
1263483749347528705
1263483828464648193
1263483870252597249
1263483870302920705
1263483882797699075
1263483983964356608
1263484037856886784
1263484110443409409
1263484130215559168
1263484193817927681
1263484239825297408
1263484306506145794
1263484340220030976
1263484352475860994
1263484353402884097
1263484360927449096
1263484378132344850
1263484379487014912
1263484411305172992
1263484470012903428
1263484528783474688
1263484572114857984
1263484608819212288
1263484655300296711