1262050257132826636
1262050273968771074
1262050307661615108
1262050307762262016
1262050433247281153
1262050442311340034
1262050521973698561
1262050534128828420
1262050643587616771
1262050747677585411
1262050874173657089
1262050978448257035
1262050978867658755
1262050999788658688
1262051184354955264
1262051192726790150
1262051196254261248
1262051415075274752
1262051449128828928
1262051452316499975
1262051494435721218
1262051528170405888
1262051582201548800
1262051586743951366
1262051677755985920
1262051712652783617
1262051784509599751
1262051871826509824
1262051976994525185
1262052006690242561
1262052014973911041
1262052048490704904
1262052065062371338
1262052110985834498
1262052112885862400
1262052169882230790
1262052233274851328
1262052237192368130
1262052254443540481
1262052287133999104
1262052292091695104
1262052346793799680
1262052347213164544
1262052382181072897
1262052396299096071
1262052454750924807
1262052530483113985
1262052578432413698
1262052635663839234
1262052672825364480
1262052693943685126
1262052744480862209
1262052773761294337
1262052865297670144
1262052899745497089
1262052950488350721
1262052955479515147
1262053013474152449
1262053327300374528
1262053332509655045
1262053512101281792
1262053545248989186
1262053579311009798
1262053599703638016
1262053604178812929
1262053701281370115
1262053775453442048
1262053843069743105
1262053989417463814
1262054017368158208
1262054065820831744
1262054095722029057
1262054157390884870
1262054195324170240
1262054216996093954
1262054305533702144
1262054384491327489
1262054490619834368
1262054615056445441
1262054721793097728
1262054736368263169
1262054791292825602
1262054833361768458
1262054864001138689
1262054871341109250
1262054907885940736
1262054990409011201
1262055013955837953
1262055088798920704
1262055102959026176
1262055156188721152
1262055366155698180
1262055429477195785
1262055491456258048
1262055525924999169
1262055550763720704
1262055571764711425
1262055601439412225
1262055608360058888
1262055660621049856
1262055726698172416
1262055764589449219
1262055810575802369
1262055861117046787
1262055865978286086
1262055974258573313
1262055974279544832
1262056124750000128
1262056326550568960
1262056444142276609
1262056481370918912
1262056557170380800
1262056615278252036
1262056699352907776
1262056699663392768
1262056775014060038
1262056791627743235
1262056821734486017
1262056834417844225
1262056896644734984
1262056909093212167
1262056913887510529
1262056960159100928
1262056984318144512
1262057013875441670
1262057043969675264
1262057044649168896
1262057051368251394
1262057307652984832
1262057341102575617
1262057366398345216
1262057433121382402
1262057605452705794
1262057612331356167
1262057701477175296
1262057711241515009
1262057757122887680
1262057766006386689
1262057779000422401
1262057787749695488
1262057793844060160
1262057804480872450
1262057814027108352
1262057825536299011
1262057832976973826
1262057875796623361
1262057903068000256
1262057974396342275
1262058002489589761
1262058013268914176
1262058029542862848
1262058067807612931
1262058218110570496
1262058242835873798
1262058301094797312
1262058310498504704
1262058385802842112
1262058440483995648
1262058461749301248
1262058478312370176
1262058486873161728
1262058508083699713
1262058516115787779
1262058524189904897
1262058574739435520
1262058658923503616
1262058683527163904
1262058726061531139
1262058736790548480
1262058742809419776
1262058750501892097
1262058937534349314
1262059084389343232
1262059161635950593
1262059173912522753
1262059220234571776
1262059297300779010
1262059308327620608
1262059325658447878
1262059388086497281
1262059434706116609
1262059523319099394
1262059593083039748
1262059665237725185
1262059805591601158
1262059841385828357
1262059861862420486
1262060047556841473
1262060099205554181
1262060302776049666
1262060306471280640
1262060473408794626
1262060478072860674
1262060555084406785
1262060583697944577
1262060676312375302
1262060733736423424
1262060743618367488
1262060823415066626
1262061003883323397
1262061099081441283
1262061149786263553
1262061296851324930
1262061355533656064
1262061366594039808
1262061372474454017
1262061468511502341
1262061506906251266
1262061518171979777
1262061548073152512
1262061590628753410
1262061662082916352
1262061680814669826
1262061770992123908
1262061837971083264
1262061849895460864
1262061883890294784
1262061942782537728
1262061980073918464
1262061992640159746
1262062068548673537
1262062281715789824
1262062286430232576
1262062353262280704
1262062437072846855
1262062445834706945
1262062466231656458
1262062492412514305
1262062568002269184
1262062572532006915
1262062584531992577
1262062668128624641
1262062718598537216
1262062839751217153
1262062848739598339
1262062920252489728
1262062953961906177
1262063014439784451
1262063024812298246
1262063049873281027
1262063100049584128
1262063276361486339
1262063410470150146
1262063422830764032
1262063469198823424
1262063483169972232
1262063561355993091
1262063628351668224
1262063675936038917
1262063783616425985
1262063784497221637
1262063800108216320
1262063882845278217
1262063968014815233
1262063997462777857
1262064026969931776
1262064035379412992
1262064114760900610
1262064131592593412
1262064153231003650
1262064153524670465
1262064357900529667
1262064374996492289
1262064439647514626
1262064455275380736
1262064475886153728
1262064593792270336
1262064595608334336
1262064763548454914
1262064765318451209
1262064812076531713
1262064853474312195
1262064915075956737
1262064995979988998
1262065066930626563
1262065116528488450
1262065201341399043
1262065210535415811
1262065332019007492