1258969993980579843
1258969998590164998
1258970002339708928
1258970082119647233
1258970132178702336
1258970216148742146
1258970261803630594
1258970341994459137
1258970421598322689
1258970563474644993
1258970577076961281
1258970635281326080
1258970752763691008
1258970787362615296
1258970795008811010
1258970862503460869
1258970934184235009
1258970938705502209
1258970944036581378
1258970958951600130
1258970962332188672
1258970975804239873
1258970977804980224
1258971017730498561
1258971017730547712
1258971021522006017
1258971375697461248
1258971382937006081
1258971395536703490
1258971437366497283
1258971445922795520
1258971461869395968
1258971490986287104
1258971504781299713
1258971582086569985
1258971688022110208
1258971739138080769
1258971818943225857
1258971834847911936
1258971836278140928
1258971927294730241
1258971927923679232
1258971938308812800
1258971952904957953
1258971960618504194
1258971977831919617
1258972003903643648
1258972033276395520
1258972074531409921
1258972132945670144
1258972175752716289
1258972178990673920
1258972192416641025
1258972271793733634
1258972283537731584
1258972314638704641
1258972321873891329
1258972501767380992
1258972503487262720
1258972519505244161
1258972569786478594
1258972570377953280
1258972594956496897
1258972653949456384
1258972666993668098
1258972713491804160
1258972741463617536
1258972787009564672
1258972850838536192
1258972863790448640
1258973101003624455
1258973169777610754
1258973341693759489
1258973346060029952
1258973391895367680
1258973425449807872
1258973426108203010
1258973446391975939
1258973659013603329
1258973720707600385
1258973735727448069
1258973747752681472
1258973773501313024
1258973824495890432
1258973928879464449
1258973977994645504
1258973990980386816
1258974084333015045
1258974100233400320
1258974277484806146
1258974359961473024
1258974394669338624
1258974482229874689
1258974720977809408
1258974759380897793
1258974784924385281
1258974825894121472
1258974826464718848
1258974836577013760
1258974884539125761
1258974930751959042
1258975064927715334
1258975169613230081
1258975226085478400
1258975295815716864
1258975321761689601
1258975360621744129
1258975606399660033
1258975640847433728
1258975652583215107
1258975680458444800
1258975690201763842
1258975736741818368
1258975870817091584
1258976068435955717
1258976107812065283
1258976114481025024
1258976138120101892
1258976151126642689
1258976230931492864
1258976276666372097
1258976302608125952
1258976474939432964
1258976533856821248
1258976580145209345
1258976624776798209
1258976642480984065
1258976646742319104
1258976667109916675
1258976688248991746
1258976738463408128
1258976755286753281
1258976785934495747
1258976966218301440
1258977006588497920
1258977015698522112
1258977023441035271
1258977095008616448
1258977162914340865
1258977167603634176
1258977171458060288
1258977187023056896
1258977192018657280
1258977242081824769
1258977246842249216
1258977296494592000
1258977321387614209
1258977334788526080
1258977391612837888
1258977392628039682
1258977409157795840
1258977431005859842
1258977491332460544
1258977495652593666
1258977506616639488
1258977510244712448
1258977540871520256
1258977681695072256
1258977700091432960
1258977799764934661
1258977803468517376
1258977815967531008
1258977880018685957
1258977894002561024
1258977959836151808
1258977968367570946
1258977976500105216
1258977983659831296
1258977987938025473
1258977997652135936
1258978018875375621
1258978059803406337
1258978110546067456
1258978128082305024
1258978166829248513
1258978197951184902
1258978299373449217
1258978499957678080
1258978579234390016
1258978581457391617
1258978626227384320
1258978642786304006
1258978662394675201
1258978680015130625
1258978749669875723
1258978764127526913
1258978764207185921
1258978789972836352
1258978790367268869
1258978803164090368
1258978877633953792
1258978889814155265
1258978953412345856
1258978960991551488
1258978987281440768
1258979032491679744
1258979066096607232
1258979091593781248
1258979116625338368
1258979124913324037
1258979161840005120
1258979208719552513
1258979284137283584
1258979409844994048
1258979696135426048
1258979724711178241
1258979788213059584
1258979790956027905
1258979908744884225
1258979985257267200
1258979988843323392
1258980001325748224
1258980085853499394
1258980145181921281
1258980174172811264
1258980231974580224
1258980262089818112
1258980333460094976
1258980365915451393
1258980602130423808
1258980611206770688
1258980644014698498
1258980920369065990
1258980978544070658
1258980988811698176
1258981072206876672
1258981356677169152
1258981381524328451
1258981416378888193
1258981570695831552
1258981579189219328
1258981692754313216
1258981793342140424
1258981904176615426
1258981916126195712
1258981935440855040
1258981984233291776
1258982011076837377
1258982152559042563
1258982225376247808
1258982232993280005
1258982233756532736
1258982485007859712
1258982537654931459
1258982643573628928
1258982720836964354
1258982821353394176
1258982891674976256
1258982940660297729
1258982969873596416
1258982971081666561
1258982975632478208
1258983030749827078
1258983092301119493
1258983164686422016
1258983240456474624
1258983262267027458
1258983399018151937
1258983462381342720
1258983474503077888
1258983667457601542
1258983680929927168
1258983860903305216
1258983919518658560
1258983922974830598
1258983923515895810
1258983981602582535
1258983997021044737
1258984019024322560
1258984111668158464
1258984149458673665
1258984159554359296
1258984251648667649
1258984339074805760
1258984560949420034
1258984582382325763
1258984595472764933
1258984624274972673
1258984640448094208
1258984656676032513
1258984691589398528
1258984730873270272
1258984753060909056
1258984875132096515
1258984902122450947
1258984904416788480
1258984922829803520
1258985013535633409