1264103773095571456
1264103788509528064
1264103796508168193
1264103909846548480
1264103918511878147
1264103997671198720
1264104062540283904
1264104478183059456
1264104502925418497
1264104602355617792
1264104620109881345
1264104740524261376
1264104790730199040
1264104805007454208
1264104811282251783
1264104853275422723
1264104862762983426
1264104918257975298
1264104922275958786
1264105029415456768
1264105072243273730
1264105260903051265
1264105277386895360
1264105293778006018
1264105323637374976
1264105400657481728
1264105459092533250
1264105672427409408
1264105935997288448
1264105970235592704
1264106074510184448
1264106077999689728
1264106079706853377
1264106083238494213
1264106086778449920
1264106091346100229
1264106096798597121
1264106339510484993
1264106531685109760
1264106540627263491
1264106546541330433
1264106605379026944
1264106619463282690
1264106634210467841
1264106653269594112
1264106754629042176
1264106782961446914
1264106871855681539
1264106900813045760
1264106994195140608
1264107015137304576
1264107027648991234
1264107068065296384
1264107124457521152
1264107144137199617
1264107164618153986
1264107262173470720
1264107349020758016
1264107525353472001
1264107547981754369
1264107550666043392
1264107554831044608
1264107555007033344
1264107575827673090
1264107610862751744
1264107624242581504
1264107650125410305
1264107689501736960
1264107828274315264
1264107845819281409
1264107957190643712
1264107960743219200
1264107982813401088
1264108062756999169
1264108432870735872
1264108466005778437
1264108545110429696
1264108650823483393
1264108690099048454
1264108708210098177
1264109044924657664
1264109186964545538
1264109234637148160
1264109272008470529
1264109291620851712
1264109300017885184
1264109341612924932
1264109350068596743
1264109375028772865
1264109383002329093
1264109401436127233
1264109454825578496
1264109471552475136
1264109493023096832
1264109613072429057
1264109653924945920
1264109736657588224
1264109929314635777
1264109933106266117
1264109958313934851
1264110013313961984
1264110035321229312
1264110067407826945
1264110130733281280
1264110142636920837
1264110281514528768
1264110457029197824
1264110708934893568
1264110744464957440
1264110786022080512
1264110826320887808
1264111168081268741
1264111339175383041
1264111460398952452
1264111481290981376
1264111489897713666
1264111514664960002
1264111535099699200
1264111766604140545
1264111769959596033
1264111790507601921
1264111801068859399
1264111805854552064
1264111927132815360
1264111954932772865
1264112006640132096
1264112064798298112
1264112224114667520
1264112581154942977
1264112583398825984
1264112817650761728
1264112843365875712
1264112939683979264
1264113020415938561
1264113158236409856
1264113344962654210
1264113373202886658
1264113419030016001
1264113457110147072
1264113476999319552
1264113494577672195
1264113536709677057
1264113839450271745
1264114023932592128
1264114219512889344
1264114274743586817
1264114693330927616
1264114971576762368
1264115004392890368
1264115135410573312
1264115217899950081
1264115258647609345
1264115306345254912
1264115327996252161
1264115536587190277
1264115551183548417
1264115587111927808
1264115634318856192
1264115638710284291
1264115771447349249
1264115859641040897
1264115997683810305
1264116020324601857
1264116044441911296
1264116049877667840
1264116262973706248
1264116312684535814
1264116611843317760
1264116660769865728
1264116670110601218
1264116748942540801
1264116754252529665
1264116782618546177
1264116926365806592
1264116959215529991
1264117047367172096
1264117218599632896
1264117260932841472
1264117361382051843
1264117449714171904
1264117546468302848
1264117614302965760
1264117668120010752
1264117717738684416
1264117978477576196
1264117999176257537
1264118100808601600
1264118137424928769
1264118183432241152
1264118185042874370
1264118295973724160
1264118460243750912
1264118468355526656
1264118476798660612
1264118589914845184
1264118691295195139
1264118749478768640
1264118755279372288
1264118778348146689