1259513580011114497
1259513604706983936
1259513634406969344
1259513643433148416
1259513784114257920
1259513802241880065
1259513851218968577
1259513886258184192
1259513953614360576
1259513966205628417
1259514071151513601
1259514180366983173
1259514221517307904
1259514233877860355
1259514258125185024
1259514276374511616
1259514284905836545
1259514301813010432
1259514322109321216
1259514426853675008
1259514469044158467
1259514501503672321
1259514529718980610
1259514530935320585
1259514532835151872
1259514553085427715
1259514590582370305
1259514748267196416
1259514767150104576
1259514800515645441
1259514818819698694
1259514824972738560
1259514830123384833
1259514846254522370
1259514940030889984
1259514956120293376
1259514989515284480
1259515031563259904
1259515085938188290
1259515110906834952
1259515119190458368
1259515164568756224
1259515169182343168
1259515231971282945
1259515261696143360
1259515265718484992
1259515278154543104
1259515353836683264
1259515378927099904
1259515418667974657
1259515490097082368
1259515551719849990
1259515597219659778
1259515635769409536
1259515672486445056
1259515696964304899
1259515828560629760
1259515841357332481
1259515926636003328
1259516012283793410
1259516045947219975
1259516251493347329
1259516263266570240
1259516294996602880
1259516327083085824
1259516339690942464
1259516473837531136
1259516494687408130
1259516629437673472
1259516692599910403
1259516734060535808
1259516956484309008
1259517007663452162
1259517052693299201
1259517144917737474
1259517264778399746
1259517288224641024
1259517301776437248
1259517304553029632
1259517434190532608
1259517509985882114
1259517517925511169
1259517630504984576
1259517686167502850
1259517687912452097
1259517719130648577
1259517748381655045
1259517757026164736
1259517778610081793
1259517787460042753
1259517850265550851
1259517921283526657
1259517967487897600
1259518046080827392
1259518172329279489
1259518222677745665
1259518240134496256
1259518260468465664
1259518390760361985
1259518445508534276
1259518453804871681
1259518478622523393
1259518512105545728
1259518549954973700
1259518646575157249
1259518923889729536
1259518928155480069
1259519024137977857
1259519107629752328
1259519146028445707
1259519146112487424
1259519196771336192
1259519206376247298
1259519409665773572
1259519410219384833
1259519430372950016
1259519448026931207
1259519464904822784
1259519539672346625
1259519539894718464
1259519573188984834
1259519603329335298
1259519666994774018
1259519757872779264
1259519770434719744
1259519858741579778
1259519858947035136
1259519867243421696
1259519952492605441
1259519971786293248
1259519976031084544
1259520043907526656
1259520071917019136
1259520257921867777
1259520400050081792
1259520420014747648
1259520425807101954
1259520487513710595
1259520618032033795
1259520646335401985
1259520668879728643
1259520735313158145
1259520786580344839
1259520827885867022
1259520842557386752
1259520852523200516
1259521105338875904
1259521183579422735
1259521330715807746
1259521410365562885
1259521434453450755
1259521607501901824
1259521767200165891
1259521913715675138
1259521964651220995
1259522000084664323
1259522002672447489
1259522054862385153
1259522115696500743
1259522181832286208
1259522224395976704
1259522270885789696
1259522354423554049
1259522463681167365
1259522522883796992
1259522656812105728
1259522841600561152
1259522878908686336
1259522969795264512
1259523184740663303
1259523340630458368
1259523348217892872
1259523391138287622
1259523440333201408
1259523454031687680
1259523667207348225
1259523699604107264
1259523830755627008
1259523843057573888
1259523851475656707
1259523868957573121
1259523971365638144
1259523994350268416
1259524065632681985
1259524329215111168
1259524523977838593
1259524690198040578
1259524716080951298
1259524753251094528
1259525084332666880
1259525093534949377
1259525109603356675
1259525130654412805
1259525139420545025
1259525165043630082
1259525324448161794
1259525441473220614
1259525474687963137
1259525475505811457
1259525518149500931
1259525555206205441
1259525559534653440
1259525638832046080
1259525685443547136
1259525735254982657
1259525827273916417
1259525877202911237
1259525914334908416
1259525932345364483
1259525999059927041
1259526007524122627
1259526127816564736
1259526129410469889
1259526210620583943
1259526292359098370
1259526415772315648
1259526423024250881
1259526447737102336
1259526531828850689
1259526539835777025
1259526548786483202
1259526691812044801
1259526704713945092
1259526764327579648
1259526871122882560
1259526943206019072
1259526968070082560
1259527055898603520
1259527059962884097
1259527085212631040
1259527144646074372
1259527249277132802
1259527257061818370
1259527307997274115
1259527538251927552
1259527542916239360
1259527568358871043
1259527698361221127
1259527723925467136
1259527866007588865
1259527958588514306
1259527978985414658
1259528123659382784
1259528301632196609
1259528350743195648
1259528369252847619
1259528612069310464