1262790117929873408
1262790251266953217
1262790338042900480
1262790350223048706
1262790371995721730
1262790392329707522
1262790420616142850
1262790467718189056
1262790509904437251
1262790534856421376
1262790542598918150
1262790589721964551
1262790606801252352
1262790627390967810
1262790646957473792
1262790694655180808
1262790712480989187
1262790765979201536
1262790827350384640
1262790849349500929
1262790912654168064
1262790930832056320
1262791038395191296
1262791185518690305
1262791189075505152
1262791222998925313
1262791247623680001
1262791376351244290
1262791407602982913
1262791426724724736
1262791428155101192
1262791465274609672
1262791550502912000
1262791571424063488
1262791592215113729
1262791621088862208
1262791625346072576
1262791629494239233
1262791662851391489
1262791692891062279
1262791812894220288
1262791877402652672
1262791894146351106
1262791911091380225
1262791981828313091
1262792083221483522
1262792090674769920
1262792099226927104
1262792162145599490
1262792203270791170
1262792364206292994
1262792380673077248
1262792526320283652
1262792558259965954
1262792568942792705
1262792601687724032
1262792620058783744
1262792653139251205
1262792662488317954
1262792746399494144
1262792866918776832
1262793001815793664
1262793030794436608
1262793041934290944
1262793078450073601
1262793104509321224
1262793156287967232
1262793303445123086
1262793374433718273
1262793380901392391
1262793395468206084
1262793408357134336
1262793446047264768
1262793452905005057
1262793453559218179
1262793483871453184
1262793496664162308
1262793583918268417
1262793677115662341
1262793791615860736
1262793869336469505
1262793889875968000
1262793965243453450
1262793980732817409
1262794012357873664
1262794033098821637
1262794046025674759
1262794056238800896
1262794217299963904
1262794218071715841
1262794231636205569
1262794238653353986
1262794275999236096
1262794286267015168
1262794314922459136
1262794360925667329
1262794370127929352
1262794377388146689
1262794616597815297
1262794829861396482
1262794843073511425
1262794855165702144
1262794909255376899
1262794946542698497
1262795013894930433
1262795035776626697
1262795057855258624
1262795232388747268
1262795237132513284
1262795274633822210
1262795278089928707
1262795396872462336
1262795425867849730
1262795458751148047
1262795463134081024
1262795484923662342
1262795497057554437
1262795500538953732
1262795658810949633
1262795691132362758
1262795752574603264
1262795760711729152
1262795770094370821
1262795819784318981
1262795862054506498
1262795920510455809
1262795945940582400
1262796016396521480
1262796018187452420
1262796124836057089
1262796151360647168
1262796221686710272
1262796227042779142
1262796276862681090
1262796277508714503
1262796317593669639
1262796322815512578
1262796369347121155
1262796369565106177
1262796458341756930
1262796561538564097
1262796562327052294
1262796596204302338
1262796629255618561
1262796667214008323
1262796719814836226
1262796730141224960
1262796834751332352
1262796881203204096
1262796885645033475
1262796897825230852
1262796926937751552
1262796931232923648
1262797031938109440
1262797103589359617
1262797108060585984
1262797132907589637
1262797166529122305
1262797174607360007
1262797191455768579
1262797263044214789
1262797355482521603
1262797405000331265
1262797430711599111
1262797491038273543
1262797526970904580
1262797656843116544
1262797668234846208
1262797703236345857
1262797722349907968
1262797854134792197
1262797854394982405
1262797908107280385
1262797912846684161
1262797988281200640
1262798022473367559
1262798050445209602
1262798173032067076
1262798244423368706
1262798252501381120
1262798256557391872
1262798310739529728
1262798311226048512
1262798365940756481
1262798508706410499
1262798516390440963
1262798550641119233
1262798612947447811
1262798644543193090
1262798681750876161
1262798734330658822
1262798776844136449
1262798814374694913
1262798864727388161
1262798869252968456
1262798931592953858
1262798970713190402
1262799053911400454
1262799158303432706
1262799179497132033
1262799183624445954
1262799207246761987
1262799217040424961
1262799246736179203
1262799288352063491
1262799330844557313
1262799353053315073
1262799364105388033
1262799366508679170
1262799619920183298
1262799662123225101
1262799670142738434
1262799681450622976
1262799718893191168
1262799750052614145
1262799817144782848
1262799880172392448
1262799947281375233
1262799984518410241
1262800005980618754
1262800031565873153
1262800111756816385
1262800182539743233
1262800280069959682
1262800420000485376
1262800425943797767
1262800429253099523
1262800517643853824
1262800526217019393
1262800538447556610
1262800603677446145
1262800706446204930
1262800714214096902
1262800794551816192
1262800802571325445
1262800859777380353
1262800873786421248
1262800891104628736
1262800923673284608
1262800937736962049
1262800971199139844
1262801046046474240
1262801083778265088
1262801106540822528
1262801130083495936
1262801138295939073
1262801146130857985
1262801344391413762
1262801347990056960
1262801348635942914
1262801351073038338
1262801407125663745
1262801591591190529
1262801641679421440
1262801649992523776
1262801671652020225
1262801687498153984
1262801721111298059
1262802014586785794
1262802140600426496
1262802212020944896
1262802262809853954
1262802354627325955
1262802459568869376
1262802619090767872
1262802668206112768
1262802698384158722
1262802706646827008
1262802764960165888
1262802820522262529
1262802857641881603
1262803029721579520
1262803059249483779
1262803138907721728
1262803229408141314
1262803239243825154
1262803256247345154
1262803306201702408
1262803462166904840
1262803490063204352
1262803551627161600
1262803559663513601
1262803604001501184
1262803621189574658
1262803681726083072
1262803738298851337
1262803755801739264
1262803792891969540
1262803844162924544
1262803873229660160
1262803902547873792
1262803914967007234
1262803918217764864
1262803999008448512
1262804074119995392
1262804107255054336
1262804154180866049
1262804221663084546
1262804254516887552
1262804293079441411
1262804313589592064
1262804359760556042
1262804384297242631
1262804477834407937
1262804527406702592
1262804613385850881
1262804661477785601
1262804712254038017
1262804717144588288
1262804783460728832
1262804997240127488
1262805052009230337
1262805131428421632
1262805135031484416
1262805143956963328
1262805197954285568