1265402336760918016
1265402341068587011
1265402353483763717
1265402365085208578
1265402390573985794
1265402391396061185
1265402395808301056
1265402412262658051
1265402430486990849
1265402445326430208
1265402454021005313
1265402502738051073
1265402504520458240
1265402508790423553
1265402541929574405
1265402566856323073
1265402613056634882
1265402627598229504
1265402650809556996
1265402729146519552
1265402755008598016
1265402768669331457
1265402789825409025
1265402833886724096
1265402864936947713
1265402936185753602
1265402942015897601
1265403011486167050
1265403011762991107
1265403033770483713
1265403037683679238
1265403041508921346
1265403045699112964
1265403119900471296
1265403195905527812
1265403213236273159
1265403250431258625
1265403293842444288
1265403346833354756
1265403347592450049
1265403368022970377
1265403381968846848
1265403439426572288
1265403444338151424
1265403579457695745
1265403599107964928
1265403603487002624
1265403610843820032
1265403624018116608
1265403637301252096
1265403661989150722
1265403673514872832
1265403682402648064
1265403729223864328
1265403746395160577
1265403770692870149
1265403778511093760
1265403820307349510
1265403826607185920
1265403834853134342
1265403842889482243
1265403846416666624
1265403867652472832
1265403917627559936
1265403955967856645
1265403956135591941
1265404014864277507
1265404023752003584
1265404038784389120
1265404043909894146
1265404047663796225
1265404061580320768
1265404061710352384
1265404065103691778
1265404067762896903
1265404068811415552
1265404085626441729
1265404094396551168
1265404136507482112
1265404168937840640
1265404169562750976
1265404191150874633
1265404199488983041
1265404274965532672
1265404302786428933
1265404316568956928
1265404374018375680
1265404402770358274
1265404433338445824
1265404442750435332
1265404463751344136
1265404467089981441
1265404480117407744
1265404505685966857
1265404538879705088
1265404580243714048
1265404619204820997
1265404622845476865
1265404656664141832
1265404685386764288
1265404685755678720
1265404694274478080
1265404735466745856
1265404759873208320
1265404761190404098
1265404764952711169
1265404795357036545
1265404870439235584
1265404915775606789
1265404967306891264
1265404978404958208
1265404978832855041
1265405004166230016
1265405004229328898
1265405011011526657
1265405041726365700
1265405051763384322
1265405055915618304
1265405062672797701
1265405087251390466
1265405097670070280
1265405100924694529
1265405136387571718
1265405172072755200
1265405175981838342
1265405197137952772
1265405217799094272
1265405227366301696
1265405230537154564
1265405232806195200
1265405349210632192
1265405369557356544
1265405385952944128
1265405449555279872
1265405472363986945
1265405486934839296
1265405504907431937
1265405519780511746
1265405540903137280
1265405541985202182
1265405550952579074
1265405574545539072
1265405591201239040
1265405595441606657
1265405615456862209
1265405619441414144
1265405627989479424
1265405658423152640
1265405679931711488
1265405759271112706
1265405779735126016
1265405814451441665
1265405839386566658
1265405855773622273
1265405888573169665
1265405898937286658
1265405901634232320
1265405922530246662
1265405943946280960
1265405944059637760
1265405980478550016
1265405999306981378
1265406044244635648
1265406073969795074
1265406092881920002
1265406098560790528
1265406106102194181
1265406110716092416
1265406128780988419
1265406132975263745
1265406145499410433
1265406188444946433
1265406190709805057
1265406196850311169
1265406225342218246
1265406345353682944
1265406355759718403
1265406375212969984
1265406397161910274
1265406409962917888
1265406442816880640
1265406447052939264
1265406451276800006
1265406556054708224
1265406568864141312
1265406573612064768
1265406585012133891
1265406586274660352
1265406593484689409
1265406606134648834
1265406611125764097
1265406646123143169
1265406690716823552
1265406719334551552
1265406744991281154
1265406794941120512
1265406800205053958
1265406803514470401
1265406808933498880
1265406846506065925
1265406903284379649
1265406988030300160
1265407010092318722
1265407018002788352
1265407030812180483
1265407084704776195
1265407122747129856
1265407122847694848
1265407156003667973
1265407193437728768
1265407205936750592
1265407219778179072
1265407241131188224
1265407357779152897
1265407372761186306
1265407429220741127
1265407445670731783
1265407465803350018
1265407474494038016
1265407500683145216
1265407539015045120
1265407588318932993
1265407617301544960
1265407623362424839
1265407629251223554
1265407637786632195
1265407646238212099
1265407663984177152
1265407696540438529
1265407709941305345
1265407713602793472
1265407752282746884
1265407768011223043
1265407768908840960
1265407780686630913
1265407788790013958
1265407855940820994
1265407864539156481
1265407868422905857
1265407889490931712
1265407903466500099
1265407906326945794
1265407915168595973
1265407933883379712
1265407961880543235
1265407965017903109
1265408015840280576
1265408075084767232
1265408083993427968
1265408125630373888
1265408142592159744
1265408154608828416
1265408164134039553
1265408192411889664
1265408296816709632
1265408322657812482
1265408333944631297
1265408338239451136
1265408347202818048
1265408385383575554
1265408387212337153
1265408398201442304
1265408401749622786
1265408401783259138
1265408447106838528
1265408459429773313
1265408464563720195
1265408561150136320
1265408562622345216
1265408569907822594
1265408598823362564
1265408603718127619
1265408632847577091
1265408652451725315
1265408673901359104
1265408695913123843
1265408716247097346
1265408742000078849
1265408784052088832
1265408808366587907
1265408886909083648
1265408916692897794
1265408917141520384
1265409005998006276
1265409035098107904
1265409060352004099
1265409097509240833
1265409136361005057
1265409185497452550
1265409257949798407
1265409300257742848
1265409320004595715
1265409362564177921
1265409375021268998
1265409421754032128
1265409437734445058
1265409459926360064
1265409460127895552
1265409470789713921
1265409476695396354
1265409504885145601
1265409534765367296
1265409572963078152
1265409593489928192
1265409596824354826
1265409620794847232
1265409630559244292
1265409634791284736
1265409674016219137
1265409689640144902
1265409710615822338
1265409756774256641
1265409777116446727
1265409786075508737
1265409786130161671
1265409790102040576
1265409814911496192
1265409840245026817
1265409874512543752
1265409917336162304
1265409937489817600
1265409983220506629
1265409990782791680
1265410003566919682
1265410017911545857
1265410024060456960
1265410049964421120
1265410113826848769
1265410120986636288
1265410167807660032
1265410179991994370
1265410201009688577
1265410254033924096
1265410309780635648
1265410344026955776
1265410385231917056
1265410399048007680
1265410494556504068
1265410516010196993
1265410541645975552
1265410557181431809
1265410566337814528
1265410573983813632
1265410582301282309
1265410591570739201
1265410591717576704
1265410639150768134
1265410699750109184
1265410738962739201
1265410779395702785
1265410809926164481
1265410887940059136
1265410934819954698
1265410990083960832
1265411002306301953
1265411003207913472
1265411055565635585
1265411069897437185
1265411081683566607
1265411128177426433
1265411132526940160
1265411141091590144
1265411143859933184
1265411174889332737
1265411193679855622
1265411199446978560
1265411228345741313
1265411232405880832
1265411300684976128
1265411354095165442
1265411393680891904
1265411512459571205
1265411534299246599
1265411534412378114
1265411580310757385
1265411597310275589
1265411622937358336
1265411727916625920
1265411758098874370
1265411769847238657
1265411773852717059
1265411803514839043
1265411836461158400
1265411862155403266
1265411904442445824
1265411996037656583
1265412083589492736
1265412104942649346
1265412105882263558
1265412151570845696
1265412197645266945
1265412209653547008
1265412225373597697
1265412247783976960
1265412298837045256
1265412312321540101
1265412369901137923
1265412411852574725
1265412516643028992
1265412645836017664
1265412647194853377
1265412650147762176
1265412658586685440
1265412679654690816
1265412695077138432
1265412717537636355
1265412785472770049
1265412818183979008
1265412838761381888
1265412885624139779
1265412894138740736
1265412927437197312
1265412944269099009
1265412969380405248
1265412990951723009
1265413027869782016
1265413032613761027
1265413069976436736
1265413107553202176
1265413112510836736
1265413154428911624
1265413163266293760
1265413169050087424
1265413185458167808
1265413186511081473
1265413212603731969
1265413225262301184
1265413263052816384
1265413287916814342
1265413292522168321
1265413329612349445
1265413338818887681
1265413392883486721
1265413417898311690
1265413455399604226
1265413464274669571
1265413464824205312
1265413467244097537
1265413478220804097
1265413519236718593
1265413523322146816
1265413602875506689
1265413628481732608
1265413644801789955
1265413654276648968
1265413677802377216
1265413735348342789
1265413736849977344
1265413745934831616
1265413749235687424
1265413770362466308
1265413801643372546
1265413811848335364
1265413815912615937
1265413833356607489
1265413891938451458
1265413904169140226
1265413971672207361
1265414109127999489
1265414136000733184
1265414146247364608
1265414154036424708
1265414181446172672
1265414202031833088
1265414282700709888
1265414320416055297
1265414323515596806
1265414332998922242
1265414357996965888
1265414361511866371
1265414466621054979
1265414504252346368
1265414517447630849
1265414530143682560
1265414550532186112
1265414563694075907
1265414571126214657
1265414575995961349
1265414583981756416
1265414624582815745
1265414643096354816
1265414647294889984
1265414659429015552
1265414688650727424
1265414726583898112
1265414752651616261
1265414761036034048
1265414768770158593
1265414827498811393
1265414848143392768
1265414860860469254
1265414940556496896
1265414962161364993
1265414982247649280
1265415024874577922
1265415032638066688
1265415046177357825
1265415112728313856
1265415126036779008
1265415201416982528
1265415201748406273
1265415247210348549
1265415281222078466
1265415284367618048
1265415299916009473
1265415326352568320
1265415326616948736
1265415334321885185
1265415343758929920
1265415355943411712
1265415372498485249
1265415385500835841
1265415388969476098
1265415397848879105
1265415456879493127
1265415481739141128
1265415486285602817
1265415531542138880
1265415536063787009
1265415553310547970
1265415569727250432
1265415607023030272
1265415619756937216
1265415631710674944
1265415644801044480
1265415695656980485
1265415716787965953
1265415729098248199
1265415754427453440
1265415818764079104
1265415821310013440
1265415823906213888
1265415859704487936
1265415875450097664
1265415884278861824
1265415926574387201
1265415963802865664
1265415993133805576
1265415993293180928
1265416026256224259
1265416051581505537
1265416089988747264
1265416115108433920
1265416165767208960
1265416177834176518
1265416190178013185
1265416274353545216
1265416353562996738
1265416382901940224
1265416441332809728
1265416459615965184
1265416471544545282
1265416471984902144
1265416489915625472
1265416496832032768
1265416502808735745
1265416508852695040
1265416521716830208
1265416525378437122
1265416583578480640
1265416589584658434
1265416597444984835
1265416676922679296
1265416699471372288
1265416750344134656
1265416764747374592
1265416832300675073
1265416870099812353
1265416888936529920
1265416958230573056
1265416961967763460
1265416978946297859
1265416987922104321
1265417016464285698
1265417222719262720
1265417251190181891
1265417263907250176
1265417281481342982
1265417314058620930
1265417319154511872
1265417323697049601
1265417416844046336