1257928081987325953
1257928083534798848
1257928145757495297
1257928217257598976
1257928225214418944
1257928226145554434
1257928280122044421
1257928451501088769
1257928482375467008
1257928498318114816
1257928498687152128
1257928573731639296
1257928585605758976
1257928653398249472
1257928704241496065
1257928861045551104
1257929069569568770
1257929087160422402
1257929197017796609
1257929199446306817
1257929215615340546
1257929232526663682
1257929311492935687
1257929321232183296
1257929519651975169
1257929550731845632
1257929617324695552
1257929913203646465
1257929982485151745
1257930087246200834
1257930146306277376
1257930222994849793
1257930276690411520
1257930283938168832
1257930302531330048
1257930323226243072
1257930393468182528
1257930418759839745
1257930440603832321
1257930453069320193
1257930566915313666
1257930571050651649
1257930597038768129
1257930604626100226
1257930649991892992
1257930685165170688
1257930772415201280
1257930780812197889
1257930855546269696
1257930874747666433
1257930968108879873
1257931015781220357
1257931120135548928
1257931132634632193
1257931217082687493
1257931276201480192
1257931286993342465
1257931313383800836
1257931438298669056
1257931497979490304
1257931519081033728
1257931577738301441
1257931593366360064
1257931619215839234
1257931636311838720
1257931648718573569
1257931668943339521
1257931698618105856
1257931737541345280
1257931934233006081
1257932017821351936
1257932100495425536
1257932196788273152
1257932245572243461
1257932255122653185
1257932272671559680
1257932512866820096
1257932567182888960
1257932592231276544
1257932662402146304
1257932696094793728
1257932700490629120
1257932742379044870
1257932758820827136
1257932851670134786
1257932867935580161
1257932881416073218
1257932918418178048
1257932956724678656
1257932985258688512
1257933011531763712
1257933024760659969
1257933199872843777
1257933373646856193
1257933606275747840
1257933619143868416
1257933632020381696
1257933698906886144
1257933757173993472
1257933987953160192
1257934069855223810
1257934147609190401
1257934156425621504
1257934173836279808
1257934176080277510
1257934215917694976
1257934279436390400
1257934294296608769
1257934353977532418
1257934399431012352
1257934541693562880
1257934623562256389
1257934635708944384
1257934806421307392
1257934862264094720
1257934884640821248
1257934965850824710
1257934999388487681
1257935010453061633
1257935031701401600
1257935036990423040
1257935103705178114
1257935112873934849
1257935180540588032
1257935255115309056
1257935557084274689
1257935671680995331
1257935707819044864
1257935713519251456
1257935725686857728
1257935788358217728
1257935844310048769
1257935906381717505
1257936201476190210
1257936224041533440
1257936426223710210
1257936496088223744
1257936523862986754
1257936526056599552
1257936575872335873
1257936790448529409
1257936986968653824
1257937109400387584
1257937134972833793
1257937259933859841
1257937265122312192
1257937345363484672
1257937439534047234
1257937461260492800
1257937499260809217
1257937568546635777
1257937588104511488
1257937607612235776
1257937608849723393
1257937734980648962
1257937797635346432
1257937883991666688
1257938010999529473
1257938085955932161
1257938086509633537
1257938087038107649
1257938194076700677
1257938217107685377
1257938238418763776
1257938255124840448
1257938344761327616
1257938619534200832
1257938660214951936
1257938682562121729
1257938778292797440
1257938808730980352
1257938811461476352
1257938854507470849
1257938979862663168
1257939339889303552
1257939516792254464
1257939582160699392
1257939639127511041
1257939668026494976
1257939755465158658
1257939763933388800
1257939830723489792
1257939922939514883
1257939970540670977
1257940049091534848
1257940061523513344
1257940062412640262
1257940079361716226
1257940129638907905
1257940132973461504
1257940137205329920
1257940189504290816
1257940268105584640
1257940301475459074
1257940326343376896
1257940380324106245
1257940401631223808
1257940465640407041
1257940489246031874
1257940492920250369
1257940557655089152
1257940620599013379
1257940629432274944
1257940669420748800
1257940737091567616
1257940992608608256
1257941026783838209
1257941059059036160
1257941063278440449
1257941177610973185
1257941210687209472
1257941235702120453
1257941244862496768
1257941248326819840
1257941344963747840
1257941349317390336
1257941357815103489
1257941375909351425
1257941410034126848
1257941496398925825
1257941584122974208
1257941697637625856
1257941701236330496
1257941751446339585
1257941808098603008
1257941895457759233
1257941923786080256
1257941944975663104
1257942074638270464
1257942129978028033
1257942180561391616
1257942240116301827
1257942310165381120
1257942348157222913
1257942447994351622
1257942448199938049
1257942583549898752
1257942595377991680
1257942615485550592
1257942649186717696
1257942755554152449
1257942759962488835
1257942825666306050
1257942830787391488
1257942990854606850
1257943004712755206
1257943027437367296
1257943036576911360
1257943098505809920