1262609098840911872
1262609211042803712
1262609278604632065
1262609325081559040
1262609376218677249
1262609568300965890
1262609694226407424
1262609768671256577
1262609790670262272
1262610045495398403
1262610050499166208
1262610092530241536
1262610201561071617
1262610218250309632
1262610234696241152
1262610269123067905
1262610299896676354
1262610306066378758
1262610632727072770
1262610657968418817
1262610666847981570
1262610718408323073
1262610767246811136
1262610850994683904
1262610855771832320
1262610880459673602
1262610987414441986
1262611019865735168
1262611035870990338
1262611086005514240
1262611167207477253
1262611184613801984
1262611409332027392
1262611425656279040
1262611584918204416
1262611622784204801
1262611721346183169
1262611753231429632
1262611790493614080
1262611798479568898
1262611812408864768
1262611867131928576
1262612010090598400
1262612080890429442
1262612185706049538
1262612408616595457
1262612709897580545
1262612790109339649
1262612796631441408
1262612806798462976
1262612817112207360
1262613003721150465
1262613153176784897
1262613317232857088
1262613350174818304
1262613351734992899
1262613363613478917
1262613372597501952
1262613388359688196
1262613401991184385
1262613427446480896
1262613616332685312
1262613682661416961
1262613746599542789
1262613885246373890
1262613895941849088
1262613956318965760
1262613997087571970
1262614059809230853
1262614121935187969
1262614194228207616
1262614319348330498
1262614328835887104
1262614370913259521
1262614374323064833
1262614399417802753
1262614436730114048
1262614467915001857
1262614492325777408
1262614618083557376
1262614626249957376
1262614793434746880
1262614870484307973
1262614894920241152
1262614903774380032
1262614965359218688
1262615126424739843
1262615168049049601
1262615280770887680
1262615331266195457
1262615338702733312
1262615348504739841
1262615439991021568
1262615549588242432
1262615552557592578
1262615657822248960
1262615938500890625
1262615984944316416
1262616178549239808
1262616208676999168
1262616215798689792
1262616236677947393
1262616254252118017
1262616274682523649
1262616321482616832
1262616326197014529
1262616330026414082
1262616392039366656
1262616518329688065
1262616527041368064
1262616721917181953
1262616858471157761
1262617000142163969
1262617104773115904
1262617159043170304
1262617507455778817
1262617558810857472
1262617617078124544
1262617658194710531
1262617747030040576
1262617750628794369
1262617767439523840
1262617832023560193
1262617876894187523
1262617910469591041
1262618207640186880
1262618246001446912
1262618347218169857
1262618414176034827
1262618487358402560
1262618524201054209
1262618572381130758
1262618581277249538
1262618715662815232
1262618879064281088
1262618971083354113
1262619037063733248
1262619101077389313
1262619136066088965
1262619248314073088
1262619302621933568
1262619305310642176
1262619460147519491
1262619588535169025
1262619748011032576
1262619826964611073
1262619840596058112
1262619916043120640
1262620008795914240
1262620033034977281
1262620107362258946
1262620116581310464
1262620133350129664
1262620155156164608
1262620229903007744
1262620266703785984
1262620318444617729
1262620339692900354
1262620640533716992
1262620678160711680
1262620691678945282
1262620700122251265
1262620820771180545
1262620871190966273
1262620876555632640
1262620883786612736
1262620913251442689
1262620967630704645
1262620967936733185
1262620997678759937
1262621022764838912
1262621174456074241
1262621203006738432
1262621299702185984
1262621325144678402
1262621346174992384
1262621475204485120
1262621491910316032
1262621727198269440
1262621756868694016
1262621849336381440
1262621935709507584
1262621966151741446
1262621992529924096
1262622054752403456
1262622202328989698
1262622288525930496
1262622397867458562
1262622423373012998
1262622457300684801
1262622578956472322
1262622604298510337
1262622637261537281
1262622830648332289
1262622922142822401
1262622959673507842
1262622972298309635
1262623007811481600
1262623015692468230
1262623136568270848
1262623380169203712
1262623417741611008
1262623464420040705
1262623512428072961
1262623539577991168
1262623555742830592
1262623606401425408
1262623643000946689
1262623708373553152
1262623891488272384
1262623946463207424
1262623967581556737
1262623971293294592