1257731825956511744
1257731870772678657
1257731952569913351
1257731969712041984
1257731978130075648
1257732024313565191
1257732112087564288
1257732208711938056
1257732246481453061
1257732282619756547
1257732326458626049
1257732387842244608
1257732439776034823
1257732455714353152
1257732485301121024
1257732552590331904
1257732665580675082
1257732665744080896
1257732678310379524
1257732682559021056
1257732774850519041
1257732796136796160
1257732806194507776
1257732862956179464
1257732947366600707
1257732951347007488
1257732985778044929
1257733026852884481
1257733106745950208
1257733155689320453
1257733156221960193
1257733252892278784
1257733277974245376
1257733399839682560
1257733406709952514
1257733692321038343
1257733697526067200
1257733701997228032
1257733837309841408
1257733861611618304
1257733911460884486
1257733915239780354
1257733940871217152
1257733964812304384
1257734099516571648
1257734112858779649
1257734121092153355
1257734188138139651
1257734209621327873
1257734297340919809
1257734330933055488
1257734350612893697
1257734406346641409
1257734486248132608
1257734500429303813
1257734716880535553
1257734722853253128
1257734846782345217
1257734860665315328
1257734890071691265
1257734985630601216
1257735037111414794
1257735040047423490
1257735082082697218
1257735262479609856
1257735284965421057
1257735339692576769
1257735451236057088
1257735469225426947
1257735509792698368
1257735531036684288
1257735559742656513
1257735564138348547
1257735564301828096
1257735571763576836
1257735572308799490
1257735574539997184
1257735580667883520
1257735590029606914
1257735761752809472
1257735831600627719
1257735887301083143
1257735895924555778
1257735953776619522
1257736017387442178
1257736089273597954
1257736101579485184
1257736188888141829
1257736315459768320
1257736323110232064
1257736356815609858
1257736629898313728
1257736767144431617
1257736769862238216
1257736771745562628
1257736832302931970
1257736842482520066
1257736864552808449
1257736872773791745
1257736893799649280
1257736990281412612
1257737002042052613
1257737002637721601
1257737204295598081
1257737221525909505
1257737233878171653
1257737304690614273
1257737392460611587
1257737484542324739
1257737497188024320
1257737505832607744
1257737625294843904
1257737648556441600
1257737760124751874
1257737766546227200
1257737778470834178
1257737803338825728
1257737829313961984
1257737841674727427
1257737862562406400
1257737892094308353
1257737900835442689
1257737946410688513
1257737997258276864
1257738013267750912
1257738032603693057
1257738078770380801
1257738119048237057
1257738198224076801
1257738202107965447
1257738344475160577
1257738344626294787
1257738369829871619
1257738374141497344
1257738415312736256
1257738433146966016
1257738446069694466
1257738588164325378
1257738615137894403
1257738650852495361
1257738689926492160
1257738743093628929
1257738810558943234
1257738814967050241
1257738861737914374
1257738902401671172
1257738913692565505
1257738930809602048
1257738990666555393
1257738998832717824
1257739012158218243
1257739192546856964
1257739296741765120
1257739338621870087
1257739338898538496
1257739393391046659
1257739397816111105
1257739405990809601
1257739424261124096
1257739493643153408
1257739527680151552
1257739531706646528
1257739541244329984
1257739557266694147
1257739682835808263
1257739758937104384
1257739800586616832
1257739841560875010
1257739959018160131
1257739959290589185
1257740085912633344
1257740131043176448
1257740160638296067
1257740166644396032
1257740191399391234
1257740211150376962
1257740238652350468
1257740265105784835
1257740294671433729
1257740333024186375
1257740384794484737
1257740505036832771
1257740521713393664
1257740642089930753
1257740786072014854
1257740840438501377
1257740901167894531
1257740932843274248
1257740953558724609
1257740954187870209
1257741032575447041
1257741083477446656
1257741100569288704
1257741117174366209
1257741197281341441
1257741291389140992
1257741382241988608
1257741560436924421
1257741601947836416
1257741607778091011
1257741610596601856
1257741636668448770
1257741676141072387
1257741678779289605
1257741738321432577
1257741798312640514
1257741804906086400
1257741851827875844
1257741972770566144
1257741987375198208
1257741993939214337
1257742136209862656
1257742141234778120
1257742223933915138
1257742224571265024
1257742228484698115
1257742254292131840
1257742334621450241
1257742359103758337
1257742362740248577
1257742436543184896
1257742468038234119
1257742512372015104
1257742630324232194
1257742643687313408
1257742678541795329
1257742730190438401
1257742765456326656
1257742846024650754
1257742847987482624
1257742866131988480
1257742878798868480
1257742908431663104
1257742943227711490
1257743030137872387
1257743038329368578
1257743047175086080
1257743128372613120
1257743141974704137
1257743181027913729
1257743255174815744
1257743369360506881
1257743370929266690
1257743412184231937
1257743417259569152
1257743439678124035
1257743487115632640
1257743633404461056
1257743639360540680
1257743652027236359
1257743764367556612
1257743873020817408
1257743894000828423
1257743958081486848
1257743999961530372
1257744034459799554
1257744087026810880
1257744094916489219
1257744237686185984
1257744249065476097
1257744261015011331
1257744319445778432
1257744366447333377
1257744388115042304
1257744422978097155
1257744464015171584
1257744464229085184
1257744535612010497
1257744536425676800
1257744700343107584
1257744909156716544
1257744913522925568
1257744948633440257
1257744955256307713
1257745097145319425
1257745097539629057
1257745131295383554
1257745207069757447
1257745261834600448
1257745330956718080
1257745362577653760
1257745404126511110
1257745437643202562
1257745484019429376
1257745527296442368
1257745653289148422
1257745684670713857
1257745697975283712
1257745717784915971
1257745720687411201
1257745901491281920
1257745945095266305
1257745966616068101
1257745972236554240
1257746044064083969
1257746081716277262
1257746095649837058
1257746154655068160
1257746163266134017
1257746187869880321
1257746217364324352
1257746233881505793
1257746272628473856
1257746289065725952
1257746309798227969
1257746318350573569
1257746373337927681
1257746385660764166
1257746486227501057
1257746498848206848
1257746532268421122
1257746537389723654
1257746553441341447
1257746632604635139
1257746666523746309
1257746670776979456
1257746745846427648
1257746754973433857
1257746854881767445