1264118872598368257
1264118883176284160
1264119000658837504
1264119151884468224
1264119240329588737
1264119346831360000
1264119386891325440
1264119681113341958
1264119774025572352
1264119803377094657
1264119853088215041
1264119905839964160
1264119924277932032
1264120030012354560
1264120114066137091
1264120122014400513
1264120130893688832
1264120132575559681
1264120141887025153
1264120225726738433
1264120294383501312
1264120302096863232
1264120348141924353
1264120396678381569
1264120411438100480
1264120717299167232
1264120768423776256
1264120838112116742
1264120971633455106
1264121006869929985
1264121016252391425
1264121081654370304
1264121153901277184
1264121326651965440
1264121389155524610
1264121417164967942
1264121463101100032
1264121464552411138
1264121551751913474
1264121571683127297
1264121757843230720
1264121837295894528
1264121863036440577
1264121897366827009
1264122014761136133
1264122039444496384
1264122088614436865
1264122095757398018
1264122288615686145
1264122291119706112
1264122366004801537
1264122647446765568
1264122648101036033
1264122685098987520
1264122694733385735
1264122734545711105
1264122751624904704
1264122780867604484
1264123011617128448
1264123046551359488
1264123062322003970
1264123107465261058
1264123114734014464
1264123249870471168
1264123362504105986
1264123373615034368
1264123428904239104
1264123674208038913
1264123765606277124
1264123905771483141
1264123933814554624
1264123947920044032
1264123955478171653
1264123985576460289
1264124027246989313
1264124042795155457
1264124051783548928
1264124160030191619
1264124231228567552
1264124248458768385
1264124344545894404
1264124368755490817
1264124396630953990
1264124575236780033
1264124640571654144
1264124710427725824
1264124990615478274
1264125164083609600
1264125175127322630
1264125254936428544
1264125278198140928
1264125303506395139
1264125317154770944
1264125377628082182
1264125428194775042
1264125444510662658
1264125531932422145
1264125630230208512
1264125814188064768
1264125863840428034
1264125969750806528
1264126119504154624
1264126311703941121
1264126488003166208
1264126503534673925
1264126524598427648
1264126686662209536
1264126706350272512
1264126798675292160
1264126836675665921
1264126899816738817
1264127083007148032
1264127096084934656
1264127145137377280
1264127222836858880
1264127356882563073
1264127407046504449
1264127494283653124
1264127595051798534
1264127801881395200
1264127804431630337
1264127867929141248
1264127889273913350
1264127962984648705
1264127981515091969
1264128121034465280
1264128385191739398
1264128433082245120
1264128446596341760
1264128464237420544
1264128501294272512
1264128690490871808
1264128757197127680
1264128884116795392
1264128963904823296
1264128997803397120
1264129106293055491
1264129147074416642
1264129168419229696
1264129618417778689
1264129655012900866
1264129662843793411
1264129679147110400
1264129815432454144
1264129850664554496
1264129873045368832
1264129924824289281
1264129971041251329
1264129999424061440
1264130015156858880
1264130038825435136
1264130494070841345
1264130622404071426
1264130752930856961
1264130901165789184
1264130944002215936
1264130985706184705
1264131023693967360
1264131036398698499
1264131140610293760
1264131329605672960
1264131439018291202
1264131456311255042
1264131508903739392
1264131653162631173
1264131654194475009
1264131655184367616
1264131755889614848
1264131890874892288
1264131991341076480
1264132024429875201
1264132116700368898
1264132124879097857
1264132175332610049
1264132263450685440
1264132323714498560
1264132361651970048
1264132364147453952
1264132389099507712
1264132625310064640
1264132712362901504
1264132713818271745
1264132755589181440
1264133038763630593
1264133130782474240
1264133283014721536
1264133408365711360
1264133420097179650
1264133456080056321
1264133481900081153
1264133515387514880
1264133523000233984
1264133589127618560
1264133745210200066