1257444901110808577
1257444920337534977
1257444928046665737
1257444948267466757
1257444986553073667
1257445142362980354
1257445145953394690
1257445166744571909
1257445175938494472
1257445179767865344
1257445209459261440
1257445280011689990
1257445376925327361
1257445402212786182
1257445403869528064
1257445447603564544
1257445497008263176
1257445574737043464
1257445654810542081
1257445795877597185
1257445838097461259
1257445852177747968
1257445855805702145
1257445905659289600
1257445964828344322
1257445972042489857
1257446102909018114
1257446111255695360
1257446147523784704
1257446157363679232
1257446160006033411
1257446172584787970
1257446173591384065
1257446383822520321
1257446387551174656
1257446408690507776
1257446459739451399
1257446513833398272
1257446634943926273
1257446639507210241
1257446657689563137
1257446693689339904
1257446719303884805
1257446730414637063
1257446761582546944
1257446781828415493
1257446793043984386
1257446840578039808
1257446874484748288
1257446890972631052
1257446950066106369
1257446966553952259
1257446978901999617
1257447021964922880
1257447054961500160
1257447164004962304
1257447243453550593
1257447310067367937
1257447323900272645
1257447393416687617
1257447407115284482
1257447415185051649
1257447428069953537
1257447470596055044
1257447474563878918
1257447666381926400
1257447721809698816
1257447776713146370
1257447830999965697
1257447839183056906
1257447897525891072
1257447918581297158
1257447956854312960
1257448011921268737
1257448014714634240
1257448014823727104
1257448015276752903
1257448065805488130
1257448152157863938
1257448158180913163
1257448267496988675
1257448296290963463
1257448308647383041
1257448309863714821
1257448355661336578
1257448400049639426
1257448425928437760
1257448426859569152
1257448433985691651
1257448435265003525
1257448443209027584
1257448468240613384
1257448496891932673
1257448598704439298
1257448603678904320
1257448628148453377
1257448654325067776
1257448695022465025
1257448711090835462
1257448774546468864
1257448776614240257
1257448787318132740
1257448825217789957
1257448853923659784
1257448888631529472
1257448905240989698
1257448984098021378
1257449118017953794
1257449134832967681
1257449190126428162
1257449268064985090
1257449274025050112
1257449365926555655
1257449445245030401
1257449479403450378
1257449487078952961
1257449529961517057
1257449537049853952
1257449537532239875
1257449554229768193
1257449558944161793
1257449588526657537
1257449646684856327
1257449663831117824
1257449782227939330
1257449793988759554
1257449889732210688
1257449907130118144
1257450050403401735
1257450066480189440
1257450095282446337
1257450112948801536
1257450192338587649
1257450196692348930
1257450222831259651
1257450225272328203
1257450301130526720
1257450313595977729
1257450334592667649
1257450380935467011
1257450431149727745
1257450451915673603
1257450473319206924
1257450517627879426
1257450527027331079
1257450565728112642
1257450603661459462
1257450661836476417
1257450779335630852
1257450837447671808
1257450842124361728
1257450886038781952
1257450901301800960
1257451027223269393
1257451040250658816
1257451086836830214
1257451144709881862
1257451148920922113
1257451198338207744
1257451198363381763
1257451219762757637
1257451316814766080
1257451324221816839
1257451333566828553
1257451345453428737
1257451399438372864
1257451438634086406
1257451504698621960
1257451530174844928
1257451559568408576
1257451568560996353
1257451630494089216
1257451648139567104
1257451684839686153
1257451705836453892
1257451773037621248
1257451777894633477
1257451795024154624
1257451882525659138
1257451890079604736
1257451923864719360
1257451943070519298
1257451945553469441
1257452016349085699
1257452058715848708
1257452104886685696
1257452134259400705
1257452189376798722
1257452250739412996
1257452301683503104
1257452302379737090
1257452318754250754
1257452444214267909
1257452446315679749
1257452447074664448
1257452498467598336
1257452624397455366
1257452730567852033
1257452760993353730
1257452809223536641
1257452860121452550
1257453023443464194
1257453045555908609
1257453069991845888
1257453174018977794
1257453190926209024
1257453307754414096
1257453376188624896
1257453421285847043
1257453434673999876
1257453647337795584
1257453803768614913
1257453839751483393
1257454011055292418
1257454068349448192
1257454084233330696
1257454096845623297
1257454147605073927
1257454252072538112
1257454336029884418
1257454341079863298
1257454352303882246
1257454410730549248
1257454447904595972
1257454533023805446
1257454617002205187
1257454721259970562
1257454750498512903
1257454771067289603
1257454801471897607
1257454856836648961
1257454924054626305
1257454976462454784
1257454986574860289
1257455082662232065
1257455099338723335
1257455125460914177
1257455200358539265
1257455209053331457
1257455237767495681
1257455246181367811
1257455258323877889
1257455373138755589
1257455404130451456
1257455434870423552
1257455468621987840
1257455568727478272
1257455737787371521
1257455741071429632
1257455743634194433
1257455943140478981
1257455984332734471
1257456039060013058
1257456214864257024
1257456221935845382
1257456231645667330
1257456303577927681
1257456370774880263
1257456391511515137
1257456420758437891
1257456432838049810
1257456551104782338
1257456564971192320
1257456588731953152
1257456590233522176
1257456603978235906
1257456618515693568
1257456681241493507
1257456689986580482
1257456727353688064
1257456738372128776
1257456806596657152
1257456810770010112
1257456848346767360
1257456907201269760
1257457001166188551
1257457053561430019
1257457054400339968
1257457085945610242
1257457213087629318
1257457342695776256
1257457343626911745
1257457469204373506
1257457662943469576
1257457678504394752
1257457682765799424
1257457742526197767
1257457817239334917
1257457865419304964
1257457888676794368
1257457897036013568
1257457897493102592
1257457897912651780
1257457921908256768
1257457984722141193
1257458002111717376
1257458051818364941
1257458064233553923
1257458111369097224
1257458148266385415
1257458224112062472
1257458225898758153
1257458231850536960
1257458236581650437
1257458236787167232
1257458254348791809
1257458308753035265
1257458333524598793
1257458375002030082
1257458442446520324
1257458513078616068
1257458529881010183
1257458560226689024
1257458580820811776
1257458614555508739
1257458618775076864
1257458681991647234
1257458795892088836
1257458845145870336
1257458845200388100
1257458878368940032
1257458903526322176
1257458962905083905
1257458967262957575
1257458980814819329
1257458995486474240
1257459062775701504
1257459134770929666
1257459138885570560
1257459151799758849
1257459172557365248
1257459229788684289
1257459244116426752
1257459321245483011
1257459344490323968
1257459466028662786
1257459478087286784
1257459495485259777
1257459509653626881
1257459545959477249
1257459593992638470
1257459658945695744
1257459688184168448
1257459944313495552
1257459961229123587
1257459980426457093
1257459990639644672