1265900628984774656
1265900651650920449
1265900657543962627
1265900682114207744
1265900800225742848
1265900830743502848
1265900838590930944
1265900867515006976
1265900918412906497
1265900926654652416
1265900943033458694
1265901069810282496
1265901252862304257
1265901252996526081
1265901261918023680
1265901371083165696
1265901555934359552
1265901577635860480
1265901707504091137
1265901727078703106
1265901773509865472
1265901783643086849
1265901880917372928
1265901916544020483
1265901991944794114
1265902134568136704
1265902146593206272
1265902172094464003
1265902252297838592
1265902323815120896
1265902398746185728
1265902629730742273
1265902653898321920
1265902748425269249
1265902930890313730
1265902958106931206
1265903083214733314
1265903096930226177
1265903103691255808
1265903116060372994
1265903169797832709
1265903178710765568
1265903385154330626
1265903493157654530
1265903514053738496
1265903678889684992
1265903686468857856
1265903709101322241
1265903959715336194
1265903981362065413
1265903987745796098
1265904146852515840
1265904212644450311
1265904218734395392
1265904257137618944
1265904274388717570
1265904356987146242
1265904402969264128
1265904516001644546
1265904570850586633
1265904834227535872
1265905007888646144
1265905115531223040
1265905172695392256
1265905175040057346
1265905367717801984
1265905414543155201
1265905422227124224
1265905565890342913
1265905666503389186
1265905850582880256
1265905972331065344
1265906064253497347
1265906127998509057
1265906198915641344
1265906210693427200
1265906294524968960
1265906629687627777
1265906770079289346
1265906904401928196
1265906989625999361
1265907009779576832
1265907017140637696
1265907124376178689
1265907157842694145
1265907364189933569
1265907377376768001
1265907632809881601
1265907950218096647
1265907972296912896
1265908036041871360
1265908171597664256
1265908216975765509
1265908230321930240
1265908304506748928
1265908458857119744
1265908585969508353
1265908685466775553
1265908844774985728
1265908936818831360
1265909162854068224
1265909210115694593
1265909386356162561
1265909545181736962
1265909838783090692
1265909846488035328
1265909893455908865
1265909990499311616
1265910037236629505
1265910217159725056
1265910245924069376
1265910296327094273
1265910395019108353
1265910493002305538
1265910510161199109
1265910552477360128
1265910569091153921
1265910603152896001
1265910945068527616
1265910997308649472
1265911000764727297
1265911223985467393
1265911391770144772
1265911429493915649
1265911499593318401
1265911551271202816
1265911600164175872
1265911681206501377
1265911756167282690
1265911957066067970
1265912078188961800
1265912193444429824
1265912380808138752
1265912938340265984
1265912951757606918
1265912992358596608
1265913644145086465
1265913719604813824
1265913844234424323
1265913924035190784
1265913936408264704
1265914003982868480
1265914163966197766
1265914230487859200
1265914245461524480
1265914292525764611
1265914351900336128
1265914482808827904
1265914545257746433
1265914557677084672
1265914591466438656
1265914767144824832
1265914934912864257
1265914949039202304
1265914964121968642
1265915183093805056
1265915186843533320
1265915300337397761
1265915304259043333
1265915367114846209
1265915433544151040
1265915506109771778
1265915542927314945
1265915642747764736