1259966637895299078
1259966812873097217
1259966878249824264
1259966947032170497
1259966968142200832
1259967010143899649
1259967018079404032
1259967072798375946
1259967164704055297
1259967202188500997
1259967244102176775
1259967264624914433
1259967403687063552
1259967429343621126
1259967470812704774
1259967483026403329
1259967491410927616
1259967583274569730
1259967604858523649
1259967655030722563
1259967707979669504
1259967750610530307
1259967781178675201
1259967798551310336
1259967873763737600
1259967898409472001
1259967919737487368
1259967927610036224
1259968049832251392
1259968065808355329
1259968101006938117
1259968115351474176
1259968230241771522
1259968234394189825
1259968310134726657
1259968313511120896
1259968334893920266
1259968364161744898
1259968417525833728
1259968452711911425
1259968495694970881
1259968569657495552
1259968666403254272
1259968834036883457
1259968913044983808
1259969023279804416
1259969051020984329
1259969106456928257
1259969181614837769
1259969194411659270
1259969198534639621
1259969307502612482
1259969387328499712
1259969417426984966
1259969488449126406
1259969538894057478
1259969638961684481
1259969639506866178
1259969660604342272
1259969689217712128
1259969761418584064
1259969819878686720
1259969865978458115
1259969874081853440
1259969934475644935
1259970054138892288
1259970079313350660
1259970079913107467
1259970115321331712
1259970159055339523
1259970167574011910
1259970369005518848
1259970390366892036
1259970579123273729
1259970591064559616
1259970597083402242
1259970616997941249
1259970805926105088
1259970885030760449
1259970935236579329
1259970994334134272
1259971026869456897
1259971073631612929
1259971119894933504
1259971124672122880
1259971154653003776
1259971157710778368
1259971189402939395
1259971191177183232
1259971443271643136
1259971507477938181
1259971538901708800
1259971707109912576
1259971710893404166
1259971744686899206
1259971768808206338
1259971782448164864
1259971824722382848
1259971914572816385
1259971966582181888
1259972055035981829
1259972076061855745
1259972088384937985
1259972193078796289
1259972365519372289
1259972369508073478
1259972401586003969
1259972430119960576
1259972442409369600
1259972533379465216
1259972541646606338
1259972638405001220
1259972663218405381
1259972664031981568
1259972675432308737
1259972762434588672
1259972780939866112
1259972838708174852
1259972868621783040
1259972944241065984
1259972977950523392
1259973053225865216
1259973078970511366
1259973091637161985
1259973173694459905
1259973232955809792
1259973305366278144
1259973362836819968
1259973367941271554
1259973464666124288
1259973539748368386
1259973558442381327
1259973589081763840
1259973602750926849
1259973653334069249
1259973653917294592
1259973699857514498
1259973722158628866
1259973729498652673
1259973824755273734
1259973832993054721
1259973833194438657
1259973841993953280
1259973912999473155
1259974043039674369
1259974101898342400
1259974114489651202
1259974123129839619
1259974190180052993
1259974232596832256
1259974273155977216
1259974337513259008
1259974349924098048
1259974389560299520
1259974400574660614
1259974479742189570
1259974534654038017
1259974542040027136
1259974571324698628
1259974659430158340
1259974663956058113
1259974694029217794
1259974707832553474
1259974726778261511
1259974735531659264
1259974764392779778
1259974890427502596
1259975087371046912
1259975142022791169
1259975156497289217
1259975281043013637
1259975302073274369
1259975347392708609
1259975360000733186
1259975427424022531
1259975510878310401
1259975561130237954
1259975582193860608
1259975595364139008
1259975609679306752
1259975610522382336
1259975674967789581
1259975699772968961
1259975779846426625
1259975917872599040
1259976035480805383
1259976057261826048
1259976143781769217
1259976196965765122
1259976407008055299
1259976445884895232
1259976462796500993
1259976478722338826
1259976483814203394
1259976628995715073
1259976665280569344
1259976709564174336
1259976744842391553
1259976886999937024
1259976958550695936
1259976962317008896
1259977035021037569
1259977180706222081
1259977209961422851
1259977222447824896
1259977296989040641
1259977300453572610
1259977300537417728
1259977314584137728
1259977327183872001
1259977373514174468
1259977461758070784
1259977524890734592
1259977545585512454
1259977566733111299
1259977606507769856
1259977627663765505
1259977650166067200
1259977688233598976
1259977776691425281
1259977791539482624
1259977813802864640
1259977847294365696
1259977918370983936
1259977943398350849
1259977956434165760
1259977986100477952
1259978061619003398
1259978070053785601
1259978082686885888
1259978107601051648
1259978127507435525
1259978130883858434
1259978140656549895
1259978152597651457
1259978161686753281
1259978278967926786
1259978340800192513
1259978388669894656
1259978401013567488
1259978509784670212
1259978560862748672
1259978611467210752
1259978642634891264
1259978749031964675
1259978876903583744
1259978921237413888
1259978954867441666
1259979013528915973
1259979046630363136
1259979063587823616
1259979265048817667
1259979278248116224
1259979323831922691
1259979348079247360
1259979411346030593
1259979438923689984
1259979454421577730
1259979492166119427
1259979579453698049
1259979600832028672
1259979642150309889
1259979647196020736
1259979658742960128
1259979676350636032
1259979709640777729
1259979721925963778
1259979737545441293
1259979831074160640
1259979843971756038
1259979887588388871
1259979890075500545
1259980028022067202
1259980049400451073
1259980058636271621
1259980066185936896
1259980154756984832
1259980200038850561
1259980279994777600
1259980292925853699
1259980360068235265
1259980376363147268
1259980435695828994
1259980469375918080
1259980478192537602
1259980494151847942
1259980720572977158
1259980745290002438
1259980760435560450
1259980809768927242
1259980812994465794
1259980846263603209
1259980854715129857
1259980866953965568
1259980873484599297
1259980955546157056
1259981027340103682
1259981027377889280
1259981027537227776
1259981034575151104
1259981055496466436
1259981056373071872
1259981103626158080
1259981127227506689
1259981278591488007
1259981294915645440
1259981312028545024
1259981447168843777
1259981475619000320
1259981475665055744
1259981497005510656
1259981509664137218