1261536933106208770
1261536938638614528
1261536954597900290
1261536958666272768
1261537138723741696
1261537369758535680
1261537387093430272
1261537424229818368
1261537487610163206
1261537648058888197
1261537659320594432
1261537671962333185
1261537760466186240
1261537839042441216
1261537962216624128
1261538033070981120
1261538129749696512
1261538139769696256
1261538187094228992
1261538216890339328
1261538233185259520
1261538390916333568
1261538555035148288
1261538599239061510
1261538615470899202
1261538687084527623
1261538799269675008
1261538962872524801
1261538988432617473
1261539417115811840
1261539433247014913
1261539438112505856
1261539483301883905
1261539541506076673
1261539554890317824
1261539660163166209
1261539739334856712
1261539739762479104
1261539860629749763
1261539894351917056
1261539914010812417
1261539956100562945
1261539957044400128
1261539999083827200
1261540046571634689
1261540062262554624
1261540091773833216
1261540162745495552
1261540222824636416
1261540227002372096
1261540230470893574
1261540247529291776
1261540251576737792
1261540264067375104
1261540272871071747
1261540311261724672
1261540377296662534
1261540420296663041
1261540444426711040
1261540488940793856
1261540557240836096
1261540611502440448
1261540708625891330
1261540822169931776
1261540824367726593
1261540855342436353
1261540858597343234
1261540947529269249
1261540956324728833
1261540956710375424
1261541056396451841
1261541076709412864
1261541190480138240
1261541237103955968
1261541632878489602
1261541664780247041
1261541665317302272
1261541740378501121
1261541782170603520
1261541790017916929
1261541795285970944
1261541854174154753
1261541875183468547
1261541963666460672
1261542036693348354
1261542158915506176
1261542189722673152
1261542340306415618
1261542371956633602
1261542407822364672
1261542465825210368
1261542532326068229
1261542562004942854
1261542596784074753
1261542668309417985
1261542703466115073
1261542728371974144
1261542813738717184
1261542827441487872
1261542839139225603
1261542843421622273
1261542862870675456
1261542939013951490
1261542956168654849
1261543057847181317
1261543150516080640
1261543426618560512
1261543484990816257
1261543544491315200
1261543560265953282
1261543586790809600
1261543668755976197
1261543714494844928
1261543723953008641
1261543727488733185
1261543837601652736
1261543926575611904
1261544043756040192
1261544076718903298
1261544093093703680
1261544193840656385
1261544264766390273
1261544349587828737
1261544366340026368
1261544388007620608
1261544396400422915
1261544405267177473
1261544445540958208
1261544459143127040
1261544482014724096
1261544482777911296
1261544512700235776
1261544547613421568
1261544553833656321
1261544579418877961
1261544621877997568
1261544673077653504
1261544682485624833
1261544714047639552
1261544722750939138
1261544735673593857
1261544793441628161
1261544922349555713
1261544945418145794
1261545029748785159
1261545041476149248
1261545132936978432
1261545259043033088
1261545310377172992
1261545350340329472
1261545490170048512
1261545623829925889
1261545673352261632
1261545677882081280
1261545733620187137
1261545733645189120
1261545756181307393
1261545770207055872
1261545804701016065
1261545837789761536
1261545839945814017
1261545889228705792
1261545901560135680
1261546420512776193
1261546458211385344
1261546462263025664
1261546513458769920
1261546587437883392
1261546751128788993
1261546802903482368
1261546819693105157
1261546903231225856
1261546918154588161
1261546967227826178
1261547032923131905
1261547066830000128
1261547231435542528
1261547260372008960
1261547266646724609
1261547275626713089
1261547553633566721
1261547575586385920
1261547578291871744
1261547595433938945
1261547622055084033
1261547650408644608
1261547752577740801
1261547809062486016
1261547810803060737
1261547918605070336
1261547952323080192
1261548010514907136
1261548091515101184
1261548183651565568
1261548273380331520
1261548336710123521
1261548368121094144
1261548493144907777
1261548732396507136
1261548875875147776
1261548892870639616
1261548915477884929
1261548980208615424
1261549113981775873
1261549187574841346
1261549235255873541
1261549441959505925
1261549496376279041
1261549607923773441
1261549675926020097
1261549747552296962
1261549772386840576
1261549885805023232
1261549886148767745
1261549974279598081
1261549989798559745
1261549991967023109
1261550042684350465
1261550053593931777
1261550078235299842
1261550102935515137
1261550116533612544
1261550154550849536
1261550206610370560
1261550217905741824
1261550233613451264
1261550282879782913
1261550347685773313
1261550476400549888
1261550553525391360
1261550585410707457
1261550635591188488
1261550635608047616
1261550720823721984
1261551050869407754
1261551147866824704
1261551225092308992
1261551341228318720
1261551374095056896
1261551470433845257
1261551485122482176
1261551533600264193
1261551579360104459
1261551672876167168
1261551827788500993