1257867683581751302
1257867691076927489
1257867726745243649
1257867751886028800
1257867793535569920
1257867810270785538
1257867873227325441
1257867911806324738
1257867919813259265
1257867923407941632
1257867936523595782
1257867945188851714
1257868058015776768
1257868091297595392
1257868108569575424
1257868124864409600
1257868133534257155
1257868337901563904
1257868356788670464
1257868377722441729
1257868405400416256
1257868625727414272
1257868644958289920
1257868659050987520
1257868662557442049
1257868665636126725
1257868712213975046
1257868829578850304
1257868875510628353
1257868889511337984
1257869014128308228
1257869073305800706
1257869085645430785
1257869094457655297
1257869107367514113
1257869156789243905
1257869195829796864
1257869199248166912
1257869207573676033
1257869232894816257
1257869236552134659
1257869236627804161
1257869308241338376
1257869606082895874
1257869622096756736
1257869727507996673
1257869756750798849
1257869798609784833
1257869828007829511
1257869836388098048
1257869889001279490
1257870137471807488
1257870197702172673
1257870198947938305
1257870199048437760
1257870202945052674
1257870213820960770
1257870214500360193
1257870302333112320
1257870357073190922
1257870365440778245
1257870378010963968
1257870381718712320
1257870386789834752
1257870457040261120
1257870503617978370
1257870634102579200
1257870746065473537
1257870767351640066
1257870809516986369
1257870821529272320
1257870839204249605
1257870868514050048
1257870873303769088
1257870880773832705
1257870888684236801
1257870909941006337
1257870910570352644
1257870927427252225
1257870960192966658
1257870964169347075
1257871010747109377
1257871105148301314
1257871115248177152
1257871128686518272
1257871191127126028
1257871300133113857
1257871317895798784
1257871334069039105
1257871354747072523
1257871359713173504
1257871410611064832
1257871458182840325
1257871502344458241
1257871555318607873
1257871569612795904
1257871631290175491
1257871727394258950
1257871758348165122
1257871887956357122
1257871903974449153
1257871959565783041
1257871993216655360
1257872009813467136
1257872117242216448
1257872130684878848
1257872147713835008
1257872227359391744
1257872256618938371
1257872382846537729
1257872411380396032
1257872504271618051
1257872521539416065
1257872667216154624
1257872697134125057
1257872747272814592
1257872751165136897
1257872827685969922
1257872830848471041
1257872882048200704
1257872889216405504
1257872894895493122
1257872919260258306
1257872940357599232
1257872990865371139
1257873065721180168
1257873116992286721
1257873317999964161
1257873426473050112
1257873560753696768
1257873602562740224
1257873637455147008
1257873653850607617
1257873665636675590
1257873712277123072
1257873775703490560
1257873788223451136
1257873804384231428
1257873940078366720
1257873974068822016
1257874001713606657
1257874051978018816
1257874103312289794
1257874124342353920
1257874127584555008
1257874290160041985
1257874345373970438
1257874368346165248
1257874425388634112
1257874438084853760
1257874479327428608
1257874563754573824
1257874583010643968
1257874594851151872
1257874597120299010
1257874648412258305
1257874662375251973
1257874727219146757
1257874740301017088
1257874756193271808
1257874806835482624
1257874862414147585
1257874895381372929
1257874895519862784
1257874898417934336
1257874906617974786
1257874908396376064
1257874920660484097
1257874953140973570
1257874968278454279
1257875053716201474
1257875189024636928
1257875221341548544
1257875232213413888
1257875326438342657
1257875369396285441
1257875465114546179
1257875655443673088
1257875825715630081
1257875926421057541
1257876003042590720
1257876026123837442
1257876031966453761
1257876067802636288
1257876094075547648
1257876157493465089
1257876232097562629
1257876286451724289
1257876319150338048
1257876404781416450
1257876480899469312
1257876511882952705
1257876560117469184
1257876690069590016
1257876694410465280
1257876714971107328
1257876728959156224
1257876731580633089
1257876846185676800
1257876870319820805
1257876873993846786
1257876886790627328
1257876896051855366
1257877037781565445
1257877070509531137
1257877092923916289
1257877200134483968
1257877404741013504
1257877466040819713
1257877488472150017
1257877513285652480
1257877558256754693
1257877588019687424
1257877620626042880
1257877641174147072
1257877659964465152
1257877679841390592
1257877691929370626
1257877784732499968
1257877847940587523
1257877872355749888
1257877919508172801
1257877948230762496
1257877956568977409
1257877996683227137
1257878079155965952
1257878179047518209
1257878220977864704
1257878242037391361
1257878254259707904
1257878321888522245
1257878405414031362
1257878463958171649
1257878480617947137
1257878509810319365
1257878533621366784
1257878585429426176
1257878687485222913
1257878758272499713
1257878867085332480
1257879210745491457
1257879278034665472
1257879299111170048
1257879339669975040
1257879357634179072
1257879412709617664
1257879466182836225
1257879592234364933
1257879651764113410
1257879671594762240
1257879696487792640
1257879718247964673
1257879835445047298
1257880010196611073
1257880016655802368
1257880263792590848
1257880303114301441
1257880452809064448
1257880489563754496
1257880559990329345
1257880762247974915
1257880779654389761
1257880787489378304
1257880868607135744
1257880870943371264
1257880985234018304
1257881100312997890
1257881119489392640
1257881258379468800
1257881260476817409
1257881430316724224
1257881450155819009
1257881497236918278
1257881631508987905
1257881639113248768
1257881859653988352
1257881890859765762
1257881911344558080
1257882070950518784
1257882071122317312
1257882101250240512
1257882105125707777
1257882105339617280
1257882132992622592
1257882147362271235
1257882181285928960
1257882276811157505
1257882289461215232
1257882297501650944
1257882374257487872
1257882378120433665
1257882399569874946
1257882444272857089
1257882445887700997
1257882573499445250
1257882763732140032