1261627513954058240
1261627533814087681
1261627576021389313
1261627593641639939
1261627596493721600
1261627708515274753
1261627722750742529
1261627743797739521
1261627811602796545
1261627814224244736
1261627880188018692
1261627916384825344
1261628159675584516
1261628175920123904
1261628221868650496
1261628295575199744
1261628298737659904
1261628356669423616
1261628402072793089
1261628463523311617
1261628479294058497
1261628661884731395
1261628667408666627
1261628768075960322
1261628948523466752
1261629049706893312
1261629099606454272
1261629136914833411
1261629196503265281
1261629198076125185
1261629200412401665
1261629475705552896
1261629863238213634
1261629904862547968
1261629972155858945
1261629979298652161
1261630009225228289
1261630047183679489
1261630071758106625
1261630211151429634
1261630236699082752
1261630250347376643
1261630269712465920
1261630366961545216
1261630379150147589
1261630386637062144
1261630587829252096
1261630588290818050
1261630588387307520
1261630598180937728
1261630616874946560
1261630654955032578
1261630663888900097
1261630696520466434
1261630839336718342
1261630977987747841
1261630998669918209
1261631019418976259
1261631049030750209
1261631162298052608
1261631170648956928
1261631200701095936
1261631229226627074
1261631262785224705
1261631271052042242
1261631401151037440
1261631402090598401
1261631435322122240
1261631498157019137
1261631536698396673
1261631578159095809
1261631616503427072
1261631700045631490
1261631737391656966
1261631758220636160
1261631790789406720
1261631821789319168
1261631884527894530
1261631952077099008
1261631962797821953
1261631967734489089
1261631996809412615
1261632008582815748
1261632056188178433
1261632068301324291
1261632127659106306
1261632228309848065
1261632409533140993
1261632427488956416
1261632458577018882
1261632605650329606
1261632630044233729
1261632751792533504
1261632760982261761
1261632776496873472
1261632823317987328
1261632899096420352
1261632932692873217
1261632933342769152
1261633037068050432
1261633054063366145
1261633063160815618
1261633096732020737
1261633176008564736
1261633235643174912
1261633272444006400
1261633402865946624
1261633432972640256
1261633477834874880
1261633569505632258
1261633591072694273
1261633687269015553
1261633745079205888
1261633800385310722
1261633822342483968
1261633830303207424
1261633854923776001
1261633872661549059
1261633947500511232
1261633972964032512
1261634106946777089
1261634114895122433
1261634308936171521
1261634321955328001
1261634472073670656
1261634518693404673
1261634609953079303
1261634673299673089
1261634837552775168
1261634967093813249
1261634997045334016
1261635008265097216
1261635104935477249
1261635111080144896
1261635192789311488
1261635211084943360
1261635461405192192
1261635494414254087
1261635499191447552
1261635556099776512
1261635558763364353
1261635629408030721
1261635676098957312
1261635695954690048
1261635717681250304
1261635831091154944
1261635834983440387
1261635845536092160
1261635903174463488
1261635977250058240
1261636002675863552
1261636061786189824
1261636088986308609
1261636171261775873
1261636238085414914
1261636263360282625
1261636464619786241
1261636506936098816
1261636535599935489
1261636544009388032
1261636548203810817
1261636552150650880
1261636655875674112
1261636673315749888
1261636673508696066
1261636678030168064
1261636723978764289
1261636808540028929
1261636812654641152
1261637003050807302
1261637312271826944
1261637331435446273
1261637400306073605
1261637420056887302
1261637420744728576
1261637426994278400
1261637483399438337
1261637596821807105
1261637618455977984
1261637693731229700
1261637776753209345
1261637794398699520
1261637839877439488
1261637910782259200
1261637923100901376
1261637995465109505
1261637999886041098
1261638059860385792
1261638091002937344
1261638129896873984
1261638201397166080
1261638233592598533
1261638272071041025
1261638289246879748
1261638293084442625
1261638343047163904
1261638550665048066
1261638555518058497
1261638565764591619
1261638668143464448
1261638691405156358
1261638695792320512
1261638767690956801
1261638803565031429
1261638883562926080
1261638917977243648
1261638934196600832
1261638952043372549
1261639089826267137
1261639135741214720
1261639143827935234
1261639294843785217
1261639324866674691
1261639408517816322
1261639512851124227
1261639563367383040
1261639569235206146
1261639630987956225
1261639634972540929
1261639656720007170
1261639665020534786
1261639673346174977
1261639697979359232
1261639799288594433
1261639903504486401
1261639927684640771
1261639946248601601
1261639962597961728
1261640231717163008
1261640315401895938
1261640318526636034
1261640331092791297
1261640356824834049
1261640362591911938
1261640373648142337
1261640385518022656
1261640398675546115
1261640415784173569
1261640452467556352
1261640493517156353
1261640529953112073
1261640586500747264
1261640586815250432
1261640629383303168
1261640671754149888
1261640875559522304
1261640964281679873
1261640984947052544
1261641018975420416
1261641031834980353
1261641064844333057
1261641086130442242
1261641124537565184
1261641178430259203
1261641183182368770
1261641199296720896
1261641211732832257
1261641237347676160
1261641237595029504
1261641254451978240
1261641261230014465
1261641262379270145
1261641301793165313
1261641350224764934
1261641543867412482
1261641552696352769
1261641573932183554
1261641723417104384
1261641740483788801
1261641762088550401
1261641828794798080
1261641890811822080
1261641891260628994
1261641996168564736
1261642007040020483
1261642044990197760
1261642063650738176
1261642093140869125
1261642105665073152
1261642163877797888
1261642239819874304
1261642247872765952
1261642299152293889
1261642299408363521
1261642323718483973
1261642427904991234