1266308406962458624
1266308437450780672
1266308470535524352
1266308603935444992
1266308650785804288
1266308751012835329
1266308762979241985
1266308809112334336
1266308818784452609
1266308865018269696
1266308968969842688
1266309064918622208
1266309078692888579
1266309086951256065
1266309271077167105
1266309443010138112
1266309451990122498
1266309480549167107
1266309506394284032
1266309668491661312
1266309746568683520
1266309908812705792
1266309954346024960
1266310054476754944
1266310110445359109
1266310293174378496
1266310332361965568
1266310338959544320
1266310456886603777
1266310492504485888
1266310495361028096
1266310513190993922
1266310856746455040
1266310882348466176
1266310966003879937
1266310987021418496
1266311192395612160
1266311237635276802
1266311292354248706
1266311338797805568
1266311377083346949
1266311439632830470
1266311439872122882
1266311452794765312
1266311536064311296
1266311536689254401
1266311640158334978
1266311833083801600
1266311929863254017
1266311994388492288
1266312016555278341
1266312059727294464
1266312080740749313
1266312199301193728
1266312264686153729
1266312295564693504
1266312475458375680
1266312501584703488
1266312522149355521
1266312525391388673
1266312536703590400
1266312559306649603
1266312568064192518
1266312656002134016
1266312816354643968
1266312844972298241
1266312961892605952
1266313050065301504
1266313051386626048
1266313269062578177
1266313315367546880
1266313587804561409
1266313671111778305
1266313681886801922
1266313801395310592
1266313885222686722
1266313906433253378
1266313909515870209
1266313938947448836
1266313943162728449
1266313943368204288
1266314294125264896
1266314539395698688
1266314560094568448
1266314677249859584
1266314677602054145
1266314749324771329
1266314802923741184
1266314820799705088
1266314862327730178
1266314883391459336
1266314904039907328
1266314957286760448
1266315122328436736
1266315353426210822
1266315373026119680
1266315426730070016
1266315625066123265
1266315743450275840
1266315850748956672
1266315947989753858
1266315948476313600
1266315990549368832
1266315998627598337
1266316174842683392
1266316362714099712
1266316427033743360
1266316477071790080
1266316690737860608
1266316770882748416
1266316778642210816
1266316946817024001
1266317089205219333
1266317107051941888
1266317110394925057
1266317122935771136
1266317176820117510
1266317265483509760
1266317277894336512
1266317433691934720
1266317494844903425
1266317522095276032
1266317537740021760
1266317710524366848
1266317752903458816
1266317753025208320
1266317832188334080
1266317843982934016
1266317948458860552
1266317949624713216
1266318000489144320
1266318004306010112
1266318045909139456
1266318138380959745
1266318267364397056
1266318272351387648
1266318323043766277
1266318347374862338
1266318347517546501
1266318361681711104
1266318561859035137
1266318682327863296
1266318750439088128
1266318801034973191
1266318821335293953
1266318838259281921
1266318869532213248
1266318875060305920
1266318940030074881
1266319263964385280
1266319312018706432
1266319446316023808
1266319559168065536
1266319563710439425
1266319563978915840
1266319589195079683
1266319874739122176
1266319924940681217
1266319996327735296
1266320029542281216
1266320055844962304
1266320084315901955
1266320093220388864
1266320121041162240
1266320121980522496
1266320369662586880
1266320373274083328
1266320399001780225
1266320420157997058
1266320435806973952
1266320540853317634
1266320869548318727
1266320965102960641
1266321040902369280
1266321109558996992
1266321157818589186
1266321186792800266
1266321313465065472
1266321330191962112
1266321395664867328
1266321481039900673
1266321539630108673
1266321571074977795
1266321598379896834
1266321605837365248
1266321653010743301
1266321668546363394
1266321716499959808
1266321836368896000
1266321988219527168
1266322005608914944
1266322071749046279
1266322073049153536
1266322168201314304
1266322215626104832
1266322239986827264
1266322290616254465
1266322307326324736
1266322328578920453
1266322390990159872
1266322575765929990
1266322718363979777
1266322734633512962
1266322810307112961
1266322839449350151
1266322847959519234
1266323053123899393
1266323110623666177
1266323263400996864
1266323332896448512
1266323338605010945
1266323356174991361