1258954846087942145
1258954898856689664
1258954899007705090
1258954902434394119
1258954937301479424
1258954982239301634
1258955109041680384
1258955149940162561
1258955192084557824
1258955217732866053
1258955230944821248
1258955260762009601
1258955267447721984
1258955273084928000
1258955326809833472
1258955388910579716
1258955410976931846
1258955523434700802
1258955553792876545
1258955582926663683
1258955603445252103
1258955611451961344
1258955637565710337
1258955641042825217
1258955719652433921
1258955720915070976
1258955727495991298
1258955745439211522
1258955802842247168
1258955873281400834
1258955875672350721
1258955900666228737
1258955902234828800
1258955910090801159
1258955939278921742
1258955940834889728
1258955959537291265
1258955967829598209
1258955977581355010
1258956062465630210
1258956116387672064
1258956132908969985
1258956191461408768
1258956299993264134
1258956308855902208
1258956358554054656
1258956417073057792
1258956425914716167
1258956429685374977
1258956522492760064
1258956526355611648
1258956543422234624
1258956589014417408
1258956604931620866
1258956651475791873
1258956651509346304
1258956660262887424
1258956721139208192
1258956726818258944
1258956732258279426
1258956753489838085
1258956869265010689
1258956882993168391
1258956898948329480
1258956945286934528
1258956987993165824
1258957072072183809
1258957072340865025
1258957091122958342
1258957134781452289
1258957151109812228
1258957272929181696
1258957325693575169
1258957337471172610
1258957443578634241
1258957478894632960
1258957537019338760
1258957586898079745
1258957630149660672
1258957637842022400
1258957747426476033
1258957763968827393
1258957804494151682
1258957817555439616
1258957835179667457
1258957851214651397
1258957906050940931
1258957982542553094
1258957986069962754
1258957990406782977
1258958057154867200
1258958061047214081
1258958140911104001
1258958259349868546
1258958334746431488
1258958493337432064
1258958501209989120
1258958690725646336
1258958758052388864
1258958782031429633
1258958867410702339
1258958889061662721
1258958891410284544
1258958891813126146
1258958895588007936
1258958929595371521
1258958994879569920
1258959045328687104
1258959193748443142
1258959206884884480
1258959248219869186
1258959269853974530
1258959307447472128
1258959328029151235
1258959538171994116
1258959584808574977
1258959597467054080
1258959629679239168
1258959637363281921
1258959640815075328
1258959739561619456
1258959751179898880
1258959819022700546
1258959819316375552
1258959853319487489
1258959936257757190
1258959944340197386
1258960040985231365
1258960046026883072
1258960049398968320
1258960057279983617
1258960058206924800
1258960099348889603
1258960200272396289
1258960280190701568
1258960284561092609
1258960296141557760
1258960313182941184
1258960607795003392
1258960615080517634
1258960682910978048
1258960691328765953
1258960712497541121
1258960736778244097
1258960814289158144
1258960831779405824
1258960904995123203
1258960939082149891
1258960946371977216
1258960959613202432
1258960983197958145
1258960984686895106
1258961000943898624
1258961026986409984
1258961030404689920
1258961030434127874
1258961047773499392
1258961193772843009
1258961382575349766
1258961400640049152
1258961455023611908
1258961513978757120
1258961617431207937
1258961676533194754
1258961877759074311
1258961879306661894
1258961899309412352
1258961950509338625
1258961981303918594
1258962096076668928
1258962154331475970
1258962218026180609
1258962318890860549
1258962462008848385
1258962469239824384
1258962544611524608
1258962644767256576
1258962657295679498
1258962704871669763
1258962741802536960
1258962741974441985
1258962751063556097
1258962771787558913
1258962854956457984
1258962884719194112
1258962917678092288
1258962985793585153
1258963212248190983
1258963388287332353
1258963400526200833
1258963405337251905
1258963471460261888
1258963501915140097
1258963509125304320
1258963510542786560
1258963542864265216
1258963592369455105
1258963593611141126
1258963631724736514
1258963756794560515
1258963812390240256
1258963848134045696
1258963957987053568
1258964020092178433
1258964197590925312
1258964226560847872
1258964315228553216
1258964335138869248
1258964449525784577
1258964557722255360
1258964567113166848
1258964767080878081
1258964778590052352
1258964839042555905
1258964873595072512
1258964918793056256
1258964944965365760
1258964953157062656
1258964978079391744
1258965157444644864
1258965179469049856
1258965280199520256
1258965312332075008
1258965363011846144
1258965380589973504
1258965427255943168
1258965459803820032
1258965473481428998
1258965488677408769
1258965565865168896
1258965741237415937
1258965762082930689
1258965932833075205
1258965959647408135
1258966026731032576
1258966051208998912
1258966055541751808
1258966090958462977
1258966101779607554
1258966150429306881
1258966156976836608
1258966198340837378
1258966207144828931
1258966210319921152
1258966215768367109
1258966220277190661
1258966245384347648
1258966268692004866
1258966332038512640
1258966343891718145
1258966348253794307
1258966349230952449
1258966357221142528
1258966399667417090
1258966414125228033
1258966418567159810
1258966449911103490
1258966470832390150
1258966517225607169
1258966597533720577
1258966600998404096
1258966624276639744
1258966706338308101
1258966797837008897
1258966814098362368
1258966832112902145
1258966864765562880
1258967015420653568
1258967015563223040
1258967082487578624
1258967091660668941
1258967226360762369
1258967301849616384
1258967308598460416
1258967343507505152
1258967394137014272
1258967428429754371
1258967448612556800
1258967595639812098
1258967598839939072
1258967599368433666
1258967619681628170
1258967626769973248
1258967741203124225
1258967761046237184
1258967825718353922
1258967846786232323
1258967884493058048
1258967925693677574
1258967950075351040
1258967963463532546
1258967963668889600
1258967980555350018
1258968042358349824
1258968067570360320
1258968081642278920
1258968084720820226
1258968118900088832
1258968226614120450
1258968246574706688
1258968341806551040
1258968353953251330
1258968664763703296
1258968756954566656
1258968759294885888
1258968761358524417
1258968773085691904
1258968773500923905
1258968785995706369
1258968911497711616
1258968912311484416
1258968971484725249
1258969058172698624
1258969065097437187
1258969083699134469
1258969113319428096
1258969200619470850
1258969200980381696
1258969264830197766
1258969284937736192
1258969302255808512
1258969360644931586
1258969404148264961
1258969440781242370
1258969444442714112
1258969449052418048
1258969465313611776
1258969478349459456
1258969511530655747
1258969578975059970
1258969713226526722
1258969785003651073
1258969799142637569
1258969831027675142