1258909578798010368
1258909595663204356
1258909641578332163
1258909697387700224
1258909716379557889
1258909867957420032
1258909885833625600
1258909977953083393
1258909998584754176
1258910012942016519
1258910061461745666
1258910062468378625
1258910121654132737
1258910200418852864
1258910233184702465
1258910233998643201
1258910305813479426
1258910418400993280
1258910523938111490
1258910556767035393
1258910559174606848
1258910598403932160
1258910602422091776
1258910612127703040
1258910641101910018
1258910670130753536
1258910855850348544
1258910900976791552
1258910968198893568
1258910983721910272
1258911005331148800
1258911026998902784
1258911079029080064
1258911118732529664
1258911181835776000
1258911227402731521
1258911332394467328
1258911361402318851
1258911374031441925
1258911413155713024
1258911454515933187
1258911545960140803
1258911558572191745
1258911780937531393
1258911781105303552
1258911835027394562
1258911865494700034
1258911882431336451
1258911911778947072
1258911920309940225
1258911949330448385
1258911999184048133
1258912046227300352
1258912047540187141
1258912058487291904
1258912077747494914
1258912088338161664
1258912113151455233
1258912255309160451
1258912271159267328
1258912276381339654
1258912280483266560
1258912301337509890
1258912523669180419
1258912541079678977
1258912620511473665
1258912703718010880
1258912708264472576
1258912721527025671
1258912762937389057
1258912763151253513
1258912767807041539
1258912771623747584
1258912832789282821
1258912900930064384
1258912901945012227
1258912922543284224
1258912930772459520
1258912985524981760
1258913043641139206
1258913127212539906
1258913148117057543
1258913278799032320
1258913304317251591
1258913345396146180
1258913357576404997
1258913450685681664
1258913488077914112
1258913489214746624
1258913501411782656
1258913539365928960
1258913557510569986
1258913576129040385
1258913681473040384
1258913777845776385
1258913798343327747
1258913799907622913
1258913907747348482
1258913926017941506
1258914025783656448
1258914027750797313
1258914037603106821
1258914088450527232
1258914121921241088
1258914133170364417
1258914164044697602
1258914218042155010
1258914304641822721
1258914317484916736
1258914421461712898
1258914512155148294
1258914512737984513
1258914558439235584
1258914560980905984
1258914583743475715
1258914607197908993
1258914621555200001
1258914663623987202
1258914687799955457
1258914692824813574
1258914692841390080
1258914708431810561
1258914801578905600
1258914806129520640
1258914844901888000
1258914867685347331
1258914922538229761
1258914934987141121
1258914962862309376
1258915030973718528
1258915032085098497
1258915036451364864
1258915066180702208
1258915066470174720
1258915086191792128
1258915128214519808
1258915153216786432
1258915163002077184
1258915169943592960
1258915261781905408
1258915279565881345
1258915300285616128
1258915333978669057
1258915387682336769
1258915388341071878
1258915417336229891
1258915421450915841
1258915618574807040
1258915645086990337
1258915665165025282
1258915690922209281
1258915719925940224
1258915778734116865
1258915778943950848
1258915820203315200
1258915844932976642
1258915853569011713
1258915866151989248
1258915879166849026
1258915889950441477
1258915976382500864
1258916072431943681
1258916088357613569
1258916122251968513
1258916193865478144
1258916278707851265
1258916328003567616
1258916368960966656
1258916374052851712
1258916399638106113
1258916403551166464
1258916407556952064
1258916428352237575
1258916457762693120
1258916517464412166
1258916595956625410
1258916638759550977
1258916656270716928
1258916742769803265
1258916777620393984
1258916789074960387
1258916794204655616
1258916794892500992
1258916800001126400
1258916825976508417
1258916847602110465
1258916873686695946
1258916917898817536
1258917019635920898
1258917020764160000
1258917091056312320
1258917092734222338
1258917117044244480
1258917142356996096
1258917171192889346
1258917179845533696
1258917192243965952
1258917217728696322
1258917221629333506
1258917259566878721
1258917345722011649
1258917364315205632
1258917422389538817
1258917452957786114
1258917532641173504
1258917569358000130
1258917594670587904
1258917634239803392
1258917666586341381
1258917669287280640
1258917704674627584
1258917762749079553
1258917879694622720
1258917918076743684
1258917955049525249
1258917972153778176
1258918039304749058
1258918090651377665
1258918127288475650
1258918154987868163
1258918173346275331
1258918219638730752
1258918269546889217
1258918315642089472
1258918345912573954
1258918358814261248
1258918366422630405
1258918524363239424
1258918659726213121
1258918672896266241
1258918680500424704
1258918723399843843
1258918736024780800
1258918785014210565
1258918803502780419
1258918844753604608
1258918860666920960
1258918900567175168
1258919014526357505
1258919016149721093
1258919058868600833
1258919104058097665
1258919192582950912
1258919234819764224
1258919254935531520
1258919259595583488
1258919280864788485
1258919322677886978
1258919339727691783
1258919356001652746
1258919473886580736
1258919515418697731
1258919523060723713
1258919537661161472
1258919545839816704
1258919578601582592
1258919624126730240
1258919679298613253
1258919683761278976
1258919691785064450
1258919721988247554
1258919754510864386
1258919872597123072
1258919879928885248
1258919881275293698
1258919951903199234
1258919956302843904
1258920027299827713
1258920039547314176
1258920092445954048
1258920093070704641
1258920203511123969
1258920221580029953
1258920236910182400
1258920270825431041
1258920295303385090
1258920479923945472
1258920555216019456
1258920639932461060
1258920656034508802
1258920728734445569
1258920730626076676
1258920798145806336
1258920799081242624
1258920807008481285
1258920816898707464
1258920861945548807
1258920904689618947
1258920916387594240
1258920920204185600
1258920929863729152
1258921020955807745
1258921055693025285
1258921101255639040
1258921135015591937
1258921138194767872
1258921155248844800
1258921423713665024
1258921428650528770
1258921432240648192
1258921441887731712
1258921454122475524
1258921473672126467
1258921487546888192
1258921563048591365
1258921608653279234
1258921627422789634
1258921684771405824
1258921775015976960
1258921796985856007
1258921860592365569
1258921870084145152
1258921885045309444
1258921888958631936
1258921898500599815
1258921978280513538
1258922019162394624
1258922036191285249
1258922061227008001
1258922076678676480
1258922091161812992
1258922108475899905
1258922108924694528
1258922208753303552
1258922254685155329
1258922275753152517
1258922417252118528
1258922418770292736
1258922501696098305
1258922582415458305
1258922619195269122
1258922619388268544
1258922741274730497
1258922755258413056
1258922803497238528
1258922927287828482
1258922939073863691
1258922942395830272
1258922971873325056
1258923025912692737
1258923148080226304
1258923197594054657
1258923235535716353
1258923248252747776
1258923252702941185
1258923304100003846
1258923327906816001
1258923388212477952
1258923399046475777
1258923408420745223
1258923429991862273
1258923466293538818
1258923475470819329
1258923500410044416
1258923589488775170
1258923697261309952
1258923777892790274
1258923874416308224
1258923923909021697
1258923949263650817
1258923978548281344
1258924008000507904
1258924022324178951
1258924154910322688
1258924277518290946
1258924309990395906
1258924313232588801
1258924351685967872
1258924402768359424
1258924430413234191
1258924430731833346
1258924506741121030
1258924557131538438
1258924569424994305
1258924594804604928
1258924596176269314
1258924620234842118