1258849154366951424
1258849172486119424
1258849188961492994
1258849193407504386
1258849213724721152
1258849214416683008
1258849331781779457
1258849383166205952
1258849408353030145
1258849478947241988
1258849479316340736
1258849483040780288
1258849496416411648
1258849579589529600
1258849593401511936
1258849781616529408
1258849826877460480
1258849839800037376
1258849863661432836
1258849871324381185
1258849877699825665
1258849931508559874
1258850074831929345
1258850179941380097
1258850187600109568
1258850190515208192
1258850221175562247
1258850254725672960
1258850280373751808
1258850309910269953
1258850349558964229
1258850387848761344
1258850405708107776
1258850445952499714
1258850449530277890
1258850460623966208
1258850613749616640
1258850645257355265
1258850725402116096
1258850733216215045
1258850792389345290
1258850796936015875
1258850857136852993
1258850863688237057
1258850902737326081
1258850942956470273
1258850951240261632
1258850989119021057
1258851010438717441
1258851044160933888
1258851140529082368
1258851192127586304
1258851277938651137
1258851352895090688
1258851354044502018
1258851377272385536
1258851432477814784
1258851483866542081
1258851489755381764
1258851517886537743
1258851590565507074
1258851659800670208
1258851660148944898
1258851680684253187
1258851685436256256
1258851735281467392
1258851751924547586
1258851760367517696
1258851807054442497
1258851852885655553
1258851861559308288
1258851878328078337
1258851956904296448
1258852000197992453
1258852028501164036
1258852083266129924
1258852145895374848
1258852222261235712
1258852399772565504
1258852591405940737
1258852620422098945
1258852658334568449
1258852675048869890
1258852764286775296
1258852771345858567
1258852788395597825
1258852838429454336
1258852858486837248
1258852930557542404
1258853052347486210
1258853119624015872
1258853187982970880
1258853195201294338
1258853216319680512
1258853230634827776
1258853250134138886
1258853250868150273
1258853258711441410
1258853320850116609
1258853337191120896
1258853481382887424
1258853505139445762
1258853527180447755
1258853528866619393
1258853531454279680
1258853627063648256
1258853631324860417
1258853642502844416
1258853685548982272
1258853694721847297
1258853727626162177
1258853745594642433
1258853765270188033
1258853786178580487
1258853804394635264
1258853806886006785
1258853829396721665
1258853854512205824
1258853870077280256
1258853879179096065
1258853882752643074
1258853913576366080
1258853915195584512
1258853995671695360
1258854016831946754
1258854021600890886
1258854041611833346
1258854084423159810
1258854097178034178
1258854138739384331
1258854151544397825
1258854205445505025
1258854277398835201
1258854372878008322
1258854374559932419
1258854529308790785
1258854546270564352
1258854604504215554
1258854625907666944
1258854662813384707
1258854684401397761
1258854707931557893
1258854801959350273
1258854915293601792
1258854919215419401
1258854965180850178
1258854981794516992
1258855099197263874
1258855162673860611
1258855183867674626
1258855279665516546
1258855376897945607
1258855385051660291
1258855418077552640
1258855468132425728
1258855472410644486
1258855486222450688
1258855548604293121
1258855589909876739
1258855593877667842
1258855595123380224
1258855599099568130
1258855606649151488
1258855627880910848
1258855707170004992
1258855762102755335
1258855803529957382
1258855810614145026
1258855833041096711
1258855842075430912
1258855842364837888
1258855930659291136
1258856015765913600
1258856122682916864
1258856177552601088
1258856180207648768
1258856196955615233
1258856210750562304
1258856223652315142
1258856224134696962
1258856247815802881
1258856273589698560
1258856284536766465
1258856295186104320
1258856302597615617
1258856341571088385
1258856386609332225
1258856397883813895
1258856424907534336
1258856508428652544
1258856555492958209
1258856567249801222
1258856634828423170
1258856642394894338
1258856699752067073
1258856709461889024
1258856726687887366
1258856822821343233
1258856822880047104
1258856827535663104
1258856831692279809
1258856843763277825
1258856923501297666
1258856931978084352
1258856948948250625
1258856965578428416
1258856970058108936
1258856974550290432
1258857078891872256
1258857100685475840
1258857104896593926
1258857112878428161
1258857132033794060
1258857179458621440
1258857184005443586
1258857196210794496
1258857209439518720
1258857247519768577
1258857271787950080
1258857371297873920
1258857385566908419
1258857392588025856
1258857399806500870
1258857406794280961
1258857427610611714
1258857452449251334
1258857460317609984
1258857468173725698
1258857499123425282
1258857546963734529
1258857569885605888
1258857582464204806
1258857603020570624
1258857725221576705
1258857729323528192
1258857825494634496
1258857878665990151
1258857888698769409
1258857897162752000
1258857989064228864
1258858019271651333
1258858071687741440
1258858072874913795
1258858094727098368
1258858152944074753
1258858161118646273
1258858219524501511
1258858231671042049
1258858248242892801
1258858266903416833
1258858278882336774
1258858463762890752
1258858530708180992
1258858567601446913
1258858572336762880
1258858580633104385
1258858643228950530
1258858704197136384
1258858706172874752
1258858799399677954
1258858815996354560
1258858845180514306
1258858937492877317
1258858941599137801
1258858953997508609
1258858974759223301
1258859006937968642
1258859067780595717
1258859105449623555
1258859109501276164
1258859121807446016
1258859137905106946
1258859163746213889
1258859172034154496
1258859184378073089
1258859188379430913
1258859201851351040
1258859251721572354
1258859255714713600
1258859258394947584
1258859324539047947
1258859326212636674
1258859356151582720
1258859389940727808
1258859410689945600
1258859445184081920
1258859461474766848
1258859549546573824
1258859558367264768
1258859734326788097
1258859755394625537
1258859797887270912
1258859834889383936
1258859838764957697
1258859839222136846
1258859914128048128
1258859927294140418
1258859985389473794
1258860014342557696
1258860036589121538
1258860052808708102
1258860107380723723
1258860132869574671
1258860163894829058
1258860183247155200
1258860219162955776
1258860271575150594
1258860274758504449
1258860350419668992
1258860368182439936
1258860510411403266
1258860564706668547
1258860573401497611
1258860582721269765
1258860598152048646
1258860627075923968
1258860638576750593
1258860803114938369
1258860839257305088
1258860958606376961
1258860968034988032
1258860980286545920
1258860996258652161
1258860996795326464
1258861059185795073
1258861152903352320
1258861273640566785
1258861333933690885
1258861357086076928
1258861388690337795
1258861393861914628
1258861466641408001
1258861500300574720
1258861542218641409
1258861583293390849
1258861583955980288
1258861613223940097
1258861693502971904
1258861704194207746
1258861781239250944
1258861961447702528
1258862074307981312
1258862091823468545
1258862099276664832
1258862141089689601
1258862255141257216
1258862360007192577
1258862380827713546
1258862385848356870
1258862406073286657
1258862418429505537
1258862519747317763
1258862521051537409
1258862580354908163
1258862674898812929
1258862683639517186
1258862751792812032
1258862770981871623
1258862846273781761
1258863055749951490
1258863081570160640
1258863089929371649
1258863152147492864
1258863223492624384
1258863332863311872
1258863374890237953
1258863417194053633
1258863462752673794
1258863483795488768
1258863533640617984
1258863547037159430
1258863547305480192
1258863605455286272
1258863614720528385
1258863624124116992
1258863643623657472
1258863655375876097
1258863727811624962
1258863731213295618
1258863760221052931
1258863835932475401
1258863856853479424
1258863878248644608
1258863940962058245
1258863953213612032
1258864017608634368
1258864067323858951
1258864090421899264
1258864121157611520