1263273303860375552
1263273316007247875
1263273345254113280
1263273347133169666
1263273357862109190
1263273357870600194
1263273366284308480
1263273371736985601
1263273419082063873
1263273454582861824
1263273504717205505
1263273559478042624
1263273559515820032
1263273571201228800
1263273620987678720
1263273737824206851
1263273758552281088
1263273774687936512
1263273782099292162
1263273820615573504
1263273894275735553
1263273924357427200
1263273941650427904
1263273971421765635
1263274003747098624
1263274012240535552
1263274151101505537
1263274151730692101
1263274181506064384
1263274218373988362
1263274227483975682
1263274263970230275
1263274264288845827
1263274269313728514
1263274320480124929
1263274369897422848
1263274370295828484
1263274385588269057
1263274433587957765
1263274520976035841
1263274545412218880
1263274554060922880
1263274571207192577
1263274633731719176
1263274663150485505
1263274709589917697
1263274712441946114
1263274717789556737
1263274796420173824
1263274806243463170
1263274834525446144
1263274852254978049
1263274879660548096
1263274901105856512
1263274947658633217
1263274948161912834
1263274950112292872
1263274973952716802
1263275065858314240
1263275099471466504
1263275115258798080
1263275136658137090
1263275149991849987
1263275183282020352
1263275283232129025
1263275435770564609
1263275506876600320
1263275523423137792
1263275631313223681
1263275631992803329
1263275647889059841
1263275656411938816
1263275689865871360
1263275728096751617
1263275883072282626
1263275889565073409
1263275904970735616
1263275942928977922
1263275958716502020
1263275987485286403
1263275993701236736
1263276035040317449
1263276042204131333
1263276064329142273
1263276113607962626
1263276194394279937
1263276197426888704
1263276253236260865
1263276277198446597
1263276316398366721
1263276323235155968
1263276536901144576
1263276537471627265
1263276555293339648
1263276583164547080
1263276583621623810
1263276583923712001
1263276587379822597
1263276604345602048
1263276697794891777
1263276772335988736
1263276790237343745
1263276793307336705
1263276801847177217
1263276806137839617
1263276806552956928
1263276819589070848
1263276838408859648
1263276841701240832
1263276931673440256
1263276957640228864
1263276999935692801
1263277024615030790
1263277079430336512
1263277105414053897
1263277136879800321
1263277146400862213
1263277154164490241
1263277155229863937
1263277200523980801
1263277204764426240
1263277304861655045
1263277318325317637
1263277351326019584
1263277357588049920
1263277440006328324
1263277464815534082
1263277490505744384
1263277522927542272
1263277556322627584
1263277577424318471
1263277594763460608
1263277628020178951
1263277745984794624
1263277816704991232
1263277826809237504
1263277830588129281
1263277900205379585
1263278060570214400
1263278060884963328
1263278072817729536
1263278077259513856
1263278094351077377
1263278165138370560
1263278231584727045
1263278244176035840
1263278252753223683
1263278274521624576
1263278282448924673
1263278291189936130
1263278390292840448
1263278450913271809
1263278483590897664
1263278576004001793
1263278673345609728
1263278702332243970
1263278748276862979
1263278760318717952
1263278769495838720
1263278837556789249
1263278920784384002
1263278932289298433
1263278991852531712
1263279015831502849
1263279074853543936
1263279120802181121
1263279171498803202
1263279183062536194
1263279183817347072
1263279191702659072
1263279193795842049
1263279230516895747
1263279242382651398
1263279276096356352
1263279280496291841
1263279323324301312
1263279324586815488
1263279345952600067
1263279351685984256
1263279355561750528
1263279389438926848
1263279423782092801
1263279431910645767
1263279452282216449
1263279456484880384
1263279469097254913
1263279515381329922
1263279595970801666
1263279612072808450
1263279613368840193
1263279715932090368
1263279720654761987
1263279883012255745
1263279893313392648
1263279893673963520
1263279899466502144
1263279910623174657
1263279918416187392
1263279967137234944
1263279977643958273
1263280006274392066
1263280056887054339
1263280119298342914
1263280127867154432
1263280144053153794
1263280151955210240
1263280153934934019
1263280236554326019
1263280291105431552
1263280350593155080
1263280429391581185
1263280543707344898
1263280547788292096
1263280639811350529
1263280664310317064
1263280811643559936
1263280842731905025
1263280865750253571
1263280879268438022
1263280916744548352
1263280984079978496
1263280996713222144
1263281020759166976
1263281218549940224
1263281235570249731
1263281311084498944
1263281365447041025
1263281382282924032
1263281394475847684
1263281663532060673
1263281687825440768
1263281688383275010
1263281708679356423
1263281859934420992
1263281898689712128
1263281914452029443
1263281978113220611
1263281995154677760
1263282113610002434
1263282132249710592
1263282149660282882
1263282201233207299
1263282356955332610
1263282381135511556
1263282464094633987
1263282472491651073
1263282476996194305
1263282479160594433
1263282480666292224
1263282656629981185
1263282669179170816
1263282732626579459
1263282754101313538
1263282794685480960
1263282824968355842
1263282870560448514
1263282912734130177
1263283088567590912
1263283095362572289
1263283116312915968
1263283159556395009
1263283223418855428
1263283277990899712
1263283334790230016
1263283407431233537
1263283424363593729
1263283428855693314
1263283454239703040
1263283454403317762
1263283521709395969
1263283550691954688
1263283617922514944
1263283638558310401
1263283659957850119
1263283776521568256
1263283869593350150
1263283882792816640
1263283911229976577
1263283927432728578
1263283940854505472
1263283945426190336
1263283974593318912
1263284003194503170
1263284061834932224
1263284182203146244
1263284183390195714
1263284230378754048
1263284233851846668
1263284239052738564
1263284406325739527
1263284431726534656
1263284460394610688
1263284530737065984
1263284552602091520
1263284553306775553
1263284594876522496
1263284753970499584
1263284834379673600
1263284905519308801
1263284926276927488
1263285039279812610
1263285074667192326
1263285080774107138
1263285102198640645
1263285107156291587
1263285135694344194
1263285186197745664
1263285228698664960
1263285231894753281
1263285240434475012
1263285324526034944
1263285500225314817
1263285525479403521
1263285601610149889
1263285664528752640
1263285682744684544
1263285749962678278
1263285752261234688
1263285795986833409
1263285797907644416
1263285819500122112
1263285945555734533
1263286088359010304
1263286121947168768
1263286222820122624
1263286281645158401
1263286318840283143
1263286385584361472
1263286398460755973
1263286425853796355
1263286444656783360
1263286461496987653
1263286463954853888
1263286532980563974
1263286566778286080
1263286598902452225
1263286631383085056
1263286700790427648
1263286717194199041
1263286780415094786
1263286792507273222
1263286817819815936
1263286934618673152
1263286961118289921
1263286972581384192
1263286976767127552
1263286998279880707
1263287148851212288
1263287178953723905
1263287229541040128
1263287233106370566
1263287375158894592
1263287383593816064
1263287425574539265
1263287443479920641
1263287459615563776
1263287471690805248
1263287480591286274
1263287829465096192
1263287833252462596
1263287911765684226
1263287920829493249
1263287945743732736
1263287953431965697
1263287963728834560
1263287996285095936
1263288092338925573
1263288093655871488
1263288135343116289
1263288142741807106
1263288160160710657
1263288172760444931
1263288237495332869
1263288261423792128
1263288306869075970
1263288331150004226
1263288340662685702
1263288353627295744