1257852627863441408
1257852645714386950
1257852698227019779
1257852714169569280
1257852715625046019
1257852744662122497
1257852752387960833
1257852765562232837
1257852795316772864
1257852833300389891
1257852853445701633
1257852985402691585
1257853151614365696
1257853181444403201
1257853268404899842
1257853374147461120
1257853464794869761
1257853503814414337
1257853512052101124
1257853512685285377
1257853739366580226
1257853831788015619
1257853923072696320
1257853923827879936
1257853945076211712
1257853962214084614
1257854007923609602
1257854149519044608
1257854162827706368
1257854175691579398
1257854189989793792
1257854249951571968
1257854250299863040
1257854251008753664
1257854350946263040
1257854481523499009
1257854586599153669
1257854619817934848
1257854672842510342
1257854749560287232
1257854816031772674
1257854816715505667
1257854925905833985
1257855022177628160
1257855101718405120
1257855105048723456
1257855217690951690
1257855374947946501
1257855378282426371
1257855474394779648
1257855475028119552
1257855517294116864
1257855542619299840
1257855551012319234
1257855681090260993
1257855747783704576
1257855935432835078
1257855957045923840
1257855966420389888
1257855983340023819
1257855989665038336
1257856012679168000
1257856015707656193
1257856184025055232
1257856314665041920
1257856334709620738
1257856356675182594
1257856373099880448
1257856398001442823
1257856401961033728
1257856474379935745
1257856494281863168
1257856503966363648
1257856538921795585
1257856565551529991
1257856608417316870
1257856641145470978
1257856642076553222
1257856691615514626
1257856695629479937
1257856699337027585
1257856712297590785
1257856723941052417
1257856754324590592
1257856829339492353
1257856972751351808
1257857002493140995
1257857019245142017
1257857056360599553
1257857177609482243
1257857219900686343
1257857227894845440
1257857240373092352
1257857283435958278
1257857326306004992
1257857369603805187
1257857375211577348
1257857480727695361
1257857547815526401
1257857551938596866
1257857581109907456
1257857605650673664
1257857652106952704
1257857736060141570
1257857790757842945
1257857802141347840
1257857827726557184
1257857853882130435
1257857875071942656
1257858063131766784
1257858110410174466
1257858167670620160
1257858168182444035
1257858222746034182
1257858233684889601
1257858251518967808
1257858264135589890
1257858269046927360
1257858306648862720
1257858314492243968
1257858356561227778
1257858398982373377
1257858432041771008
1257858437578448902
1257858465273348096
1257858492355862528
1257858550258454529
1257858570424651778
1257858583678595073
1257858641799020546
1257858646106488832
1257858687600910338
1257858695817396224
1257858796002643970
1257858839883460608
1257858847860908032
1257858971278270466
1257858981654958080
1257859003306127361
1257859006380441601
1257859061086851072
1257859126572400640
1257859136836034571
1257859196214804481
1257859358785966080
1257859364125360131
1257859426452529154
1257859451035492352
1257859464079855622
1257859501773881344
1257859594434609152
1257859632036491270
1257859650462126080
1257859726085427200
1257859732410425344
1257859732485935124
1257859821161705472
1257859828623572994
1257859879928123394
1257859946797920257
1257859947263676422
1257859975403016192
1257860026217017344
1257860109322956800
1257860133662519296
1257860180303327233
1257860180844392448
1257860202952560641
1257860246573387777
1257860274037686273
1257860307323465729
1257860315712233477
1257860319160020993
1257860357256671232
1257860428740399109
1257860437418356736
1257860471501262850
1257860477801181185
1257860499586322432
1257860522126520322
1257860537075064833
1257860571527028737
1257860603500257281
1257860637872599042
1257860667513569280
1257860676069949440
1257860726208770052
1257860743048937474
1257860852511735809
1257860867808464898
1257860881305817088
1257860886292766721
1257861061388177410
1257861078479847426
1257861095299186688
1257861143235899392
1257861174198013952
1257861241994960896
1257861247518687232
1257861271640104961
1257861393778384897
1257861577673289728
1257861606806966272
1257861607054430208
1257861611798384654
1257861624733618177
1257861730937569282
1257861741549060096
1257861771064475648
1257861829797089280
1257861867411816448
1257861884621082625
1257861908834791425
1257861930255089665
1257862041383174154
1257862143610888192
1257862156353187848
1257862197763436544
1257862257045762054
1257862438088667137
1257862450625511425
1257862607257600005
1257862659636105218
1257862706360614912
1257862726841282561
1257862752414191616
1257862760739856384
1257862814896701440
1257862982891159555
1257862987009974272
1257863003707498496
1257863013312245761
1257863037718892544
1257863083055144961
1257863099987755011
1257863116165132291
1257863130501308419
1257863251955789824
1257863272725983232
1257863277054484484
1257863389877014530
1257863469321211904
1257863544818798592
1257863561923178496
1257863599688581121
1257863612389089282
1257863613819359232
1257863709105537025
1257863784615600129
1257863930967400448
1257863935467945984
1257863955256684548
1257863989091950592
1257864044024745985
1257864103701254144
1257864178930458625
1257864195854553089
1257864228851064838
1257864246186172421
1257864334329479173
1257864433734320135
1257864446652878849
1257864451044380674
1257864459458088961
1257864468064645122
1257864484850409478
1257864493578641408
1257864497420595200
1257864518035820544
1257864526281814017
1257864580841246720
1257864631089074177
1257864652299460608
1257864807232880641
1257864875289784322
1257864987856580608
1257865001181872130
1257865089622970369
1257865097663385601
1257865160024141824
1257865235370819587
1257865340127600643
1257865386428596226
1257865461590441986
1257865533203963904
1257865541672288259
1257865583628034048
1257865663038787585
1257865700770811907
1257865725529784321
1257865738515353600
1257865923098226688
1257865950193278976
1257866003142242304
1257866100445855744
1257866138115100672
1257866275348451334
1257866280570425346
1257866304901361664
1257866367950155777
1257866384580718592
1257866421192753152
1257866518613745666
1257866576361132034
1257866618463563781
1257866719999209472
1257866837913743360
1257866850148507656
1257866900585033739
1257866905408454657
1257866925562101762
1257867022156926977
1257867089487949827
1257867280546885632
1257867369982169090
1257867454392545280
1257867458607710208
1257867496310190080
1257867586701676544
1257867596700856321
1257867612735733761
1257867622001106945
1257867651222667265