1258063981865992196
1258064024186437636
1258064033019723776
1258064057741070336
1258064074996428802
1258064079215886337
1258064087390531586
1258064125084733441
1258064150187724800
1258064175206711303
1258064183284977667
1258064200519364609
1258064250435764224
1258064310510772225
1258064329376763905
1258064385764806657
1258064593538002947
1258064594737692672
1258064640069832711
1258064644352212994
1258064665994825729
1258064714187313152
1258064745439145984
1258064778687393794
1258064800485179392
1258064842184896513
1258064883981189121
1258064951190659072
1258064976213954561
1258065261397188608
1258065312848785408
1258065341374136320
1258065362395922434
1258065371845865474
1258065454288994306
1258065503727128576
1258065638662311937
1258065697873199107
1258065735097765890
1258065794770120704
1258065826525204480
1258065852898910211
1258065941965017092
1258065961858498562
1258065981018169344
1258066012361994243
1258066062521884672
1258066067060129799
1258066259977134080
1258066272346148864
1258066318533763074
1258066322765709319
1258066448775352320
1258066523794653185
1258066528496320512
1258066605281591296
1258066649313357829
1258066783682117632
1258066807182721028
1258066818117308416
1258066819874803714
1258066826682130436
1258066862765756416
1258066916175986688
1258067044215541761
1258067048766332928
1258067061122588674
1258067077228752897
1258067130458812416
1258067136263729152
1258067178806407168
1258067241104482306
1258067245697245184
1258067392435032067
1258067392548098049
1258067409375641600
1258067425058324481
1258067450618187776
1258067480418885638
1258067500828426240
1258067513734283265
1258067656210411520
1258067664418639872
1258067698329755648
1258067719309668352
1258067736917229568
1258067868475949061
1258067883336380426
1258068012801949698
1258068013057744898
1258068101964468225
1258068167924088837
1258068210135576578
1258068227332210697
1258068230536454145
1258068297578426371
1258068298090065927
1258068348857876482
1258068428054806537
1258068642543132672
1258068659030933505
1258068680140681217
1258068688290426883
1258068714647252993
1258068721928736769
1258068728715108352
1258068756057731072
1258068797837238274
1258068813754642433
1258068830846410752
1258068918511513600
1258068935389437953
1258069002976473089
1258069019892080641
1258069057171062784
1258069099441258496
1258069111617261570
1258069162888478724
1258069188037562368
1258069204730814469
1258069237651963906
1258069260255080449
1258069401569501184
1258069430795411456
1258069568775491585
1258069581123538945
1258069589864267776
1258069602334134272
1258069604481462272
1258069604674482178
1258069615139262465
1258069623385346048
1258069649125593089
1258069665970114561
1258069682935836673
1258069692473724929
1258069791685906434
1258069801890648066
1258069854491418624
1258069886791757828
1258069958564687872
1258070123094540299
1258070211162443776
1258070311800627200
1258070437814247426
1258070571973304328
1258070580059877376
1258070605108252672
1258070634229190657
1258070731096719361
1258070761350344721
1258070806376087552
1258070856368037888
1258070860746932227
1258070882234306562
1258070882494427136
1258070911162486790
1258070926605930508
1258070939675344896
1258070940799254529
1258070948571381766
1258070965801504770
1258071015982235650
1258071020130365440
1258071091840344064
1258071171519655938
1258071221410754560
1258071225491996672
1258071300997697538
1258071355209084930
1258071380970467329
1258071473245175808
1258071536583544834
1258071574147665921
1258071669937025024
1258071712513605638
1258071737213743104
1258071737616306176
1258071750077829120
1258071754074992643
1258071995280998401
1258071998514835456
1258072042999554048
1258072144782622721
1258072189716348931
1258072211463770112
1258072253503332360
1258072269114314752
1258072287238127616
1258072316065521665
1258072319093809154
1258072341269098503
1258072353986146304
1258072375368847361
1258072415911006208
1258072539508748289
1258072601806671872
1258072801069740033
1258072861237010434
1258072877678473218
1258072920473116672
1258072966799044610
1258072977566023680
1258073005239877637
1258073171816669185
1258073226355376128
1258073311017402370
1258073318210461696
1258073440764006401
1258073495071752194
1258073525677686785
1258073602697633796
1258073666744733702
1258073675359756288
1258073725246857217
1258073884571635714
1258073985285267461
1258074015207436293
1258074035885191168
1258074048535420928
1258074071822036992
1258074090835005445
1258074275958984704
1258074293960871936
1258074303607836675
1258074313095168002
1258074333760688128
1258074335585226752
1258074479462191105
1258074510189899784
1258074581992120320
1258074671695532033
1258074698497196033
1258074753224462336
1258074836477198336
1258074875308191744
1258074912490688512
1258074980224430081
1258075029654384640
1258075034322534400
1258075046687453189
1258075130888142848
1258075184969461762
1258075193970434048
1258075231228440577
1258075276111642625
1258075302628077569
1258075420035035137
1258075462611296257
1258075570115616768
1258075793160314881
1258075881022435335
1258075913893249026
1258075944423653376
1258076091341774852
1258076096827973632
1258076187580121094
1258076221381865474
1258076233616818180
1258076284414025728
1258076397286723584
1258076502379368448
1258076552736264198
1258076560600510464
1258076602778308610
1258076664954748933
1258076710798602240
1258076729073111042
1258076775134842880
1258076779111120903
1258076804402855941
1258076850095562764
1258076917531631617
1258076938410668032
1258077000973025280
1258077060129406978
1258077071429054467
1258077095105753094
1258077236261007361
1258077335355564034
1258077366263386112
1258077416645419013
1258077437759455232
1258077502972612608
1258077512921317376
1258077608895549440
1258077681956069376
1258077752550359040
1258077760502722565
1258077835845144589
1258077919542312962
1258077936495800327
1258077983064985602
1258077983094562822
1258078033275224067
1258078042838183937
1258078079064461312
1258078094579175425
1258078102439280644
1258078120550305797
1258078155371425803
1258078158890438662
1258078247516098562
1258078272166014980
1258078355901100033
1258078408346607627
1258078494334111745
1258078603495047168
1258078616589484032
1258078617784823809
1258078629138960385
1258078675330666501
1258078695886958592
1258078700085620736
1258078703898316801
1258078708717555712
1258078733304508417
1258078740090847232
1258078788505808896
1258078913676193792
1258078980927901697
1258078985180889091
1258079027002175490
1258079028210208772
1258079048082886662