1263771661456699392
1263771731908530177
1263771754436210688
1263771767111389185
1263771923399479297
1263771951258046466
1263771982694416384
1263772069344542720
1263772174025924609
1263772178505498624
1263772224734949376
1263772237657759745
1263772417035341824
1263772564452601856
1263772766978797569
1263772824499560449
1263772870368468992
1263772975469170688
1263772980233908225
1263773042729193472
1263773285650771971
1263773332962512897
1263773365120180224
1263773365753360384
1263773377698729984
1263773483064004608
1263773503108464641
1263773504165548033
1263773556741214208
1263773648244092929
1263773852716478465
1263773894512488449
1263773915282898944
1263773973864517632
1263774073303085056
1263774129729265666
1263774171018014720
1263774195957235713
1263774268422328323
1263774272025251841
1263774274747117569
1263774368926068736
1263774379474731008
1263774438761226240
1263774446407598081
1263774595770916864
1263774632739508224
1263774749454487552
1263774778172805125
1263774834699444224
1263775050337071105
1263775051419136006
1263775081580371968
1263775098122563585
1263775103856377857
1263775237176508417
1263775282261082114
1263775294877396992
1263775303870152705
1263775329132244992
1263775447189356544
1263775461659869184
1263775528416313345
1263775580509667328
1263775648864231425
1263775750580244480
1263775832188743680
1263775836295102464
1263775919459704832
1263775923813244928
1263775969573289984
1263775982743441408
1263776083880472581
1263776102440468483
1263776193502986241
1263776195776335872
1263776234502316035
1263776313611030536
1263776330958745601
1263776372444594178
1263776398868652034
1263776494888923138
1263776566208692224
1263776603030634496
1263776607820328960
1263776765744463874
1263776905532190720
1263776921709658113
1263776935139782656
1263776947504582657
1263776990223577088
1263777026718289920
1263777081764327429
1263777195807342593
1263777380755288064
1263777493124894720
1263777517351194626
1263777573550657539
1263777741180145664
1263777864635293698
1263777945790951425
1263777971271118849
1263778063965401088
1263778073847136256
1263778096274116608
1263778108903165952
1263778172451147778
1263778176200839168
1263778256651780096
1263778416261836800
1263778789160628224
1263778992730980354
1263779007851565056
1263779057688346625
1263779126923743233
1263779253155487745
1263779253989982210
1263779382067372033
1263779421703540736
1263779426552164353
1263779447280410624
1263779547545104384
1263779661210935297
1263779678705405952
1263779707847311360
1263779712113000448
1263779791926210560
1263779850612994050
1263779901619924992
1263780043223949312
1263780097015910400
1263780127009312768
1263780331779432448
1263780353912844288
1263780449173811206
1263780546032869376
1263780560041922561
1263780588944871424
1263780613351452672
1263780623728041985
1263780760764518400
1263780852871413762
1263780891052126209
1263780907887939584
1263781174977064960
1263781359811624960
1263781477956845568
1263781528003362816
1263781538442993665
1263781548416995328
1263781557006991360
1263781603475668992
1263781632474902528
1263781633762537473
1263781770547417089
1263781813144686592
1263781813878693891
1263781862838853632
1263781917750628358
1263781926999113729
1263782135950958592
1263782136210837505
1263782173053763584
1263782207111356417
1263782211163217920
1263782281287741441
1263782307191808000
1263782375651020802
1263782411726397440
1263782441208209408
1263782467019902977
1263782596976279554
1263782719185657856
1263782723447029760
1263782738525597696
1263782778719670275
1263782819349663745
1263782878208557056
1263782919589462016
1263783013156114432
1263783029866143745
1263783063869427717
1263783080952606720
1263783101009817605
1263783151022886912
1263783171520450560
1263783218374901762
1263783289648635904
1263783323450687488
1263783437477064705
1263783482431545344
1263783511829381120
1263783536273702912
1263783717094506496
1263783879267287041
1263783918446227456
1263783934346878978
1263783943318503424
1263783990315618304
1263784016601202688
1263784150143840256
1263784170595237889
1263784367656075264
1263784467249934337
1263784538855047168
1263784542038523905
1263784590394527744
1263784657281220615
1263784673706196993
1263784678068154369
1263784700260179969
1263784748499062784
1263784783236210689
1263784837149753344
1263784870326816773
1263784920805244928
1263784984248299521
1263785051214327813
1263785092746366978
1263785131426279424
1263785278256414720
1263785310783225856
1263785453976682496
1263785474470133761
1263785543243935745
1263785559199268867
1263785562156281856
1263785563192262658
1263785582997549056
1263785667517124609
1263785705253285899
1263785722017964035
1263785729936756737
1263785780666908672
1263785824367321088
1263785855195340800
1263785986447814658
1263786038012645376
1263786107667275776
1263786141788110848
1263786145734889472
1263786153599270912
1263786262642688005
1263786368867672065
1263786372541943810
1263786380649472005
1263786385435131905
1263786396923412480
1263786419404800000
1263786518457573377
1263786527479472128
1263786572937228288
1263786666260660224