1263635692543807490
1263635745958395906
1263635750534316032
1263635784676016129
1263635821757898757
1263635869262663685
1263635876032270336
1263635876585881600
1263635901210599424
1263635917367107584
1263635938938204160
1263635964569813006
1263635967845502976
1263636002289127425
1263636002863812608
1263636035801677830
1263636056534134786
1263636149832159232
1263636173869776896
1263636179678830594
1263636201053052937
1263636237006417920
1263636278513451011
1263636317335883778
1263636329059008512
1263636341448990720
1263636394846547969
1263636396759187456
1263636466808176640
1263636492364193792
1263636493240844288
1263636509216907264
1263636551650537473
1263636560248836096
1263636639466827782
1263636643501703172
1263636656562638850
1263636686048821249
1263636702171590656
1263636745389854722
1263636765790703616
1263636769830027265
1263636803262783489
1263636811185872898
1263636866957524993
1263636964328292354
1263636979914326019
1263636995894661121
1263637004899635200
1263637042656731136
1263637071949787137
1263637079663263745
1263637079969464320
1263637088848818179
1263637100512997376
1263637176077729799
1263637209665560578
1263637251772174337
1263637306726064128
1263637313072050176
1263637352691503104
1263637361205764096
1263637368776638465
1263637453132439553
1263637478235410433
1263637480806453255
1263637503858356224
1263637511789842438
1263637549614071815
1263637655281004545
1263637688772464641
1263637717105156098
1263637742707245056
1263637751783620611
1263637784427933697
1263637839914418178
1263637847795523585
1263637969371611136
1263637973301702656
1263638032168685570
1263638032466325506
1263638032965685249
1263638061931311105
1263638090754727938
1263638141224837123
1263638150338969601
1263638195570274304
1263638369487269888
1263638397459009537
1263638416874504194
1263638434674913281
1263638518779334663
1263638552237289472
1263638572126568448
1263638572688642049
1263638610353573889
1263638713315229696
1263638782840012801
1263638820156846087
1263638822799065088
1263638867493687296
1263638912485867521
1263638942777303041
1263639005528276994
1263639035081191424
1263639036301840386
1263639039489474562
1263639117151297542
1263639118338113536
1263639132254937088
1263639158108676097
1263639193382580225
1263639213334859776
1263639306356359168
1263639320046350336
1263639323548643328
1263639343907962888
1263639382625587207
1263639395170521088
1263639412585324544
1263639439093440514
1263639439592640513
1263639483079106561
1263639483448037377
1263639488196157443
1263639646803832838
1263639666030522368
1263639724943704064
1263639726721921025
1263639747613917186
1263639764135301122
1263639891423846400
1263639903834902532
1263639952484687874
1263639994838798336
1263640011796291584
1263640076652875786
1263640083661385728
1263640104087805953
1263640108474998788
1263640178347868160
1263640195968102401
1263640289052438538
1263640332857729031
1263640338918305794
1263640444023508994
1263640460385562627
1263640539934666752
1263640545295040518
1263640594955431936
1263640597157548039
1263640616522493952
1263640750245330944
1263640759288414212
1263640785779675142
1263640875705536512
1263640884484046848
1263640897432010752
1263640905547997184
1263640930910961664
1263641135802703872
1263641144639909888
1263641152625930240
1263641152655409152
1263641174541205504
1263641189716316165
1263641189905043456
1263641266832711681
1263641277893152768
1263641339943682053
1263641353793277957
1263641470864699398
1263641521548656646
1263641525378048001
1263641605891698688
1263641630868996096
1263641719851139073
1263641777191469064
1263641777845661696
1263641791636660230
1263641823840538624
1263641823852912640
1263641855742394368
1263641874524442624
1263641987015561216
1263642054971854851
1263642080267698178
1263642096667439104
1263642100274511873
1263642103843885056
1263642180234686465
1263642368999395329
1263642441124507648
1263642503883960321
1263642537090220032
1263642549392158723
1263642583416397825
1263642615976808448
1263642629159284738
1263642637841686528
1263642654291619841
1263642725070536706
1263642733916442625
1263642876551954432
1263642901210374145
1263642909066227712
1263642922492342274
1263642935146565632
1263642947565654016
1263642994001018882
1263642999591854081
1263643006206218240
1263643006944587777
1263643032261255168
1263643049105788929
1263643052783988736
1263643078327320576
1263643111173099521
1263643147906633729
1263643157402615809
1263643162133835778
1263643232929550336
1263643244887449601
1263643275673698305
1263643283760316418
1263643291624538113
1263643296200564738
1263643303867793408
1263643324965171202
1263643387049246721
1263643393130971142
1263643447522734080
1263643568217837570
1263643584743583749
1263643597917892609
1263643622274207744
1263643664565391360
1263643757473402881
1263643942605783047
1263643971152228362
1263644072146853890
1263644075087011844
1263644088294924289
1263644117948674048
1263644135346618368
1263644139192750080
1263644154854285312
1263644248202711040
1263644260181708800
1263644286358376448
1263644340326260738
1263644348555681792
1263644365660004353
1263644373872529408
1263644378020659200
1263644420680761349
1263644433234317313
1263644436422156289
1263644445075013634
1263644446605955074
1263644453635526662
1263644455241830400
1263644465878700032
1263644507897245697
1263644521151299585
1263644533763518464
1263644549685014528
1263644558996504577
1263644592932556800
1263644616735113216
1263644630085664776
1263644646426771461
1263644655633104896
1263644667243044864
1263644688793456641
1263644710159212544
1263644725866909696
1263644760075460609
1263644761925144576
1263644784717160450
1263644807056035840
1263644810067488771
1263644853440782339
1263644901889146881
1263644919215816715
1263644931245043712
1263644962916360194
1263644998999908352
1263645028624130050
1263645065957773312
1263645083313856513
1263645116134117376
1263645204218814464
1263645214574444545
1263645215803367424
1263645251450933249
1263645258677657607
1263645317246803968
1263645337874567171
1263645355910053888
1263645406568693761
1263645418518429697
1263645489989378056
1263645506506338305
1263645564685758464
1263645641126920194
1263645653437050880
1263645668167438342
1263645779329155072
1263645828389928961
1263645934149230593
1263645946577063936
1263646043545223168
1263646060196454401
1263646102814941184
1263646180308746242
1263646235904348160
1263646306020573184
1263646324290924546
1263646515181965314
1263646544298901505
1263646554403069952
1263646630823243776
1263646667888263169
1263646668110606339
1263646718136070144
1263646748603547649
1263646751803744257
1263646776915103745
1263646818635624449
1263646856472604678
1263646987427221504
1263646995392204800
1263647014463705093
1263647062861787138
1263647071162204160
1263647075436318726
1263647078112063488
1263647179870101505
1263647225814618112
1263647243594354689
1263647298090917888
1263647356819472389
1263647363849236480
1263647364515938310
1263647455997882374
1263647483110068225
1263647502865182726
1263647545189859330
1263647545252691971
1263647570116608000
1263647641679912962
1263647708012675072
1263647732243337217
1263647760261066752
1263647792871997441
1263647815626035207
1263647851562876928
1263647880964907009
1263647941824110592
1263647947050283014
1263647964511088640
1263647973172363267
1263647987437314048
1263647998212558855
1263648043515162624
1263648052109348865
1263648063815593984
1263648069490540545
1263648072250396674
1263648107587407872
1263648136083443717
1263648196133339146
1263648205989871616
1263648214084751361
1263648214109966336
1263648216286986246
1263648257223376908
1263648270800175106
1263648371253878784
1263648387070599168
1263648431454556161
1263648546751836160
1263648548542918661
1263648555547398146
1263648618717696002
1263648647780204550
1263648685080170497
1263648816433172481
1263648827006840832
1263648831469731841
1263648882711543815
1263648933022101504
1263648991448834053
1263648991885045765
1263649047501406209
1263649055374061568
1263649063809036288
1263649085711622149
1263649130624270336
1263649193240993798
1263649255807488006
1263649289630216192
1263649346429558787
1263649365039644672
1263649377362509827
1263649431750086656
1263649464901931008
1263649503434936322
1263649537169797121
1263649574863818752
1263649604022808579
1263649625694748674
1263649730422116352
1263649768821186560
1263649814144843776
1263649821803438080
1263649847644585986
1263649894062907393
1263649956306530306
1263649997095964672
1263650027727024128
1263650028855463938
1263650062078562306
1263650086904446977
1263650087160307713
1263650115585277955
1263650132576415747
1263650232056680448
1263650291767001089
1263650329175953408
1263650339573637122
1263650514295836672
1263650543974723585
1263650568376946689
1263650587004018690
1263650594193096711
1263650699444969472
1263650721364402178
1263650744785227777