1259589083346513920
1259589224229072896
1259589429640994817
1259589459642773504
1259590404749488128
1259590429034643458
1259590619892273155
1259590834493808641
1259591045333073920
1259591179357863936
1259591225746882561
1259591276019793920
1259591724760018947
1259591920835350531
1259592111499993089
1259592210581864448
1259592223080906752
1259592269390327811
1259592315645112320
1259592323601661953
1259592348842876928
1259592516279701509
1259592822946234373
1259592848627904512
1259592900008083463
1259592949358264321
1259593103691972608
1259593153935441921
1259593526733451264
1259593548476841985
1259593578348785664
1259593708007284736
1259593808288854017
1259593829797122048
1259594005563785217
1259594136153448449
1259594148379865089
1259594278868787200
1259594308031778818
1259594412226682880
1259594496960053249
1259594546666708994
1259594639625146368
1259594694180421640
1259594696868814848
1259594706406670336
1259594760693485568
1259594832659415040
1259594958123630592
1259595084045090816
1259595092895182849
1259595201095573507
1259595285178863622
1259595302002139152
1259595330179543040
1259595330921934850
1259595463562592260
1259595469866496000
1259595482860531718
1259595520558891009
1259595607770988544
1259595771139276803
1259595921953902592
1259595932871602176
1259596056976859136
1259596287319646209
1259596333222105093
1259596468471685120
1259596496191672320
1259596497374437376
1259596505985486850
1259596522548838406
1259596592669175811
1259596818897268737
1259596850165952513
1259597037865222145
1259597079808299010
1259597099378905095
1259597122388688897
1259597210397716481
1259597254307921921
1259597386013343744
1259597392065765377
1259597415344029696
1259597474911707136
1259597515772616704
1259597579119140867
1259597609884438529
1259597663537954817
1259597767598473216
1259597843507097600
1259597885525671937
1259598011078004743
1259598016207630336
1259598070020485137
1259598076303433729
1259598082779410432
1259598112852754436
1259598145689915392
1259598187834347532
1259598196189417473
1259598280704634880
1259598346181738497
1259598451324661770
1259598456198508547
1259598473248354305
1259598481729208323
1259598489471852544
1259598506303635458
1259598657210499073
1259598670028210178
1259598690928345088
1259598779143065608
1259599030998298625
1259599031023656960
1259599047104626689
1259599050044825602
1259599059972575232
1259599093329825794
1259599094294523904
1259599147545571341
1259599353850630144
1259599425082740739
1259599471408672768
1259599580636672000
1259599586273918976
1259599752708206593
1259599794391007232
1259599802645581826
1259599838062219265
1259599848493461507
1259599915954704386
1259599983285764097
1259600033084735490
1259600042039504896
1259600075061366785
1259600133362196481
1259600151410335744
1259600209656582146
1259600354221666306
1259600402456215555
1259600436300001285
1259600447213461506
1259600519389081601
1259600532307619843
1259600632819916800
1259600758430855174
1259600770992832512
1259600905344708608
1259601085859332096
1259601132273442821
1259601166104776705
1259601270278516738
1259601299382784000
1259601533286694920
1259601535828471812
1259601601389608968
1259601823394119681
1259601840183918597
1259601932827660288
1259601941686075394
1259601971171868672
1259602029816811520
1259602041170726918
1259602087551229952
1259602126294200321
1259602233009700865
1259602243432730624
1259602314635079680
1259602402220617728
1259602559825620994
1259602578209456128
1259602667229392896
1259602763052269569
1259602856593821696
1259602875359072256
1259602906472304642
1259602910054215680
1259602940248993793
1259602968124493830
1259602977699926016
1259603010709225476
1259603090572898304
1259603193295749120
1259603355682385920
1259603405862924288
1259603702169636866
1259603702979182592
1259603710994513920
1259603774332641280
1259603799884341255
1259603824408485888
1259604114960310272