1262322111928033280
1262322169469599745
1262322425267658752
1262322849479622663
1262322888239190016
1262322895574962176
1262322904437489664
1262322939787165698
1262323122029633536
1262323218724958213
1262323247410003968
1262323264589828097
1262323336610283522
1262323362174468097
1262323424527081473
1262323445762834434
1262323482760601602
1262323528633683968
1262323536808472578
1262323700315181058
1262323714026323968
1262323819450171392
1262323826412662785
1262324032138928129
1262324077563465728
1262324141773987840
1262324191384293378
1262324191795109888
1262324242126905344
1262324255234027522
1262324275635257344
1262324321541861377
1262324443491303424
1262324632654405633
1262324683216691201
1262324775105507329
1262324858035122176
1262324905389031436
1262325071156305923
1262325082095042560
1262325135392071682
1262325213611597824
1262325248000737282
1262325336638963712
1262325416695644160
1262325453672644608
1262325810545020929
1262325864534102016
1262325974491791361
1262325982691811328
1262326007765360640
1262326129077215232
1262326221507100683
1262326293850468352
1262326338607857665
1262326477976190976
1262326502118567937
1262326527342985228
1262326531717771265
1262326637380734976
1262326679466377216
1262326690396745729
1262326725100306434
1262326730167128064
1262326859477499904
1262326904750845952
1262326967866494976
1262327014926753795
1262327114596003841
1262327266110996481
1262327283639033856
1262327442489909248
1262327479404056581
1262327630411505665
1262327656382517248
1262327672648142848
1262327685822496773
1262327731502678019
1262327735445344257
1262327781318426625
1262327811215417344
1262327848536285184
1262327852810338309
1262327891007877121
1262327928228057088
1262327992677740544
1262328020754468865
1262328033446375424
1262328062361952257
1262328092074311680
1262328113675075584
1262328189306777600
1262328226753511425
1262328365240872960
1262328424099655680
1262328633353474048
1262328652366319617
1262328825679151106
1262328865004937216
1262328961335508992
1262328977991098376
1262329002003361795
1262329002141855744
1262329175207280641
1262329233235423232
1262329267670536193
1262329288138854401
1262329289959186433
1262329295755714562
1262329313438957568
1262329436717932546
1262329468011417603
1262329518045507584
1262329518754156546
1262329526157144066
1262329617777668101
1262329706579234816
1262329724115845120
1262329968408879104
1262330105558417408
1262330118107738115
1262330211007414272
1262330272705585152
1262330360974671872
1262330395061678082
1262330509176299521
1262330528834953217
1262330533108838402
1262330583868465153
1262330608174407683
1262330681159495680
1262330752160563200
1262330792300158978
1262330856968015872
1262330994289283073
1262331149386485760
1262331195150524422
1262331196761165824
1262331237638774784
1262331247507976192
1262331406010789889
1262331427405860866
1262331501208895493
1262331532125093888
1262331602857836545
1262331616233426944
1262331653608833025
1262331657585070080
1262331757539385345
1262331779144269824
1262331863391014914
1262331866880696320
1262331871213637633
1262331879488880640
1262331909239197703
1262332043008118785
1262332099140386816
1262332139883749376
1262332169755586560
1262332238923956224
1262332243546042373
1262332286588125185
1262332331718782976
1262332336592453633
1262332366661529601
1262332370423885825
1262332388052357120
1262332511885148160
1262332513860685824
1262332551651381248
1262332606093369351
1262332622060961793
1262332651459018754
1262332836364902400
1262332886545555456
1262332936101212160
1262332957366210560
1262332961703235584
1262333041470513152
1262333041529085952
1262333150283345920
1262333158600708097
1262333189323763713
1262333302498824192
1262333380764618753
1262333423521345536
1262333465594396672
1262333515737137152
1262333565519433728
1262333585211699200
1262333609056382976
1262333636868820992
1262333649514627074
1262333663460708352
1262333663707975682
1262333695534542850
1262333721409196035
1262333763767488519
1262333779835789314
1262333884760379392
1262333968218644481
1262333994819104770
1262334193968852992
1262334212130119682
1262334263896297473
1262334372063129600
1262334374961459200
1262334451318575104
1262334589978071046
1262334618101067777
1262334658144018432
1262334685817995265
1262334710736396288
1262334731540021248
1262334732580171777
1262334763395952640
1262334832543137792
1262334878948835328
1262334882094608384
1262334883478691840
1262335017465851904
1262335071765364737
1262335150689529856
1262335168838328322
1262335189746884613
1262335319418048513
1262335375869194241
1262335394345111554
1262335424745353217
1262335621386964992
1262335629100277760
1262335683563343872
1262335715364438016
1262335739045523461
1262335804548034560
1262335872269053953
1262335961264017408
1262335983179227136
1262336154608828416
1262336212993323009
1262336356044464134
1262336380799238144
1262336460188983298
1262336545173975041
1262336613281140739
1262336624626556929
1262336632608489478
1262336731698868232
1262336746899021825
1262336748354404353
1262336900360286210
1262336988470009858
1262337106187300864
1262337106518724608
1262337118287863810