1259770218211147779
1259770237957935104
1259770328110305281
1259770346745597952
1259770421920088064
1259770544033054721
1259770674413002753
1259770938092118016
1259770955225841666
1259770963920642050
1259771097173688322
1259771109974605825
1259771181181423618
1259771185325322242
1259771324236353536
1259771455266598912
1259771476506546176
1259771686330732545
1259771827896934400
1259771969504935937
1259772067483959297
1259772235620814848
1259772264523808771
1259772386062168065
1259772472121004033
1259772486771769346
1259772532967825408
1259772595479515136
1259772642262990848
1259772645760999425
1259772818792820736
1259772881342468099
1259772942474457088
1259773131209596928
1259773207994867712
1259773216374939648
1259773391466369024
1259773410512703493
1259773421895876608
1259773656059830273
1259773665199210497
1259773690155327488
1259773808145248257
1259773832539238407
1259773916278665216
1259773998117916673
1259774122432724994
1259774150090067969
1259774158310903808
1259774168200916993
1259774255463628801
1259774318495404032
1259774340142424064
1259774675955208192
1259774693046919168
1259774705801687040
1259774790480650240
1259774818741862402
1259774893056557056
1259774931203690496
1259774955606155265
1259775217930559488
1259775233336246274
1259775251371737088
1259775405805826051
1259775451213344769
1259775464408854531
1259775480636506112
1259775856018444288
1259775895834943489
1259776118745444353
1259776278107914240
1259776281668976640
1259776374148984832
1259776473734545410
1259776487567261702
1259776551102676997
1259776629221527556
1259776713162194944
1259777012195000321
1259777265820299264
1259777396854730755
1259777418509848576
1259777549443518464
1259777842247880705
1259777842285547521
1259777874627891200
1259778048246734848
1259778076696875010
1259778078856949761
1259778129482051584
1259778447649406981
1259778597969149952
1259778693209247744
1259778739480588289
1259778783499956224
1259778789908926465
1259778832103546880
1259778928048246784
1259778941859946496
1259778978002407425
1259779159427108866
1259779167689867264
1259779248253894656
1259779276242550784
1259779452483121153
1259779469394366465
1259779478634541056
1259779629331755008
1259779822827573248
1259780006781292545
1259780110888177664
1259780135122845696
1259780354577031169
1259780355495772160
1259780757440077824
1259780862020911104
1259781252384776192
1259781410551889921
1259781449131098119
1259781626244075520
1259782036069515266
1259782057883992064
1259782078801096704
1259782129443057664
1259782153975390209
1259782275379662848
1259782279951417344
1259782522399055874
1259782528220659712
1259782546596003840
1259782599465209857
1259782725462040576
1259782757489815552
1259782841237483521
1259782842839638017
1259783032451600384
1259783073220214784
1259783152186392576
1259783172864311296
1259783252933410816
1259783256335138816
1259783269060665344
1259783332587548672
1259783432638541824
1259783491887210496
1259783696237891586
1259783740382941185
1259783748444397569
1259783769277575169
1259783901578506240
1259783992229986304
1259784025809485825
1259784112937873408
1259784523883184129
1259784559450746880
1259784569814835200
1259784628984074240
1259784807355039744
1259784863294644224
1259785006194601985
1259785015623286785
1259785065476825088