1262956242793910274
1262956345118031872
1262956397861494784
1262956399807479808
1262956483228192770
1262956499782918144
1262956562844397569
1262956571413426182
1262956588157022208
1262956659439214597
1262956941040472064
1262957023664144388
1262957037295730690
1262957065141698560
1262957134083436544
1262957195148263425
1262957304837799939
1262957338207666183
1262957355106365440
1262957464066101249
1262957476934299650
1262957512707448834
1262957543728521218
1262957616579346437
1262957635097288707
1262957674049626112
1262957758518870017
1262957767008161793
1262957800767885312
1262957807835533315
1262957938022346752
1262957946226593794
1262957972289921027
1262957972973649926
1262958468673257474
1262958528882499586
1262958597564182535
1262958617604558849
1262958634864201728
1262958672176652290
1262958732398530560
1262958743534387201
1262958874744799234
1262958881988173826
1262958899579084800
1262958920424800257
1262959088045977601
1262959141972140033
1262959192077369350
1262959213367767047
1262959223073394689
1262959513457565696
1262959545300680706
1262959587424165888
1262959603375050752
1262959612422008832
1262959695364591619
1262959705258745856
1262959775765200909
1262959937250082816
1262959981143429131
1262959988651241473
1262960030862569472
1262960139885178880
1262960146889740289
1262960266309844992
1262960274300121088
1262960287289880579
1262960406362034176
1262960437881999361
1262960451496755200
1262960472367792135
1262960614369984512
1262960616240746501
1262960698646163456
1262960716300144645
1262960761854296065
1262960845971226624
1262960853655203840
1262960874773458951
1262961117967646721
1262961119779590144
1262961134082183170
1262961135185092608
1262961146954428416
1262961146983624704
1262961163421302785
1262961167640612864
1262961227795329024
1262961263929225216
1262961416161509376
1262961493936668677
1262961515671494656
1262961522092896257
1262961553944395776
1262961559070019584
1262961592074977283
1262961592271921152
1262961608390660096
1262961709917958144
1262961739232051201
1262961746089857024
1262961763831517184
1262961801496584192
1262961873047244802
1262961906370973696
1262961939153596416
1262961981801332741
1262962011459031040
1262962023308185602
1262962098906292224
1262962107643047937
1262962137414189061
1262962141960777737
1262962271262699520
1262962329919975424
1262962338128228353
1262962363344384000
1262962376611110912
1262962380306288641
1262962434899423233
1262962502452883463
1262962567799963648
1262962572883607552
1262962573114134529
1262962586410037248
1262962633923112960
1262962816874459136
1262962836956987392
1262962925339172864
1262962958985883648
1262963021900464129
1262963076850122753
1262963080087998464
1262963102062174208
1262963236409925632
1262963378965803008
1262963399643877377
1262963437392531456
1262963566132359169
1262963575385014272
1262963604581543936
1262963730335186944
1262963762102890496
1262963835432034304
1262963951916052480
1262963978361352192
1262964104416964608
1262964133982429184
1262964138076078080
1262964142224420864
1262964176227569667
1262964243420217344
1262964259312545792
1262964422269710336
1262964436228325376
1262964485855367169
1262964506960908288
1262964515320270849
1262964573293867008
1262964578402496512
1262964624548298759
1262964783835381761
1262964826105503744
1262964871039246336
1262964880220569602
1262964997598195713
1262965178079096834
1262965219200061441
1262965292348641285
1262965309692162053
1262965433298309120
1262965467104153602
1262965587766054919
1262965689909993474
1262965757433925634
1262965995330842628
1262966037600927744
1262966049970040833
1262966057612050437
1262966100150685696
1262966108656672776
1262966175895629827
1262966228777340931
1262966293877186561
1262966536412618752
1262966553940758534
1262966575025360896
1262966579899232256
1262966796283375616
1262966818144235520
1262966863228596224
1262967015754498049
1262967016362610690
1262967060558163968
1262967178376237057
1262967183535230978
1262967188304080897
1262967443049283585
1262967462804377600
1262967535898591233
1262967536146153473
1262967696473407488
1262967812051685377
1262967833429897216
1262967933875048449
1262968071939121153
1262968117615038465
1262968121503211520
1262968122618728448
1262968151244861440
1262968292244783105
1262968331482607621
1262968361438322689
1262968364210827266
1262968515889213440
1262968544804904961
1262968629328576514
1262968925760913408
1262968944765267968
1262968975018717184
1262969048515543040
1262969094715867137
1262969098847293440
1262969132825247744
1262969317517377544
1262969344734216192
1262969345359126530
1262969368914378754
1262969381522272256
1262969439819104261
1262969550103965696
1262969560891711488
1262969642064261122
1262969736868044801
1262969858641272838
1262969889649766401
1262969967718400000
1262970052724363274
1262970182038765568
1262970310002950144
1262970371520688129
1262970380056174593
1262970454261870594
1262970529755082752
1262970584486608901
1262970626324574208
1262970671770079235
1262970676262174722
1262970706821705728
1262970753844207616
1262970802967740416
1262970831359012864
1262970844768337920
1262970847951753217
1262970864766779392
1262971018781605893
1262971137614635010
1262971275946983425