1260510141708939264
1260510142677815297
1260510167441068032
1260510254976184321
1260510263788425216
1260510336999993344
1260510343123607553
1260510464921890816
1260510476926099457
1260510477819482114
1260510662121402369
1260510708686561280
1260510754865733632
1260510838168924160
1260510935199952901
1260510966925713408
1260511032021319682
1260511082692644864
1260511307880693761
1260511332052406273
1260511379842187266
1260511485312237568
1260511522469675013
1260511531260940289
1260511555378049024
1260511586294403073
1260511745602236419
1260511821464829952
1260511929866620928
1260511949596626950
1260512025823907840
1260512180434280448
1260512182359506945
1260512235677454336
1260512291084263425
1260512386462687232
1260512432918847489
1260512470298431489
1260512482298343426
1260512630063747077
1260512897127657473
1260512990656430080
1260513107715264512
1260513108864438272
1260513129248763904
1260513132579033088
1260513188212326400
1260513289617858560
1260513595084935168
1260513765893656577
1260513766166466560
1260513834726555649
1260513925130383360
1260514399787204609
1260514415729946625
1260514506809229314
1260514518289047559
1260514541995266048
1260514667446837249
1260514722786480128
1260514903992889350
1260515000549912576
1260515063544324097
1260515070729166848
1260515127213916162
1260515138207051778
1260515139931058176
1260515150391660544
1260515167697342464
1260515168347439105
1260515267655856128
1260515350455693313
1260515410824265728
1260515520111153152
1260515612591304706
1260515669587755009
1260515770339123201
1260515899137650689
1260515905034911746
1260515960236191745
1260516035851141121
1260516084588752897
1260516104843210757
1260516123117846528
1260516205997293568
1260516321470615553
1260516384414535682
1260516467365249024
1260516479545507840
1260516480006926341
1260516585644539904
1260516602086187009
1260516623137542144
1260516627466067968
1260516724065124353
1260516861730586625
1260516870387449856
1260516962196570112
1260517005473570816
1260517058388860928
1260517071508602881
1260517154232979456
1260517302921027584
1260517314924961799
1260517477643149314
1260517486233096192
1260517549302779904
1260517612116721665
1260517634090708992
1260517679800242176
1260517717041438725
1260517800990461952
1260517805444575232
1260517828010160128
1260518021740797953
1260518065441308673
1260518161683755008
1260518320966524929
1260518325173575680
1260518510372900864
1260518510377218050
1260518526458171394
1260518535371141125
1260518572134146049
1260518839395201025
1260518862887493632
1260518871573897217
1260518913248501765
1260519123165024257
1260519219461939201
1260519396600156160
1260519447682523136
1260519461922242561
1260519482193145856
1260519627970527232
1260519726842818567
1260519743728971777
1260519744140120064
1260519927859027973
1260519958301290498
1260520008033206274
1260520153512472577
1260520175008350211
1260520223075184641
1260520268205867008
1260520372014845952
1260520389186400257
1260520407226081280
1260520507281158144
1260520557352755200
1260520665700016128
1260520675724361728
1260520693160165377
1260521031120404480
1260521064926453760
1260521144974802944
1260521269512019968
1260521277925789698
1260521278777094144
1260521307189448705
1260521307738976256
1260521551365111808
1260521577751420929
1260521601289912322
1260521618104881152
1260521739550732289
1260521988075909121
1260522057839767555
1260522108624547840
1260522293001928705
1260522355924905986
1260522360941113344
1260522399356858368
1260522444709941249
1260522495100084225
1260522557452832769
1260522658254524416
1260522682128437248
1260522682149474304
1260522742325141504
1260522809442402307
1260522926417330176
1260522972902830086
1260522997733081088
1260523078100140032
1260523144713994240
1260523400218492928
1260523450977968130
1260523632050286592
1260523836182654977
1260523851764678656
1260523866310561794
1260523987919974402
1260523991078486018
1260524061156954113
1260524090785501184
1260524184750391297
1260524248990449664
1260524314857582593
1260524422265479169
1260524491874209800
1260524583196688384
1260524712859500544
1260524746023809024
1260524876709998594
1260524893663363073
1260525015927336960
1260525075482247175
1260525112161447936
1260525153475231745