1263998095135780869
1263998150257152000
1263998175876169729
1263998205005639681
1263998217005543425
1263998221984153606
1263998249582690304
1263998251679780867
1263998279924285440
1263998302007279626
1263998340095754242
1263998356960968704
1263998407359807496
1263998485717606401
1263998490855772160
1263998496216092675
1263998501115101184
1263998565879353347
1263998569960181760
1263998591561076736
1263998607679787010
1263998700269056000
1263998701283966977
1263998745307312128
1263998835317182473
1263998914912489477
1263998921761669120
1263998923431202817
1263998953663725579
1263998991886430209
1263999011255615489
1263999081904574464
1263999111713488898
1263999157032927232
1263999313258008576
1263999341875703809
1263999364973953024
1263999371680583688
1263999387945992196
1263999421307478017
1263999518271569921
1263999538731405313
1263999543848259584
1263999576765345794
1263999609728200706
1263999618511179780
1263999632306245632
1263999675830431744
1263999816104738819
1263999891589738496
1263999901244981248
1263999912477224961
1263999929078427648
1264000063480758275
1264000084926136322
1264000105188921346
1264000130442723330
1264000172553646081
1264000210767720449
1264000258297790467
1264000293471043584
1264000366481465346
1264000461671022592
1264000488166416384
1264000509092007936
1264000542486990850
1264000584530587648
1264000629401358337
1264000638360465415
1264000685957251072
1264000911296262144
1264001070579286017
1264001073641140224
1264001103307304961
1264001141295271938
1264001166746189824
1264001359600168961
1264001431423631360
1264001456954277889
1264001519247974400
1264001589741793285
1264001591331352577
1264001596863778821
1264001606292471811
1264001628732096516
1264001640945913856
1264001645354061826
1264001687540297728
1264001795292106752
1264001829848797184
1264001909733470210
1264002035415953408
1264002039727697920
1264002043091566595
1264002182157930498
1264002202273751042
1264002213892030465
1264002257776975874
1264002259203080193
1264002277716774920
1264002311296135170
1264002327935094791
1264002446050889740
1264002583418601472
1264002631133007873
1264002634857558018
1264002648115560448
1264002660333690883
1264002735860592643
1264002840533430274
1264002855578464256
1264002864881512449
1264002868727746560
1264002908510715912
1264002997039714304
1264003012177133574
1264003013259063299
1264003025804328971
1264003073657016320
1264003274149105675
1264003414364733445
1264003457335394305
1264003461252648960
1264003515808206854
1264003519788412928
1264003586490540033
1264003596133203968
1264003618845401088
1264003629108752384
1264003772360978433
1264003850823806976
1264003872298807297
1264003892678987776
1264003955471929345
1264004018134753280
1264004082047614979
1264004096878620674
1264004115325042689
1264004231985586180
1264004295000612865
1264004308271394817
1264004328823668747
1264004399220826113
1264004399916933121
1264004450789863427
1264004472558116864
1264004517529600010
1264004571560415232
1264004719707635712
1264004744315572225
1264004806978555905
1264004859503706120
1264004866143408130
1264004962758979585
1264005042685775872
1264005117126291457
1264005122486603776
1264005143420383239
1264005179919171585
1264005181135400960
1264005185224863744
1264005239247683589
1264005255911493633
1264005265797582849
1264005281140355073
1264005289373659137
1264005365126975488
1264005392494817280
1264005428406628358
1264005441333288966
1264005462200135688
1264005470781468672
1264005518718373889
1264005574225731584
1264005713464041472
1264005768052797442
1264005785241206784
1264005811195396098
1264005856158298118
1264005959837519881
1264005974173483008
1264005998383153158
1264005999070871552
1264006015131017217
1264006028422758401
1264006032260562944
1264006153832329216
1264006249789693953
1264006396120576006
1264006397433438209
1264006427162693637
1264006429460987905
1264006437061242880
1264006452185755648
1264006522507386881
1264006537992863744
1264006543906877443
1264006584708939776
1264006690447515653
1264006702606610438
1264006758391001090
1264006791622426631
1264006800048828416
1264006804247318528
1264006882970173440
1264006963316363265
1264007064466206722
1264007147844763648
1264007156325482496
1264007156698722305
1264007221941329926
1264007234956263426
1264007265264295937
1264007299393339406
1264007307379322881
1264007315033710592
1264007323879604233
1264007375046017024
1264007488086724610
1264007550275481601
1264007609306304513
1264007616893784065
1264007678499655680
1264007697436999682
1264007706756747264
1264007739006746624
1264007889083002885
1264007906774495232
1264007956669935616
1264007965666938886
1264007995505049600
1264008057798955008
1264008298417840141
1264008337655463936
1264008346937556993
1264008347902185476
1264008352662781962
1264008385978077189
1264008393230102528
1264008437622542337
1264008519956692993
1264008524121718785
1264008536125853697
1264008632032772098
1264008708494954498
1264008712852770817
1264008733169983491
1264008762668376065
1264008813264474113
1264008813398708226
1264008813692301312
1264008853923880960
1264008938267107328
1264008951844294659
1264008960270630920
1264009018298810370
1264009051882602496
1264009093867601921
1264009161806766080
1264009211068977159
1264009416778698755
1264009419664379910
1264009538476204032
1264009576849920000
1264009588728311815
1264009605140676609
1264009676825526272
1264009764486479873
1264009882044264448
1264009978622480388
1264010016090140674
1264010067344412673
1264010089666539520
1264010156913733632
1264010165952659457
1264010168376758277
1264010209460129792
1264010210420699138
1264010319355088896
1264010377492299776
1264010405220925440
1264010494735777794
1264010503564615680
1264010507817795591
1264010516273352705
1264010525488316416
1264010578982514690
1264010620443058176
1264010629599260672
1264010813595103232
1264010827943882753
1264010853751287811
1264010893182087174
1264010896356958210
1264010909447606273
1264010922126970880
1264010960647438339
1264010968465473536
1264011010521870337
1264011056877391873
1264011120001638401
1264011217351217152
1264011219897221120
1264011231482056721
1264011276839239680
1264011333646848001
1264011578673774592
1264011622542127108
1264011626690174977
1264011636056002560
1264011646739120134
1264011736140713986
1264011766092058624
1264011878348587011
1264011962213523456
1264011975186501632
1264012055113154560
1264012119801921536
1264012139187994625
1264012253222895618
1264012259916840960
1264012297246330884
1264012336622379016
1264012343970848771
1264012344390291456
1264012465689460742
1264012496224096256
1264012537030258689
1264012558400249857
1264012609403133959
1264012618030874624
1264012688364986369
1264012700729966592
1264012739032297478
1264012869177311232
1264012917663567876
1264012935304826887
1264012949276024834
1264012974295003139
1264013074916392965