1259679762408181760
1259679805097734144
1259679917886898182
1259679947939024897
1259680052444368897
1259680202583613440
1259680438009786369
1259680823344631809
1259680878495780864
1259680891036553217
1259681064395702272
1259681096100311040
1259681245182623745
1259681255286857730
1259681423037997057
1259681470022475778
1259681616038891520
1259681628835786752
1259681759270060032
1259681826391629824
1259681901599744002
1259681902308364289
1259681940241657856
1259682010328596481
1259682061486612483
1259682287685259264
1259682434913906688
1259682565096476672
1259682634885554177
1259682652107522049
1259682808265613315
1259682895490252800
1259682969914093569
1259683327868452866
1259683344691822593
1259683357232947201
1259683403399606277
1259683412488728577
1259683541807509504
1259683595456638976
1259683596790530048
1259683638406516741
1259683671864414208
1259683718589014017
1259683737203163137
1259683909194772480
1259683945127514113
1259684133502169089
1259684397718085638
1259684623140847616
1259684695136239617
1259684753835470850
1259684834517057536
1259684875793084417
1259684917925105665
1259685059285508096
1259685265045483522
1259685396788711426
1259685437775343621
1259685495581192193
1259685537436205062
1259685597884690432
1259685638686879749
1259685930681712642
1259685932069838848
1259685955134459905
1259686015452581888
1259686259045392389
1259686260446134278
1259686288623534081
1259686625627508741
1259686645722275840
1259686657697046530
1259686670397394946
1259686671387246594
1259686783887069185
1259686825532125184
1259686859212537856
1259686867328544771
1259686867391311872
1259686906075496458
1259686998219972608
1259687023205629959
1259687077693849605
1259687102574256128
1259687199668408320
1259687236905455617
1259687250373349380
1259687328517218310
1259687405029744640
1259687409031229441
1259687429247651841
1259687475561132032
1259687476186304512
1259687521702735874
1259687522743062529
1259687559879417856
1259687563528462339
1259687569526272000
1259687727261462529
1259687731728461824
1259687735876620288
1259687862221578242
1259687865593876481
1259687870597525504
1259687895469883392
1259687932744663041
1259688046162739200
1259688119231746049
1259688167449509888
1259688173896171520
1259688192690794497
1259688239427960843
1259688244410822656
1259688286026596352
1259688340011417602
1259688445649104897
1259688453052043264
1259688454327160832
1259688468914921472
1259688505879547904
1259688548531240960
1259688624725078017
1259688677418110976
1259688733143633920
1259688759320174594
1259688764508643328
1259688818195730432
1259688822926802946
1259688847698350081
1259688902748766221
1259689035980660736
1259689049046073344
1259689062421708800
1259689129316511744
1259689262309654529
1259689275127455748
1259689374825869312
1259689502131568641
1259689526835818496
1259689556166807552
1259689565025193984
1259689597623140353
1259689611598671873
1259689614052192258
1259689615159554048
1259689624097755138
1259689825281728513
1259689920022577152
1259689938200653824
1259689976960372736
1259690082212220930
1259690130639589378
1259690147878035457
1259690302559842304
1259690412253630464
1259690504855392256
1259690516255514625
1259690604960890880
1259690634568335360
1259690663093972995
1259690669955842049
1259690687836143619
1259690703636115457
1259690839560859648
1259691019940945920
1259691063096180736
1259691175331729414
1259691250531344385
1259691285297926150
1259691444484345859
1259691534397485059
1259691623987978243
1259691682804592641
1259691733895413762
1259691865957265410
1259691902041034754
1259691904788201472
1259692107456897025
1259692126478221313
1259692541995294722
1259692571791515649
1259692661079830529
1259692664489828353
1259692983160434688
1259693202031783936
1259693298643603457
1259693353131786240
1259693419636633600
1259693423092740096
1259693439622373376
1259693454101295106
1259693473231278081
1259693528201916418
1259693611999850497
1259693612591394816
1259693657906483202
1259693688806092800
1259693696058089473
1259693985087361028
1259694043035865088
1259694304185982979
1259694355218083840
1259694384154660864
1259694450911166466
1259694459517796354
1259694476240531463
1259694505520922624
1259694555315781632
1259694573363789824