1264028291536732160
1264028296548880384
1264028299044417536
1264028299107450882
1264028312239697921
1264028325749551105
1264028361271259137
1264028454242127872
1264028506683510784
1264028656281817089
1264028670026485760
1264028954291249152
1264029112823435264
1264029126454849546
1264029138588852224
1264029163201142784
1264029234533666816
1264029263742865416
1264029311792791552
1264029336115523584
1264029348677500930
1264029356470472705
1264029402398064642
1264029410778157057
1264029418902650882
1264029423860363265
1264029444974362625
1264029509344428032
1264029527564574720
1264029583415955456
1264029698654339074
1264029734540914696
1264029772155256832
1264029797002424322
1264029829147607041
1264029852312600578
1264029906016571393
1264029922869350400
1264029934885801984
1264029951814258689
1264029989604921351
1264030026980196352
1264030170362585089
1264030191023726592
1264030215354880001
1264030325069340674
1264030353133572097
1264030388004978688
1264030446699995137
1264030493047209988
1264030530586259459
1264030552769859584
1264030563863855105
1264030666120978437
1264030753182175233
1264030815790477322
1264030879086792705
1264031075036286978
1264031101812604933
1264031119600574465
1264031323108397058
1264031332696420353
1264031332952182784
1264031447339286530
1264031517208129536
1264031722393354240
1264031747253174279
1264031793436520448
1264031827313991692
1264031864295092224
1264031878618796037
1264031927029374977
1264032045593919493
1264032051193360390
1264032258538663937
1264032271394197504
1264032284899856385
1264032318127300609
1264032377497456641
1264032481214451722
1264032489917407233
1264032614765268996
1264032628073738246
1264032667605110784
1264032687007752192
1264032729538199559
1264032858387238913
1264032934677397505
1264032942373736448
1264032972270960641
1264033013542854656
1264033014994042888
1264033017309380610
1264033031125381121
1264033126541492224
1264033211077689345
1264033214865301504
1264033261862322177
1264033294468907008
1264033395321049088
1264033416523153408
1264033428804120576
1264033462341849089
1264033567610470402
1264033604792770561
1264033673671827457
1264033819864240128
1264034164015333380
1264034175469842432
1264034197045379072
1264034242377498625
1264034381871677443
1264034398111817729
1264034447197736960
1264034499559657473
1264034562465824769
1264034678668955649
1264034683332919296
1264034720725168129
1264034742556647424
1264034743269679105
1264034773548359681
1264034804405809161
1264034817701797889
1264034830406217728
1264034892884652043
1264034936828227584
1264035027840466944
1264035028108861440
1264035157964500995
1264035211735478274
1264035236284776449
1264035256874807299
1264035271592427520
1264035283214807042
1264035333492011013
1264035375254822912
1264035443126996992
1264035464358645761
1264035501641805826
1264035505756352512
1264035580477935617
1264035791635992579
1264035795553316864
1264035811919454210
1264035873915572225
1264035895222697989
1264035929083215873
1264035976143228929
1264036009177686018
1264036102526009344
1264036119836057601
1264036129784954883
1264036153901998080
1264036263419666434
1264036310790008833
1264036331967086592
1264036356570984449
1264036378284658689
1264036393279422469
1264036422593515521
1264036491623350274
1264036553388482561
1264036562133594112
1264036578583875589
1264036583864320004
1264036601228922880
1264036641112387585
1264036646174863360
1264036714013765632
1264036784121446401
1264036915386257413
1264037045615448072
1264037065601298432
1264037083674488832
1264037095766663174
1264037101588353024
1264037107095355392
1264037208727728130
1264037225731362821
1264037304714309634
1264037393855737857
1264037518196051968
1264037632948015104
1264037775344574464
1264037813101756429
1264037829862215685
1264037875341037572
1264037920576585733
1264037946488950786
1264037956899139585
1264037958614646785
1264037963190669313
1264038005053898752
1264038131340390402
1264038202530246658
1264038236487286784
1264038257345458176
1264038312223879174
1264038349070913537
1264038357518168067
1264038361645420548
1264038431639789569
1264038487575220225
1264038583024988160
1264038597377867786
1264038659667267592
1264038738881056777
1264038743515844618
1264038751711293446
1264038869499961350
1264038890144399360
1264038894728814593
1264038907030712320
1264039091345125376
1264039108957085696
1264039112119513088
1264039117026926593
1264039146374520835
1264039222131990528
1264039257200525312
1264039351647961088
1264039472045441032
1264039774505009153
1264039812539039744
1264039813222711297
1264039871708049408
1264039947847131137
1264039989186301952
1264040015002251266
1264040358658347009
1264040408155328513
1264040417621917696
1264040531115626499
1264040566850895876
1264040585675124741
1264040651374518274
1264040663806545920
1264040664372858882
1264040738800664577
1264040831603937280
1264040869293895682
1264040966962532352
1264040995680858119
1264041003939319809
1264041023132622848
1264041172642775040
1264041176627326976
1264041184911142912
1264041209250697216
1264041238984101889
1264041456576147457
1264041474682953731
1264041477988065280
1264041483260354561
1264041491476779008
1264041594665275392
1264041642014543873
1264041643482796035
1264041737850363910
1264041751620186112
1264041800584617984
1264041822533201920
1264041830103920641
1264041916057792512
1264042011801370624
1264042024224698369
1264042039592845312
1264042044235763712
1264042094097661952
1264042132517670914
1264042162263519237
1264042300595933192
1264042359303659521
1264042362713419777
1264042381659127808
1264042442732511232
1264042521849552896
1264042533895770115
1264042694986342400
1264042744747421697
1264042774631833600
1264042803623079937
1264042898774876161
1264042917661941763
1264042942777430016
1264042945059016705
1264042950830456832
1264042987870396416
1264043004764975104
1264043043121922048
1264043130346708995
1264043230842281984
1264043262400233475
1264043374182649856