1261506684318556167
1261506751704285186
1261506843014074369
1261506901935824897
1261506939504205834
1261506952846364675
1261507096580968448
1261507111600586753
1261507170014605313
1261507221797531648
1261507271038820352
1261507410016919553
1261507456032743425
1261507535221207040
1261507560127029253
1261507580288876544
1261507690116702208
1261507757372407810
1261507904701706243
1261508039401787393
1261508067985952769
1261508094674169856
1261508161426595840
1261508284407861253
1261508299750506507
1261508324622729216
1261508437164257282
1261508475554758657
1261508487697203204
1261508692723273729
1261508807227781120
1261508832062144512
1261508957689937923
1261508974852976640
1261509158563483648
1261509251941511169
1261509284115988480
1261509330307817473
1261509405838884867
1261509452034949120
1261509457218920449
1261509465213333505
1261509556808691713
1261509560982016000
1261509674224029697
1261509682616840193
1261509691584241664
1261509723028779008
1261509829786513408
1261509854637817858
1261510149237141509
1261510164148092929
1261510209740169216
1261510231722307585
1261510336756232193
1261510341403586567
1261510377956880384
1261510433250435077
1261510471733194754
1261510648934084608
1261510651517829120
1261510744274690048
1261510799761321984
1261511016573210626
1261511038878482432
1261511058239283201
1261511099905523712
1261511171909320707
1261511254989889537
1261511255744864256
1261511278985539585
1261511389514010624
1261511427841495040
1261511663724883969
1261511768465170435
1261511843136237568
1261511927697555456
1261512182103265282
1261512329570770945
1261512333400170503
1261512359283130369
1261512375594778625
1261512422243700736
1261512451415330817
1261512501222453249
1261512541693452288
1261512790667415552
1261512795901833216
1261512933621862406
1261512967314722816
1261512997115174912
1261513000252575745
1261513001074450432
1261513005080236040
1261513026437595136
1261513197586014208
1261513239772434442
1261513260890800134
1261513293769965569
1261513331443195905
1261513345309556736
1261513446690107393
1261513462410358786
1261513516575592449
1261513587866005504
1261513638751481856
1261513660083691520
1261513705985945600
1261513855793917953
1261513891147689984
1261513894452883457
1261513973125410816
1261513977286160384
1261514027320123398
1261514066796806145
1261514116356804608
1261514313119879168
1261514430896095238
1261514561007554565
1261514628087119873
1261514703861190656
1261514778759102466
1261514792063455233
1261514820571942914
1261514853929365505
1261514968207208449
1261515001308708864
1261515023337369600
1261515155667447809
1261515287666573312
1261515366943072258
1261515412224634880
1261515501152407552
1261515542135005184
1261515593276153856
1261515600549031936
1261515622648893441
1261515635185586176
1261515680144224256
1261515685731151872
1261515748528267264
1261515819214929922
1261515891117895680
1261515977486929920
1261515978539589632
1261515978812293120
1261515979420340226
1261516092389744640
1261516200946929664
1261516361077006337
1261516447018344458
1261516469180854272
1261516471068291073
1261516561568821249
1261516582142054401
1261516609958617091
1261516703391002624
1261516901500542976
1261516976364507136
1261517103766495232
1261517191922384896
1261517330401632263
1261517370759225345
1261517413977219072
1261517454766825472
1261517518910492673
1261517555706941441
1261517576678641665
1261517655845924865
1261517717846331392
1261517841561456648
1261518018070212608
1261518051327033345
1261518076241047552
1261518084998742016
1261518159267246082
1261518226711863296
1261518398178996224
1261518466068045824
1261518470585348096
1261518574247718912
1261518685501562881
1261518809627652097
1261518822449778688
1261518978146545664
1261519012204167169
1261519088855199746
1261519102990061569
1261519133205598213
1261519243000119301
1261519287241433089
1261519321257435136
1261519325552394240
1261519346318204929
1261519376555147265
1261519406967881728
1261519495069347847
1261519523481600000
1261519540430741504
1261519577323839488
1261519601583550464
1261519632583675904
1261519665198702592
1261519708148379650
1261519855125057540
1261519938168258562
1261520024235380739
1261520092862480384
1261520147946393600
1261520186584133632
1261520282914680833
1261520343774244864
1261520576130084864
1261520651908796417
1261520706090631171
1261520740232372225
1261520760411164672
1261520810432397313
1261520868724879360
1261520949419139077
1261521029010280448
1261521074098855936
1261521092910317568
1261521204864675840
1261521389544247297
1261521418241654784
1261521461711421440
1261521464756445185
1261521514127593473
1261521519127166978
1261521577880895488
1261521620495024128
1261521629307437062
1261521661913821184
1261521670654717952
1261521687964553217
1261521751365652480