1256856030492884992
1256856119735189506
1256856128358625281
1256856253323714560
1256856258650550272
1256856258747027456
1256856292238344192
1256856552331456512
1256856593280323585
1256856690252636160
1256856807219265537
1256856869932535808
1256856917051310080
1256856987335299072
1256857089139372033
1256857114300964864
1256857139303202816
1256857205791264768
1256857255728816128
1256857314448957440
1256857370069630978
1256857414952873984
1256857437514207232
1256857440865226752
1256857452617711616
1256857496024526848
1256857524315107328
1256857542082224128
1256857555004911617
1256857574294487047
1256857618317930498
1256857638022725632
1256857690208337920
1256857776099295233
1256857833519353862
1256857860962766848
1256857969964138496
1256858011089489920
1256858045629382656
1256858137665122310
1256858167377453056
1256858209353994241
1256858225070096384
1256858226370514944
1256858245651709953
1256858398341160963
1256858547293478913
1256858603367120897
1256858796615499777
1256858837052776449
1256859060088995841
1256859101998583808
1256859135754158080
1256859198467514368
1256859234634997760
1256859290653974530
1256859290951974912
1256859517192736768
1256859550168297473
1256859550881366016
1256859639691476993
1256859663728914433
1256859690262237185
1256859697581350912
1256859880926806023
1256860237731999744
1256860243495137280
1256860320657805313
1256860432121430018
1256860486915719168
1256860506586886144
1256860566208966661
1256860566309662720
1256860662267084803
1256860705317441536
1256860772195618816
1256860942916136960
1256860942958096386
1256861049589862400
1256861476364713984
1256861522556420096
1256861547407835136
1256861547831287808
1256861678026833920
1256861777977126912
1256861785803587584
1256861836902875136
1256861919757156352
1256861969686171648
1256861992142462976
1256862081166348291
1256862083125325825
1256862121889009667
1256862188792414208
1256862298469273600
1256862353385234432
1256862386126028801
1256862403956019200
1256862507198746624
1256862663587631104
1256862675017052161
1256862918471188482
1256863024222072833
1256863111237308417
1256863191281176577
1256863233392218112
1256863456160092160
1256863461298057219
1256863534865985536
1256863572472315904
1256863586107957248
1256863605624131588
1256863619095998464
1256863628004917256
1256863782631956480
1256863891037892609
1256863912579829761
1256863912978350080
1256863946591649793
1256863979948830721
1256864018062548992
1256864102363922432
1256864189827518472
1256864211071877120
1256864348682649601
1256864604136882176
1256864647694692353
1256864774312378368
1256865014490771456
1256865049630724097
1256865105284943873
1256865266778030080
1256865292992593920
1256865372243996673
1256865611227021314
1256865781192818688
1256865796824973312
1256865866857295875
1256865904295632896
1256865904417267712
1256865904639410177
1256865913896267778
1256865934633054208
1256865980182982656
1256865996813545472
1256866139453321216
1256866197624119298
1256866222110658560
1256866290746175488
1256866319724470272
1256866387127005185
1256866422044733441
1256866434875088896
1256866529624371201
1256866580451000320
1256866619067899904
1256866672876630016
1256866869409206273
1256866904011988992
1256866982030344194
1256866985150840832
1256867092118331392
1256867107716730881
1256867113244880896
1256867271642939393
1256867327632715776
1256867368409669633
1256867593681465345
1256867709129641984
1256867729832804352
1256867749889847296
1256867803312709633
1256867926264680448
1256867965032595456
1256868060239036417
1256868099472740352
1256868225117155329
1256868395854807040
1256868435155394562
1256868457452371968
1256868458563862529
1256868547738902528
1256868627233595392
1256868785459466240
1256868867168546818
1256868942007734272
1256868971158085633
1256869076342902784
1256869185684156417
1256869214440132608
1256869344950304768
1256869366056071168
1256869559379931136
1256869725272932353
1256869757816647680
1256869817556111360
1256869947520802816
1256869956483981312
1256870003829170176
1256870020572942336
1256870052046962688
1256870250370543616
1256870300769234944
1256870396747550725
1256870490116952064
1256870514016038913
1256870643913588736
1256870818564452352
1256870842396553216
1256870858380972033
1256871038354423808