1261340571811151872
1261340631244238850
1261340643886075905
1261340713972727809
1261340780033163265
1261340818004115458
1261340898488487936
1261340920311689218
1261340920835784704
1261340926523240449
1261340937399136256
1261341021654388738
1261341059235213312
1261341080068354050
1261341126608338944
1261341186393960449
1261341205843054594
1261341206027603969
1261341208942542848
1261341214219141121
1261341222259404800
1261341272968695808
1261341293789286407
1261341331550547980
1261341347203682304
1261341378199478272
1261341398151753728
1261341411464470528
1261341432977092608
1261341552372142080
1261341562501464070
1261341591672848384
1261341617115369473
1261341620622024706
1261341664528019456
1261341664754294784
1261341684224241664
1261341690343784450
1261341726448455684
1261341780823412738
1261341818869788672
1261341845474250752
1261341846929846272
1261341864537526273
1261341868090175491
1261341943986077696
1261341944141058048
1261342061468368896
1261342061816541184
1261342082184040450
1261342111728885765
1261342113192718343
1261342212891176963
1261342334710624257
1261342387218964480
1261342417841647616
1261342426343469057
1261342447424008195
1261342542563405824
1261342547667939329
1261342577736986631
1261342601485090816
1261342619407245312
1261342678374989825
1261342723245658113
1261342753075560451
1261342782645391360
1261342804627709953
1261342883434516482
1261342889650642944
1261342982793551873
1261342988308901889
1261343009473527810
1261343046844719106
1261343073444888576
1261343103014916097
1261343118353412096
1261343119070633991
1261343127639646214
1261343219058716682
1261343240273326081
1261343257772150784
1261343286268243971
1261343307369639936
1261343331340058624
1261343404534960128
1261343421358198784
1261343487527514116
1261343508134330369
1261343571510083584
1261343588379578369
1261343611125264385
1261343634273820673
1261343657958887424
1261343658852462593
1261343752729186304
1261343777668476928
1261343801391661057
1261343816826535936
1261343842424553472
1261343852746747904
1261343857188507649
1261343898250604549
1261343961790050304
1261343978701697025
1261344070447673345
1261344141721473026
1261344159199227905
1261344183153025027
1261344186692808704
1261344188311859200
1261344215297974273
1261344226085703681
1261344229617307648
1261344271979831297
1261344364346912770
1261344383200137222
1261344404503052288
1261344419086766080
1261344599093764097
1261344603766026250
1261344607398293504
1261344611462574080
1261344641510592513
1261344683684515840
1261344707939983360
1261344728043286528
1261344746208759808
1261344749853782017
1261344796016349184
1261344938349916161
1261344953608749057
1261344975008092162
1261345046936219648
1261345048563724289
1261345060269944832
1261345186145120257
1261345270215831552
1261345303803973632
1261345307981471750
1261345349643444224
1261345357117546496
1261345366227726337
1261345466828062720
1261345488646914048
1261345497475883009
1261345513648996354
1261345518086696964
1261345614555754496
1261345618334642176
1261345638505000960
1261345676257972225
1261345677336084480
1261345701599928320
1261345714325651459
1261345756700487681
1261345875600662530
1261345970731663361
1261345975240658953
1261346004542066691
1261346118006263808
1261346282821435394
1261346298071904256
1261346329894191105
1261346398718615553
1261346498236698625
1261346579010613248
1261346583175544837
1261346587370033154
1261346618546126848
1261346620341235712
1261346625122754560
1261346655942569985
1261346666721902593
1261346671578935301
1261346680995295233
1261346889212891136
1261346951745978368
1261346961556471810
1261347011246211072
1261347124383375361
1261347155794518016
1261347261268799503
1261347304507797504
1261347377086189569
1261347405288468481
1261347434317459458
1261347460972261385
1261347472300892162
1261347489149411329
1261347597685362690
1261347639720738816
1261347644846243840
1261347723954933760
1261347724508553216
1261347749376790530
1261347760147697664
1261347790904610816
1261347806763085824
1261347827772342278
1261347913021763584
1261347966880583681
1261347998346276864
1261348041857986560
1261348055573344258
1261348059537199106
1261348068181434369
1261348133096882182
1261348214067941376
1261348219604340741
1261348227468496897
1261348387741298688
1261348445719126016
1261348548316205061
1261348563419832321
1261348597011972096
1261348617199239168
1261348649541480454
1261348663638364160
1261348664045457409
1261348671037345793
1261348738976452610
1261348797193412608
1261348814646128650
1261348856664473600
1261348898641149955
1261348956967034881
1261349003125338112
1261349082733281280
1261349112118751236
1261349116111552517
1261349201192996865
1261349245946216448
1261349263465828352
1261349296882036736
1261349309661970433
1261349334165184520
1261349336581058562
1261349359242735616
1261349416767819781
1261349418432954371
1261349492663566336
1261349560783376384
1261349579506610181
1261349682426580992
1261349698926936075
1261349704765444096
1261349808457072642
1261349821283213313
1261349822046416897
1261349846046388226
1261349869064577024
1261349904560996352
1261349921917206528
1261349925415268352
1261350005249462272
1261350017962373120
1261350099348680704
1261350173168381952
1261350206966136832
1261350222308900864
1261350235973902336
1261350237215449088
1261350240684130304
1261350306127900674
1261350328924078088
1261350353343299584
1261350387241512962
1261350416400257026
1261350513309704192
1261350549649317888
1261350564312444928
1261350618557345793
1261350647594577923
1261350655354040320
1261350655882649600
1261350664191586305
1261350701994610688
1261350756797616131
1261350827500933126
1261350857045471232
1261350885344661504
1261350886732730376
1261350947105669122
1261351008896077827
1261351113556733952
1261351123014701056
1261351129482321922
1261351133018112001
1261351226911928321
1261351230384648193
1261351239939313669
1261351283757207553
1261351301339742208
1261351334680248320
1261351343882752002
1261351418054631424
1261351444898349056
1261351452749910016
1261351519959433216
1261351595767447554
1261351620257947652
1261351789305057280
1261351800919035904
1261351885132488704
1261351891235192834
1261351905982394369
1261351909534785541
1261351972847775746
1261351990963179520
1261352036093685761
1261352077743263744
1261352129492660224
1261352140389244928
1261352159381090304
1261352161126109190
1261352174480580608
1261352207154372608
1261352337173438465
1261352342059769856
1261352375475769344
1261352389140975616
1261352413459435520
1261352464315375618
1261352593311203328
1261352715311034369
1261352732201549824
1261352746612998145
1261352761070780416
1261352792481906689
1261352819904229377
1261352823201005571
1261352824283164673
1261352840942870529
1261352866050199557
1261352870378475521
1261352899394842624
1261352991589720064
1261353021956591617
1261353045859934211
1261353067493994496
1261353071277268992
1261353083432394754
1261353139443130368
1261353206178856962
1261353224575094784
1261353306351382534
1261353440455716864
1261353487784271872
1261353494901960704
1261353503684845568
1261353510844510212
1261353557359333376
1261353591526178816
1261353607846297600
1261353624560717829
1261353625042862080
1261353654428131328
1261353708916482048
1261353810259144704
1261353819998478344
1261353831037726720
1261353921269739520
1261353975376314368
1261353985958490112
1261353994791747584
1261354048936202240
1261354090711269377
1261354099108241409
1261354170461720576
1261354195975761920
1261354196088971264
1261354208835428352
1261354313407840256
1261354325537931266
1261354400926314499
1261354422631690241
1261354431552999424
1261354457159237633
1261354522544242693
1261354536196648960
1261354598205448192
1261354606975520768
1261354651963625472
1261354678823993344
1261354816233668610
1261354867169218560
1261354888128233473
1261354898731352064
1261354899633246213
1261354908835631104
1261354909275807744
1261354920252489729
1261354989064077313
1261355000862654464
1261355021720973312
1261355180831973377
1261355185625919488
1261355282849918977
1261355302777020416
1261355490732376064
1261355495383691265
1261355543383269377
1261355588727930881