1265825115440381954
1265825248114626568
1265825325142818818
1265825495758798848
1265825525685248000
1265825554613370891
1265825600071237633
1265825635173269504
1265825839855415298
1265825861426720768
1265825962119184384
1265826227958329344
1265826237743841282
1265826256098136064
1265826276054413313
1265826308577165317
1265826320203866112
1265826365074558976
1265826375593791488
1265826418858119173
1265826452760457216
1265826472767479814
1265826472889114624
1265826502333136902
1265826548260548608
1265826557194575873
1265826565830725632
1265826591801835526
1265826603155820545
1265826626006167552
1265826690724515840
1265826808861081602
1265826825432752128
1265826837537538056
1265826880609026050
1265826930198065152
1265826959382269952
1265827273942368259
1265827282423361536
1265827328375943169
1265827391303106560
1265827453433331714
1265827760997650432
1265828113298206722
1265828117131735045
1265828147272060929
1265828150199693312
1265828165550698497
1265828180281167872
1265828180440514566
1265828284970856448
1265828360179134465
1265828410942730240
1265828524499308545
1265828533227655169
1265828541129687047
1265828607584137216
1265828611753275394
1265828667051118593
1265828670767108096
1265828831283249154
1265828903899279360
1265828907007303680
1265829056811094016
1265829073147711490
1265829090201927686
1265829124561670145
1265829136452538369
1265829140202000384
1265829170812121094
1265829182384345088
1265829203641057282
1265829216433713153
1265829217134161921
1265829224377536512
1265829262638092288
1265829292509769729
1265829345777442816
1265829421346426881
1265829551956996098
1265829568902037504
1265829581048725505
1265829657225629699
1265829673042358272
1265829690264236033
1265829694357876738
1265829710287769603
1265829744748007426
1265829748787331077
1265829761521258496
1265829766424387588
1265829782127816704
1265829824511111168
1265829857856028672
1265830084981805057
1265830085355024384
1265830105747648512
1265830172143439872
1265830215009230848
1265830217664397318
1265830268935581696
1265830370081214465
1265830419561234432
1265830424363876352
1265830453426229248
1265830461974155264
1265830578923986944
1265830684729327617
1265830689355825153
1265830705587728390
1265830776689565698
1265830814786322432
1265830831404265479
1265830881308160000
1265830925679591428
1265830990364229634
1265831078633316353
1265831112502398979
1265831133180080130
1265831158358642688
1265831171100901377
1265831204504436737
1265831283969495040
1265831300654563329
1265831313732513793
1265831412030009344
1265831413951000577
1265831477142589442
1265831517021822976
1265831536458424322
1265831539302117376
1265831644512030723
1265831649108987911
1265831661893287937
1265831699608252417
1265831754910367745
1265831842294517765
1265831849919754245
1265831891854331905
1265832021751980032
1265832026143444994
1265832143915307008
1265832207198892033
1265832214757081092
1265832227943956490
1265832232138268675
1265832248697372672
1265832298768936961
1265832362413350915
1265832429639606274
1265832471507070976
1265832651140694016
1265832684540047360
1265832695206117378
1265832735387475971
1265832743147122688
1265832911380463617
1265832917529317376
1265832923837562880
1265832932943462400
1265832978522963969
1265832986794168320
1265833032579194881
1265833096986804224
1265833128461041669
1265833235063336961
1265833531781066752
1265833540194836484
1265833629231443973
1265833812396773377
1265833890842886144
1265833930575548416
1265834061152559104
1265834064621137923
1265834065166467072
1265834078064041985
1265834173719359491
1265834182594498561
1265834247111180290
1265834278522425356
1265834291801452544
1265834455245062145
1265834459762511879
1265834467589001217
1265834647490945030
1265834715455447040
1265834727526797313
1265834774205091840
1265834802701361152
1265834840592650240
1265834987447889921
1265835008297598976
1265835021006495751
1265835180473765889
1265835197162942464
1265835281439248386
1265835282567516161
1265835315132092418
1265835318281895936
1265835337378660356
1265835373101486081
1265835390805688321
1265835437249236993
1265835438478168065
1265835465015529473
1265835497777008643
1265835532472340480
1265835558074322944
1265835625028046853
1265835704824868864
1265835788241166336
1265835839948566528
1265835888694702080
1265835972668919809
1265836020269907970
1265836044966076417
1265836174079406081
1265836191754194944
1265836288105644034
1265836325900619776
1265836493857263618
1265836500916285440
1265836506351976449
1265836511846596609
1265836594524762113
1265836623243206656
1265836899941449729
1265837068200087552
1265837150332948490
1265837169182216192
1265837231186591744
1265837260089495556
1265837268843008000
1265837278489788416
1265837336992104450
1265837462582067200
1265837537383383045
1265837555146272770
1265837587559825409
1265837679943593984
1265837703670661120
1265837844318298115
1265837868821471235
1265837906469347329
1265837906674892801
1265838015190118403
1265838107817099267
1265838204214640640
1265838232287227904
1265838238616469510
1265838276990156803
1265838321781092353
1265838352420438016
1265838413342785536
1265838455952556033
1265838464492285960
1265838472583151616
1265838481290547203
1265838515541217280
1265838521094414337
1265838682310836226
1265838859461541889
1265838897273073664
1265838922241904640
1265838982547587075
1265838997605154816
1265839001417719808
1265839005649731585
1265839014969348096
1265839085626822657
1265839123341938693
1265839140475674625
1265839178270609408
1265839236906749953
1265839304313618432
1265839333581426688
1265839400317001728
1265839416490131456
1265839454243237889
1265839593074692097
1265839605850521600
1265839722238291970
1265839730232623105
1265839832607207424
1265839911925510144
1265839921215856641
1265839952010661889
1265839970150948864
1265840054041100288
1265840073301323776
1265840129693884417
1265840147142148098