1258456614442598400
1258456661624328193
1258456719883108352
1258456740326080512
1258456746236018688
1258456759934627842
1258456787084357632
1258456841736073217
1258456932609855488
1258456972199854080
1258457101782810624
1258457169395101696
1258457248784736256
1258457269248950273
1258457319911895041
1258457391030505478
1258457441705930753
1258457453752127489
1258457469677903874
1258457479530364930
1258457500757696512
1258457507598675974
1258457512430485509
1258457625731219456
1258457643028529153
1258457782006800387
1258457809127002112
1258457852198387721
1258457873463554054
1258457906845974529
1258457940681461760
1258457999674392577
1258458026266288130
1258458083258445825
1258458225667702785
1258458405959860234
1258458444190932992
1258458519440949251
1258458566048059393
1258458602164989952
1258458716195733507
1258458737897017347
1258458742078599168
1258458770566332421
1258458854343483394
1258458929438158848
1258458934899326978
1258458960161419265
1258458996987572225
1258459025869623296
1258459077623062528
1258459159294627841
1258459236771627008
1258459355894222848
1258459404606697473
1258459535796207618
1258459576531251201
1258459630881181698
1258459643434668032
1258459654310572034
1258459685226766344
1258459710153322502
1258459747096854531
1258459752704679939
1258459765161644032
1258459799093743616
1258459933193859074
1258459953540423681
1258459957743063041
1258460029230944256
1258460071601868800
1258460079872970755
1258460108629082128
1258460150370832385
1258460171858251776
1258460180414685184
1258460189310803970
1258460243576721413
1258460306398941185
1258460331522875397
1258460337772400644
1258460396236664837
1258460407347449857
1258460410937827330
1258460423810056192
1258460472606482432
1258460507708719104
1258460512041480192
1258460549257416704
1258460599534551040
1258460608023977986
1258460621118398466
1258460629100183555
1258460696750235648
1258460931840933891
1258460977181294592
1258460977747709952
1258460997892870147
1258461044327972865
1258461061361004544
1258461233432481793
1258461237287026688
1258461296292442112
1258461334569660418
1258461354752647169
1258461381961056256
1258461413946937344
1258461467961167874
1258461504921362439
1258461544825921537
1258461556603523073
1258461560349036544
1258461602321317888
1258461690275852288
1258461807498256384
1258461826481782786
1258461904856420357
1258461963367198727
1258462004710273024
1258462009995202561
1258462013233209347
1258462030115344384
1258462046884110340
1258462063992733697
1258462094657310720
1258462099325497348
1258462169030692865
1258462189482106882
1258462241587777537
1258462343299645440
1258462391269916673
1258462471872032768
1258462487021850627
1258462508563783682
1258462575349641216
1258462630064410628
1258462676000419840
1258462784389513216
1258462872864161793
1258462910591926272
1258462940543488001
1258462951872266246
1258463053412212737
1258463087839109121
1258463149914718208
1258463162183094273
1258463162837471234
1258463238578036736
1258463305309487106
1258463314268561409
1258463401900044288
1258463410339053569
1258463437673295872
1258463514471120896
1258463586202062856
1258463586554429440
1258463672709427200
1258463695170142221
1258463766783692800
1258463908999938053
1258463950988963840
1258463959620833280
1258463992760070144
1258464030559285248
1258464073286594561
1258464114264862721
1258464114545963013
1258464131809775624
1258464139590144000
1258464179834490880
1258464190861279232
1258464278534914049
1258464303172075520
1258464311414083592
1258464364664946691
1258464510160994305
1258464549889589250
1258464646517927936
1258464715212283905
1258464737366544385
1258464744282959872
1258464773454225409
1258464881935818753
1258464891029028864
1258464894828986368
1258464907361730562
1258464966245355521
1258464980325658625
1258464999833559052
1258465041411477504
1258465066669785099
1258465243010863105
1258465339022536704
1258465405879947264
1258465456756625410
1258465465245954048
1258465540634533897
1258465637128642560
1258465679281467394
1258465704342204416
1258465704665395200
1258465741420068870
1258465766678110210
1258465813075550210
1258465873158983680
1258465901591986176
1258465903886336010
1258466029681864704
1258466039894929408
1258466076855201793
1258466085772447747
1258466203242319873
1258466252546347010
1258466291884666880
1258466392090828801
1258466408561807360
1258466419156672512
1258466547833724928
1258466550971064320
1258466657648984068
1258466668659048451
1258466769636917250
1258466770295443457
1258466770752376833
1258466811923828743
1258466857184571393
1258466862087593984
1258466958292520962
1258467125863370752
1258467130233643008
1258467159472254981
1258467185175003139
1258467209854279680
1258467244235010048
1258467247896457216
1258467281790578688
1258467283359465474
1258467380088487938
1258467382496018433
1258467398623076352
1258467435990171648
1258467453119590400
1258467484149190658
1258467524984913921
1258467649698312192
1258467675182895104
1258467738219171841
1258467770880188421
1258467780707442688
1258467806485647362
1258467830288338944
1258467856536272897
1258467863486177281
1258467897199992835
1258467901780230152
1258467918779748352
1258467919379476481
1258467952317390855
1258467956880584705
1258468033795952640
1258468041244827650
1258468046047531008
1258468124724248576
1258468181234061312
1258468203874914305
1258468299194720259
1258468300926914564
1258468313434333189
1258468361580670977
1258468380639662081
1258468385593180160
1258468499048951814
1258468640116146182
1258468678242164736
1258468788917243904
1258468804247654402
1258468807913267200
1258468854604296192
1258468887907221504
1258468920723415043
1258468934438866944
1258468959013265413
1258468963463376897
1258468971210092544
1258469001249906691
1258469005389697025
1258469017481871360
1258469034603003904
1258469088159989762
1258469188580126721
1258469533939007491
1258469564230270976
1258469600712417280
1258469697089044486
1258469706056564742
1258469859488346112
1258469898486984704
1258470074958127104
1258470092398039040
1258470105593323524
1258470142633263105
1258470255367725056
1258470335067889668
1258470342621900806
1258470360258928640
1258470410464583683
1258470582590545921
1258470750014574593
1258470959645954048
1258470993170968577
1258471001496698883
1258471083344347136
1258471148750278656
1258471186733969408
1258471240303550464
1258471325062123521
1258471337443635200
1258471357945446401
1258471398441394176
1258471446369705987
1258471446445281281
1258471546764460033
1258471610417283074
1258471633758687233