1260857405585293312
1260857511114137600
1260858419910774785
1260858625272274945
1260860278104903681
1260860284153069568
1260860521152217088
1260863036509822977
1260863217988825098
1260863582889271297
1260864168804179968
1260864943563431936
1260864966225248257
1260865435844505600
1260865892478603265
1260865943896567809
1260867414516011008
1260867540504522753
1260867883552440321
1260868313988636672
1260868327603425281
1260868695720628224
1260868912587120642
1260869887553085440
1260870127337250816
1260871342200676352
1260871526901055488
1260871954560462848