1256025546363826176
1256025564667936768
1256025616874303488
1256025647110959104
1256025704900300803
1256025726546931712
1256025731248689152
1256025830938927104
1256025833728245761
1256025961448878080
1256025965706260486
1256025980872929285
1256026007737380869
1256026028742451205
1256026137848930304
1256026150649856000
1256026194073407488
1256026222007513088
1256026260041543681
1256026406263259136
1256026452983779330
1256026511175561218
1256026520025530369
1256026597284556818
1256026644550123525
1256026649914720263
1256026683162927112
1256026775001296896
1256026804004978698
1256026838960410625
1256026905414942721
1256026946728800256
1256026955712827392
1256027006312960000
1256027010637291520
1256027064429359104
1256027064781570049
1256027174202683393
1256027417111560192
1256027564402855936
1256027619356585985
1256027672553099264
1256027680992038914
1256027736604196866
1256027820670758916
1256027841029865473
1256027996529364994
1256028143313457160
1256028243225804800
1256028351413784585
1256028482380972032
1256028555152183297
1256028634046857216
1256028683233419264
1256028743006552065
1256028822446780419
1256028893246418944
1256028910837325826
1256028922979983361
1256028956106674176
1256029019159638024
1256029040659611649
1256029174713552896
1256029199716007937
1256029262563299330
1256029388623294464
1256029422584500226
1256029476850249728
1256029569338863616
1256029619565838342
1256029622812184577
1256029631985090561
1256029699102445570
1256029707734261762
1256029711295184897
1256029754332975104
1256029797978902531
1256029845701656577
1256029950328651776
1256030000546844673
1256030160001916929
1256030206286016513
1256030244408119297
1256030277404590080
1256030420145016834
1256030504387661824
1256030504782049282
1256030554622816256
1256030599095050240
1256030613750063106
1256030618107830272
1256030675800645637
1256030785104162819
1256030798077202435
1256030844461805568
1256030890393649152
1256030911046483969
1256030957359910913
1256030998942240768
1256031074808770560
1256031204312330240
1256031229318701062
1256031234104291333
1256031258800521226
1256031325921980416
1256031464866471942
1256031486328872960
1256031586744782849
1256031816957358080
1256031830899228672
1256031838021332998
1256031845919133700
1256031866454409216
1256031945340878854
1256031984293482496
1256032005025906691
1256032010696564736
1256032127927439361
1256032165558616064
1256032217043779591
1256032235183943681
1256032295678554114
1256032321041506305
1256032561169682432
1256032575904075776
1256032618845474825
1256032681323909120
1256032778170388482
1256032885095698432
1256032942641557506
1256032991496810498
1256033197961314305
1256033217540501504
1256033362457870336
1256033570407116800
1256033593861844999
1256033601617113094
1256033632910585858
1256033667979243520
1256033674665111552
1256033709133688835
1256033852042117120
1256033888830402562
1256033964109651968
1256034198978207744
1256034200832151558
1256034250429775879
1256034299733700613
1256034414099927041
1256034480201936896
1256034585751756800
1256034605922222087
1256034616827396097
1256034643649990663
1256034693889159173
1256034697806843904
1256034746414632960
1256034833454690304
1256034874260983808
1256035008554446849
1256035071359774720
1256035104998043648
1256035146354098185
1256035248552456192
1256035331343777793
1256035340927803392
1256035359718354955
1256035373177884672
1256035382740869122
1256035402575572993
1256035411668992002
1256035533656076289
1256035574915497985
1256035588131733509
1256035595840872449
1256035625402273793
1256035700962660353
1256035781841477632
1256035789135327232
1256035864452501505
1256035948455800832
1256036077812551680
1256036137451302923
1256036216891375618
1256036254937907201
1256036314161582080
1256036355773067266
1256036380435677185
1256036512673611776
1256036569317879811
1256036581733011456
1256036736909500417
1256036737744338947
1256036836297732096
1256036888638455809
1256036926743810048
1256036933890912258
1256036937900548098
1256037076434370562
1256037164850143232
1256037181270839297
1256037203848957954
1256037232260968448
1256037249486958593
1256037317736755200
1256037395050500099
1256037519310766082
1256037520686505984
1256037794021101568
1256037822831656960
1256037919841644555
1256037990729748490
1256038032492433409
1256038050334941186
1256038130299351040
1256038137832206336
1256038179691511810
1256038183621582850
1256038196749762561
1256038196846055429
1256038275661402129
1256038485846380544
1256038523662217216
1256038613361491969
1256038625055301633
1256038779850276870
1256038784317218817
1256038883940282370
1256038989758377985
1256039148487675907
1256039228363825153
1256039315936817152
1256039446274662400
1256039446484525062
1256039468089344005
1256039492206555136
1256039535294607361
1256039559395237898
1256039907631431683
1256040100233953281
1256040120337207296
1256040121968680961
1256040151299612672
1256040294413414401
1256040378630680576
1256040579147825152