1261657673994514432
1261657683515641857
1261657689534484480
1261657700720656384
1261657737378721792
1261657796031938560
1261657833873068034
1261658028052549634
1261658068514861056
1261658073040486407
1261658114715254785
1261658190221017088
1261658329547407360
1261658396434075648
1261658396966752262
1261658408165531648
1261658408559747072
1261658576541474822
1261658586087915520
1261658609957711872
1261658618207797248
1261658642887172097
1261658773661323264
1261658811351339009
1261658841483300865
1261659041794842625
1261659079270940672
1261659125479403520
1261659165572792320
1261659166906576903
1261659185063899136
1261659272653484033
1261659302974173185
1261659306367344641
1261659323039510529
1261659587888979968
1261659662597804035
1261659771544965124
1261659843632304132
1261659910737137666
1261659939631742977
1261659944031596544
1261660097635287040
1261660141340024835
1261660157806891009
1261660250098110465
1261660283153473538
1261660313319079939
1261660438330302465
1261660526754627590
1261660552016924672
1261660567397253121
1261660568525643777
1261660577824477185
1261660636330758144
1261660665674182656
1261660736549523457
1261660737203773441
1261660745139400705
1261660836696899589
1261660859123806208
1261660870721056771
1261660898055331840
1261660942657482752
1261661009116311552
1261661050979696642
1261661125965492224
1261661139445911553
1261661177710600193
1261661193434882056
1261661217820737537
1261661239740174336
1261661246505529350
1261661272992440320
1261661373899182081
1261661504350248960
1261661529524625414
1261661638333087750
1261661775784706048
1261661785503010816
1261661797418967041
1261661844139360256
1261661915236818946
1261662007503314944
1261662040579624961
1261662071009062914
1261662113409441797
1261662162721935360
1261662226152214529
1261662242086555653
1261662267441065984
1261662353936060418
1261662359417913345
1261662361183612933
1261662418372931584
1261662430574280705
1261662443530530817
1261662515420856320
1261662515609534466
1261662552678961153
1261662581833564160
1261662607204929536
1261662648350896133
1261662691145453570
1261662749840424960
1261662831952314368
1261663034822537217
1261663062546804736
1261663110747893761
1261663126912503813
1261663211474092032
1261663341216509952
1261663345716928513
1261663428793360385
1261663462398271488
1261663475358740481
1261663487719362562
1261663529595215872
1261663534443892736
1261663852837720064
1261663922983231488
1261663948555849728
1261663986702970886
1261663987458084864
1261664050129371145
1261664100523880449
1261664159537729536
1261664197248724998
1261664218463506436
1261664226164322304
1261664231113531399
1261664342241497088
1261664352320577536
1261664380384677889
1261664394582331393
1261664398394998787
1261664498534023168
1261664608064077824
1261664620445663233
1261664755053445121
1261664776154804225
1261664779934064640
1261664784988213248
1261664947429421056
1261664955801243648
1261665240435089408
1261665276787068930
1261665328888639488
1261665351592534016
1261665375328120834
1261665513299681280
1261665520568451077
1261665522283921411
1261665610397777920
1261665675757510658
1261665724025712640
1261665724579426304
1261665792481013760
1261665828505890816
1261665837355864064
1261665858310434819
1261665874278322176
1261665908507975681
1261665916221358081
1261665953240289281
1261665962656272385
1261666072891199488
1261666139249283072
1261666277623574528
1261666319641874432
1261666360951820289
1261666408959639552
1261666411681689602
1261666474575396864
1261666508167499779
1261666520649867264
1261666529613017088
1261666541449306117
1261666575544913928
1261666611469127681
1261666650182438917
1261666864327004160
1261666893682925568
1261666952138948611
1261667002546077696
1261667019457511427
1261667027460272128
1261667047756271616
1261667081738649600
1261667112873070592
1261667123891322880
1261667124654809090
1261667170913628162
1261667217353125890
1261667300748300291
1261667359640748033
1261667409620086790
1261667509901471751
1261667522258128903
1261667645616607232
1261667670061199362
1261667690147504128
1261667787535253504
1261667841020882946
1261667846179958784
1261667883412672512
1261667897056739329
1261667980234063872
1261668039000539136
1261668051092635654
1261668202137948160
1261668206780968961
1261668290478444547
1261668357046239233
1261668450025508865
1261668454416998401
1261668466328604673
1261668486612307968
1261668488202108928
1261668533286518785
1261668606187798530
1261668625762713602
1261668628946194433
1261668646486564864
1261668655315681280
1261668793195081730
1261668793891332096
1261668844533215233
1261669053489467392
1261669065359269888
1261669066282020866
1261669079292817409
1261669079427043332
1261669091296768001
1261669187291942917
1261669309442674691
1261669329252352001
1261669364404649984
1261669383170129922
1261669401734062088
1261669439776456715
1261669510811209731
1261669519849697280
1261669544973631488
1261669624095158274
1261669767934619650
1261669812410789888
1261669876273307648
1261670014391930882
1261670036051296256
1261670068833980416
1261670110743445504
1261670265693626368
1261670303983419393
1261670353866231809
1261670387391193088
1261670433826340864
1261670455217254400
1261670463291490312
1261670480240656384
1261670529964093442
1261670567918342144
1261670582967566339
1261670584016146433
1261670597492387840
1261670689213501445
1261670712659578881
1261670723254394881
1261671028960313344
1261671058463248385
1261671066922975232
1261671096320917506
1261671104378048514
1261671199643521024
1261671205939150855
1261671259802185732
1261671272343355399
1261671358167015431
1261671398122160131
1261671456833970176
1261671469710544897
1261671487037149186
1261671502916849665
1261671508507844614
1261671511565438976
1261671524047749120
1261671574911897601
1261671600254005249
1261671608793653250
1261671620592177153
1261671644046618624
1261671650262757381
1261671650313015297
1261671689059856385
1261671779858145281
1261671801509367808
1261671821335764996
1261671876520103942
1261671880861179909
1261671956761309184
1261672019336269825
1261672140916449283
1261672178199789568
1261672178413600771
1261672182498770946
1261672242041303040
1261672295602388992
1261672331589476352
1261672396647313409
1261672400497922049
1261672497625419776
1261672530940755970
1261672564868472833
1261672627426344960
1261672690185670657
1261672710809063424
1261672711161552897
1261672752072716289
1261672753217732608