1261098975073099777
1261098976276701185
1261098980382916608
1261098984753463298
1261099039430500352
1261099042504876032
1261099136566222848
1261099156648706048
1261099172645797888
1261099253625171970
1261099425599979521
1261099450250002433
1261099492167823360
1261099504637378560
1261099541031522305
1261099563626225670
1261099584257851402
1261099588422782976
1261099623206313986
1261099623331950593
1261099630487465986
1261099752642490371
1261099752936148993
1261099803028717568
1261099861174153216
1261099903360684033
1261099907022282754
1261099915918352384
1261100112748650497
1261100128343113728
1261100197012295680
1261100212552192008
1261100238829490176
1261100377988108289
1261100411475427332
1261100511325048832
1261100524121796608
1261100524646076421
1261100537329541120
1261100629214343168
1261100709371506689
1261100734675709952
1261100850308472833
1261100864372002816
1261100910597386240
1261100918378041345
1261100968730669057
1261100994366062592
1261101006995304459
1261101020001603586
1261101069355978752
1261101197517348865
1261101208057585665
1261101238437007366
1261101275158102016
1261101312860717057
1261101366891732994
1261101397153636355
1261101412324446216
1261101442875699202
1261101443043524608
1261101455433437185
1261101464212189184
1261101539441041413
1261101790713524225
1261101819507257344
1261101896535859200
1261101908292403202
1261101916446130178
1261101992161796098
1261102005315088387
1261102018216620034
1261102080715972611
1261102084906119168
1261102248601382912
1261102252732841984
1261102260362317836
1261102298400305153
1261102298744475649
1261102436992692224
1261102450045575168
1261102524414791683
1261102579779584001
1261102591863222272
1261102615837933568
1261102647085600769
1261102722968965120
1261102730648514560
1261102763557208065
1261102771857690629
1261102781143953410
1261102839696445448
1261102889373589504
1261102897921757186
1261102999138635785
1261102999436320768
1261103011373305856
1261103049726062594
1261103132261494784
1261103165895778310
1261103225052319749
1261103242089381888
1261103284166803464
1261103330316738566
1261103368040316928
1261103393205972995
1261103672949444611
1261103707392864256
1261103742553780227
1261103771041411072
1261103787076276224
1261103814922420224
1261103842852311041
1261104165037670400
1261104169018109958
1261104186122555395
1261104270214082562
1261104324446281728
1261104361687703553
1261104362715148288
1261104395732897792
1261104559021338629
1261104613379506182
1261104638712877058
1261104646791278593
1261104672544305152
1261104748503146501
1261104773442437121
1261104836705226752
1261104891482734592
1261104896755064837
1261104941210439681
1261105019811659784
1261105032084230151
1261105061561688065
1261105355779530753
1261105374301577216
1261105410452238336
1261105447571988480
1261105602761232387
1261105625498554376
1261105670729981953
1261105706154946560
1261105720575037443
1261105775281426435
1261105780054360065
1261105976725385216
1261105990193291264
1261106039384150016
1261106054160621569
1261106098188308488
1261106194518769664
1261106207420547084
1261106232938676227
1261106257605259264
1261106270385451011
1261106333732012034
1261106351905726464
1261106383321096192
1261106388085833728
1261106484521373696
1261106534358167556
1261106552204922881
1261106606999244800
1261106615173779456
1261106622312534016
1261106635365330944
1261106710871027712
1261106728336330759
1261106908108292107
1261107055298924544
1261107071568797697
1261107075318525954
1261107080406196225
1261107109984382977
1261107160039043072
1261107229509537794
1261107331548483585
1261107340251553792
1261107385881358337
1261107428487135232
1261107465615073281
1261107507675770880
1261107564420435968
1261107605331742722
1261107675422584834
1261107709253832704
1261107753222897666
1261107817362194433
1261107961226645505
1261108002926538755
1261108032156598273
1261108049348984833
1261108054474489856
1261108220703182855
1261108229351903239
1261108421492912128
1261108482360500226
1261108497980231680
1261108535653433344
1261108543538659328
1261108577588084736
1261108614946852865
1261108629249200128
1261108690825940999
1261108707586453504
1261108737496006664
1261108778524487682
1261108783977201664
1261108789580910592
1261108791950573570
1261108801849167874
1261108895981768704
1261108967943503872
1261108971236188162
1261108997366542336
1261109076529946624
1261109113649459200
1261109172780838913
1261109244436373505
1261109252506206210
1261109269111336961
1261109314086858752
1261109450208800769
1261109471822016513
1261109587496914947
1261109611748184064
1261109618002067459
1261109642366726149
1261109822717657088
1261109881081389063
1261109924198662144
1261109940669820929
1261110015861161985
1261110041672728576
1261110056600457217
1261110117287759873
1261110137789480962
1261110292961992705
1261110333860610049
1261110364089061378
1261110381117726720
1261110381394591745
1261110447404511233
1261110485442686977
1261110549217230854
1261110674748583936
1261110788087054338
1261110808630738945
1261110817241436160
1261110837735022595
1261110878344081408
1261110918139830274
1261110939627196417
1261110980265664512
1261110989132566531
1261111031537033217
1261111165784133633
1261111169303162882
1261111182007635968
1261111195739848711
1261111257287065607
1261111300052209664
1261111400631603200
1261111446567555073
1261111455006568448
1261111484232368129
1261111560316968960
1261111710825410561
1261111848826310656
1261111937263337472
1261111953294077952
1261111966854074368
1261111992510808065
1261112058755444736
1261112159246749696
1261112294911737856
1261112361680764931
1261112385571622912
1261112410347155456
1261112415284080640
1261112482187411456
1261112486599593984
1261112536503480320
1261112540916047874
1261112557596741632
1261112562000769024
1261112591675514880
1261112632494354432
1261112633601789952
1261112636994801664
1261112713662644224
1261112729642901505
1261112792498798597
1261112825713475594
1261112918801874944
1261112939307819010
1261113050343649287
1261113082312626177
1261113098426966016
1261113201418174464
1261113242128207872
1261113286684291080
1261113358532706309
1261113368817131521
1261113388136005633
1261113454678728706
1261113480356249606
1261113486794526721
1261113497313611776
1261113527168716800
1261113527269498880
1261113534366318598
1261113559465046020
1261113568470208513
1261113605858213890
1261113627488038914
1261113700288622593
1261113715732230144
1261113748787470337
1261113807289679872
1261113845466218497
1261113866680860673
1261113912273047558
1261113985752948736
1261113996889010177