1262624092341121024
1262624147168993280
1262624357022601217
1262624395199053824
1262624448827535362
1262624466158444545
1262624687886159872
1262624792676466689
1262624818261868545
1262624944149626881
1262625022310518784
1262625252837937152
1262625254205087744
1262625262942015490
1262625270831304704
1262625360488923137
1262625443171221504
1262625483335712768
1262625499701968897
1262625534984380416
1262625552751616001
1262625602625994757
1262625733488242688
1262625800815357952
1262625851230822403
1262625873531977734
1262625956512108544
1262626022769471493
1262626039567732736
1262626106412118016
1262626150196666376
1262626214746914816
1262626339162673153
1262626379541082112
1262626604678819841
1262626781665918983
1262626818999193602
1262626822241562625
1262626823176773634
1262626886556893184
1262626908073799682
1262626924536320000
1262627007457869824
1262627079054430209
1262627099778703361
1262627319287439360
1262627477282750465
1262627797543116801
1262627829331775488
1262627842803879938
1262627951318757376
1262628057115848705
1262628064477003777
1262628102192222209
1262628179543547905
1262628274632450048
1262628397215182848
1262628434393485313
1262628519454093317
1262628630825447431
1262628698097725440
1262628774228549632
1262628781371658241
1262628800040505345
1262628803316264960
1262628900405903365
1262628962989232128
1262629066974298113
1262629206199988224
1262629319341309953
1262629399913828352
1262629523545362432
1262629763367276546
1262629792446402561
1262629821810708481
1262629968477130752
1262630031735414785
1262630091898490880
1262630186710781952
1262630249960898560
1262630287646830592
1262630330651103232
1262630376620478470
1262630381183840256
1262630394526085121
1262630498779553793
1262630657559343104
1262630690538962944
1262630759879278592
1262630786886483970
1262630799469211648
1262630946769113088
1262630949377933313
1262630968520671232
1262631008785981441
1262631118672728064
1262631190332411909
1262631198163120134
1262631337887797248
1262631340731625474
1262631445069168640
1262631612933701634
1262631731481509888
1262631760329936897
1262631840008953857
1262631857230958599
1262631894585413632
1262632054488956929
1262632092338282496
1262632306138726400
1262632364720750592
1262632364963840000
1262632401529761797
1262632526364975104
1262633076590608385
1262633140197064706
1262633169624293376
1262633185696866304
1262633206408347648
1262633353506938883
1262633354287108097
1262633374608429058
1262633375380074496
1262633579986722816
1262633588966608899
1262633605983080449
1262633634541912067
1262633660701790208
1262633781195706368
1262633895045943296
1262633913370976258
1262634013233238018
1262634168644702209
1262634338790682624
1262634398819721219
1262634442415312896
1262634481124429826
1262634755243286528
1262634872138579968
1262635158210936834
1262635161637830656
1262635262527418369
1262635342018068481
1262635376373448704
1262635407516356608
1262635731736047616
1262635781325090816
1262635873948053506
1262635950062043136
1262636082530828290
1262636151518756866
1262636185165475840
1262636391286091777
1262636625881939968
1262636638334644224
1262636647193235457
1262636739371372544
1262636773156573184
1262636817989451777
1262636901569159168
1262636922318577665
1262636922934931456
1262636935148756992
1262636993902784512
1262637063377227777
1262637144910237696
1262637206071463941
1262637230696419333
1262637246168969217
1262637325684748288
1262637347671281664
1262637439828590594
1262637461097897984
1262637467984855040
1262637501644242948
1262637510435487745
1262637538642145280
1262637548159074304
1262637664500617216
1262637758327160832
1262637767827361793
1262637883942461442
1262638035528810496
1262638126079471618
1262638274436231168
1262638294518489088
1262638358649425920
1262638596277907457
1262638634047545346
1262638730818596864
1262638944912576518
1262639072138465280
1262639078505353216