1259891033258766337
1259891041051848705
1259891042754547712
1259891151030464512
1259891160757108736
1259891215903801345
1259891251303845896
1259891260157911041
1259891263807070211
1259891371214856192
1259891482204557312
1259891482506326017
1259891578434473985
1259891591550054402
1259891641776852992
1259891715995025409
1259891772278345732
1259891826208780291
1259891916637966336
1259891947973627910
1259892196154712073
1259892234058694656
1259892264672911360
1259892297111687173
1259892297849765893
1259892417802756097
1259892417819525120
1259892438568767491
1259892439084654595
1259892513873117186
1259892519388708868
1259892534609948672
1259892560350175232
1259892631720677376
1259892665648218124
1259892677178507268
1259892920565428226
1259892963288641536
1259893000941035522
1259893214829412352
1259893226917572609
1259893286166134797
1259893407553642500
1259893432572510215
1259893449655910402
1259893562604388352
1259893610281086976
1259893701779886080
1259893726295531520
1259893743353843713
1259893747455684609
1259893810798178304
1259893843257942017
1259893897544773635
1259893930407190538
1259893948451041289
1259893970144047105
1259893994588274699
1259893995204947969
1259894033050148866
1259894103803740160
1259894203141718018
1259894217440026624
1259894259500679173
1259894274021195777
1259894346775552000
1259894347278909440
1259894384243310592
1259894384667099146
1259894430762500096
1259894464727973889
1259894588703211521
1259894611092307968
1259894687260905472
1259894708182159360
1259894724887969795
1259894741501726724
1259894741723987968
1259894872611401728
1259894959546806272
1259895073128546304
1259895156268044288
1259895190648586240
1259895215344832513
1259895257422073859
1259895413383090176
1259895504655220738
1259895601111670785
1259895676655276033
1259895685110992896
1259895710377484288
1259895794120917001
1259895803474137088
1259895898580156416
1259895954146095105
1259895974593519616
1259895995858423814
1259895995971731457
1259896008487690245
1259896041714876416
1259896042104881156
1259896049835147266
1259896217569394688
1259896230873726987
1259896239006588929
1259896444754034689
1259896548433047559
1259896570042073089
1259896595476291584
1259896742448898049
1259896742662664192
1259896813433356289
1259896918198693888
1259896990940508161
1259897019121926150
1259897028441751552
1259897082149822465
1259897086398664704
1259897132150030337
1259897203600109569
1259897204073996293
1259897275154923520
1259897471712534528
1259897523440889860
1259897615380078598
1259897618492043264
1259897677170372608
1259897738533187590
1259897768513961984
1259897773731741701
1259897785144553477
1259897813317681156
1259897878371237895
1259897886982180866
1259897996373897216
1259898011620200450
1259898021526908928
1259898049566068736
1259898231254810624
1259898248082358278
1259898303799533569
1259898348980535297
1259898398704050182
1259898424461312001
1259898461589143552
1259898558712557568
1259898566446911488
1259898646176452614
1259898646872588296
1259898658763522049
1259898680171270144
1259898705240612867
1259898722709880836
1259898726308552708
1259898730137948160
1259898734021955584
1259898754435624960
1259898818621030400
1259898952641544193
1259898972468056064
1259899002952310785
1259899011437416453
1259899099555475461
1259899108288073728
1259899111337230336
1259899121214750722
1259899212898189313
1259899258687434753
1259899321841070081
1259899329797672970
1259899350689501185
1259899405320110080
1259899417915686912
1259899518709096450
1259899602976870402
1259899637248425986
1259899701207248896
1259899715904208896
1259899829062234112
1259899955180945408
1259899968447340544
1259900012387057665
1259900026102284292
1259900039696134145
1259900106284793856
1259900123129118720
1259900164828852225
1259900196793835520
1259900231736537094
1259900248497049600
1259900273990000646
1259900294726647809
1259900345318285321
1259900379916992528
1259900408400617475
1259900412376813569
1259900454152081416
1259900497936429056
1259900604526268417
1259900719362015233
1259900801725718533
1259900803009187842
1259900819132100610
1259900953232199680
1259900960220078081
1259900978423369729
1259900997033496582
1259901020399960068
1259901025022103555
1259901079812280322
1259901142198358017
1259901196585906176
1259901380476665861
1259901384968876032
1259901385505726466
1259901389507112961
1259901534646661120
1259901561372848128
1259901622794084352
1259901666079490055
1259901690473562113
1259901720794185730
1259901830143844363
1259901854659592193
1259901862876233730
1259901972288659457
1259902026630266881
1259902061258260481
1259902093831409666
1259902157190381569
1259902158947958784
1259902213117353989
1259902333833576449
1259902338766159872
1259902353689309185
1259902389496115200
1259902563010457601
1259902727750066180
1259902759819763712
1259902828702765057
1259902894935080964
1259902902694408193
1259902927067590662
1259902928984268800
1259902966666067970
1259903018495066113
1259903037881167879
1259903072312217603
1259903205900722176
1259903290797707264
1259903398998138881
1259903623573757953
1259903683476815872
1259903763151716355
1259903763617382403
1259903831753842688
1259903952113500162
1259903985609330691
1259904023970414592
1259904068832681984
1259904135471624193
1259904149287813125
1259904286416404480
1259904392897220610
1259904446747770880
1259904460228300800
1259904651157266432
1259904770371981313
1259904853079289861
1259904874654904323
1259905034336325634
1259905053088976897
1259905101386395650
1259905139051282435
1259905181447344129
1259905214775205889
1259905235474100224
1259905292600475648
1259905322665345024
1259905323600674818
1259905360619401216
1259905392076677123
1259905514001006593
1259905717877633024
1259905727037976576
1259905823314239488
1259905827403677697
1259905867928883200
1259905956181413893
1259905957284458496
1259905990503411719
1259906007381078018
1259906016269021185
1259906023860690944
1259906095281106944