1262986425261125632
1262986448816402433
1262986456462757888
1262986505380864000
1262986575622942721
1262986604790104065
1262986677267685376
1262986799502241793
1262986815772000257
1262986911594971136
1262986974064861187
1262987113852809222
1262987218299191296
1262987277136994305
1262987347697811457
1262987374801240064
1262987450357395459
1262987495240859652
1262987579512819715
1262987609925697537
1262987613637619712
1262987645719769088
1262987755920949248
1262987801701818368
1262988038071672832
1262988047303487489
1262988120812924929
1262988200185860097
1262988239067123714
1262988288303890433
1262988405664698373
1262988420294619136
1262988498644144128
1262988516784390146
1262988518982406145
1262988594731347969
1262988788214558721
1262988845970100224
1262988871270305792
1262988883651784705
1262988972285784064
1262989089906753536
1262989303698743296
1262989354923745280
1262989383315185669
1262989479419219968
1262989500726181889
1262989521014136832
1262989571354095616
1262989583878414336
1262989655882059778
1262989676983377920
1262989860081565697
1262989923080159232
1262989965555884033
1262989990658822144
1262990034182959104
1262990163434758146
1262990205432324097
1262990338811101184
1262990356100059138
1262990377847607297
1262990385544146945
1262990389356703744
1262990423212978177
1262990456792788999
1262990500203827200
1262990562036273152
1262990579375300608
1262990687785664514
1262990832715497472
1262990921823551488
1262991024751771648
1262991066682122240
1262991136315944961
1262991149171523584
1262991178930290688
1262991186937163776
1262991229341650951
1262991341828452352
1262991362191814656
1262991362963771394
1262991388200796161
1262991399936548865
1262991404910784513
1262991412448108544
1262991421235245057
1262991517330759681
1262991627125047296
1262991736441356288
1262991900367347713
1262991932072001536
1262991992092590082
1262992017593978883
1262992026733289475
1262992076498558976
1262992087320080386
1262992096677552128
1262992126637309952
1262992214537486336
1262992446281089024
1262992536546787328
1262992563159683078
1262992594256171008
1262992631350595584
1262992797633843208
1262992892903124992
1262993048977281024
1262993087116111872
1262993133609947136
1262993149619843072
1262993153331613703
1262993318499278849
1262993456412139520
1262993474879537153
1262993505590239233
1262993527576748034
1262993527950266370
1262993531817377792
1262993610670174211
1262993620166037504
1262993631545184257
1262993699065249792
1262993740182048773
1262993834033602560
1262993871396581376
1262993960315899905
1262993983770374152
1262994000736407554
1262994006075740161
1262994006302171137
1262994055136522243
1262994131086909446
1262994190012608514
1262994268962127874
1262994302432694273
1262994392987521027
1262994416689573890
1262994475355451392
1262994495265746944
1262994545836515328
1262994685066280962
1262994707149402112
1262994709980614657
1262994769153687552
1262994823038017548
1262994911206531078
1262994912095723521
1262994928717594625
1262995046497910784
1262995062901727233
1262995083655147520
1262995087677485056
1262995107805974528
1262995313880707072
1262995397158543360
1262995398131621888
1262995465500602369
1262995577823846401
1262995701182746625
1262996193937731586
1262996228297486337
1262996345062752257
1262996491934859264
1262996564177563649
1262996569227485186
1262996627704254464
1262996723431063552
1262996967124275200
1262997031204917248
1262997127472377856
1262997147739402243
1262997168920526848
1262997217230684167
1262997282024275969
1262997314907639808
1262997343214993408
1262997347476418560
1262997390111408133
1262997406997569536
1262997461011845122
1262997521355415552
1262997552925945858
1262997674892169216
1262997696257961987
1262997704449249281
1262997745998184449
1262997817460690944
1262997824934801408
1262997826943901696
1262997884942745602
1262997923534639106
1262997941884579842
1262997974814060546
1262998258621677570
1262998337411862528
1262998342268710914
1262998375445811201
1262998577606987776
1262998708586557442
1262998816879513600
1262998832494804992
1262998837922336768
1262998955257851907
1262998963193442306
1262999165233057793
1262999210296782848
1262999252013330432
1262999263065374721
1262999368296206336
1262999381332029440
1262999482268082176
1262999539625197568
1262999743900385281
1262999886288519169
1263000082842075138
1263000125552693248
1263000175234048000
1263000229537857537
1263000251696328705
1263000308570963968
1263000409179934722
1263000515006173185
1263000540155383808
1263000729855410176
1263000766756741120
1263000782984540162
1263000825988673537
1263000934080282624
1263001306957922304
1263001491293351936