1262140859052625934
1262140943060344843
1262140954812788737
1262140980628787201
1262141105514205184
1262141151055720448
1262141165421412354
1262141256680996864
1262141286821187584
1262141362629152771
1262141365451919361
1262141373743955968
1262141391074975751
1262141444061450241
1262141492476416001
1262141509425680384
1262141538156470272
1262141559002275840
1262141641982427138
1262141651981602816
1262141751864803333
1262141799541272577
1262141838795829249
1262141873352773636
1262141877488418816
1262141885553930241
1262141919154577413
1262141956890808323
1262142025538965507
1262142029397659649
1262142049983303682
1262142063962927110
1262142114873270272
1262142124075749377
1262142204614553605
1262142385632534530
1262142410106290183
1262142518680002560
1262142591790772224
1262142603589562369
1262142608341700608
1262142683608420354
1262142703594323968
1262142868103323650
1262142910071558147
1262142913372475393
1262142944062177281
1262143052069642242
1262143056389779457
1262143107379924992
1262143111402270727
1262143153223729160
1262143311944581121
1262143312649166849
1262143345784209409
1262143347805782019
1262143362150404098
1262143416902856704
1262143451073777670
1262143584574353408
1262143634864058370
1262143673296392194
1262143735799910401
1262143761456431105
1262143840103907328
1262143859783589891
1262143861784285194
1262143917690179591
1262143930948300802
1262143937302736898
1262143999504195585
1262144008727527425
1262144040948072461
1262144091279757313
1262144143008153601
1262144150830485504
1262144223140331521
1262144348109582344
1262144402153263106
1262144495078047744
1262144495602319362
1262144550140809219
1262144557648678919
1262144563113791488
1262144590188097540
1262144619493634048
1262144625135046656
1262144683968466950
1262144692273250307
1262144762951450626
1262144770861826048
1262144857092521987
1262144919206010881
1262144943440703494
1262144952366227458
1262145019730935809
1262145034629120002
1262145048277323776
1262145078564392968
1262145132670988289
1262145153843834882
1262145216422842376
1262145220415827970
1262145233539792899
1262145236798771203
1262145296563388416
1262145401295077378
1262145460254445572
1262145619243741185
1262145653024620545
1262145653389606912
1262145660511555590
1262145707722575872
1262145723384115200
1262145732519366658
1262145847149690885
1262145853923512320
1262145925457350656
1262145949964607490
1262145987826667520
1262146026485448705
1262146060144857089
1262146088754130946
1262146155565264899
1262146247051358215
1262146265112088576
1262146277816623110
1262146324750884866
1262146462026268673
1262146471421501442
1262146483316502531
1262146488051826690
1262146490207739904
1262146504401334273
1262146512420851714
1262146562500841473
1262146604661948418
1262146688963280897
1262146734693769216
1262146742994296832
1262146747184353280
1262146835721961472
1262146869762932737
1262146886108151812
1262146910439301125
1262146940252434438
1262146952981917696
1262146986159071232
1262147132628193280
1262147145458569216
1262147235317452803
1262147275079507970
1262147297573560320
1262147446081273859
1262147452028833792
1262147456621518850
1262147481237950465
1262147619159244800
1262147716177510401
1262147762679762944
1262147766400122880
1262147972378136577
1262148068998295553
1262148143539466243
1262148269666381824
1262148345100775424
1262148375505522691
1262148391816949761
1262148426877276161
1262148555545837568
1262148571656269831
1262148585392533504
1262148639297855489
1262148764862689283
1262148940972978177
1262148961965613058
1262148991006978057
1262149092303613952
1262149118723588096
1262149133428764683
1262149142102659078
1262149151267094528
1262149196372738049
1262149249350811648
1262149276160983042
1262149333220196352
1262149355777200129
1262149398273941505
1262149426430324738
1262149498589065216
1262149561545560069
1262149565689614338
1262149589278343174
1262149615844864001
1262149703694778372
1262149708912476160
1262149779792035841
1262149972520316928
1262149973824532480
1262150065419964416
1262150081387560960
1262150090795483149
1262150174505345025
1262150187281190913
1262150317094981641
1262150321784176642
1262150327928643584
1262150371562139653
1262150380013498368
1262150438406651904
1262150450855514115
1262150522041229313
1262150526625615874
1262150538864594952
1262150616219922433
1262150698608865287
1262150731991154688
1262150757467525122
1262150874085781506
1262150899247583234
1262150904633069568
1262150953693741059
1262150958110388224
1262150984177860608
1262151059079864320
1262151098581651456
1262151126683508736
1262151135491756035
1262151197122854912
1262151232157708288
1262151290832015361
1262151308506804224
1262151367839240192
1262151381982613515
1262151416040370176
1262151478090883076
1262151495899742209
1262151519870296064
1262151622995652616
1262151662505996293
1262151685117526017
1262151720915927040
1262151737340821504
1262151793917583361
1262151800490254342
1262151852365246464
1262151950717587461
1262151964617572355
1262152070901059584
1262152170461331456
1262152212991619083
1262152221334147078
1262152242276134912
1262152242397732866
1262152271506182144
1262152313092943877
1262152430676033545
1262152434849402880
1262152438565535745
1262152447645986816
1262152460422053889
1262152460547903489
1262152496618909697
1262152520417173504
1262152531582607362
1262152544740159498
1262152551488581634
1262152769340715009
1262152812881993729
1262152958914949120
1262152996877721606
1262153068868706304
1262153101378805760
1262153385169399808
1262153441314562053
1262153504644349953
1262153512550449152
1262153671665684481
1262153676589797386
1262153680851214337
1262153785893421059
1262153823105306627
1262153848778563585
1262153986813149185
1262153999777660930
1262154011588820993
1262154163028361216
1262154294024962053
1262154473536761857
1262154553455149058
1262154586879520769
1262154615723716609
1262154637278351361
1262154645574729729
1262154687568060417
1262154703623852034
1262154781470216194
1262154805155258369
1262154884486291456
1262155006561546241
1262155086530215944
1262155118843244548
1262155121774993409
1262155123607973889
1262155172408700928
1262155190351740933
1262155215756832768
1262155290994188293
1262155312015921153
1262155320173957120
1262155399920185345
1262155439996907520
1262155448578236416
1262155622176272384
1262155689847226368
1262155697032052736
1262155769337786369
1262155780746174464
1262155823297544194
1262155823666434048