1265266438232838144
1265266474404495360
1265266482797215746
1265266500321062912
1265266507849875456
1265266559079067651
1265266569900363776
1265266579371175939
1265266587365449728
1265266621742034945
1265266654864445457
1265266680088985601
1265266747600330752
1265266759440961536
1265266858103537666
1265266868660637696
1265266871319891969
1265266898675122176
1265266999334178816
1265267007945093120
1265267061539864577
1265267079361499136
1265267089658597377
1265267225625276428
1265267284433608704
1265267288879648770
1265267292495122435
1265267334207471617
1265267351903260678
1265267360161767432
1265267414914252800
1265267427027410945
1265267548997779458
1265267581600088064
1265267582409547778
1265267591473397760
1265267613942321158
1265267665783980032
1265267719705935872
1265267728820195329
1265267735770075137
1265267748587872256
1265267758360600579
1265267928368283650
1265267942905671681
1265267943681769479
1265267946852683776
1265267991190609920
1265268051353706496
1265268089861681152
1265268093644935168
1265268094135603200
1265268111885860864
1265268176771743744
1265268177929490434
1265268248653844480
1265268303917772800
1265268344942465025
1265268370175332352
1265268479034363906
1265268538065014784
1265268657850064898
1265268699495309314
1265268710794825728
1265268715345465344
1265268740146499584
1265268769250775048
1265268781724688385
1265268798694678528
1265268823814365184
1265268824204550145
1265268856714481665
1265268927447384064
1265268937626877954
1265268974830465026
1265268982665359366
1265268990454173696
1265269015087403009
1265269033240268802
1265269038214774788
1265269049103192066
1265269050025881600
1265269066870042626
1265269175913676801
1265269185594232834
1265269196436508674
1265269298152570887
1265269340108214273
1265269375742799872
1265269439135649792
1265269465383686145
1265269473558384641
1265269494446018562
1265269549554896896
1265269557679345666
1265269654395719680
1265269678806573056
1265269704718979073
1265269717163524097
1265269724784529408
1265269754652176384
1265269793348698112
1265269804551766018
1265269822264233986
1265269830070001670
1265269922231246851
1265269959531335680
1265269964229001216
1265270006679515144
1265270060798664707
1265270089672245250
1265270090464817152
1265270106310885377
1265270107703373830
1265270108135424000
1265270111633641472
1265270145934655493
1265270169686798338
1265270208123613184
1265270270358626306
1265270346191691777
1265270429930991621
1265270434188029952
1265270434326405122
1265270497492729858
1265270525053501443
1265270543059738624
1265270543432839168
1265270593127092225
1265270601498976260
1265270610571202560
1265270639767715840
1265270667848515584
1265270702191472640
1265270706553659392
1265270786404823040
1265270816247214080
1265270828653965314
1265270920815480835
1265270962892791810
1265270966562807809
1265271009525014531
1265271033050935297
1265271063614717952
1265271101388554240
1265271212302794755
1265271220993495046
1265271231332278272
1265271247610535936
1265271403135356930
1265271570743717888
1265271736746029056
1265271780446527488
1265271855973310464
1265271860884889603
1265271864852611073
1265271872389816320
1265271876349116416
1265271919634350081
1265271937380597760
1265271962869383168
1265272053449592837
1265272071250219008
1265272180977393666
1265272204968656897
1265272245649170433
1265272250414125059
1265272280223035397
1265272363463016452
1265272477481132032
1265272484938514432
1265272492429651969
1265272564567375872
1265272590312103937
1265272594602827776
1265272632544423937
1265272635300048902
1265272738991792129
1265272745513885697
1265272770210009089
1265272833061670912
1265272896017928192
1265272916821733376
1265272921355776006
1265272958098067456
1265272970898964480
1265273000271773696
1265273099051831302
1265273112523751435
1265273135416385537
1265273214948630529
1265273227930218496
1265273274289647617
1265273298444627971
1265273340907999232
1265273371295694849
1265273424978620417
1265273474601439233
1265273576099328000
1265273584198594560
1265273589336604672
1265273639357710341
1265273639466930178
1265273684760989696
1265273709419311105
1265273713731264513
1265273743447908352
1265273756496343041
1265273794173652995
1265273827824529411
1265273865032421381
1265273882161737731
1265273965292982272
1265273974017134592
1265273999354781697
1265274095912079360
1265274103449223170
1265274124638748672
1265274159225020416
1265274248651771904
1265274255148756992
1265274322462994432
1265274372530540545
1265274385931415552
1265274439656247296
1265274448803844103
1265274515388534785
1265274548519346177
1265274581595459586
1265274654110789634
1265274800643031041
1265274800907464705
1265274842938519553
1265274888337514504
1265274909992706051
1265274939541774341
1265274966276268033
1265274981132402689
1265274989453824003
1265274997683052551
1265275056768368641
1265275069477146624
1265275085822320640
1265275089475506176
1265275091622989825
1265275098371690497
1265275141732184065
1265275179854368770
1265275198426812416
1265275220903985152
1265275228214755328
1265275260879941633
1265275312192942082
1265275324994064384
1265275351162392577
1265275362717523968
1265275371408240640
1265275375216541697
1265275412470358018
1265275433374760960
1265275475330576384
1265275483962273794
1265275508767457280
1265275572223164422
1265275681375584263
1265275701453864961
1265275769124610050
1265275857418903552
1265275874628308993
1265275895834689537
1265275925186277377
1265275935860891648
1265275954324275200
1265275970455433219
1265275975530622977
1265276003833663493
1265276033512599555
1265276045915312128
1265276071211122689
1265276125896302594
1265276179969454080
1265276196952121345
1265276197312835589
1265276268066402304
1265276277533159425
1265276281702289408
1265276284587749379
1265276293991370761
1265276332675645440
1265276403122991104
1265276427026350080
1265276445598912512
1265276469573496832
1265276482705735683
1265276541228986369
1265276588138135552
1265276643834073090
1265276695763841033
1265276770736996352
1265276792467685389
1265276813212815360
1265276817637699585
1265276851234074624
1265276879193374721
1265276942695239687
1265276968842465280
1265277056713031680
1265277064975839234
1265277072353538048
1265277095657127941
1265277102749876224
1265277115731148801
1265277220374880256
1265277233242963968
1265277241992208385
1265277275555065856
1265277318747967489
1265277326897618944
1265277350008086528
1265277355477458946
1265277409588318208
1265277434049544192
1265277442719125506
1265277463866851329
1265277467926958080
1265277518136786951
1265277518619258881
1265277535434100737
1265277539905425409
1265277547069050880
1265277547723415552
1265277652576788480
1265277787293626369
1265277812199419906
1265277850115948545
1265277912237740032
1265277912632176640
1265277920462979072
1265277935025451008
1265277955019767808
1265277979661344768
1265278005636591618
1265278071902527488
1265278131633610752
1265278235019010048
1265278240291057667
1265278256149823488
1265278307098144768
1265278341088718850
1265278374726991877
1265278449448615936
1265278470420140032
1265278482717655043
1265278512262459393
1265278533984649216
1265278541358301185
1265278552020119558
1265278566767497216
1265278579815964672
1265278580730159104
1265278588053405697
1265278596949716992
1265278605141127170
1265278633607757824
1265278638695559168
1265278651207086084
1265278655418314752
1265278747634212865
1265278781247250434
1265278801875009537
1265278822280118272
1265278826038386689
1265278848071016449
1265278865011662850
1265278877191921664
1265278902756429826
1265278982422794248
1265278983496708097
1265279017789329408
1265279087557427201
1265279120008572938
1265279137985544192
1265279150178414595
1265279195485175809
1265279326317981696
1265279351878307840
1265279372677660673
1265279472107847680
1265279472623915009
1265279502709555200
1265279511056142342
1265279537715109888
1265279545126551554
1265279547898859520
1265279615511257088
1265279632087101442
1265279632137469953
1265279644682649600
1265279699552481287
1265279720289116163
1265279732414730240
1265279736672108544
1265279762945081346
1265279770423689216
1265279770922811395
1265279796570927110
1265279938640429056
1265279943040045056
1265279947381379073
1265279952951402497
1265279971955802112
1265279985058754561
1265280038838185984
1265280084543496192
1265280102910189575
1265280111034748929
1265280118760579078
1265280152801628162
1265280211718819841
1265280240550543360
1265280256774193153
1265280261098483712
1265280315884371981
1265280376404131840
1265280391436533765
1265280463129763840
1265280479923666945
1265280517051576323
1265280521489317890
1265280521996849152
1265280622580432896
1265280626237865991
1265280644419993605
1265280706776711169
1265280730814431232
1265280765161607169
1265280774770757632
1265280819058413568
1265280928072564736
1265280949799006208
1265280974473924608
1265280991083593729
1265281016429600769
1265281030891556864
1265281058225786880
1265281139599716352
1265281154560733185
1265281196617093125
1265281204745535493
1265281205307494400
1265281211016138759
1265281217089474565
1265281293111050241
1265281318574792706
1265281356054978560
1265281373054500864
1265281407330340865
1265281444336635904
1265281446387888128
1265281515220500488
1265281522510282752