1258365965902856193
1258366062959173634
1258366097960718336
1258366146878812160
1258366211395551232
1258366233327669249
1258366261853147136
1258366284267507714
1258366379658555392
1258366446176022528
1258366567634685957
1258366668704829444
1258366669434556419
1258366704507289601
1258366727227932674
1258366780050989057
1258366802490544128
1258366832274296832
1258366869561622528
1258367008250441728
1258367066127679489
1258367167243968512
1258367251323015168
1258367351810072577
1258367361234731009
1258367385507168258
1258367397343326208
1258367535797460997
1258367540889337858
1258367579011375104
1258367582836490240
1258367585726455814
1258367621893890050
1258367627833020418
1258367632757186561
1258367728877961217
1258367948160487425
1258367951826227200
1258368002069655552
1258368061037518849
1258368066083225601
1258368162166460417
1258368186157658117
1258368346371825666
1258368367007760385
1258368371944419330
1258368417616125952
1258368471521357824
1258368484716810240
1258368732851666945
1258368751701024768
1258368802988929024
1258368883809017856
1258368896081571842
1258368912430948352
1258368929711288322
1258368950829809664
1258369147274014720
1258369221240721408
1258369260327501828
1258369344180011008
1258369420692520960
1258369503739678721
1258369503865507840
1258369554734088194
1258369693041090565
1258369705204682752
1258369740692688897
1258369751493087234
1258369768337412097
1258369793356263425
1258369839199956993
1258369886931337216
1258369931508248576
1258370057379262467
1258370128401641472
1258370241714888704
1258370326678974464
1258370567855640578
1258370614940835840
1258370892628983810
1258370912681889795
1258371004977610757
1258371063785885696
1258371174490308611
1258371194375614464
1258371261375418368
1258371290697568257
1258371336008724480
1258371346989486081
1258371361602449409
1258371422608486403
1258371426500907008
1258371596202373121
1258371655124090880
1258371662925488128
1258371684647809025
1258371699898187776
1258371832765349888
1258371895008866304
1258372318490791936
1258372364884197376
1258372465132220416
1258372519930875906
1258372557767675905
1258372570182811648
1258372599425482752
1258372624415154179
1258372624620630018
1258372685983297542
1258372700093001728
1258372704778018817
1258372754337943555
1258372859568836608
1258372896843427840
1258372905722920962
1258372909594099712
1258372960492171264
1258372969224638466
1258373018092474370
1258373152754806785
1258373275123621890
1258373292311957505
1258373383261229057
1258373385429626882
1258373425623597057
1258373437652942852
1258373442375540737
1258373593483882502
1258373604804182026
1258373647959494657
1258373652770426889
1258373693488717824
1258373778020511745
1258373803161333760
1258373871717224448
1258373898518892545
1258373937379057666
1258373987731726337
1258373987928686593
1258374008489287680
1258374160042143748
1258374330884468736
1258374339642064898
1258374537130807296
1258374688763510787
1258374700889243648
1258374732468178946
1258374772850921475
1258374834976960512
1258374923170480128
1258374970071228419
1258374994117242883
1258375019933110273
1258375221549174784
1258375295972900865
1258375446829334528
1258375447118823424
1258375472737587205
1258375606154276865
1258375648344788995
1258375656469082112
1258375711083167745
1258375712119103488
1258375728275619840
1258375812212031490
1258375908957749250
1258376033939738625
1258376090151727105
1258376120505901056
1258376152139390978
1258376239703887872
1258376495992635397
1258376609377267715
1258376636128362497
1258376714339659776
1258376826545561600
1258376843389878276
1258376867989635073
1258376885685440512
1258376891792310272
1258376943981998081
1258376981881774080
1258376986361163776
1258377134772551680
1258377142087356416
1258377146868924416
1258377241861521412
1258377376595091461
1258377434812108800
1258377452629274630
1258377532966989824
1258377555079581696
1258377717080305665
1258377747249819650
1258377781584498693
1258377832704536576
1258377857761513475
1258377901214490624
1258377946328256513
1258378018575142912
1258378123667746816
1258378154776854530
1258378205259538433
1258378282296389632
1258378359517646848
1258378408540717056
1258378450219536384
1258378466770087936
1258378618834579456
1258378806580166658
1258378819699908612
1258378844828024833
1258378891288285184
1258378970724253702
1258378974985682944
1258379029037621251
1258379050655141894
1258379095328665600
1258379138001444864
1258379236731228161
1258379268054269952
1258379274979102722
1258379320940208129
1258379423176417281
1258379448623288321
1258379485889658884
1258379490650185729
1258379495083577351
1258379510942257152
1258379557809401857
1258379591183249409
1258379596891914241
1258379678768922624
1258379741914034176
1258379830623645697
1258379872398868494
1258379905923985411
1258380328848195585
1258380518183370752
1258380584977661952
1258380606276341760
1258380631135977479
1258380727768547328
1258380836027666438
1258381058841751554