1264873849822146560
1264873854377353217
1264873867513860096
1264873915316396032
1264873972275036160
1264874031897022464
1264874108174708736
1264874244883615745
1264874278115176450
1264874282175418371
1264874282213089281
1264874294213070848
1264874365277134851
1264874425192787968
1264874483136905217
1264874559125237766
1264874659884855298
1264874664062529541
1264874714507341829
1264874747743154177
1264874870074159104
1264874894535294976
1264874902563233794
1264875026685272064
1264875079210582017
1264875088639229952
1264875166946996225
1264875375189995520
1264875377454837760
1264875444505108480
1264875532837105664
1264875691952287748
1264875777616572420
1264875808923017216
1264875812504952833
1264876018264727552
1264876043241811972
1264876068755984385
1264876110694813698
1264876220866584576
1264876233076039680
1264876551587463169
1264876581467586561
1264876669178982400
1264876703148580865
1264876731619565570
1264876742952448002
1264876832677138432
1264876975979548672
1264876982963232769
1264877012239466496
1264877067893534722
1264877083240603653
1264877114618191873
1264877260277874690
1264877414233989121
1264877528541356032
1264877591569281025
1264877650880925697
1264877776978481154
1264877846813696002
1264877914702692352
1264877968914079747
1264877981882888192
1264877994281185281
1264878006457294848
1264878006499246081
1264878015294537728
1264878032701075456
1264878170924294145
1264878179010805762
1264878217632124928
1264878498096824326
1264878602430095360
1264878652493377538
1264878740439351296
1264878749528571905
1264878880491483143
1264878881326039040
1264879093683806217
1264879132296568832
1264879151518937089
1264879172889051136
1264879176559013888
1264879182854729731
1264879274194096129
1264879311363989504
1264879571951849472
1264879608790474752
1264879658656505856
1264879660812271617
1264879668039225346
1264879685130952705
1264879840563531777
1264879865372819456
1264879915276603392
1264880061854908422
1264880280113799168
1264880318378639365
1264880384732471297
1264880552789803009
1264880603406745601
1264880642736762885
1264880679415959552
1264880841982906368
1264880889554702348
1264881093959958529
1264881147542110209
1264881198532362240
1264881246196432896
1264881269403516930
1264881290425307137
1264881390476238848
1264881391441006596
1264881416510345217
1264881455081107456
1264881479957598210
1264881622865850369
1264881686187257857
1264881770874445827
1264881803476828160
1264881905608151040
1264881928735514627
1264881932665532419
1264881965964107776
1264882058662342656
1264882059622993920
1264882189075755008
1264882243396341761
1264882248236630016
1264882462418763777
1264882474624192513
1264882518114918402
1264882549270216704
1264882590571548672
1264882649627230209
1264882650218627074
1264882662361219072
1264882685400379393
1264882687958900739
1264882700416094208
1264882780095287296
1264882814014586880
1264882822612951040
1264882868347691008
1264882889285566465
1264882923695747075
1264882931920666624
1264882976158035968
1264882981639983104
1264883011860004865
1264883113488011265
1264883165987995649
1264883191426486272
1264883229837983744
1264883274754727940
1264883356262641664
1264883357437112321
1264883365284585472
1264883400797798401
1264883463217311744
1264883484037914625
1264883497048715265
1264883626627522561
1264883815274684416
1264883841178763264
1264883876020748288
1264883913622786048
1264884057281888257
1264884072729411585
1264884096628658178
1264884180594364416
1264884302954799105
1264884359728955393
1264884444088975360
1264884507666198534
1264884521004122112
1264884545880379392
1264884630416764929
1264884696879632384
1264884697693327361
1264884734041092099
1264884797740105728
1264884831634296837
1264884912756269056
1264884987465068544
1264885077915418625
1264885082587901952
1264885166260060160
1264885171909799937
1264885250963853317
1264885258756984832
1264885330248732673
1264885447421054976
1264885515112919041
1264885587166756866
1264885665931591680
1264885786559811585
1264885800447234051
1264885820344791041
1264885841295560706
1264885909826256896
1264885926431514624
1264886022267166720
1264886035168837632
1264886067108483072
1264886164412141569
1264886210624962560
1264886256602882048
1264886430226173955
1264886491219542016
1264886501051170818
1264886588414160897
1264886626033045504
1264886629350678528
1264886822657818626
1264886844271013888
1264886886344073216
1264886894204157952
1264886905080107008
1264886966530736129
1264887077696466946
1264887226711920640
1264887247112986632
1264887248786534403
1264887263097479173
1264887314083348482
1264887337856700416
1264887359692103680
1264887425328771073
1264887447940411392
1264887476948262914
1264887523282731008
1264887621320347651
1264887628551290880
1264887670657908736
1264887716145180672
1264887779806326785
1264887857690234880
1264887921158619136
1264887968508137472
1264888014859165696
1264888144492716038
1264888223949414400
1264888351389364229
1264888358527832065
1264888400596869121
1264888430372155394
1264888459287805952
1264888581249794053
1264888635935072256
1264888648450871298
1264888900268576770
1264888904060211202
1264888924360577024