1265024844044939264
1265024860297846785
1265024869974126593
1265024899510345728
1265024899539709952
1265024903498969088
1265024916237299714
1265024975347449856
1265024979709681681
1265024988072951809
1265024998189731844
1265025003969490945
1265025013104513025
1265025024781475840
1265025058721824768
1265025075075481607
1265025087071272961
1265025096311341057
1265025102523043842
1265025106499317769
1265025150988230664
1265025171984875521
1265025173150822400
1265025193585643520
1265025210698235904
1265025213831483393
1265025218390552576
1265025256453836801
1265025264871862273
1265025269632430080
1265025269754191872
1265025352499367944
1265025377384255490
1265025377778442251
1265025499442503680
1265025571668529152
1265025574562484224
1265025609471795203
1265025624613310465
1265025636407537664
1265025667856392192
1265025729726681093
1265025734302560256
1265025765839482881
1265025780498739202
1265025802179088397
1265025830713012224
1265025910694187009
1265025919397306371
1265025956856467456
1265026002633265153
1265026031867461632
1265026032605765635
1265026085990862848
1265026099261693953
1265026112008212481
1265026137035427840
1265026137358364672
1265026157713305601
1265026187723706370
1265026235576602625
1265026266840870912
1265026336734806019
1265026409770205186
1265026439994208256
1265026568793075718
1265026590318051328
1265026644521222146
1265026656911187969
1265026740830814209
1265026792064245760
1265026803053125632
1265026875056783360
1265026975971905543
1265026991729840128
1265026996796612609
1265027047400697856
1265027102233055239
1265027156490571778
1265027173590552576
1265027202384572416
1265027219317035008
1265027240204447744
1265027240368254983
1265027243685879808
1265027269506084865
1265027435885744128
1265027486922027008
1265027575388266499
1265027580307988482
1265027586410844163
1265027589090840577
1265027638340530176
1265027666111062017
1265027667742556167
1265027713904988160
1265027730535481345
1265027789951885312
1265027813276413953
1265027823317721088
1265027840526950401
1265027919115624448
1265027931526574080
1265027953278226432
1265027956851662849
1265027978448310273
1265027991740002304
1265028158417506309
1265028234573484033
1265028234782990336
1265028238457204736
1265028301497741312
1265028319424049152
1265028335077376005
1265028431579840514
1265028490153336833
1265028528031985664
1265028531605520384
1265028591240318977
1265028603588292610
1265028607434522626
1265028649419505664
1265028745561288705
1265028754344198145
1265028766755180550
1265028800204677120
1265028838184058883
1265028904927899649
1265028909596368898
1265028997412421633
1265029030538964992
1265029035442221058
1265029081558638592
1265029137703612417
1265029152262049792
1265029162017980416
1265029181747781634
1265029244511375360
1265029259896160256
1265029283539324929
1265029286685061120
1265029287629017094
1265029345908682752
1265029412325593088
1265029416838737920
1265029421850783745
1265029450107944965
1265029450397171717
1265029519800295424
1265029561382629376
1265029612075208706
1265029778089955331
1265029844796088320
1265029958239485955
1265030041408323584
1265030062623068160
1265030062673362946
1265030070869069824
1265030079937036289
1265030096966103044
1265030119959285770
1265030129081876483
1265030146257375233
1265030188380848129
1265030197147045891
1265030213441712129
1265030216327593984
1265030222048636928
1265030239681499137
1265030261760126976
1265030318618271744
1265030344186593280
1265030406967001088
1265030427212840960
1265030457873190912
1265030474973372417
1265030577482133504
1265030612206878727
1265030670985973765
1265030696021753866
1265030700463542273
1265030775948185600
1265030779991547905
1265030810828189696
1265030818390585344
1265030847289327616
1265030889215528961
1265030968278167559
1265030969729470464
1265030971750940672
1265031006081474561
1265031015137005572
1265031040705474562
1265031057428094977
1265031137937719297
1265031270607831042
1265031292132835329
1265031317328101377
1265031325330833408
1265031405383217152
1265031421749596161
1265031434873507842
1265031438849761288
1265031450673504257
1265031460559433729
1265031467479887872
1265031479270289410
1265031492700262400
1265031522010226688
1265031601823428608
1265031619280285697
1265031664482344961
1265031694068920330
1265031694614016000
1265031736318140417
1265031765971939329
1265031770191388677
1265031983408852992
1265032004472467457
1265032029957230592
1265032069987676163
1265032080548745217
1265032193535025153
1265032222748348418
1265032225646448640
1265032281141448709
1265032289609641985
1265032303362916352
1265032324049244166
1265032340205600768
1265032342118301697
1265032377375420416
1265032440453554176
1265032499677343744
1265032524666793984
1265032554748555264
1265032587921125376
1265032600810401792
1265032603142426624
1265032650709925889
1265032673266892800
1265032684830687234
1265032780389298176
1265032780620214275
1265032789717630976
1265032822969888769
1265032843199238144
1265032856272855045
1265032872731258886
1265032883481333763
1265032898853212160
1265032902548619264
1265032944575483904
1265033002444185602
1265033036112056322
1265033192383356928
1265033250939928576
1265033319965655043
1265033321534242816
1265033368330285058
1265033372251947008
1265033431483772928
1265033498643042306
1265033551906574338
1265033568725749761
1265033635989794816
1265033657221251073
1265033683070849033
1265033695624409088
1265033720689557506
1265033788498817024
1265033791564734464
1265033820635648000
1265033833931513856
1265033967759130625
1265034022096257025
1265034035476131841
1265034038663950338
1265034124353433600
1265034190107447297
1265034294453506052
1265034505397682176
1265034508774133761
1265034541930090508
1265034638663340035
1265034646259023872
1265034693252124675
1265034743625719810
1265034756057468929
1265034777033347074
1265034784587145216
1265034793697398784
1265034873544126464
1265035008558931969
1265035087382536193
1265035141870530560
1265035251715211267
1265035264591900672
1265035298364407811
1265035314067898378
1265035372616015872
1265035376399433742
1265035385027145730
1265035415444230148
1265035417868369920
1265035422918275072
1265035423421616128
1265035431567069189
1265035583300276225
1265035607371321344
1265035608143118336
1265035628447707139
1265035632876888070
1265035646143303680
1265035650111340544
1265035678976335872
1265035704301752321
1265035779597914112
1265035783825694723
1265035850418737163
1265035855657340929
1265035869179850753
1265035935135211520
1265035997957390337
1265036040722677761
1265036069852119048
1265036082296610816
1265036085446524934
1265036111287631875
1265036144451911681
1265036192950648835
1265036215423848449
1265036287834087424
1265036346118324226
1265036358919299074
1265036363587616771
1265036371808436224
1265036412820185088
1265036477089689608
1265036509079453696
1265036538406031360
1265036547130261506
1265036597227065344
1265036639761567744
1265036640248004608
1265036708304707584
1265036726411513856
1265036770208448512
1265036782028144641
1265036791242993668
1265036811803508736
1265036934889582593
1265037079391674368
1265037126782996480
1265037164297019393
1265037251496591362
1265037286259011584
1265037344115027968
1265037344249348100
1265037357025316871
1265037363756990464
1265037448620490753
1265037456992342016
1265037486801084417
1265037536617025542
1265037541725569026
1265037605202202625
1265037611992842243
1265037717210988544
1265037759015579648
1265037821972185090
1265037935000326150
1265037948044685313
1265038024116748289
1265038128580100097
1265038170879557632
1265038175862353920
1265038178630729728
1265038187082264578
1265038279340146688
1265038314215784449
1265038422839889920
1265038433677905923
1265038497553027074
1265038510161113090
1265038518394351616
1265038531870756868
1265038564435341313
1265038594214891521
1265038690465845248
1265038695163465729
1265038720954056704
1265038774150533122
1265038799127678977
1265038858086948864
1265038919084552192
1265038980309028873
1265039009484439553
1265039042988716032
1265039097787232258
1265039106368770048
1265039135993020417
1265039185536184320
1265039188791099394
1265039223100452869
1265039228011864064
1265039232495693824
1265039307515060224
1265039328293654528
1265039340884733952
1265039353945788416
1265039438079569923
1265039457922752513
1265039488339906561
1265039529175445504
1265039537518055425
1265039550583275525
1265039554563772416
1265039559210856448
1265039600461983746
1265039629834522624
1265039718753992716
1265039751440031747
1265039781953708032
1265039789113442314
1265039890317795329
1265039899343781888