1264436017039314944
1264436029106393088
1264436121120968704
1264436216625131520
1264436275022626816
1264436276033400833
1264436338700533761
1264436342848581632
1264436350499127296
1264436396145573889
1264436527792357376
1264436545148207109
1264436594930524160
1264436606309732352
1264436670755209217
1264436883800510465
1264436887550414848
1264436987873775616
1264437038394281987
1264437130253787136
1264437238382854145
1264437239909691393
1264437257672339457
1264437333287264257
1264437346247651330
1264437348772839425
1264437357756813312
1264437361896755201
1264437442016411648
1264437468230676480
1264437470827024385
1264437474425700354
1264437474522279936
1264437575156215809
1264437601584517120
1264437676532543489
1264437705842192384
1264437751270854658
1264437801568948224
1264437944305225731
1264438093794312192
1264438272589205504
1264438347822292997
1264438372912689157
1264438377337643009
1264438402436325376
1264438415614980097
1264438427749175296
1264438478621810688
1264438513602138112
1264438517322649601
1264438540995158017
1264438543763550210
1264438543805558784
1264438671899492353
1264438763511521281
1264438780364304387
1264438867710656513
1264438880499105792
1264438943283646464
1264438950732591104
1264439058400493569
1264439111907250176
1264439166684839936
1264439187081768961
1264439187937222657
1264439309555437570
1264439509216751618
1264439530435891200
1264439627303268354
1264439685293768704
1264439736338452483
1264439832916492288
1264439858120065025
1264439868043587584
1264439870400806912
1264439882698588162
1264439957344534528
1264439958867046403
1264439993268830208
1264440093026201600
1264440159057174529
1264440532991909888
1264440533285580800
1264440566357655553
1264440583193530369
1264440605012365317
1264440961112748033
1264440977642721280
1264440995166539776
1264441019153735680
1264441207444443142
1264441238784290816
1264441536097538048
1264441664937984008
1264441758345318401
1264441781942353921
1264441841434292225
1264441903623344135
1264441925672636416
1264441926398259208
1264442068769705984
1264442146662125568
1264442180573319174
1264442210487013376
1264442248273391616
1264442300647776257
1264442332801314816
1264442366506786820
1264442387197071365
1264442483305598978
1264442491131981825
1264442693393973248
1264442785253543936
1264442797563637760
1264442804480196608
1264442935757570050
1264442940534865920
1264443029110140929
1264443096722370560
1264443179073441792
1264443200892293120
1264443330445955072
1264443431608299520
1264443527234232322
1264443581919645696
1264443603725643776
1264443669894926339
1264443758319370241
1264443805295673344
1264443870638747654
1264443871158771715
1264443959444516866
1264443979883524097
1264443984728010753
1264444052486983681
1264444069213855744
1264444076088164352
1264444147768983560
1264444165829599233
1264444199283429377
1264444244359610368
1264444508323938304
1264444534706122752
1264444626766663682
1264444735294496768
1264444781494710272
1264444941125771269
1264444994246504449
1264445000387112961
1264445013288800256
1264445024177176576
1264445205383712768
1264445315664482304
1264445321871933440
1264445323050532864
1264445412548636672
1264445427589328896
1264445515745210368
1264445524641484805
1264445633760391169
1264445696796585984
1264445708712755204
1264445775179743232
1264445800425287681
1264445951789240320
1264445956818259970
1264445967778152448
1264445976175153155
1264446006562865153
1264446051273961472
1264446056185634817
1264446090541240326
1264446132056461312
1264446156953866240
1264446169591058432
1264446191170842624
1264446249329135620
1264446262985789442
1264446265791676417
1264446463637164032
1264446501775912960
1264446518104330241
1264446560672206848
1264446665261531138
1264446690427236352
1264446698060836866
1264446799483293696
1264446908501684225
1264446925605974017
1264447084444422144
1264447118510612481
1264447125473030144
1264447125775159298
1264447143605084163
1264447198206390272
1264447214732152837
1264447260240175104
1264447318981439488
1264447330956111874
1264447386593587200
1264447473659109376
1264447482479575042
1264447493124874241
1264447675359023104
1264447701267202048
1264447718224773126
1264447722372730880
1264447800999317507
1264447819873542144
1264447874278068231
1264447902346166273
1264447978179264513
1264448035595210755
1264448220823818241
1264448268970463232
1264448560487182336
1264448652535386113
1264448696013541376
1264448754200920066
1264448816524283904
1264448835293712384
1264448898329743367
1264448976863891457
1264448993750167552
1264449009193803778
1264449060406059009
1264449240320876548
1264449244871581697
1264449269039169538
1264449554537119744
1264449562401439744
1264449601492471808
1264449660275621888
1264449803150336002
1264449815087218688
1264449852995448833
1264449868455489537
1264450056893186048
1264450095954702340
1264450129551073280
1264450151176798208
1264450226766573569
1264450343217377280
1264450347310907394
1264450405427228674
1264450564676390913
1264450628346155012
1264450771560660992
1264450783266746368
1264450794629332995
1264450809988710400
1264450908588556288
1264451038259511296
1264451049261318154