1260766791762153479
1260766795268571137
1260766796371554308
1260766816877436928
1260766883705491456
1260766905586970624
1260767211226087425
1260767257724170241
1260767354293825538
1260767362099240961
1260767425194332161
1260767441849737216
1260767614680391681
1260767764400177154
1260767791625502720
1260767879663763461
1260767890002886656
1260767946458255360
1260767949759164422
1260767954192470016
1260768042646147073
1260768088456335360
1260768118181203974
1260768134513823745
1260768148304859138
1260768241636564993
1260768250880720901
1260768276474482692
1260768297169170434
1260768389573869579
1260768389812846596
1260768407735107584
1260768450139394049
1260768502706835456
1260768512253005824
1260768582905892864
1260768633355001857
1260768659263414272
1260768676447424514
1260768789442035719
1260768842017472513
1260768842743074816
1260768904336441345
1260768967758540803
1260769090257317888
1260769182611673089
1260769242640769025
1260769282994077705
1260769308419883009
1260769346072313860
1260769400690479106
1260769509469716483
1260769539702181888
1260769540033490944
1260769593468940290
1260769670136770560
1260769731847565319
1260769769638244353
1260769779503292417
1260769916136960007
1260769992485646337
1260769992938840066
1260770025662808066
1260770067203215365
1260770130440728578
1260770130558160897
1260770139269521410
1260770139491844096
1260770155514204160
1260770182189985793
1260770193611112449
1260770243758166020
1260770277740298241
1260770315086508032
1260770382149292034
1260770391817162754
1260770471303417856
1260770541406830592
1260770634541355010
1260770637238288386
1260770667496042497
1260770695413407746
1260770814569394179
1260770834697895938
1260770886249902081
1260770999114530817
1260771019914121219
1260771053829156865
1260771078785425409
1260771116831985664
1260771141129588738
1260771154932924420
1260771183030530048
1260771212084510723
1260771234557673472
1260771238382837760
1260771263188021253
1260771296297844736
1260771405144166400
1260771451273125889
1260771518801461248
1260771825006542849
1260771988236382209
1260772005575606272
1260772017617416198
1260772026463055884
1260772038941294592
1260772097074307072
1260772126191165444
1260772126891663360
1260772135837921280
1260772173070897153
1260772173997674496
1260772185544761344
1260772202649137155
1260772244982300672
1260772281858441220
1260772329056948225
1260772375286743042
1260772457625124864
1260772525069398016
1260772689381175296
1260772827529121793
1260772843840815105
1260772852661288960
1260773115640020992
1260773125324603392
1260773213778345990
1260773226805895168
1260773264336384000
1260773301263179776
1260773345139650560
1260773435233501189
1260773444725194754
1260773457190584320
1260773486710185986
1260773536379162627
1260773663911133186
1260773687395057668
1260773700267376640
1260773771935440903
1260773789203419139
1260773875974942720
1260773918165684225
1260773975518375937
1260774004589072384
1260774053260005376
1260774081202237440
1260774297544556545
1260774303403999233
1260774305752854528
1260774349067386880
1260774588134223874
1260774595545772032
1260774600692109312
1260774862471208960
1260774963100827649
1260774974291410944
1260775135151190016
1260775137349120000
1260775218538151937
1260775229204258816
1260775399828545536
1260775453092085761
1260775499434823682
1260775515486425088
1260775845955698689
1260775940772311041
1260776556554629121
1260776640625496064
1260776900693123073
1260777042213318656
1260777315685920768
1260777617197871104
1260777700064661510
1260777725192802304
1260778119423758342
1260778674900529152
1260779175033667584
1260779275772403723
1260779329891364864
1260779509797789697
1260779806632947715
1260779894096695298
1260779903768760323
1260779936727674881
1260779986589540352
1260780007627952129
1260780255377338372
1260780367490973698
1260780398482776064
1260780423275335680
1260780444955455489
1260780452308062217
1260780490312859649
1260780503566741504
1260780520209874953
1260780542557065216
1260780603991089153
1260780630368976896
1260780691966607367
1260780734530252800
1260780746740051968
1260780908245708801
1260780952000901120
1260781023211683840
1260781061400719361
1260781073639882757
1260781359091470336
1260781366272294912
1260781375805849601
1260781490318630912
1260781496660623361
1260781594228461568
1260781606261972992
1260781606706372610
1260781656488718337
1260781685114916864
1260781765318279169
1260781770288410624