1262639122126077952
1262639123644452864
1262639126458884097
1262639176417267713
1262639292788035585
1262639320760037377
1262639373952188416
1262639398119669763
1262639523701415937
1262639531792011266
1262639618845036544
1262639720523157504
1262639951897903104
1262639956700381185
1262640014887989250
1262640027529629697
1262640094789480454
1262640308636061697
1262640337979392001
1262640346636464133
1262640383219154946
1262640423253745664
1262640446649634817
1262640479339978754
1262640494053646337
1262640710760771586
1262640840851230724
1262640929111969792
1262641009311264768
1262641281169154050
1262641363641946112
1262641392687464449
1262641415496052736
1262641440829706240
1262641474144894977
1262641767096168448
1262641834871803906
1262641906657316864
1262642186102939648
1262642187155767298
1262642196416794624
1262642196710219776
1262642258450489344
1262642342357499904
1262642372329893893
1262642595106299904
1262642629679833089
1262642802980270080
1262642888908746752
1262642897033314304
1262642904025067520
1262642946031132673
1262642964204933120
1262643009545527296
1262643022493184000
1262643181834907653
1262643206686232576
1262643235912024065
1262643243126190080
1262643313024233472
1262643440959082499
1262643441185501186
1262643559724986369
1262643575822704640
1262643621775519744
1262643630344302595
1262643897672622080
1262643899765526533
1262644002832240640
1262644024382496768
1262644045760741377
1262644089058734080
1262644157690109957
1262644229437874177
1262644308957474816
1262644422983872513
1262644477061222400
1262644489237041152
1262644568362815498
1262644598192685056
1262644975847776256
1262644977529696256
1262645014376652800
1262645049222815745
1262645061948444672
1262645156244623360
1262645168332779523
1262645185055461380
1262645316320464896
1262645348503367681
1262645354132123649
1262645413427007488
1262645417595924480
1262645459274915840
1262645542938718209
1262645546768117766
1262645610311831552
1262645689772900352
1262645710077546497
1262645778025250818
1262645803497279489
1262646062264709120
1262646088428916737
1262646297552515072
1262646426347147264
1262646604194099200
1262646671726522370
1262646691766898689
1262646851972427776
1262646855479046144
1262646863657930757
1262646889998094337
1262646930343104513
1262646947497889792
1262647069237342209
1262647160945799168
1262647231817146369
1262647237915496449
1262647292353544192
1262647434821296129
1262647514378964992
1262647518560575488
1262647522981343234
1262647602589261826
1262647858022531072
1262647919615893506
1262647967833522176
1262648002742796289
1262648129653846019
1262648218866855936
1262648314153050112
1262648455912206343
1262648487281217537
1262648563718336512
1262648629904281602
1262648700729319424
1262648721315151872
1262648801346686976
1262648897597345792
1262648972969152518
1262649019865501697
1262649061716434951
1262649149243166720
1262649355347116033
1262649397030146048
1262649432987795456
1262649485752238082
1262649665897533440
1262649678744612864
1262649690169831427
1262649774508929024
1262649909074898952
1262650079862759424
1262650135118598145
1262650189359300609
1262650191183843330
1262650257407643651
1262650277611671552
1262650320020213760
1262650353171836928
1262650387502268416
1262650395190427649
1262650446050496512
1262650446776320000
1262650532818120704
1262650621066428416
1262650641039724545
1262650740327276545
1262650873177612291
1262650966337138695
1262651100399677441
1262651166468403211
1262651272030638081
1262651388682739712
1262651435596107777
1262651578382577665
1262651733412642816
1262651805013549057
1262651906343624704
1262651951298330625
1262652002527371264
1262652131397468160
1262652223286210560
1262652429226528768
1262652446624677888
1262652538907746306
1262652571531071490
1262652597468528642
1262652681836879872
1262652833096220672
1262652963354542092
1262653006950002694
1262653051632058368
1262653172578840576
1262653227356557312
1262653343345885184
1262653423369011201
1262653528465723392
1262653587416465408
1262653647005106176
1262653719927091202
1262653785035411461
1262653990568951809
1262654038497038337
1262654039822667777
1262654164900786176