1260630891144962053
1260630894416560129
1260630917678276611
1260630996774342656
1260631081079848961
1260631207009755136
1260631290253987841
1260631293433393153
1260631298617544704
1260631332234854406
1260631344188620801
1260631421682618368
1260631626255564801
1260631676989968384
1260631710024306690
1260631814336647171
1260631853062635524
1260631906724413440
1260631907496103936
1260631907496153093
1260632017013800962
1260632075490791425
1260632083841630209
1260632090401480704
1260632091865370631
1260632153093738496
1260632166884663300
1260632260090515464
1260632288565567488
1260632343687114752
1260632385370103808
1260632410552586241
1260632427577266176
1260632481629458432
1260632599543910402
1260632632213282818
1260632773175508992
1260632854683365377
1260632926124797952
1260632959914323968
1260633035222978561
1260633081725120513
1260633122661687296
1260633144996302851
1260633156589363203
1260633173987340290
1260633299606663173
1260633308150616064
1260633417240248325
1260633433539317760
1260633438027239425
1260633458885292032
1260633488165875717
1260633522978635776
1260633539017654272
1260633576430637057
1260633685763612672
1260633715320987648
1260633802700804096
1260633804231884800
1260633826340098048
1260634075473174528
1260634084537036800
1260634092388921344
1260634192947425280
1260634198915928071
1260634247464968195
1260634252867178499
1260634294319484928
1260634365429796864
1260634432123179008
1260634461047152640
1260634470157357059
1260634503581597696
1260634700533637122
1260634750764699650
1260634751322533900
1260634809291935745
1260634813570129922
1260634927248429057
1260634947901161477
1260634968860090370
1260635115253673985
1260635161592573953
1260635204458250245
1260635241439473670
1260635298863562752
1260635337426173952
1260635349665136642
1260635367650271232
1260635380178616320
1260635387892031491
1260635474323963906
1260635493349371905
1260635635863498756
1260635636328955904
1260635650451275778
1260635657694851072
1260635680893480962
1260635690745901057
1260635715676889088
1260635717048336393
1260635732382584832
1260635773524639745
1260635917360005120
1260635927090737156
1260635934904725507
1260635996468600832
1260635996732960768
1260636066068889600
1260636072985444360
1260636148814057472
1260636201549094915
1260636214593384448
1260636252786679808
1260636315877609473
1260636336110927873
1260636387310628865
1260636433112395776
1260636537408106496
1260636541958979586
1260636751925850112
1260636785060839424
1260636911053312002
1260636911082733568
1260636932096344067
1260637016221462528
1260637171909832710
1260637186854137858
1260637214771417088
1260637301836787714
1260637421752004609
1260637565096529924
1260637699070922752
1260637711989379075
1260637817371312128
1260637867144966145
1260638097575948289
1260638137753063425
1260638139967823878
1260638198415441921
1260638219651223552
1260638227515482113
1260638245055918080
1260638253188886528
1260638462023172097
1260638466922209282
1260638532823068680
1260638538715914241
1260638664205402113
1260638693649416192
1260638710682484736
1260638722984378369
1260638803846447105
1260638907441590274
1260638915712528385
1260638916106838018
1260639025326698497
1260639037553102848
1260639055894786048
1260639058234978304
1260639108558401539
1260639133992697857
1260639188745150467
1260639211574554625
1260639372916830208
1260639502927888386
1260639515925831680
1260639649854181376
1260639683282898946
1260639729197989888
1260639738182197249
1260639825650233344
1260639880306200577
1260639889839751180
1260639951978262528
1260639980269047808
1260640223186128896
1260640231931478016
1260640254530220032
1260640262088462336
1260640262323425282
1260640312537595905
1260640321479868419
1260640527776505856
1260640606466068481
1260640698187108354
1260640728562237440
1260640749005287424
1260640811630211072
1260640849156886528
1260640918954291200
1260640950038204416
1260641008922099714
1260641080250208256
1260641143169126407
1260641172848103425
1260641311519989760
1260641378079563776
1260641445850918912
1260641503984009222
1260641575178305536
1260641578928033793
1260641617557557249
1260641771681390592
1260641776957902849
1260641791273062401
1260641839826305025
1260641881060511744
1260641910890401792
1260641932889460741
1260641939004801025
1260641970067816451
1260642032172793856
1260642208790704129
1260642266877657089
1260642317171646466
1260642350759505920
1260642363501940736
1260642389217153026
1260642441838956546
1260642481655427072
1260642614988075008
1260642619555819520
1260642761415540738
1260642774573072384
1260642837135319042
1260642854340362243
1260642941162254336
1260642951337840641
1260643021634203649
1260643036318429184
1260643085098385408
1260643231613612037
1260643282465382400
1260643315067781120
1260643344721428481
1260643380788367362
1260643390930276352
1260643513026265088
1260643537978224640
1260643555850084352
1260643563529842688
1260643576041504768
1260643616487116800
1260643617699291136
1260643625035153409
1260643676541210625
1260643783386906624
1260643836050632705
1260643906707787776
1260643911308947456
1260643923879288832
1260643929415770112
1260643964937310208
1260643995673178112
1260644014555975686
1260644062119383040
1260644074962337798
1260644264263876608
1260644305930092544
1260644313425272832
1260644331905355781
1260644334954635264
1260644469143031809
1260644481654611969
1260644509718679552
1260644607622176768
1260644800694325248
1260644943007109120
1260644947042029568
1260645013928595456
1260645081117147136
1260645127434801152
1260645170204176397
1260645291105021953
1260645333257695234
1260645354933940224
1260645392414212098
1260645425683394561
1260645454687035394
1260645462937268226
1260645483292192771
1260645596924227584
1260645786397716486
1260645794312404992
1260645815220965376
1260645838176452608
1260645929033453568
1260645929037647873
1260645934112763906