1265719434565410818
1265719534662672385
1265719551376965633
1265719593428975617
1265719623636316163
1265719765869314048
1265719872258007040
1265719921180323841
1265719933276577792
1265720017699721216
1265720026335711233
1265720037995839488
1265720047189798912
1265720059336339456
1265720075744501760
1265720085601153024
1265720122741833732
1265720189636628480
1265720291059273728
1265720353080242177
1265720385930231808
1265720390938132481
1265720432570839040
1265720452472864770
1265720453760536579
1265720461691891712
1265720545724764161
1265720563252641792
1265720605132890112
1265720609197023232
1265720654768353280
1265720671558078474
1265720822628573190
1265720829620322307
1265720840156360705
1265720909999960064
1265720981693378562
1265720982859182081
1265721074404245509
1265721124454834177
1265721187197489152
1265721225818472449
1265721251152232450
1265721305115930624
1265721397835444224
1265721431465373698
1265721438767656960
1265721515389194247
1265721745211707392
1265721812194693120
1265721820638052355
1265721908642877440
1265721917111230465
1265721935280975872
1265721942981726208
1265721984316354562
1265721984660525062
1265722034480386050
1265722063907676161
1265722119045943297
1265722210750062592
1265722488207609863
1265722506234736640
1265722508310872071
1265722609389522945
1265722697859960839
1265722701328429057
1265722734992134144
1265722777740341248
1265722877304659968
1265722881247514624
1265723077226385410
1265723159132737542
1265723194498969601
1265723217882333184
1265723238505689092
1265723255048024064
1265723272475348999
1265723310454771718
1265723495708835841
1265723510636318722
1265723536854994956
1265723645067800576
1265723658292670465
1265723704136392704
1265723758939168770
1265723868297203713
1265724047591198720
1265724123310948352
1265724140364992514
1265724219553468418
1265724282879049730
1265724350432509952
1265724354962305025
1265724366760927238
1265724466203512832
1265724515457175553
1265724536495968268
1265724571866578945
1265724592959741958
1265724593798610945
1265724825181585414
1265724912263589888
1265724920534839299
1265724927904186369
1265724987245129728
1265725025090494466
1265725092220342272
1265725113376235520
1265725205919543296
1265725285468712961
1265725305555058689
1265725333413789700
1265725368700407821
1265725469644767234
1265725495330643969
1265725537462423555
1265725667683033088
1265725733277560832
1265725753670369281
1265725767876399105
1265725805184921601
1265725842866528256
1265725843449528333
1265725872683843584
1265725897740554245
1265725898797522946
1265725919332835328
1265725967596572672
1265726002845671424
1265726078250823684
1265726078414319616
1265726115433394182
1265726133393223680
1265726153324589056
1265726238192099328
1265726283822088193
1265726431369330688
1265726435034984448
1265726467759013889
1265726497895124993
1265726539926249472
1265726582125191168
1265726644225884160
1265726854595399680
1265726900959350785
1265726950632493057
1265726953912442880
1265726970354073601
1265727005045207047
1265727043309694977
1265727099601588224
1265727130169532416
1265727134661783555
1265727198222323717
1265727211555995655
1265727252815380480
1265727265314426880
1265727299237736448
1265727483191668738
1265727487612420098
1265727525793267713
1265727557762052096
1265727591253782528
1265727613173039104
1265727722497531904
1265727765116002307
1265727806811656192
1265727911576797184
1265727948159692808
1265727948855873539
1265727970674479105
1265728028094717952
1265728158415929347
1265728162853421056
1265728259582550019
1265728301156519938
1265728309280858112
1265728353425698817
1265728393183559685
1265728451190771712
1265728473588523010
1265728479330471936
1265728552856694785
1265728557139009536
1265728577657544705
1265728578211188738
1265728580706881536
1265728804544225280
1265728829131112448
1265728834302861315
1265728837909909504
1265728850799005697
1265728858839568389
1265728871774781448
1265728937818304515
1265729110678155264
1265729354429939712
1265729358125133824
1265729391931334662
1265729408352038912
1265729412311527426
1265729425586470913
1265729467093221381
1265729467722407939
1265729500655915008
1265729572076687362
1265729626523029504
1265729668843528193
1265729676871426048
1265729682089086976
1265729723260338177
1265729723566641154
1265729730864652288
1265729957986271233
1265730021043339264
1265730060151119873
1265730169609822209
1265730191009202176
1265730340485763072
1265730355903987712
1265730393564688388
1265730460979793927
1265730551538909191
1265730566181142528
1265730574594928640
1265730613182517248
1265730705956331520
1265730717138538496
1265730725686456321
1265730829981974528
1265730860365512705
1265730880628129792
1265730931878477829
1265730940543868930
1265730994855968769
1265730998551154689
1265731012748808200
1265731014820798465
1265731059112726532
1265731098413318146
1265731102565478400
1265731200037068801
1265731207230357510
1265731224716353536
1265731270933385216
1265731320749199360
1265731392002023425
1265731496200949760
1265731508314288128
1265731533752729601
1265731564132093956
1265731656796835841
1265731681899761664
1265731682608562177
1265731760836534273
1265731815903358976
1265731826494189574
1265731904432746499
1265731983780515840
1265732067977019392
1265732068446797825
1265732076474716160
1265732083781185545
1265732093176414212
1265732176068386818
1265732189460656128
1265732235707244545
1265732265314828290
1265732333769981958
1265732345815941120
1265732398345531392
1265732408294477824
1265732411641470976
1265732423666434048
1265732437574852609
1265732495917477890
1265732529098801153
1265732537059606531
1265732545498546176
1265732603648397315
1265732650683138048
1265732669398233091
1265732759890395137
1265732784837935104
1265732785240760324
1265732801518866441
1265732873182752769
1265732923908476928
1265732965004275712
1265733036475211778
1265733078594531328
1265733084663517185
1265733251144048643
1265733266897727488
1265733309562343424
1265733325475516416
1265733384988504064
1265733480752824323
1265733489917378560
1265733506056904704
1265733543415681024
1265733602895106048
1265733750396194817
1265733756356198400
1265733816091582470
1265733842016432128
1265734005531521029
1265734064528666625
1265734102797484035
1265734156333592576
1265734198167580672
1265734219650777089
1265734237992476674
1265734286369488899
1265734344020070400
1265734374479106049
1265734382876319745
1265734414958379009
1265734433736278017
1265734490565029896
1265734496067809281