1256101211998236672
1256101258152366082
1256101279899643905
1256101282143748101
1256101538495377408
1256101542530355200
1256101556765650946
1256101589632405504
1256101827973709824
1256101838014865408
1256101866481557505
1256101873032949763
1256101879077122048
1256101890951131137
1256101983926157313
1256102000791629824
1256102071373193217
1256102109596049408
1256102118215335941
1256102240332513284
1256102386176864256
1256102420452708352
1256102476937416705
1256102482117382144
1256102483073654784
1256102561079320578
1256102896166264833
1256102927501934592
1256102961404686336
1256103014265487362
1256103067394748416
1256103078937407489
1256103081420472320
1256103296013647875
1256103389651333121
1256103392675426305
1256103397520007169
1256103422790492161
1256103513823809542
1256103516898299910
1256103585982496768
1256103699845222401
1256103741280960512
1256103786776576001
1256103904980451331
1256104022299287552
1256104088359415808
1256104100141375488
1256104118319493120
1256104172992163840
1256104353095655425
1256104462080528384
1256104496540856325
1256104580062089221
1256104587968368640
1256104592930111489
1256104621967376389
1256104882420908032
1256104936275771394
1256104955183878144
1256104971797434369
1256105003460288512
1256105058233659395
1256105062608392193
1256105187799969792
1256105259128193024
1256105259132260352
1256105288974860288
1256105306511347712
1256105327872708608
1256105377072132096
1256105380834414593
1256105418691993600
1256105472769343493
1256105482508398593
1256105532051599366
1256105646409342977
1256105657897492480
1256105661450108928
1256105687018422272
1256105883794149376
1256105930934161410
1256105966304665601
1256105993316032514
1256106010776920065
1256106039793115136
1256106073574051841
1256106229409230852
1256106286380277760
1256106387261853696
1256106427313041409
1256106468455018502
1256106534221873163
1256106546871836673
1256106653071691776
1256106793593233408
1256106848849018881
1256106895716294657
1256106928767451143
1256107125568225280
1256107129452232704
1256107147097669632
1256107227292860417
1256107298147020801
1256107347417559040
1256107362466791425
1256107368900894720
1256107419685584896
1256107479064293377
1256107519472291840
1256107546919698432
1256108098831319041
1256108195866697728
1256108301730959360
1256108396966789121
1256108591293005824
1256108643952386049
1256108803575238656
1256108896432926720
1256108904439640066
1256109075798151168
1256109105552355328
1256109189006589954
1256109374122061824
1256109474730950657
1256109491260547073
1256109516007124992
1256109562064756738
1256109575960440832
1256109840402808837
1256109849793847299
1256109849827401728
1256109936016326657
1256110029020823552
1256110036381765637
1256110100445638656
1256110302820786176
1256110426749915136
1256110615858483200
1256110786423820294
1256110850428907520
1256110867722182656
1256110937557344262
1256110985493876736
1256111084429168640
1256111114175332353
1256111140070973440
1256111258576748544
1256111408544133120
1256111588744011781
1256111707799408640
1256111815601254400
1256111915719438338
1256111919410352128
1256111957918330880
1256111962565472257
1256112150168436736
1256112338664673281
1256112366435151881
1256112410890395648
1256112495649067011
1256112772825395200
1256112773836058625
1256112927289073665
1256113022956756992
1256113148303683584
1256113458984165376
1256113573593411584
1256113581130743808
1256113660386332674
1256113745115439104
1256113775368982529
1256113807686074371
1256113851843534848
1256113870315241473
1256114055057747970
1256114152378114048
1256114281755693058
1256114298239234048
1256114440279166976
1256114494796738561
1256114512379490305
1256114554913861632
1256114598945722368
1256114729669537794
1256114919033929728
1256115023602212866
1256115341886812160
1256115459902103557
1256115594031706113
1256115643495190529
1256115666081415168
1256115849800421376
1256115853617061891