1264149107637182464
1264149223630614530
1264149313334046721
1264149324272820224
1264149417294278656
1264149431747776512
1264149641282478080
1264149721498730497
1264149734199099392
1264149746270298112
1264149827429871624
1264149925622882304
1264150202065334273
1264150206796316675
1264150308999106561
1264150324803244032
1264150390846734336
1264150598313746432
1264150659877736453
1264150759781748736
1264151151454425089
1264151272615055361
1264151422926417920
1264151482590470144
1264151557765058561
1264151587724898304
1264151590623035392
1264151796735455232
1264151818164031488
1264151922560229377
1264151944110714880
1264151971877003265
1264151986238369792
1264152070132838402
1264152170104066049
1264152181894250496
1264152401096912900
1264152412979376135
1264152450849812483
1264152471905144837
1264152521788084225
1264152534329032706
1264152544147845120
1264152636263206912
1264152674540367874
1264152686745792517
1264152711643226112
1264152757126250496
1264152842245271552
1264152894842056705
1264152917164032000
1264152928824197120
1264152958213795843
1264153026392199168
1264153026518044673
1264153028954914817
1264153042955448321
1264153193803546624
1264153224015200257
1264153277857488896
1264153307427344384
1264153387312037888
1264153437475942401
1264153532615229440
1264153542329339906
1264153546137755648
1264153687833939968
1264153701448548352
1264153973868675072
1264154082488594432
1264154090856218624
1264154199622733825
1264154283425050626
1264154308901208064
1264154325632331777
1264154351045574661
1264154414354440192
1264154627798376454
1264154661726150656
1264154762469150722
1264154833054953473
1264154896519102465
1264154921537921030
1264155013435326465
1264155139088269312
1264155152220590081
1264155172558626816
1264155173838106625
1264155358194544640
1264155386506076160
1264155403979575297
1264155499424968710
1264155501123665920
1264155646448013312
1264155768611377157
1264155769173348352
1264155932185018375
1264156003773399040
1264156067346481153
1264156175035256832
1264156351678291974
1264156365209165825
1264156440916365312
1264156531723026433
1264156585099759616
1264156956174024704
1264157102186127361
1264157135484657665
1264157139838304256
1264157139922292736
1264157173514473474
1264157208692101120
1264157225079181317
1264157329689280512
1264157337423577089
1264157523252146177
1264157698184151042
1264157722574032897
1264157749174206464
1264157802601295874
1264157832745795584
1264157851720863744
1264157898957094914
1264157907207155712
1264158038195351553
1264158125847769088
1264158247629451266
1264158298074382338
1264158360942841857
1264158499031810048
1264158524558528513
1264158525368029185
1264158528056352770
1264158717395849217
1264158839206580226
1264158923852001280
1264158973470572544
1264159112121790464
1264159129507110913
1264159131214270469
1264159194929942528
1264159229109305345
1264159280716042241
1264159366846046208
1264159405668327424
1264159439268925440
1264159452099420160
1264159455576330240
1264159630810374144
1264159674657636352
1264159698963640323
1264159736573751296
1264159761127407617
1264159811186327552
1264159887451439104
1264159943130779648
1264159950688878594
1264159988441911296
1264160042519072775
1264160120201773056
1264160127692701697
1264160311885488128
1264160365526597634
1264160418903273473
1264160558359678976
1264160663649366021
1264160759870894080
1264160835590590466
1264160861012193280
1264160944499961856
1264160969045000192
1264161099416514560
1264161260461002752
1264161271072645120
1264161306568986625
1264161359593459713
1264161373086515201
1264161374311251970
1264161400978575361
1264161447774478338
1264161448453783552
1264161473061965825
1264161501679681536
1264161656768266240
1264161668956934144
1264161678104510466
1264161686325526529
1264161699608870912
1264161703291269120
1264161724858597378
1264161729128402944
1264161796614754304
1264161818945163265
1264161903661600770
1264161934619918336
1264161938705207296
1264161964080549888
1264161992761319430
1264162099208445957
1264162101687472128
1264162215080325120
1264162463261626368
1264162522145398784
1264162537689346048
1264162542303182848
1264162563039903744
1264162577040408576
1264162588637749254
1264162597361848320
1264162597508653057
1264162698792755201
1264162709349847040
1264162756170846209
1264162800357818368
1264162923561103360
1264163000006606849
1264163331054743552
1264163394988511232
1264163449917116417
1264163551469604864
1264163573812494339
1264163777773277184
1264163832613744646
1264163977803767809
1264163998183931904
1264164039854350338
1264164064646881280
1264164152982945795