1259105841787154432
1259105935831769088
1259105972573868033
1259105999291637760
1259106019248091136
1259106082481303552
1259106165948121088
1259106170876264448
1259106259061493767
1259106271086514176
1259106400984109057
1259106434857480192
1259106518173179904
1259106518466613254
1259106547940175873
1259106644807614465
1259106667712720898
1259106783596965889
1259106837150027778
1259106875259392001
1259106930267578369
1259107005731680256
1259107046319886336
1259107151902998535
1259107188456468480
1259107200297033730
1259107337022976000
1259107433575780352
1259107483819347968
1259107499786960897
1259107560474374144
1259107597346410498
1259107664497242114
1259107668683304961
1259107705601605632
1259107752204435457
1259107769870942213
1259107885583421441
1259107885616947201
1259108019750735872
1259108028437102592
1259108086444253185
1259108089162276865
1259108191578787848
1259108288844701703
1259108291831107584
1259108398156611585
1259108535993950210
1259108536795070465
1259108637269581824
1259108653002567680
1259108656060067842
1259108682522075138
1259108737450676226
1259108744618602497
1259108854358396928
1259108976194707456
1259108980678430722
1259109002232938498
1259109096067747840
1259109127902711808
1259109170625810433
1259109173691846662
1259109181799280642
1259109245271904256
1259109295343493122
1259109381955780608
1259109404349272067
1259109437651869696
1259109458392879112
1259109509794013190
1259109530270482432
1259109538440994817
1259109538508267520
1259109538751328262
1259109554580791297
1259109572301725697
1259109576160378881
1259109584691658752
1259109610725785601
1259109656032694272
1259109660071690243
1259109710936014848
1259109744393904128
1259109768767168514
1259109802896056320
1259109825134419968
1259109887025561600
1259109907552333824
1259109932512579584
1259109941702463490
1259109962569019392
1259110001336958981
1259110045763227648
1259110071855984641
1259110075098071040
1259110211425533954
1259110331537862657
1259110331844091904
1259110433237204994
1259110599356809218
1259110675768467457
1259110695699914755
1259110855461003264
1259110936041922564
1259110972410654721
1259110976949030912
1259111078258245639
1259111186655858689
1259111209024000005
1259111258269327362
1259111262753116161
1259111346731433984
1259111412632338432
1259111413622194177
1259111462863159296
1259111544329306112
1259111572536000513
1259111615179321344
1259111640076816384
1259111681549975553
1259111702366470144
1259111745311956998
1259111807974686720
1259111857954029569
1259111954490286080
1259112063848394757
1259112132664102913
1259112142646718464
1259112152717234177
1259112159193305093
1259112159403016192
1259112187609612291
1259112193800486914
1259112210565148678
1259112213287059456
1259112235256995841
1259112243742064640
1259112286205227011
1259112298506903554
1259112329536401410
1259112344782802947
1259112353179873285
1259112398390091776
1259112415888842753
1259112531450384385
1259112549502648322
1259112686111121411
1259112780264701958
1259113034045427713
1259113095793950720
1259113208142598146
1259113233757229057
1259113313591590913
1259113447423381504
1259113460241219584
1259113464167124994
1259113502008098818
1259113515039641600
1259113593636818944
1259113628709445632
1259113674129760258
1259113686242865152
1259113732615127040
1259113741888573440
1259113749694287873
1259113817130307584
1259113821328850946
1259113863372591104
1259113933018927104
1259114012710776832
1259114132797894657
1259114207187881984
1259114236254527490
1259114244500590594
1259114395445198848
1259114432862588929
1259114449744601088
1259114475552010240
1259114563246710784
1259114575766720513
1259114583886901251
1259114628111622145
1259114647208308736
1259114684575363073
1259114751449354240
1259114794025533452
1259114797796257792
1259114814921674755
1259114827521372163
1259114831593996294
1259114835696107523
1259114872530284544
1259114983000027143
1259114985168478208
1259115034422247424
1259115070363250688
1259115098892914689
1259115099974963202
1259115129502928896
1259115138155675654
1259115167234822146
1259115247090241537
1259115349317992449
1259115389721731072
1259115489902485504
1259115519984230402
1259115602607845376
1259115674489761792
1259115691480887298
1259115712410316801
1259115859538251778
1259115939804721159
1259115951250759680
1259115968254656513
1259116073254662152
1259116086890500098
1259116304583266304
1259116337974165511
1259116347088232448
1259116409075806208
1259116521785307137
1259116538227023872
1259116676282540034
1259116748583944197
1259116784088608771
1259116846189613056
1259116868217925632
1259116879316160512
1259117037877510145
1259117155058102276
1259117189266841600
1259117222003380225
1259117255847116807
1259117272544808961
1259117327586639872
1259117422721880072
1259117449766596609
1259117470054522880
1259117612220416000
1259117616196542464
1259117674254274561
1259117725403820032
1259117739475521537
1259117763794214912
1259117926717800451
1259117939204259840
1259117939451625472
1259118255756791810
1259118271359528960
1259118288459706368
1259118312707022848
1259118439005696001
1259118466063233026
1259118476423319552
1259118530827608064
1259118572481232896
1259118585630330880
1259118606744301569
1259118618371067904
1259118636154961920
1259118710947807232
1259118745219330059
1259118862324445186
1259118896302493698
1259118912446304257
1259118912953868292
1259118976073949184
1259118993538977794
1259119063596503045
1259119081543872512
1259119092885307398
1259119101651218434
1259119147402907649
1259119147855876099
1259119290218762245
1259119294610374658
1259119298511077377
1259119330798833666
1259119332245700608
1259119334670155778
1259119352105877505
1259119384452349953
1259119441503293440
1259119466216067072
1259119504686276611
1259119558750867456
1259119633694679041
1259119646936125441
1259119655001698304
1259119677554462726
1259119692565942272
1259119722777522178
1259119738896015360
1259119747762921472
1259119807770685440
1259119889266212864
1259120006987517952
1259120091444043778
1259120207890485250
1259120217772326913
1259120238072934400
1259120359854542848
1259120364078186497
1259120367865597954
1259120388920967168
1259120480289804288
1259120481178988544
1259120615988121600
1259120678239944704
1259120679401795592
1259120757474549761
1259120798217859072
1259120844942557184
1259120914765144064
1259120938324561921