1259362537243631616
1259362598073532417
1259362699760275462
1259362747550228488
1259362853552865280
1259362925766115329
1259363004568809472
1259363005466214400
1259363024973869056
1259363221787508736
1259363244667482114
1259363272714850304
1259363383389741056
1259363490986418182
1259363558812381185
1259363580287356930
1259363617410912256
1259363685094420481
1259363801062756352
1259364024665477120
1259364083746451456
1259364259940581378
1259364264562823168
1259364351175245824
1259364444745981952
1259364510659309569
1259364545400889345
1259364565503991809
1259364607639969793
1259364637860155392
1259364695720497152
1259364699579260929
1259364837664178181
1259364850649591809
1259364855120789506
1259365068501856256
1259365115163340800
1259365202824437761
1259365273422962688
1259365319367426048
1259365403496714241
1259365511902703616
1259365584615153664
1259365687300165632
1259365706375692293
1259365747878494209
1259365752278261760
1259365798017224704
1259365867688730626
1259366121041547264
1259366147104768000
1259366251031191552
1259366280366342145
1259366288901705730
1259366359529517057
1259366444892139520
1259366456397094912
1259366525997383680
1259366605407940610
1259366608109211656
1259366617265381380
1259366624576057344
1259366637435785216
1259366667701956609
1259366775868841986
1259366868084600832
1259367131617079297
1259367149098893313
1259367153246982144
1259367166316408832
1259367184536502274
1259367431920693248
1259367451210461185
1259367476686721024
1259367516016717826
1259367732992266243
1259367735890522112
1259367752378220546
1259367798691844097
1259367873882910720
1259367899778686977
1259367957550907392
1259368104662007808
1259368147351752706
1259368196911648768
1259368436175527938
1259368465669988359
1259368554538962945
1259368565825732608
1259368638584426496
1259368655088836610
1259368676257443842
1259368679214473217
1259368766774874112
1259368939395653632
1259368991568478208
1259369019381088256
1259369049915559936
1259369073462226945
1259369287061368833
1259369384352587776
1259369423485448192
1259369535871705089
1259369559791894529
1259369812163203078
1259369966970658816
1259370009576402945
1259370042489094147
1259370069269737472
1259370142972043266
1259370199737929728
1259370214401216527
1259370278234337281
1259370369804312577
1259370466872975360
1259370571416006659
1259370592190427137
1259370671492288512
1259370866749640704
1259370910802415622
1259370952426733568
1259370969648398337
1259371032101572608
1259371204189671425
1259371249265852416
1259371330723434496
1259371438315761667
1259371439284600832
1259371447975211009
1259371491583422464
1259371582025326592
1259371627701288961
1259371835436793857
1259371878428409861
1259371922300833793
1259371935286190082
1259371951702900737
1259372018861920256
1259372061203542018
1259372145223831552
1259372161996935168
1259372240971476992
1259372316494123009
1259372458941059072
1259372487453880320
1259372584115875841
1259372648590499846
1259372659416035328
1259372660800151554
1259372803884584961
1259372925242667008
1259372954418401281
1259373041580195842
1259373118310608896
1259373176573706240
1259373372326268929
1259373519554711553
1259373531911139329
1259373590274805760
1259373629785223169
1259373655449956355
1259373725117550594
1259373830130274305
1259373856927690752
1259373876183617536
1259373927446581250
1259374052021432327
1259374086318436352
1259374092869873667
1259374180182753281
1259374203956011013
1259374211996450817
1259374446739173376
1259374479710531585
1259374549902163973
1259374595045376000
1259374657913810944
1259374870066073600
1259375080888401920
1259375114778562561
1259375193295925249
1259375251705565190
1259375253018509314
1259375257930084352
1259375436242358272
1259375437475729410
1259375469700382720
1259375559102148608
1259375721819992065
1259375789956648962
1259375955937619971
1259375970072571906
1259375973574889480
1259376078092742656
1259376245760045065
1259376259018219520
1259376454866853888
1259376616087662592
1259376623964631040
1259376666192703488
1259376830496284677
1259376909621669888
1259376943843225605
1259376973035515904
1259377102501154816
1259377281971167232
1259377282751160320
1259377374644363264
1259377572124614656
1259377587689750529
1259377626587598854