1265492986349133824
1265492988471521287
1265493006385156096
1265493042770788352
1265493052380061696
1265493131530833920
1265493134911385603
1265493176665735174
1265493282630651904
1265493285960900609
1265493491280482309
1265493521248784384
1265493525426106368
1265493642413834242
1265493830696161287
1265493898157228032
1265493919611138050
1265493923797045250
1265493936946233344
1265493957196361729
1265494036556775430
1265494128734826496
1265494149589094400
1265494162893389827
1265494255297949696
1265494293512323073
1265494326169210882
1265494326387367937
1265494422394978305
1265494469551575042
1265494514548047878
1265494560366645254
1265494574295920642
1265494574962802689
1265494582546096133
1265494711743242240
1265494773525352449
1265494809227247616
1265494838235017222
1265494842357866496
1265494851765796864
1265494867456798720
1265494918547505153
1265494925963124736
1265494927523315712
1265494976659623936
1265494997463371781
1265495014068695045
1265495022054580227
1265495039729373188
1265495139717468163
1265495153244098562
1265495157140533248
1265495161393512449
1265495203332399107
1265495311327408128
1265495311553830913
1265495311759351817
1265495316968734723
1265495363391283203
1265495391836999680
1265495463320530944
1265495474716508162
1265495495486713862
1265495526973243393
1265495614898483205
1265495627485589504
1265495630551625728
1265495653486034947
1265495756586311682
1265495760264667136
1265495790849536001
1265495812014030849
1265495891407974400
1265495907094626307
1265495947284549635
1265495956621058051
1265496004255678466
1265496030197551104
1265496084220125187
1265496120622567425
1265496167728787456
1265496230408437760
1265496273160933376
1265496297387298817
1265496369495760896
1265496410297950211
1265496477666861059
1265496487091412994
1265496498579668994
1265496520415207427
1265496556985298945
1265496604284530690
1265496629131595786
1265496729320935425
1265496736543444997
1265496769821114368
1265496827673092097
1265496859851792388
1265496990042988548
1265497015426875394
1265497035110780929
1265497040756314114
1265497149741174789
1265497187749855232
1265497192015544324
1265497195190595587
1265497251012644868
1265497279739371520
1265497283589783565
1265497323481808896
1265497346038693889
1265497391735746560
1265497408479387648
1265497485751062529
1265497505552388096
1265497513227882498
1265497547050795013
1265497555774976006
1265497572363378694
1265497581716717575
1265497769017593858
1265497772058386433
1265497791457112064
1265497809165393922
1265497857605472259
1265497862810591232
1265497938039582722
1265498055316516867
1265498080205508613
1265498101776896004
1265498127211134977
1265498152330723330
1265498185268633601
1265498357553913866
1265498378764529664
1265498386393903105
1265498416471252993
1265498416894881793
1265498428777381889
1265498468845588482
1265498475292213254
1265498488005148678
1265498553553747968
1265498752174952452
1265498764468457473
1265498780650164224
1265498797947355139
1265498911676010496
1265498947424071682
1265498958467661830
1265499015833149440
1265499028386729986
1265499045335891968
1265499074360496128
1265499125665148931
1265499167071375363
1265499179125792768
1265499217545568265
1265499251066515461
1265499282230202372
1265499293122801665
1265499300223750145
1265499326278766600
1265499331014070274
1265499405320421377
1265499498140368900
1265499507657228291
1265499531866759171
1265499542595739649
1265499624959283208
1265499748972277760
1265499828450189313
1265499830039740417
1265499846070407171
1265499866865827845
1265500013460938755
1265500130637238274
1265500190296997889
1265500219615195138
1265500240678916097
1265500256831180808
1265500282076696578
1265500320483942400
1265500357481893895
1265500421268877318
1265500476797333504
1265500508581761030
1265500524469784578
1265500594967654402
1265500598469824512
1265500635513999361
1265500639209172993
1265500714652090371
1265500761137524736
1265500831820001282
1265500881518288904
1265500919678078982
1265500923469672453
1265500925013221376
1265500964754202631
1265500974401150976
1265501020546830344
1265501096061083648
1265501199731765250
1265501205196873733
1265501293335973891
1265501337577574402
1265501397832826880
1265501398734639104
1265501405919490049
1265501419106381827
1265501451998158848
1265501456221822982
1265501472973901827
1265501512127692801
1265501540120395777
1265501548148396034
1265501557782691843
1265501729380093953
1265501745695854598
1265501766797471751
1265501783507570688
1265501805544460288
1265501825807106048
1265501864734470144
1265501913715552256
1265501935630716929
1265501952110202880
1265501989242314758
1265501989636636677
1265501993252130819
1265502039548846080
1265502050881884161
1265502064320315396
1265502079638016006
1265502089658142726
1265502107320422402
1265502136147816449
1265502162831978496
1265502183505768453
1265502207010656256
1265502425781280768
1265502444991250433
1265502455443439629
1265502455753838592
1265502543301484547
1265502546862448641
1265502610007756807
1265502680853688320
1265502718677979136
1265502769106034688
1265502925100650496
1265502942045581312
1265502950052560896
1265503046051729408
1265503050728382465
1265503108232331264
1265503126368460806
1265503159457402881
1265503214708940805
1265503219226214400
1265503234308833285
1265503252755484673
1265503314512396288
1265503393201696768
1265503405763682307
1265503428677120007
1265503430786850816
1265503473933660160
1265503524063973377
1265503599972540416
1265503666577997824
1265503720781025280
1265503732772622342
1265503792377802758
1265503836137029633
1265503966076469254
1265503977191456768
1265504014931820544
1265504039615303680
1265504078391541760
1265504124067610625
1265504135929106433
1265504139477495808
1265504182594949120
1265504204451385345
1265504222109487109
1265504228975480834
1265504228988125185
1265504325956251649
1265504392201019395
1265504518281793539
1265504556747808769
1265504614767624195
1265504643947298821
1265504669637455872
1265504682337763331
1265504707021242369
1265504795969937410
1265504866799140865
1265504879507910658
1265504933849239553
1265504975515500546
1265505005404069889
1265505023439536134
1265505026199388162
1265505081404907522
1265505096856743936
1265505101235486728
1265505160262017025
1265505257146155013
1265505273294327808
1265505303199723523
1265505311336660993
1265505365552218114
1265505374297341956
1265505509521723393
1265505510020669440
1265505549531189252
1265505700681256961
1265505706565828609
1265505847939121153
1265505868692492288
1265505870063992838
1265505900225273857
1265505910681751561
1265505949567070208
1265506011659591681
1265506025605607425
1265506080559452161
1265506162453159937
1265506198490689537
1265506200533303296
1265506216521891845
1265506314412752897
1265506329906610178
1265506352228642822
1265506358645973001
1265506359061159940
1265506368292900871
1265506377298034696
1265506448055861248
1265506464539512835
1265506472361963520
1265506494616940553
1265506577739636738
1265506598685937664
1265506602460815362
1265506696073543693
1265506699613536256
1265506700590829568
1265506750997856267
1265506804278140930
1265506813417533440
1265506825211969537
1265506850092523521
1265506867113078784
1265506883433115659
1265506921668382721
1265506991021195265
1265507032418979841
1265507123359813632
1265507138287415303
1265507145455452160
1265507148894781440
1265507174081531904
1265507366763724800
1265507376158986242
1265507392801906688
1265507395717025792
1265507417061818370
1265507442504450054
1265507491330297858
1265507517288849410
1265507564088934400
1265507572116860930
1265507585085538312
1265507631847944193
1265507638806224896
1265507642929184769
1265507656585940992
1265507699078377472
1265507726853095424
1265507796973506564
1265507924601954304
1265507995087183872
1265508003949826048