1260177905306546177
1260177907089104898
1260177946083549185
1260177986747277313
1260178163864424449
1260178184152195073
1260178209196240896
1260178235280830465
1260178272555544579
1260178276217208832
1260178469851410432
1260178477728268288
1260178532552097792
1260178643185274883
1260178680002654208
1260178728778432513
1260178741835239424
1260178762080980992
1260178775834230785
1260178779923767298
1260178830167343104
1260179006789476352
1260179009918447616
1260179019384922114
1260179090579087360
1260179162154905601
1260179180307783683
1260179181184462849
1260179400680714243
1260179413012013057
1260179422939959297
1260179459736510465
1260179480229937154
1260179484147417088
1260179486747828224
1260179547670155267
1260179583397097474
1260179677131530240
1260179992216043521
1260180168787800064
1260180372198961152
1260180382349131778
1260180420878049281
1260180712956837890
1260180722536591360
1260180755537428482
1260180839557545989
1260180856603361280
1260180859820236800
1260180864262119424
1260180919563898880
1260180919849082880
1260180926543388672
1260180959485296643
1260181086291857410
1260181141254025219
1260181200188162048
1260181321550356482
1260181489599168513
1260181782684721152
1260181795905011713
1260181829304360960
1260181850561089536
1260182042655879173
1260182055599722497
1260182172276797440
1260182210772074496
1260182248168579072
1260182293685194752
1260182403437531136
1260182433778950151
1260182450271068160
1260182462849785856
1260182545808883713
1260182571578798080
1260182663853248515
1260182666391040002
1260182679913406464
1260182680743878656
1260182785534251010
1260182860608286720
1260182978904408064
1260183100325232640
1260183121225551872
1260183204503392256
1260183313039470593
1260183326675144705
1260183430500843521
1260183632464842753
1260183791756365828
1260183801772355585
1260183825885396992
1260183873880817664
1260183885037686785
1260183913944809472
1260183955812253696
1260183992843808769
1260184013949591552
1260184028826742784
1260184111177781248
1260184144098676737
1260184174092341253
1260184321002024960
1260184322012778496
1260184350177611788
1260184364421439488
1260184408461414400
1260184500623020032
1260184513864482818
1260184525629505538
1260184563671695360
1260184584928575489
1260184659977273344
1260184722753413121
1260184728461692930
1260184760736940033
1260184773735190528
1260184852822929408
1260184903498506240
1260184936620982272
1260184975275687936
1260185134457925633
1260185243623075842
1260185295326072832
1260185415224561666
1260185456681144321
1260185511567798272
1260185524167475200
1260185553242329088
1260185559697428480
1260185561794560000
1260185576042491908
1260185670225670144
1260185717013176323
1260185754925441026
1260185792523223041
1260185809036226561
1260185879617900546
1260185962933616641
1260186053241004035
1260186053652221953
1260186103438610432
1260186204286451713
1260186224397934598
1260186375523090434
1260186397446746113
1260186421379416065
1260186620990537728
1260186752955842560
1260186811659419649
1260186866470588417
1260186950377537536
1260187093621518338
1260187105168437251
1260187139154870274
1260187168883920897
1260187281702506498
1260187327927894019
1260187350845591553
1260187356599992320
1260187378519605255
1260187504210255875
1260187574271950849
1260187764353613824
1260187890459516931
1260187957148991489
1260187964912439297
1260187973494194176
1260188015688847360
1260188023435788289
1260188049054539777
1260188183226089474
1260188397135474691
1260188454446673927
1260188464823312386
1260188475015393286
1260188485266354176
1260188639998275584
1260188687070969856
1260188749788520449
1260188770663612416
1260188778628554753
1260188780746735616
1260189093356605441
1260189177766916099
1260189230157795329
1260189441643155456
1260189491983265794
1260189516540923910
1260189613718679552
1260189634321174528
1260189660212613121
1260189710816874497
1260189832258768899
1260189902110588933
1260189956686962689
1260189977843032064
1260190081840791557
1260190091479339010
1260190174165827585
1260190252599312384
1260190259607977985
1260190338834141184
1260190355816931336
1260190407784357888
1260190427396915202
1260190435860938754
1260190511463358464
1260190520283783169
1260190590190354432
1260190604656402435
1260190695500976129
1260190708172021761
1260190775649992705
1260190784424415233
1260190786995531777
1260190834819043328
1260190847343173632
1260190921867460608
1260191051345809409
1260191081507020801
1260191097260736514
1260191191133454336
1260191295588491265
1260191363359965185
1260191425234456583
1260191433853669379
1260191525687844866
1260191538375725058
1260191630608478208
1260191676724846592
1260191782081609729
1260191933483356161
1260192042136846336
1260192050198315008
1260192084369313794
1260192147116097536
1260192230708412416
1260192252309143552
1260192268750917637
1260192290036989952
1260192368805818368
1260192430542008327
1260192461693030400
1260192520966770688
1260192599761174528
1260192608615305222
1260192616685191170
1260192625497341952
1260192633164574720
1260192721425268738
1260192729470054400
1260192730518609922
1260192774093017088
1260192775951302657
1260192778191069184
1260192835208392704
1260192889377828865
1260192897837793281
1260192964724363269
1260192964732649474
1260192990544269312