1256825834989486081
1256825894888370181
1256825907278344258
1256825907316002817
1256826001214095361
1256826003562926084
1256826034793574402
1256826047498240000
1256826209360506881
1256826278134464515
1256826347994976264
1256826416341168128
1256826458883923970
1256826483265417216
1256826524914900999
1256826585493262342
1256826612106002432
1256826671488995328
1256826813680156672
1256826906516828163
1256826960824524801
1256827132035993601
1256827136989593600
1256827329755709440
1256827460219437056
1256827593359269891
1256827615916077056
1256827653312528384
1256827673936121856
1256827691589722114
1256827757335478273
1256827933890666496
1256827970129461249
1256828030913318915
1256828214669967365
1256828286010720256
1256828326947237889
1256828479305396225
1256828760436830208
1256828781135908866
1256828815231213571
1256828957682434053
1256828986337849346
1256829074707607559
1256829260850839552
1256829285207285760
1256829383865700352
1256829426337107968
1256829449879777281
1256829485497741313
1256829540200046592
1256829577067999232
1256829616486002691
1256829736732377091
1256829788293001217
1256829833193107457
1256829855682920448
1256829859227107328
1256829892999577600
1256829900473982981
1256829913660657665
1256830006023643136
1256830064626249728
1256830115335421952
1256830164174077952
1256830169500848134
1256830205110312960
1256830240703340544
1256830371444019200
1256830376095264768
1256830454994546688
1256830471977254913
1256830534384304128
1256830534849753088
1256830588801220608
1256830714642915328
1256830848738918400
1256830929206681600
1256831001579253764
1256831293524004865
1256831395219070976
1256831515608088577
1256831537946869762
1256831569194516486
1256831662043787264
1256831839349739520
1256831927706943490
1256832028101746688
1256832224676077569
1256832467865964544
1256832502251094017
1256832536501600256
1256832631540518914
1256832656890871808
1256832715439005697
1256832933773500418
1256832974810681344
1256832988664475651
1256833001067024384
1256833004942487552
1256833008671363087
1256833092058316800
1256833104658006016
1256833130956124162
1256833163847819270
1256833173217873920
1256833197846994944
1256833294865362945
1256833440478982144
1256833596633108482
1256833612781101056
1256833671773827072
1256833709380112385
1256833975223414786
1256834011491598338
1256834111496470528
1256834294049320960
1256834397778481153
1256834601936236544
1256834610610274304
1256834701677006849
1256834704373805058
1256834774905303041
1256834925908471808
1256834967222419456
1256835044078809089
1256835369645072384
1256835466944557058
1256835516860968960
1256835529305239553
1256835660297756672
1256835726517420034
1256835864782659590
1256835994827001858
1256836028289085440
1256836033125027840
1256836145712775168
1256836225824161792
1256836430657183744
1256836444196388864
1256836453532930049
1256836581073145858
1256836716998078464
1256836723423588354
1256836879640657921
1256836879753846786
1256836881381113858
1256836888272310272
1256836921592029185
1256836935751995392
1256837019533291520
1256837126970277888
1256837131055566848
1256837232805068800
1256837341802401793
1256837513068441600
1256837541010931712
1256837610443616263
1256837647709827072
1256837774033862657
1256837811111690240
1256837832045408256
1256838197595815936
1256838272233472001
1256838341946798082
1256838365317644288
1256838449111408645
1256838469403336704
1256838478773596161
1256838511635775489
1256838541360988160
1256838603994431488
1256838658138800128
1256838759586443265
1256838779991711745
1256838780163633155
1256838810156949507
1256838997885636608
1256839069746688000
1256839094891507712
1256839165918011392
1256839195844399105
1256839225141538817
1256839270695829505
1256839308364746753
1256839389474250752
1256839409263169536
1256839422810697733
1256839477265346562
1256839503077093383
1256839536753197058
1256839610799280128
1256839773743919105
1256839828546695168
1256839921031090176
1256839933853085696
1256839987452133377
1256839996205498368
1256840185842552832
1256840206654877697
1256840320941203456
1256840401467531264
1256840496531439623
1256840512004403200
1256840576332259328
1256840654916739072
1256840694213120001
1256840844033867777
1256840897582465025