1266746187446542336
1266746188008587269
1266746199731732482
1266746259878092803
1266746270770757633
1266746347383934977
1266746406787854339
1266746417705517057
1266746530259755009
1266746557631791105
1266746564804055042
1266746741702799361
1266746825278730240
1266746828076310530
1266746828722184194
1266746887882883073
1266746955725705222
1266747043311206401
1266747051511099392
1266747093672214531
1266747098063650816
1266747297465094146
1266747542152392707
1266747695093481473
1266748016041570305
1266748019879432193
1266748183821967360
1266748460323217409
1266748658214731778
1266748712446881792
1266748728943054854
1266748733477146624
1266748745775034368
1266748745917575168
1266748787743047681
1266748808274128896
1266748832580337665
1266748846824095745
1266748963660554240
1266749000515977216
1266749122788327424
1266749136147296257
1266749194586304513
1266749588729409537
1266749614809464833
1266749656706383872
1266749692689481728
1266749701744988163
1266749792157343749
1266749880569147392
1266749923866918914
1266749979034558464
1266750050299973633
1266750088296218627
1266750130633543680
1266750238762700801
1266750247004487681
1266750251404320770
1266750348452126722
1266750433923604481
1266750487333928960
1266750831287730178
1266750868726132737
1266751073592782849
1266751195986694147
1266751253633282048
1266751275242266624
1266751279428222978
1266751531426013191
1266751719502995456
1266752131446509568
1266752424150290443
1266752462532349953
1266752495730262020
1266752507835006978
1266752529557262337
1266752545990402048
1266752679876767745
1266752753797410822
1266752818406395904
1266752868851290112
1266752869299961860
1266752869425836032
1266752889768337409
1266752977689329666
1266753029035954176
1266753095163351040
1266753115614785538
1266753124582273024
1266753170564362249
1266753309563641856
1266753417545908224
1266753578271682560
1266753632508264449
1266753719917359106
1266753753526517761
1266753783012438016
1266753841988583424
1266753934816927751
1266753982027960320
1266754030904074241
1266754034913796096
1266754063288410114
1266754206498721794
1266754287159308290
1266754345510428673
1266754371259453440
1266754467350884352
1266754470047657984
1266754482584662020
1266754509247823875
1266754530537951232
1266754559885656065
1266754806653153280
1266754937163218944
1266754948924129284
1266754999608053767
1266755142327635968
1266755193489612801
1266755213093896193
1266755217321754624
1266755220140363778
1266755288868282368
1266755394246004738
1266755473254109185
1266755597376126976
1266755763000795137
1266755782567026689
1266755783951343619
1266755807460425728
1266755838791823362
1266755842990366720
1266755861357244416
1266755896887128065
1266755918664019971
1266755931016237057
1266755997886033921
1266756060414705665
1266756269098053635
1266756294565715970
1266756442159108097
1266756580378398720
1266756613421051905
1266756682270552066
1266756751652556802
1266756828131586050
1266756891658551302
1266756900034502657
1266756912462340096
1266757004573507585
1266757050983424001
1266757071925587968
1266757123670552577
1266757130113241092
1266757218457792512
1266757272715382786
1266757604069408769
1266757608590970886
1266757654468313089
1266757688207323141
1266757696990085123
1266757792339308551
1266757836144390149
1266758067003285507
1266758158430736385
1266758362949193730
1266758518964514816
1266758572798599174
1266758580147048449
1266758753652703233
1266758816877563904
1266758874599763968
1266758891670560768
1266758891750260737
1266758938424295425
1266758997119340544
1266759023061118977
1266759043181404160
1266759064391991298
1266759408249421825
1266759475207139328
1266759546510487552
1266759576117886976
1266759579523788800
1266759630182666240
1266759663359373312
1266759675976077315
1266759700521062401
1266759703402385408
1266759722402754560
1266759752027123713
1266759916091518979
1266759923058130945
1266760009972625410
1266760124867149825
1266760125093679105
1266760217716375560
1266760331642077184
1266760381093076992
1266760586244874241
1266760599125573634
1266760645149626369
1266760666494275585
1266760752368623616
1266760943444226050
1266761003288715264
1266761078832316417
1266761081445212160
1266761244612018177
1266761257429975042