1266534840238608384
1266534853811384322
1266534877899427848
1266534878608158725
1266534941585596419
1266535147026841600
1266535218590044160
1266535250450137088
1266535272738508800
1266535304296574981
1266535323913289730
1266535327084273664
1266535382621073411
1266535411041656832
1266535444768083968
1266535491467456512
1266535587605078017
1266535687802613771
1266535726583296001
1266535960059281408
1266535972805718017
1266535981727068171
1266536073380970502
1266536095292043267
1266536137042071556
1266536232957304832
1266536254859915265
1266536337932509184
1266536375135858688
1266536388050276352
1266536434120503296
1266536538890031105
1266536656284385283
1266536816221597696
1266536820549931014
1266536853890531330
1266536920798167040
1266536950388781056
1266536951076794368
1266536997063143425
1266537109847851008
1266537141795987456
1266537185735585795
1266537198305906688
1266537219222695937
1266537298268749824
1266537327440146438
1266537482801369088
1266537558164434945
1266537634085711872
1266537663655444482
1266537764025249792
1266537957290315777
1266538019512778752
1266538057727184899
1266538087422689280
1266538099414368256
1266538221216948229
1266538288938180608
1266538497801945089
1266538654522126336
1266538683194359810
1266538730111881218
1266538765159366662
1266538791612944386
1266538791763755008
1266538896256569346
1266538902996881408
1266538963386449921
1266538992620589058
1266539016360525826
1266539081380638721
1266539088997347328
1266539143829610501
1266539177891504130
1266539233180741632
1266539236196601859
1266539333428940800
1266539337031618560
1266539440643637249
1266539496222232577
1266539517911146496
1266539525540626436
1266539676791214081
1266539685704167426
1266539985991278596
1266539995570954240
1266540298454347776
1266540363939893248
1266540364770361344
1266540512225484800
1266540582677155840
1266540628839710721
1266540725937807361
1266540817910554626
1266540824474648576
1266540863305535494
1266540944201068547
1266540977122140160
1266540989734256640
1266540990237749251
1266541131833147392
1266541144772612104
1266541157150011394
1266541278554214400
1266541299362140160
1266541414038593537
1266541414256689153
1266541526659858433
1266541547262054402
1266541607362326528
1266541733392891909
1266541740078493697
1266541883339218944
1266541971293773825
1266542045998600192
1266542079250964481
1266542160473739266
1266542205579091968
1266542227167293441
1266542348626001923
1266542478871728131
1266542508189900805
1266542575256772608
1266542605933801472
1266542642470551552
1266542704072278019
1266542713740177409
1266542763945922562
1266542855901687808
1266543002333270016
1266543304927260674
1266543527074373633
1266543585878405120
1266543733157384192
1266543796214550528
1266543804049502208
1266543925982044166
1266544078826565632
1266544101358534656
1266544147470614529
1266544152055099393
1266544156144472064
1266544202999123968
1266544235991330817
1266544240139669505
1266544240403890176
1266544290827612160
1266544325493587968
1266544386982084608
1266544542175637505
1266544655753195527
1266544681103421440
1266544978290827264
1266544991033311232
1266545041826177024
1266545045936771073
1266545247221436417
1266545363797733383
1266545373990002688
1266545444080898049
1266545629305634824
1266545649178357760
1266545653615861761
1266545900924465152
1266545955551293445
1266545991504867330
1266545997703983105
1266546014183395328
1266546056063574016
1266546068617117696
1266546072656191490
1266546152746266624
1266546173353099265
1266546201547157505
1266546223680352256
1266546326323572736
1266546387984023555
1266546404790591494
1266546446506975232
1266546472675422208
1266546488068526081
1266546619068977152
1266546685582458886
1266546767627120641
1266546832756420615
1266546862116438016
1266546887034900480
1266546915828793344
1266546989208125441
1266547050595917829
1266547194968133632
1266547197191106562
1266547340258623489
1266547557376851972
1266547704257183744
1266547741573828610
1266547868191666183
1266548174308737030
1266548379670085633
1266548497559453697
1266548552874053643
1266548673510436864
1266548707685814273
1266548733132656640
1266548859578155008
1266549042756177920
1266549080622338048
1266549092764745728
1266549256984428546
1266549264907472896
1266549273799188480
1266549303062847489
1266549400819478529
1266549487310438400
1266549517463089153
1266549533514883073
1266549571179741184
1266549650955403264
1266549784665485312
1266549798162903041
1266549869776384006