1266187518296207360
1266187552161058818
1266187552723255301
1266187585681940480
1266187796407975938
1266187825239728128
1266187833238261760
1266187895896813568
1266187918827233281
1266187951173775362
1266188118824153088
1266188139623624704
1266188227146387461
1266188354082664449
1266188373959618566
1266188386475401216
1266188425008480256
1266188459091230720
1266188475440775168
1266188478750117888
1266188478905270279
1266188515676733440
1266188760661864450
1266188761060302848
1266188852986875904
1266188898495008771
1266188915796512768
1266188979868766213
1266189033484451845
1266189125125836801
1266189307653451777
1266189413974978561
1266189469654319104
1266189493478076417
1266189507642228736
1266189522884321280
1266189565565513728
1266189651368226817
1266189666652471296
1266189783061143552
1266189905761382401
1266189906004631552
1266190010300215296
1266190031061999617
1266190143536455682
1266190161588768768
1266190190453731333
1266190299543502848
1266190312705310720
1266190433970982914
1266190618331676672
1266190626598633472
1266190712170741765
1266190714959953920
1266190727412961289
1266190731418447877
1266190740138442752
1266190794001731585
1266190799340998658
1266190870904279042
1266190872472965120
1266190875698184193
1266190899341668352
1266190950100951041
1266190966349684736
1266191020770971649
1266191025091088386
1266191146809769990
1266191231262117888
1266191246235545600
1266191285876142080
1266191377165139983
1266191423562530818
1266191428436275200
1266191432152485888
1266191432425013249
1266191470480044032
1266191558472118272
1266191741897502722
1266191792455598081
1266191792841555968
1266191805239816193
1266191810034118656
1266191860462047232
1266191876916477953
1266191948605513730
1266191956910227456
1266191981237026816
1266192073431977985
1266192124678148098
1266192228768075776
1266192463892566019
1266192497434337280
1266192574441758720
1266192640149794817
1266192673272139776
1266192848539582464
1266192894949539840
1266193075816108032
1266193211602513922
1266193214656016386
1266193264723419136
1266193307287379969
1266193428716675074
1266193440716525575
1266193453794209792
1266193466612203520
1266193472819773445
1266193495573831680
1266193495963897856
1266193504516009984
1266193525462274053
1266193595863883778
1266193671428411398
1266193692211261440
1266193797823725569
1266193839124930565
1266193843411714048
1266193885467832326
1266193902396211200
1266193929105371136
1266193936646881281
1266194057379713024
1266194071078547457
1266194179429974017
1266194200585859075
1266194351404834816
1266194367657754625
1266194378051158016
1266194403128864774
1266194418870046720
1266194430127677442
1266194455704584193
1266194485853249537
1266194610923151360
1266194649493966848
1266194673871269888
1266194778523406343
1266194783074213890
1266194821376610304
1266194824836845568
1266194854658400257
1266194947566379015
1266194968831557633
1266195027128053760
1266195080982990848
1266195101358813185
1266195148456812544
1266195202819018752
1266195231743135746
1266195249367572481
1266195265519845376
1266195270234075136
1266195274772426752
1266195277234360320
1266195294561026050
1266195328899964928
1266195379516825601
1266195382687563776
1266195556315140104
1266195567908196352
1266195571817082880
1266195586748948480
1266195631791640577
1266195639400116226
1266195672002330627
1266195684815822850
1266195764377608192
1266195798003417096
1266195878513008640
1266196041415577600
1266196041914896385
1266196069244903426
1266196092443602944
1266196255279124481
1266196259230056448
1266196276619677696
1266196360484749313
1266196444664303616
1266196448745488384
1266196557155745792
1266196603309830146
1266196620871229440
1266196720456806400
1266196817634627589
1266196819559710720
1266196838807416833
1266196908961341447
1266197064632856576
1266197072245665792
1266197079992553475
1266197081913307136
1266197153761771523
1266197165652787205
1266197239657041920
1266197255469531137
1266197258569232384
1266197334708240384
1266197396565958656
1266197421488590850
1266197437787435008
1266197451008081922
1266197480410099712
1266197481630707719
1266197593845116929
1266197656235360256
1266197766159695873
1266197790406791168
1266197836615618565
1266197874955579393
1266197891904868352
1266197973483974657
1266197992392085505
1266198058708189184
1266198059240747010
1266198193370533888
1266198269203558400
1266198339986567168
1266198364800061440
1266198605003702277
1266198634145644545
1266198679381311490
1266198771412742145
1266198889947856898
1266198911053639682
1266199028015992836
1266199053387300864
1266199070248329217
1266199076460167168
1266199082776788995
1266199111793074182
1266199118231351298
1266199128889065472
1266199195830177798
1266199246325211137
1266199262590726144
1266199332304412672
1266199334363844608
1266199334892101634
1266199358887755776
1266199414483439621
1266199526962069504
1266199558259789824
1266199577448742913
1266199724731793409
1266199749935468545
1266199824573046785
1266199854134571008
1266199883511476226
1266199921692196864
1266199938087690241
1266200097504681984
1266200106191159297
1266200121382862849
1266200129645797376
1266200143868555264
1266200152219344896
1266200190370959361
1266200265436172288
1266200370373632000
1266200529035812865
1266200542172209152
1266200697386786821
1266200714679910400
1266200860410949632
1266200977960513542
1266201018754351105
1266201066800021504
1266201523102658562
1266201527573721088
1266201729281912832
1266201741764308992
1266201753701298178
1266201867656351746
1266201871095664644
1266201888288112640
1266201975735148546
1266201997344149504
1266202064444485634
1266202098192060417
1266202312588111872
1266202332712165377
1266202433933451266
1266202442166947842
1266202538094866435
1266202538153476096