1260691288250335233
1260691382286651394
1260691399718113281
1260691419825659906
1260691423965446151
1260691458622992387
1260691491925553152
1260691503795580934
1260691579293106185
1260691602680365058
1260691630039982081
1260691630790598659
1260691701204647936
1260691739620278272
1260691743017746437
1260691802232946691
1260691827260305408
1260691865185267713
1260691898496364545
1260691994655031311
1260692070546771968
1260692116193325065
1260692184329748493
1260692209025908737
1260692221214539776
1260692246359244801
1260692271978237952
1260692305079566336
1260692414450327554
1260692422306267137
1260692464161247232
1260692500827832320
1260692530691260419
1260692561364164609
1260692585896689666
1260692644977573889
1260692770496188418
1260692793166639104
1260692900444332035
1260692908853932033
1260692984493817857
1260693034603180032
1260693084725112832
1260693106015399936
1260693116551454720
1260693186214653952
1260693357728317442
1260693362371227653
1260693378360061953
1260693417090260993
1260693436300251137
1260693521994067970
1260693610300878849
1260693626541268992
1260693660343111681
1260693672674410504
1260693689229357056
1260693772037509120
1260693789011783680
1260693807193944064
1260693832460632071
1260693853444739078
1260693940854042628
1260693940858089472
1260693950056235008
1260693983623286786
1260694042381291523
1260694230571397126
1260694426776743939
1260694502609547265
1260694574630088704
1260694780239065088
1260694804809371648
1260694843166199810
1260694857431093248
1260694889077133312
1260694998623944704
1260695014495137794
1260695090516787200
1260695098532265999
1260695115066044416
1260695118392238085
1260695144891920384
1260695174780538880
1260695228949975040
1260695283077349377
1260695392628473856
1260695501009084418
1260695648191393792
1260695669691633671
1260695686179414021
1260695690675490816
1260695694308003840
1260695710824927232
1260695740302741504
1260695765846044675
1260695782061150209
1260695836234788866
1260695987540029440
1260696063830360064
1260696126665220096
1260696193165864969
1260696214829441024
1260696255996456960
1260696307280183296
1260696315266248706
1260696327295397888
1260696356781461509
1260696359641821184
1260696486779682817
1260696521424556037
1260696545600520192
1260696545940377600
1260696570888142853
1260696691998519297
1260696923465322497
1260696927064096773
1260696973071523840
1260697015157174274
1260697018088947713
1260697057960042498
1260697090637824007
1260697107662614536
1260697111873695745
1260697151430176769
1260697234317991945
1260697245885837312
1260697317344190466
1260697368065748992
1260697372599951361
1260697397388337153
1260697443575795712
1260697550262329347
1260697565336498176
1260697715543064577
1260697779992756225
1260697833528852481
1260697901275234304
1260697913946071040
1260697936159215621
1260697975979999235
1260698005310779393
1260698026038849536
1260698072020955136
1260698102119444487
1260698265256747010
1260698273855217666
1260698337394778113
1260698340657729536
1260698416411299846
1260698466138939394
1260698575325069312
1260698586741985280
1260698747496886272
1260698751095771136
1260698798415851523
1260698838064680962
1260698838966419456
1260698844460810247
1260698869320617986
1260698935087247362
1260698961574162432
1260699121725276166
1260699133544931330
1260699159331553280
1260699229867171844
1260699242345238531
1260699289111666691
1260699317599420417
1260699355721465856
1260699380845142016
1260699509362954242
1260699544448270337
1260699578971684867
1260699611586535430
1260699632574910464
1260699729241034755
1260699770206765056
1260699808953782273
1260699817866600450
1260699821415030786
1260699867313319943
1260699955855056896
1260700009735036928
1260700145693462531
1260700161283670019
1260700181609222147
1260700257505116161
1260700316808421386
1260700354095861768
1260700387998420994
1260700395678072838
1260700410806927362
1260700416511102976
1260700416838418440
1260700437809938432
1260700438187384836
1260700464221470725
1260700470361931777
1260700484081537026
1260700522396495874
1260700524392800256
1260700555581755393
1260700556110311424
1260700689862406144
1260700710028615681
1260700728114503680
1260700730006089734
1260700747878076417
1260700757424300033
1260700807042863108
1260700807311343617
1260700814471041025
1260700840798629888
1260700874214641664
1260700915583115267
1260701008268845061
1260701071099531265
1260701102531661825
1260701113671696385
1260701172198977536
1260701214842466304
1260701276544917504
1260701306152292353
1260701331309957125
1260701449446739973
1260701474503438336
1260701533311848449
1260701540542631936
1260701592715767814
1260701742058156036
1260701767945400320
1260701812354678784
1260701815059988482
1260701903568207877
1260701955711733762
1260701968097574918
1260702160427323399
1260702212210266112
1260702317835411457
1260702332146286599
1260702422311157760
1260702443349950464
1260702494901993474
1260702510542729216
1260702522206904321
1260702564435124224
1260702577492217857
1260702580469977088
1260702581921247232
1260702608567734279
1260702622853595136
1260702627165282305
1260702635574865925
1260702711512813569
1260702774548979713
1260702779150077952
1260702782052601856
1260702825274802179
1260702833113829376
1260702916958130177
1260702931839594497
1260702991155367937
1260703118079246337
1260703129512878082
1260703202569224199
1260703281506107393
1260703331296690177
1260703336346468357
1260703339605446656
1260703394106413062
1260703408262123520
1260703449429102592
1260703500125773825
1260703558455853056
1260703643919155210
1260703683710509056
1260703690391990273
1260703779713961986
1260703789146923008
1260703852333940737
1260703855479681024
1260703875495079936
1260703935666454528
1260703939764387840
1260703970416353280
1260704107595206656
1260704114893299713
1260704191082708993
1260704283697336328
1260704301615394821
1260704439268237316
1260704591785660417
1260704624639643650
1260704657812447234
1260704967779848196
1260705001271418882
1260705038936219649
1260705068942266369
1260705131789721600
1260705159455354881
1260705172994449409
1260705186118602752
1260705219580747778
1260705416331300864
1260705460937768961
1260705652034371584
1260705652269297666
1260705654576201729
1260705663841435649
1260705828417556483
1260705830682451981
1260705903466156032
1260705986165248003
1260706028947148802
1260706040745570304
1260706104100769792
1260706138204655623
1260706192545857536
1260706251144663040
1260706288834678784
1260706290269118465