1264979621608595457
1264979655964143617
1264979667100065793
1264979714059505665
1264979750528913408
1264979768488886275
1264979781331845121
1264979832061952011
1264979832351457282
1264979891340140546
1264979911535742979
1264979923732578305
1264980012492603394
1264980018683416576
1264980037582745600
1264980057703034883
1264980092771610625
1264980104675024910
1264980133301104640
1264980133443710976
1264980163302961153
1264980167484678146
1264980221519855616
1264980226985078784
1264980242671767553
1264980295499091970
1264980348217233409
1264980443822198790
1264980465204760582
1264980528563916800
1264980553389862912
1264980628006678534
1264980697397198851
1264980707404845056
1264980715378143232
1264980717752258561
1264980733434699777
1264980737553575938
1264980812451250176
1264980880549969922
1264980949831385089
1264980951953821697
1264980997382172673
1264981000465141761
1264981010757881862
1264981025278459904
1264981027136495616
1264981069482385411
1264981142517710849
1264981144560447493
1264981175791214598
1264981241444667397
1264981251552927754
1264981254090272768
1264981304702951424
1264981309023191041
1264981463923032066
1264981504746311680
1264981508982370304
1264981530557861888
1264981539101847557
1264981542343970816
1264981576020037633
1264981589139820544
1264981589844320259
1264981606126817291
1264981654340337670
1264981736187813888
1264981798808768513
1264981878496530433
1264981908158582787
1264981945341140992
1264981957877825537
1264981967272960008
1264982050769186816
1264982054720229377
1264982055089246208
1264982096738729984
1264982102258442240
1264982121690525696
1264982151562268673
1264982197234098176
1264982205392134145
1264982265370685440
1264982292050698243
1264982311101034496
1264982318198009863
1264982348258410498
1264982354763882498
1264982398434828294
1264982411307298823
1264982427660886017
1264982452927373316
1264982470396653575
1264982503405674497
1264982592518000641
1264982667075948548
1264982759329673218
1264982780775141377
1264982807773941760
1264982821241851906
1264982832650346496
1264982853277777920
1264982856520085505
1264982881232977923
1264982927106019330
1264982952741650432
1264983031842066432
1264983057515384833
1264983069863354370
1264983082089750528
1264983162251141121
1264983200767463424
1264983212977041408
1264983246049140736
1264983319084625920
1264983330249945088
1264983476798980096
1264983501415145472
1264983501771694080
1264983585850875904
1264983590028353536
1264983623515680768
1264983630469828609
1264983648387903491
1264983661025415168
1264983762246524928
1264983858874920961
1264983887979204609
1264983921428770818
1264983963594100736
1264983964856365056
1264984051145945092
1264984138991513600
1264984177486643201
1264984341177745408
1264984386669359104
1264984456563232768
1264984475194228738
1264984477631045632
1264984508652273667
1264984571084496896
1264984576046305280
1264984592458678272
1264984613132197888
1264984651069894657
1264984686943559689
1264984738944647169
1264984754798997504
1264984819236298752
1264984835325669376
1264984886483574784
1264984918792101888
1264984940409544704
1264984945195245570
1264984970327547904
1264984994554023943
1264985045745483779
1264985049436426241
1264985086534881280
1264985091249451014
1264985170706300929
1264985171260067847
1264985192634224640
1264985200846680064
1264985212930461698
1264985229183287297
1264985314453381121
1264985341406195713
1264985355985596422
1264985365271756801
1264985402215141377
1264985423463550977
1264985482431090688
1264985502094155780
1264985515826216961
1264985603432734720
1264985607249551360
1264985624907579392
1264985628099239937
1264985649712635906
1264985658348539904
1264985720000786436
1264985750270967809
1264985762254032896
1264985792377651202
1264985859159404546
1264985869951348744
1264985921977495558
1264985946908475392
1264985994912313344
1264986027187474434
1264986044371435520
1264986044996468739
1264986068492771328
1264986072553000968
1264986087836942336
1264986152521666567
1264986175770681346
1264986178136100864
1264986228467929090
1264986253868457984
1264986266384453632
1264986388035964928
1264986486316896257
1264986492394496006
1264986517547540482
1264986549957132288
1264986559272628225
1264986585038192647
1264986634703028229
1264986658107265024
1264986659852075008
1264986673387012096
1264986791733493760
1264986832032366593
1264986865511411713
1264986882020171778
1264986924462170112
1264986949254877186
1264987003902472192
1264987039507849217
1264987091705921542
1264987142280876032
1264987167161540608
1264987170311266306
1264987201772945408
1264987346346409985
1264987360611258373
1264987531420073985
1264987549904314368
1264987565968539649
1264987605776687104
1264987683228508164
1264987683543289858
1264987690304507904
1264987790695182336
1264987813713448962
1264987851449491456
1264987956214784001
1264987968491618308
1264988019544580099
1264988111882219521
1264988195768487936
1264988199539150848
1264988249556221957
1264988345173774337
1264988426337542150
1264988450836615168
1264988497200287744
1264988530637299712
1264988535087607809
1264988606596296704
1264988614276120576
1264988619007295489
1264988699055534082
1264988707221880833
1264988765883453440
1264988784937988096
1264988816043106305
1264988874477953024
1264988874507530240
1264988893977415680
1264988908443615234
1264988925300334592
1264988941087801344
1264988995848679424
1264989021211627520
1264989033685487622
1264989108868448256
1264989210580115461
1264989214896263168
1264989261138362369
1264989269602361344
1264989282093195274
1264989352498774016
1264989383691849730
1264989595592200198
1264989604517535744
1264989692975554561
1264989709828317191
1264989768858951680
1264989775884357633
1264989785124253696
1264989809870868480
1264989814463422464
1264989863578828800
1264989902183124992
1264989902766321665
1264989902845796360
1264989947049709569
1264989977575919618
1264990015894904832
1264990024396726281
1264990040071045121
1264990066524524547
1264990157842690048
1264990213043974144
1264990300512169985
1264990309747957760
1264990359534202881
1264990380602339328
1264990392736350208
1264990422557917184
1264990439054217218
1264990451846852609
1264990458926845952
1264990569693995012
1264990627672047617
1264990686492966912
1264990734236540930
1264990736904327168
1264990768759857152
1264990774648659969
1264990776552980482
1264990795762933761
1264990828742742019
1264990850246983681
1264990925878693891
1264990954743836672
1264990992391905282
1264991092828786689
1264991097723518978
1264991157253296134
1264991214362857474
1264991235871256577
1264991244415107081
1264991269874544643
1264991277898031104
1264991285938655232
1264991320633999360
1264991349675159552
1264991420596789250
1264991454440669185
1264991487311429633
1264991529396994050
1264991685685071872
1264991728693645318
1264991759010009088
1264991794296614912
1264991811073966080
1264991831529533441
1264992007719727105
1264992037813837824
1264992122022830081
1264992129702559744
1264992129778147334
1264992150913253378
1264992189219655681
1264992210182758402
1264992213408178180
1264992243208912902
1264992263937146882
1264992264461398020
1264992292323987456
1264992302214402050
1264992350310260736
1264992352340500480
1264992378919608320
1264992431507980288
1264992520959713280
1264992578686144516
1264992645320826892
1264992658168205313
1264992678854434817
1264992691919687680
1264992737104928773
1264992901437755392
1264992914012205056
1264992964251660288
1264992968240291841
1264992968647286786
1264992973839835136
1264992981943287808
1264992999416741898
1264993035865055238
1264993077497868288
1264993085588529153
1264993110687391744
1264993124310495233
1264993134070489094
1264993142237003782
1264993171890724867
1264993346164056068
1264993370528571396
1264993433996984321
1264993467933036544
1264993593640415232
1264993601198702592
1264993622891597824
1264993648225255427
1264993781964771329
1264993807784910853
1264993815905153024
1264993858955460608
1264993891729788929
1264993924650799105
1264993987846234113
1264994038500868096
1264994042728849409
1264994083866644480
1264994084013236226
1264994097669926912
1264994151252111361
1264994159259193345
1264994188493373440
1264994202678681606
1264994227353575427
1264994284849311745
1264994306571620354
1264994314704150536
1264994347977752577
1264994360661336068
1264994369272242176
1264994398951157760
1264994408988098561
1264994417259225090
1264994436074876928
1264994512335769603
1264994597161312256
1264994600466423808
1264994604799197185
1264994612663312384
1264994629205794818