1261733158229168128
1261733177057521667
1261733248008433665
1261733307823333376
1261733314731421697
1261733338689097730
1261733352152825857
1261733369856983040
1261733452598185986
1261733524882808832
1261733541173514240
1261733595741253632
1261733602275889157
1261733629711048704
1261733674795573249
1261733815212441602
1261733856161513476
1261733889011331075
1261733895642451968
1261733915921993729
1261733983433490432
1261734032397795329
1261734056690978821
1261734073845907458
1261734075506794498
1261734107215728640
1261734216481427456
1261734237750902785
1261734289026187265
1261734414968594432
1261734447231229954
1261734484610822153
1261734502088372225
1261734660629020674
1261734665196625927
1261734677905379330
1261734752652013568
1261734845211951111
1261734871552196611
1261734874718887941
1261734904523567104
1261734929848729610
1261734983812685825
1261735038661640192
1261735038703538177
1261735092852002817
1261735118235996160
1261735122463752192
1261735293159305216
1261735298154758144
1261735322062401537
1261735491243827201
1261735500886372352
1261735569937268738
1261735592670277632
1261735680247463937
1261735755820470272
1261735764376915970
1261735773012811776
1261735781674221568
1261735873336479744
1261735877207666688
1261735907993874432
1261735982140805120
1261736032413728769
1261736032548110339
1261736070179254273
1261736083903123456
1261736087816245248
1261736175456444417
1261736183496876032
1261736322529705985
1261736332432474112
1261736377403600896
1261736389227483142
1261736401265180677
1261736427257200641
1261736463949074432
1261736654236200960
1261736661722918917
1261736775384535043
1261736798956462091
1261736846213763072
1261736902518022158
1261736905059827713
1261736910076153857
1261736943097991170
1261736951343972352
1261736989432266753
1261737050287546369
1261737115429351424
1261737178301947905
1261737195163070466
1261737240658501632
1261737286422708224
1261737288591192065
1261737291162271745
1261737291476873218
1261737399513645056
1261737450633904129
1261737476059811842
1261737532053749772
1261737563162886147
1261737631781715968
1261737643383160833
1261737693312098309
1261737721200103437
1261737726631718919
1261737891421708288
1261737911323672579
1261737953518215168
1261737957406445568
1261737968093585412
1261737977136455680
1261737996161814528
1261738008224489472
1261738154694004737
1261738184767135749
1261738406293446657
1261738410076770304
1261738412857417729
1261738460811051008
1261738498584989699
1261738499738386434
1261738549365420035
1261738571364474881
1261738645993615361
1261738679518638080
1261738700481925120
1261738742831894528
1261738755674824708
1261738780324556801
1261738780752560131
1261738788969238528
1261738793016504320
1261738818438418432
1261738855469907977
1261738871613607936
1261738914093686790
1261738931172728833
1261738955482988544
1261738977792528387
1261738989515616259
1261739069417164800
1261739120612773889
1261739212266713089
1261739262711672832
1261739314976903171
1261739351286956039
1261739468341547008
1261739564969783296
1261739575430443008
1261739622918430721
1261739635027267584
1261739698910707712
1261739723971846144
1261739762030800896
1261739988179394565
1261740022228754435
1261740072753336322
1261740158740647936
1261740172422635522
1261740194316746752
1261740239850295298
1261740240110333954
1261740273115303936
1261740336927379456
1261740359513788425
1261740373405302785
1261740378408935424
1261740427998367744
1261740440740679680
1261740470490759168
1261740504598712325
1261740546793578496
1261740567429550086
1261740679602089984
1261740697402707970
1261740702779813889
1261740721742262272
1261740763781697538
1261740768215138305
1261740839652319232
1261740839941922821
1261740847495864320
1261740884938407943
1261740911366529026
1261740918765486080
1261740936159096833
1261741087137431552
1261741116337971200
1261741187997806594
1261741250182594561
1261741253835788288
1261741317668982784
1261741335029178369
1261741338384633858
1261741343115579392
1261741434681659395
1261741444487720960
1261741455711797249
1261741455782973441
1261741530718625795
1261741544391847936
1261741577275203584
1261741581620711425
1261741607407280129
1261741610888507393
1261741685933039616
1261741726714093568
1261741732980457476
1261741753347919872
1261741771589124097
1261741789872099334
1261741832767066112
1261741838328909824
1261741942729330688
1261741963407003648
1261741998345728006
1261742000824598529
1261742069002850305
1261742114615857153
1261742194265919488
1261742211382689793
1261742232106946560
1261742399669383168
1261742420426883072
1261742470896816128
1261742534029533184
1261742571858075648
1261742580678529025
1261742688677789698
1261742926088097798
1261743004018188292
1261743012562055168
1261743016768913410
1261743095126863876
1261743096280363010
1261743330670587907
1261743330678824960
1261743360932544513
1261743414908981250
1261743460417142784
1261743469984247808
1261743540402638848
1261743552867926016
1261743582970441729
1261743586409877509
1261743590419595265
1261743657629057025
1261743696405499905
1261743712813625344
1261743762742620160
1261743833861087233
1261743839724929026
1261743934633660416
1261744035410018304
1261744109536059393
1261744135637098496
1261744136274751490
1261744137096826881
1261744140141936643
1261744147863449600
1261744204167950340
1261744286699266049
1261744313135841280
1261744321457352705
1261744384304963588
1261744395751219201
1261744424918401024
1261744468987871232
1261744501074231297
1261744542644084737
1261744571844710403
1261744571945553922
1261744630393114624
1261744686156349447
1261744706582650882
1261744790317805568
1261744846974443521
1261744871800479749
1261744886627348480
1261744937831477249
1261744974338633729
1261744982236581891
1261745053116043267
1261745108543832065
1261745160326729729
1261745180606173186
1261745213791367170
1261745256615366657
1261745272557916162
1261745339855446020
1261745386172985344
1261745583116750849
1261745616419463169
1261745662267359232
1261745782400536576
1261745859668201473
1261745917922643968
1261745926655229952
1261745938336382977
1261746002660335619
1261746020310024192
1261746028677664779
1261746132562202631
1261746136622206978
1261746137351905280
1261746178468622336
1261746196219076608
1261746253852966912
1261746564860690432
1261746627422937088
1261746644208488448
1261746698671587328
1261746723690438657
1261746815323582471
1261746958500343816
1261747012128649219
1261747071662555143
1261747118164922376
1261747244509925376
1261747340160819200
1261747349396873221
1261747353419223047
1261747384050233344
1261747428216254465
1261747433316417541
1261747445962280960
1261747478518304768
1261747549783953409
1261747567840366595
1261747747465637891
1261747751886471168
1261747757385039874
1261747865421934592
1261747865598099456
1261747873684828161
1261747906866003969
1261747936410529792
1261747956346126336
1261747959546470400
1261748065658167296
1261748162567516160