1259936324154523649
1259936344509480964
1259936384548290562
1259936496317915136
1259936601104437251
1259936621585207299
1259936650962046977
1259936671325458432
1259936717982838786
1259936718716907526
1259936734583885824
1259936735229882369
1259936773125419008
1259936850157940736
1259936881439105027
1259936886144921600
1259936935889580035
1259936952289239043
1259936965903790081
1259937068161085440
1259937125404774401
1259937128961781760
1259937162524413952
1259937175933763585
1259937195777052678
1259937208443654144
1259937208728989696
1259937222092079111
1259937246372859910
1259937280191606786
1259937291406946306
1259937300772990977
1259937314106757122
1259937350991384577
1259937353222598662
1259937439134728194
1259937488627478530
1259937488702930944
1259937492301754376
1259937521494036481
1259937544487174145
1259937590427385857
1259937594684604416
1259937641241419779
1259937741342674945
1259937787261878278
1259937813132455936
1259937876063719431
1259937925778649088
1259937930048651265
1259937963623854080
1259938030887907328
1259938056263499776
1259938081463054337
1259938110827159552
1259938211343872000
1259938260907896833
1259938300158230529
1259938344840179713
1259938404067835905
1259938441900498945
1259938500612407299
1259938542907805696
1259938580631355392
1259938622159159303
1259938622628933633
1259938662193733633
1259938676634681344
1259938723367706628
1259938735283716096
1259938769009950720
1259938815747198976
1259938848466927623
1259938894432395268
1259938899167571968
1259938903269822464
1259938974518263808
1259938999654891520
1259939024325804032
1259939075399745536
1259939121574719493
1259939138041556997
1259939167955488768
1259939214633971712
1259939222338760704
1259939260049887234
1259939297378971649
1259939297404293122
1259939328395866112
1259939410579197952
1259939435954581504
1259939438286774274
1259939501104914433
1259939519861624833
1259939544948002824
1259939591563259911
1259939683892695040
1259939717434531855
1259939833876709376
1259939965003235335
1259939989472894979
1259940165906243586
1259940249914019841
1259940295610777600
1259940304754364416
1259940308206272512
1259940325562421250
1259940354578616320
1259940555330662405
1259940635496157184
1259940643624886273
1259940644220473345
1259940706786951170
1259940748486639624
1259940836919345152
1259940953596592132
1259940976510058496
1259941030092251137
1259941059620220931
1259941075885723649
1259941113764343808
1259941131363577856
1259941180667842563
1259941182009823232
1259941210455752704
1259941214549413889
1259941378173345793
1259941381356883972
1259941395109904386
1259941465825959938
1259941583845240832
1259941630171385861
1259941701604573187
1259941789366173697
1259941829870530561
1259941848036016135
1259941885646221314
1259941923097161731
1259941944001802242
1259942041213112321
1259942043008118788
1259942086159282176
1259942097970278400
1259942111618760705
1259942208859447298
1259942254543810562
1259942295157092362
1259942296809885696
1259942338484252672
1259942366946959363
1259942455945965575
1259942472307732480
1259942661680594944
1259942775187034112
1259942818887249920
1259942898696466433
1259943064031965184
1259943088979664899
1259943109468831744
1259943399605624833
1259943433256525824
1259943463069429763
1259943466500591620
1259943520045092864
1259943530023313408
1259943545495928832
1259943625711992832
1259943688861396992
1259943692816834561
1259943734860550145
1259943773305319425
1259943785238315009
1259943864892362754
1259943901961617408
1259944025244737541
1259944099492192256
1259944116533805056
1259944146321551363
1259944179691433985
1259944184120778753
1259944192383619072
1259944202231840771
1259944212923064320
1259944217486426115
1259944258213163014
1259944347690295296
1259944464916844544
1259944548911865856
1259944574124003328
1259944612170543107
1259944624266686467
1259944628209553409
1259944662426628099
1259944782744268808
1259944866521452546
1259944905457221636
1259944909202743299
1259944909357887490
1259944976575639557
1259944999178907648
1259945003771723777
1259945006271541248
1259945106582515713
1259945186391719937
1259945319934156800
1259945329324994560
1259945349893861376
1259945356860760070
1259945400217337856
1259945455154315266
1259945517297139715
1259945568337408009
1259945639644770313
1259945681659232256
1259945690379071494
1259945694359465985
1259945702274117643
1259945723396841473
1259945739376930816
1259945757152555008
1259945899045912577
1259945937184702470
1259945937478332418
1259945949213925377
1259946117388738560
1259946154499940353
1259946214302367747
1259946273190354947
1259946360863731715
1259946486906961921
1259946487259312131
1259946511338790912
1259946520255873026
1259946557610352644
1259946562899361792
1259946594201370624
1259946656147144705
1259946739626196992
1259946755338223616
1259946796111007746
1259946884711329793
1259946885009362944
1259946897864884229
1259946903300644867
1259946905217437698
1259946905926340609
1259946969000062976
1259947090702151681
1259947246361235462
1259947267382849536
1259947321334403073
1259947321388752896
1259947327059406857
1259947476628504576
1259947594395971584
1259947644270465024
1259947791389843456
1259947823807807489
1259947824504016896
1259947849556488192
1259947904023687173
1259947922671562752
1259948159700213760
1259948173583355905
1259948181435097089
1259948298271690752
1259948370212171784
1259948426264932352
1259948487640264706
1259948508548927488
1259948520695570433
1259948521232502784
1259948562567307270
1259948620658274304
1259948646352719873
1259948653508206593
1259948655735451649
1259948669907931138
1259948674676920321
1259948689365368837
1259948708378013697
1259948721451814913
1259948726552010752
1259948744771956736
1259948768201408512
1259948776871145474
1259948810295525377
1259948839420624897
1259948845300998144
1259948851307241473
1259948860455006208
1259948876984877056
1259948890859724805
1259948893686640641
1259948896262017029
1259948931980709888
1259948986103926784
1259949028181266434
1259949061563543552
1259949061605478400
1259949091175280640
1259949112327315457
1259949352451297281
1259949464287993856
1259949473377239040
1259949492419170304
1259949502825467912
1259949544223043584
1259949544449757184
1259949594223484928
1259949682681208832
1259949691183271936
1259949699269869569
1259949787555737603
1259949795436879873
1259949824683712516
1259949846213132288
1259949854781931520
1259949871135588352
1259949888688840704
1259949913238052865
1259949954640097285
1259949988467130369
1259950077004709894
1259950094184591367
1259950127424274432
1259950158684590081
1259950161305968640
1259950168893460480
1259950203161006080
1259950278109016065
1259950331103977474
1259950416671977475
1259950433264640001
1259950457406894080
1259950471608971264
1259950475539079170
1259950481746456576
1259950501279522822
1259950542169583616
1259950550780719104
1259950550877077505
1259950597165461504
1259950672566300672
1259950673170481153
1259950710382366723
1259950739625033729
1259950740086407168
1259950794599776261
1259950852384731139
1259951012086857729
1259951092185526272
1259951104860794884
1259951239699169280
1259951318430617605