1263560194006671361
1263560202093240322
1263560240253075462
1263560249308377088
1263560252894728199
1263560307638583297
1263560319936475138
1263560354006736897
1263560366493249537
1263560370804928512
1263560370880380929
1263560383455023105
1263560496348725248
1263560529404219392
1263560533648834565
1263560550467940355
1263560557522825216
1263560676905287687
1263560948733874177
1263560984221880328
1263561003469594625
1263561012256653320
1263561016891379713
1263561074877620227
1263561145509527552
1263561158906298368
1263561407007805440
1263561468882059267
1263561511957602304
1263561535261196295
1263561544908013569
1263561553170837506
1263561574293200896
1263561675065753601
1263561741830688772
1263561755101261824
1263561758968610820
1263561780086874112
1263561813745995780
1263561863243141121
1263561875847077889
1263561877763665921
1263561943744491520
1263561998467555344
1263562013990694912
1263562023075364864
1263562099336323084
1263562111348813824
1263562164616429568
1263562174279979008
1263562182832373761
1263562211051606018
1263562223919616000
1263562245180542976
1263562250184544256
1263562287652036608
1263562372247101441
1263562449707384832
1263562492988592128
1263562538828140552
1263562585078669313
1263562610122817536
1263562628405706752
1263562634839949316
1263562661049937922
1263562693845422080
1263562697884352512
1263562698111016961
1263562748409057282
1263562782160666624
1263562798723932166
1263562819917819905
1263562882308063232
1263562895402598400
1263562903581589505
1263562923802152960
1263562928600616962
1263562937228197893
1263562953665720325
1263562971084718081
1263563096557105153
1263563140186492929
1263563173359022081
1263563226177867776
1263563234918846464
1263563277587619842
1263563339629645824
1263563399876816896
1263563428486152199
1263563446756478977
1263563465743978496
1263563483175665665
1263563515937382400
1263563516780220416
1263563528876720130
1263563538896805888
1263563541484879875
1263563566646464512
1263563587764867073
1263563608325099521
1263563612548808705
1263563634774401026
1263563637047939072
1263563663019032576
1263563670824484864
1263563671776657408
1263563679628431360
1263563679678726144
1263563680903544853
1263563688478248961
1263563688625274880
1263563705444417543
1263563708690771969
1263563730115313667
1263563755331428353
1263563792996319243
1263563829142675456
1263563860243595271
1263563865377222656
1263563889205080064
1263563889435910144
1263563893940477952
1263563934533025792
1263563964954210304
1263563965243822080
1263563977352757254
1263563981345533952
1263563985712033793
1263564000278638593
1263564015063744521
1263564040279920640
1263564078796193800
1263564095032352768
1263564145246552074
1263564147448561664
1263564150560735233
1263564191685767168
1263564204486856704
1263564208446324746
1263564216365170698
1263564241208070145
1263564258308247557
1263564267372109824
1263564270693990400
1263564284082216971
1263564291715653637
1263564296002428928
1263564371336278019
1263564425304379392
1263564451732578304
1263564554824560641
1263564555466178560
1263564560625270785
1263564576949297153
1263564602199232516
1263564614383497216
1263564678191513600
1263564723762552832
1263564736890679297
1263564883964170240
1263564909171716098
1263564909276782593
1263564933381394439
1263564933771350016
1263564958689878018
1263565018290884609
1263565020996255758
1263565022363447298
1263565026440425473
1263565075874320384
1263565093305974784
1263565116332785670
1263565139220893696
1263565160486223877
1263565219336458246
1263565256623783941
1263565260390268928
1263565260591714306
1263565315197276163
1263565323183194112
1263565327742365696
1263565348600786945
1263565418213621760
1263565495984406529
1263565512342007808
1263565533229826053
1263565546253139974
1263565566792683520
1263565596215697408
1263565596249161730
1263565605157982209
1263565613433266176
1263565641455460353
1263565646174060546
1263565650359959553
1263565701928763396
1263565708752977922
1263565735638548482
1263565747520802817
1263565760263327745
1263565817720877056
1263565844103266305
1263565887367307265
1263565900516638728
1263565906518646784
1263565914865352717
1263565995559358464
1263566001687445509
1263566010080092165
1263566046495150087
1263566049653465089
1263566068003540992
1263566078891954176
1263566079298863104
1263566117420892160
1263566125746384897
1263566163482677248
1263566170948599809
1263566175864266754
1263566191596941313
1263566194520608770
1263566196194017285
1263566246928400388
1263566255119876111
1263566258513104896
1263566288703684614
1263566309759074321
1263566313953222656
1263566327047831552
1263566368286236672
1263566396954480641
1263566416856449024
1263566431150465024
1263566431502897153
1263566482782420994
1263566497869266946
1263566632099741696
1263566640618385408
1263566662017658880
1263566716094648322
1263566716384116736
1263566774815113221
1263566779500187648
1263566787393830914
1263566800245141504
1263566819727720473
1263566854901071872
1263566889927802880
1263566921355735042
1263566929907851267
1263566954960490496
1263567043132940288
1263567051928600577
1263567076884692997
1263567092021972992
1263567099802222592
1263567110371971075
1263567249509699586
1263567336516321282
1263567358389600277
1263567379122044929
1263567433559834630
1263567475540713472
1263567521527054344
1263567546634174464
1263567568184446981
1263567597720616961
1263567626141237248
1263567655270846464
1263567660169773062
1263567660698210304
1263567697565978624
1263567698245513216
1263567714888663040
1263567760988176384
1263567801098305537
1263567829934264325
1263567835974025230
1263567845197258752
1263567924394065921
1263567954022711296
1263567975094923266
1263567978832019461
1263567987719766016
1263568003603578892
1263568003746222081
1263568029251629056
1263568029620846598
1263568046335111168
1263568054174261249
1263568142044823552
1263568142703321088
1263568148847976448
1263568177814011906
1263568187167293444
1263568196445122568
1263568196851941386
1263568201683628032
1263568209137057806
1263568238333607946
1263568281501200385
1263568289168384000
1263568289768275971
1263568335318380544
1263568368579330053
1263568394290331654
1263568550909878273
1263568553501790208
1263568568177876997
1263568573898899466
1263568703939018753
1263568708334731272
1263568712474517510
1263568746225864704
1263568755541622795
1263568766975324160
1263568863725314051
1263568931664642058
1263568947858857984
1263568960085082113
1263568977097187329
1263568981379756032
1263568998051921920
1263569048945790976
1263569145209278464
1263569261915779072
1263569274645463045
1263569308195516416
1263569308262809613
1263569346661699584
1263569373454688256
1263569387807633409
1263569472419438593
1263569484318572547
1263569536240009218
1263569549301108737
1263569664875118592
1263569739844136960
1263569761235013632
1263569782302900224
1263569806718009345
1263569870622298113
1263569878344241153
1263569904264900608
1263569921428111377
1263569962385453056
1263569996388720641
1263570029859094528
1263570033097060352
1263570088873123840
1263570226513395719
1263570230959386625
1263570251972775936
1263570306637185025
1263570306846855168
1263570307627040774
1263570311519375360
1263570315650760704
1263570460698001413
1263570494017716237
1263570512078389249
1263570545762799621
1263570587772993548
1263570608798887937
1263570608908111872
1263570620794748930
1263570692194385926
1263570738889424897
1263570746946830336
1263570756186681344
1263570784376762368
1263570789464281089
1263570832892321792
1263570864316055554
1263570944636915712
1263570998445707264
1263571011750019074
1263571024676716544
1263571041026076673
1263571061716779009
1263571145237778432
1263571152217219072
1263571179559927819
1263571187373916168
1263571201445617664
1263571229715431430
1263571262779133960
1263571268206542849
1263571275399790593
1263571304562806786
1263571321109258240
1263571380496412674
1263571380936663040
1263571397508382721
1263571398750023681
1263571462436372501
1263571527242481669
1263571556242010116
1263571564659949572
1263571606661521408
1263571645467426817
1263571678505943047
1263571685376213005
1263571749016387594
1263571766284292097
1263571796030341120
1263571807811932161
1263571849771794432
1263571907481346055
1263571912623439872
1263571974426517504
1263571983968567297
1263572011751800832
1263572110179479555
1263572143381442560
1263572147928104961
1263572156413366272
1263572181818109953
1263572210578489346
1263572224038092817
1263572257210695680
1263572314484072448
1263572323661156356
1263572325011787776
1263572332515377159
1263572374768816130
1263572420360716288
1263572433606529027
1263572474911842304
1263572525767786496
1263572537230983172
1263572554566045697
1263572584186118145
1263572598379536384
1263572609364623362
1263572638632497152
1263572648887533569
1263572656189816852
1263572697679872003
1263572705749524480
1263572731464998913
1263572746996506626
1263572747592048641
1263572760447586305
1263572857071767553
1263572888529113091
1263572894358974464
1263572911589376004
1263572928731516928
1263573045173645312
1263573061292273664
1263573066690396160
1263573074496061440
1263573158034116614
1263573158919049217
1263573168947515392
1263573179806691330
1263573184214732800
1263573199859654666
1263573226443194372
1263573259464749056
1263573276263145472
1263573334471688222
1263573362804027393
1263573373524852757
1263573397944045568
1263573408706519045
1263573414184464387
1263573423151710208
1263573482329251847
1263573562834608128
1263573695315898369
1263573720733532174
1263573779789332490
1263573784495185920
1263573858210250754
1263573865042673671
1263573882503643137
1263573952405913602
1263573955752804352
1263573989126963200
1263574051961913346
1263574060161777676
1263574063391391746
1263574068311146497
1263574068483112960
1263574097914724353
1263574107083247616
1263574135906713604
1263574140633710592
1263574207419559937
1263574211488088066
1263574215644643329
1263574223697534977
1263574245029937153
1263574279393869825
1263574333823336460
1263574353649664000
1263574433588887553
1263574463200874497
1263574484524679169
1263574493764730880
1263574538836520960
1263574622349463552
1263574664984567808
1263574743661211648
1263574765421223937
1263574766214152192
1263574782592856064
1263574789932924934
1263574802452885509
1263574815174082561
1263574848657403904
1263574895478390787
1263574911177670656
1263574931717132288
1263574932845453312
1263574967951687680
1263574993264422917
1263575071840321542
1263575130501857280
1263575197447335936
1263575201004093441
1263575225645613068
1263575243307626496
1263575280968519690
1263575289403236353