1256523930405199872
1256523947262296065
1256523960113479680
1256524018255003649
1256524065210273792
1256524110571671553
1256524228771315713
1256524237608812545
1256524338423095296
1256524357939212289
1256524410208628740
1256524421914861570
1256524597723189248
1256524602588590085
1256524617415569408
1256524681101938688
1256524985033584640
1256525026913914882
1256525079980236800
1256525092965814273
1256525227850371073
1256525374122610688
1256525520738623489
1256525555098247168
1256525632734986241
1256525926650851330
1256525960838615045
1256526057991213056
1256526073916985345
1256526123745378304
1256526221942423553
1256526230976782336
1256526362765963266
1256526494207270912
1256526884382347264
1256526929072541696
1256527067610525696
1256527084698157056
1256527416006189062
1256527509606236162
1256527573976137730
1256527659867287552
1256527676023566336
1256527722563751936
1256527781313286148
1256527798468042752
1256527822493016066
1256527852767412229
1256527883083804673
1256527914910310400
1256527953674067968
1256527998112665601
1256528154463780870
1256528221983641600
1256528228979703809
1256528242242019328
1256528342125338624
1256528411285164032
1256528543850418176
1256528561885896704
1256528641476792325
1256528656962326528
1256528685252743168
1256528724541034496
1256528748700196864
1256528826949152768
1256528901586722817
1256529102758195201
1256529236644560896
1256529328332066816
1256529363169927168
1256529404538298368
1256529613779603461
1256529659606577154
1256529676991893504
1256529693861457922
1256529719375335427
1256529735615680517
1256529806436429825
1256529842440269824
1256529882663747590
1256529917287829504
1256530075098513408
1256530149371195392
1256530247891202049
1256530283794481152
1256530418389712896
1256530428388925440
1256530486001913856
1256530649760043009
1256530700481658880
1256530834678562816
1256530838671495169
1256531136433598465
1256531165550346240
1256531255853801474
1256531500905922563
1256531510007644161
1256531636369321989
1256531786022207488
1256531899486527489
1256532215355174914
1256532243335581696
1256532277858840577
1256532318782513152
1256532361463967744
1256532373489016833
1256532398449152000
1256532483308490753
1256532525112897536
1256532580406624256
1256532604297371650
1256532616590884865
1256532641135951872
1256532726292910081
1256532752519909379
1256532855825534976
1256532874028675073
1256533081244291072
1256533083446300672
1256533128732200960
1256533149024206848
1256533279143981062
1256533305631145987
1256533351235633153
1256533356415770625
1256533368382066689
1256533379194867712
1256533480550420481
1256533537706008577
1256533615581822976
1256533639942176768
1256533711216160769
1256533992020430858
1256534005115224067
1256534014707544065
1256534023238823938
1256534144038952962
1256534282819993602
1256534310926065664
1256534311328788480
1256534323898900480
1256534369507913728
1256534433869508608
1256534435299823617
1256534501674684416
1256534608033779712
1256534608939823105
1256534924733157378
1256535050390290432
1256535060326625286
1256535149904384000
1256535173954486274
1256535222855839745
1256535284201684993
1256535306423226370
1256535338492755968
1256535459062259712
1256535523512004608
1256535560979492864
1256535657582919681
1256535720245825537
1256535812767973376
1256535896586891271
1256536030619955200
1256536035191918595
1256536165357891584
1256536215521812480
1256536505129951232
1256536522918158336
1256536669500645376
1256536719475609600
1256536794545434624
1256536833283899393
1256536870256734208
1256536877231988736
1256536878158774272
1256536894625787904
1256536962053390342
1256536970559459328
1256537034065432576
1256537040700702723
1256537092701683713
1256537109156048896
1256537166194360320
1256537218216230912
1256537280677847040
1256537305197633541
1256537339138117634
1256537384692461569
1256537435569369088
1256537469488640005
1256537686963257344
1256537809655128064
1256537814105276417
1256537868165668865
1256537939418460161
1256537968984109056
1256537990333071360
1256538003591385090
1256538009857474560
1256538112316112896
1256538174081335298
1256538183044489217
1256538345049645056
1256538387466649602
1256538518664478720
1256538590307221504
1256538593121767424
1256538623777878017
1256538669009088512