1257309001970118660
1257309005317197826
1257309044689170432
1257309096023220231
1257309163253719041
1257309245046837250
1257309259018035210
1257309346557333504
1257309347727552513
1257309404560408584
1257309406514917376
1257309530779602947
1257309606587453443
1257309698677592064
1257309892039241730
1257309942798671874
1257309949891186695
1257309959739469827
1257309964206346240
1257309974427873289
1257310170457051143
1257310236005687297
1257310284315680768
1257310298173657088
1257310324719448064
1257310421079388162
1257310504688599040
1257310580190240772
1257310594597711872
1257310677267439618
1257310798881239043
1257310852060860416
1257310880267526145
1257310957467922435
1257311054331166722
1257311062841417729
1257311084106534919
1257311143233642498
1257311201094066181
1257311343671050240
1257311361068982274
1257311427536142337
1257311444724363264
1257311520137940993
1257311553784668166
1257311582746324993
1257311600018509824
1257311631270281218
1257311646403358721
1257311717001818113
1257311721024180225
1257311746735259653
1257311825680494593
1257311828738076675
1257311829883150338
1257311883406667779
1257311914004119553
1257311922623414274
1257311942848294918
1257312095177064451
1257312165905592329
1257312215528423426
1257312220024692738
1257312228706938885
1257312241201737731
1257312269962080256
1257312342414471172
1257312451516723200
1257312501982621698
1257312609889447946
1257312751073943558
1257312862474649603
1257312924550324235
1257312988312162305
1257312993244676108
1257313019945574408
1257313029072384004
1257313038115323905
1257313038119526401
1257313097829609472
1257313151390937092
1257313172735668229
1257313191912062985
1257313255413805058
1257313282076979202
1257313282806824961
1257313365149409280
1257313418991697923
1257313419662778369
1257313474499100673
1257313478592749575
1257313588101832704
1257313608733618177
1257313668053692416
1257313709824724992
1257313734659158020
1257313828599037952
1257313846152228864
1257313948514152453
1257313949705330688
1257313953429876739
1257313956760219654
1257314027237068800
1257314170669654017
1257314196439457792
1257314200201789443
1257314250092994563
1257314334146871300
1257314422868987907
1257314543744643072
1257314606604677123
1257314624451436544
1257314722191257600
1257314736527425550
1257314811190194176
1257314833227149314
1257314837509468162
1257314860800421896
1257314900537307136
1257314913422176257
1257315051561615361
1257315059908280322
1257315065469874180
1257315106037235715
1257315202162323456
1257315265810821120
1257315269694812168
1257315277273874439
1257315294692794370
1257315332097601538
1257315348941922304
1257315349503946752
1257315353622745091
1257315442101645312
1257315592190562312
1257315754296279041
1257315894226677761
1257315949532741634
1257316003240804352
1257316058593026053
1257316062367899648
1257316071213633537
1257316264021647368
1257316356350816256
1257316552040423424
1257316561515212806
1257316602900439041
1257316666574114819
1257316683032616973
1257316703815385091
1257316791329550336
1257316794093600770
1257316808958152714
1257316888884830210
1257316943972823040
1257317053418991618
1257317094602891274
1257317132154441728
1257317202786566145
1257317287800893441
1257317392436224000
1257317426519134214
1257317551500955656
1257317558006382599
1257317561848352770
1257317614042279937
1257317677179170824
1257317685588660224
1257317751003025409
1257317882507087874
1257317913263931394
1257317923825176578
1257317983015170051
1257318105384013825
1257318188452216834
1257318201718796290
1257318217824915458
1257318222279237632
1257318242638376967
1257318396745494530
1257318398742032384
1257318545253265408
1257318554682056704
1257318647791366163
1257318788246065161
1257318822131888129
1257318856093122567
1257318878092292096
1257318966688534528
1257319003195727874
1257319065250455552
1257319078017957889
1257319092014346250
1257319216828440583
1257319254182903815
1257319254400970753
1257319300286648326
1257319309304446977
1257319317307187205
1257319342787592194
1257319346168197122
1257319467840729089
1257319547079495681
1257319556441243648
1257319581854490625
1257319583750340608
1257319598031908870
1257319611520790528
1257319627534688256
1257319678214455296
1257319719578656769
1257319744790687746
1257319770048749576
1257319774867951616
1257319844493451265
1257319903960301568
1257320105744101378
1257320252964171776
1257320307360034816
1257320311214624768
1257320349089185793
1257320365602205696
1257320387639050244
1257320403740979206
1257320513082286083
1257320610872475648
1257320641444757505
1257320658893107203
1257320717764325376
1257320726165458946
1257320734533144582
1257320811045609479
1257320823016194054
1257320880390066178
1257320933057982467
1257320935796822016
1257321028486754311
1257321068726857734
1257321083046260739
1257321138473984002
1257321145029685253
1257321149957996551
1257321150129922049
1257321217578565634
1257321244162052103
1257321276462428169
1257321297161273345
1257321471661060102
1257321675051249667
1257321695142019073
1257321722593730560
1257321767380516867
1257321779028082688
1257321812431523842
1257321833793118209
1257321850234826753
1257321859311267840
1257321878156308480
1257321878860906504
1257321880400261128
1257321917268148231
1257321942714966019
1257321943310585857
1257321946909339648
1257321997379362821
1257322165671624711
1257322303165050886
1257322307451682817
1257322358282436608
1257322424602779648
1257322454600445952
1257322480168910860
1257322554903035913
1257322668572868608
1257322709337305093
1257322753889169409
1257322811271442432
1257322860290256896
1257322865709379592
1257322898819170308
1257322975063183360
1257322983246290946
1257323054310420483
1257323146257985536
1257323155359592455
1257323168521261064
1257323180949073920
1257323242827608067
1257323293079531522
1257323398541086720
1257323540530860036
1257323561414356994
1257323582763364352
1257323599355998213
1257323650476150789
1257323718524596226
1257323754423595008
1257323758869557248
1257323792478552073
1257323834765479940
1257323834903912450
1257323855183396865
1257323857179885569
1257323972615520258
1257324027468636163
1257324046200393731
1257324062050709511