1265311794781962241
1265311864373882880
1265311864545849344
1265311865703464960
1265311895365521408
1265311907688439808
1265311924620791810
1265311943377723396
1265311957839572992
1265311970481197056
1265311995575795718
1265312016983416832
1265312025250537472
1265312063116771331
1265312099619631105
1265312108280819713
1265312151155040256
1265312165386469377
1265312166925697025
1265312245418012673
1265312377924435969
1265312385558085642
1265312465371488257
1265312494098059264
1265312494316183553
1265312569738366976
1265312595570864133
1265312616198504448
1265312668082110466
1265312744942657543
1265312774198099972
1265312801125363713
1265312828069576704
1265312842489778182
1265312847334191105
1265312901449093121
1265312922781331460
1265312943333355521
1265312960278380546
1265312966586572802
1265312972718686219
1265313102603497473
1265313156508893185
1265313182542901250
1265313190830911489
1265313245511839744
1265313274695909382
1265313316752195584
1265313365448183808
1265313437250400256
1265313447027359744
1265313459370987526
1265313463691345925
1265313514207535104
1265313517718007809
1265313572386725888
1265313615873101825
1265313669304528903
1265313702032683009
1265313719988260865
1265313790377078785
1265313803153158144
1265313803186712581
1265313808899346432
1265313876452704256
1265313950008213505
1265313966517030915
1265313990026166272
1265314012302016512
1265314017784074240
1265314025346342915
1265314046103834625
1265314068598063105
1265314101393264640
1265314117994385409
1265314163980722176
1265314235556474880
1265314327688630275
1265314364946558976
1265314428536356864
1265314530411888641
1265314541015117827
1265314585126584320
1265314607796817922
1265314634686480384
1265314675572563974
1265314685454356480
1265314687962488833
1265314742832259074
1265314780404949000
1265314843554349058
1265314874437046274
1265314910009004033
1265314933090074629
1265314984042442754
1265315011288870913
1265315103311683585
1265315137012903936
1265315313631010821
1265315317640835073
1265315342592757761
1265315380077223936
1265315473115185154
1265315573157617666
1265315599011524608
1265315648420405251
1265315658126024705
1265315673812631559
1265315754204958722
1265315783246336002
1265315832936247296
1265315866859560960
1265315895259418634
1265315958861766656
1265315969125289987
1265316046946402304
1265316236725907457
1265316290643755009
1265316370297872386
1265316382918443008
1265316395191078918
1265316395954450439
1265316470252240899
1265316529966665728
1265316558538256387
1265316576191852546
1265316596689416194
1265316614016077824
1265316629715582983
1265316653778124801
1265316739472113668
1265316769360568320
1265316806119456769
1265316835240574983
1265316839623725057
1265316844073701381
1265316844237357058
1265316906623553536
1265316936952377346
1265316944711954432
1265316958364450821
1265316961237512192
1265316965528350720
1265317053923094529
1265317062228017152
1265317120558145536
1265317209460609025
1265317234324324353
1265317259502911488
1265317263961399302
1265317322400468992
1265317330525007874
1265317330646679552
1265317351593062405
1265317473789923329
1265317592211894272
1265317614194167808
1265317661900144641
1265317668556423169
1265317699397259264
1265317754397003776
1265317784554057728
1265317787658006532
1265317801016864768
1265317808725991424
1265317842339028992
1265317846277672961
1265317917677301762
1265317977009913857
1265317980793188353
1265318058635276292
1265318109323419649
1265318114423693312
1265318215783264257
1265318246644764673
1265318278337105922
1265318286494965762
1265318311983828996
1265318353863938048
1265318366476107776
1265318371295465474
1265318412127014912
1265318479806238721
1265318488039661569
1265318513041760257
1265318514082144256
1265318660542849030
1265318727278616579
1265318793930129408
1265318874049908736
1265318911966355457
1265319091985924097
1265319156846481408
1265319162487898116
1265319276346585090
1265319305312378882
1265319336023068677
1265319368856125441
1265319379505418242
1265319415006015501
1265319427605581824
1265319465434169344
1265319499412185089
1265319519746211842
1265319523743223813
1265319624821714945
1265319652307197953
1265319721252958208
1265319818162511875
1265319830569140225
1265319843722661888
1265319909938126849
1265319918242848771
1265319954951200768
1265319960202678274
1265320098044182528
1265320136606658566
1265320178512007169
1265320186414071809
1265320229665718272
1265320255246778369
1265320292022456322
1265320308925440003
1265320358804180993
1265320409945145345
1265320496947761152
1265320514320547841
1265320564085805059
1265320660579913729
1265320706947952642
1265320710987296769
1265320750392672256
1265320766255640577
1265320916373946370
1265320933453111304
1265320937706029057
1265321042534432774
1265321055591321603
1265321068195196930
1265321079259762688
1265321131390701570
1265321139364118528
1265321197979353088
1265321215289327617
1265321242854383617
1265321267483283468
1265321290216374272
1265321335489794050
1265321440389337088
1265321729968177153
1265321750579027969
1265321839338930176
1265321846779662336
1265321906183405568
1265321927977164801
1265322003193630720
1265322049708396545
1265322051310481408
1265322051436503047
1265322219099557891
1265322239127363585
1265322288519483392
1265322330223452160
1265322345406873601
1265322388721459204
1265322406358462466
1265322568984047618
1265322579343990784
1265322617776402433
1265322663775363072
1265322690988171264
1265322703625519104
1265322706964230147
1265322724467134464
1265322770293854208
1265322771078426624
1265322804603351045
1265322866729459712
1265322867052482562
1265322936665346048
1265322942772187140
1265322996945825794
1265323046530887682
1265323060019769346
1265323062221852674
1265323064704860162
1265323142165270530
1265323225585778694
1265323403377905664
1265323408314769409
1265323412081254406
1265323424848674817
1265323500002213890
1265323558982553601
1265323693569380352
1265323718051598337
1265323722522660866
1265323747512213504
1265323768530055170
1265323769020768257
1265323844954284035
1265323915368230919
1265323982594719754
1265324008624590848
1265324015792476160
1265324062143926272
1265324066715639809
1265324116997005313
1265324155173572609
1265324272525774850
1265324302771138560
1265324344223432705
1265324355799535616
1265324403505717250
1265324504869253120
1265324602848411648
1265324612075819010
1265324657856712704
1265324678945615872
1265324691872497668
1265324737435238401
1265324788094062592
1265324788509290496
1265324801339449344
1265324976502198279
1265324993388466176
1265325015567937537
1265325048144986112
1265325056244150273
1265325132785934336
1265325190667362304
1265325191057596417
1265325251774369793
1265325255834300416
1265325270136811520
1265325287920807939
1265325375497764866
1265325413292740609
1265325426320084992
1265325438722662401
1265325522336182272
1265325547099271169
1265325547728617472
1265325559476891649
1265325622911332352
1265325622974386176
1265325625096712194
1265325648043786241
1265325673230589953
1265325689831596035
1265325719254700033
1265325731581575168
1265325739852824576
1265325745359843328
1265325797847339009
1265325821759086594
1265325895113306112
1265325907645853696
1265325994430402572
1265326074617085956
1265326088496054273
1265326118028095488
1265326125967740929
1265326148067774466
1265326226333478914
1265326239516110849
1265326260072439810
1265326264015106051
1265326269241061379
1265326284957200384
1265326306629058560
1265326329198792710
1265326344335814657
1265326365592768512
1265326382093139969
1265326406998736896
1265326411889274881
1265326428444393473
1265326516604243968
1265326566302576641
1265326570367049728
1265326574792032256
1265326579581808640
1265326620765827073
1265326684187684865
1265326688524779520
1265326704886796288
1265326751183503361