1260479894456320002
1260479973518987264
1260479981743898629
1260480047535788034
1260480051990220800
1260480061284679682
1260480130541146124
1260480216549527553
1260480217216421889
1260480356765048836
1260480459332599809
1260480466173468672
1260480476898263040
1260480674412351488
1260480719169732610
1260480757430136832
1260480819283591169
1260480827919601664
1260480832617287680
1260480840720625667
1260480845284024323
1260480851571355649
1260480945393733632
1260480998573293573
1260481089015070720
1260481131075559425
1260481138835030016
1260481164420231174
1260481181256122369
1260481182715785216
1260481197421068288
1260481515844186116
1260481654600224769
1260481668013572104
1260481679480815616
1260481767640911876
1260482007571857410
1260482273985601537
1260482276594458625
1260482316016680960
1260482393821065217
1260482476390133763
1260482557646450694
1260482561551355908
1260482568551632896
1260482799678754817
1260482813142466561
1260482959242641409
1260483030331928578
1260483033813209088
1260483057624244226
1260483190571053058
1260483374734610438
1260483678670598145
1260483685582856201
1260483702171348992
1260483739890716677
1260483881733677059
1260483962813779975
1260484011497062401
1260484062910861312
1260484089683025921
1260484205143867393
1260484280913977344
1260484333900627968
1260484335951654913
1260484355308302336
1260484373314523137
1260484403114979328
1260484431313338374
1260484443468333056
1260484594568171521
1260484766874456064
1260484776106098688
1260484822126006275
1260484927629537282
1260484942548656129
1260485388059185152
1260485409332776962
1260485508339314689
1260485536168513538
1260485661062246400
1260485668339363843
1260485782508384257
1260485815857221643
1260485858337136641
1260485911369912320
1260486060771086339
1260486315885449216
1260486343676788737
1260486365877358593
1260486401499561985
1260486421099544584
1260486432143147020
1260486535356600322
1260486566079840260
1260486722170818562
1260486752201998345
1260486771688771585
1260486780966617090
1260486834074894337
1260486893680185345
1260486906615390211
1260486914655879169
1260486956770787328
1260486961111982084
1260486981915680780
1260487049645371402
1260487053743177734
1260487064950386689
1260487266868305920
1260487300389183492
1260487320983273474
1260487321515950082
1260487341107527680
1260487341661204480
1260487366327795717
1260487379305017347
1260487434397253633
1260487447147884544
1260487451157635075
1260487649355333633
1260487664744226819
1260487802107703302
1260487933641007105
1260488076704600064
1260488113874505728
1260488159902814208
1260488214395211779
1260488320519483394
1260488353138573314
1260488387364036608
1260488441982263297
1260488484302868482
1260488499318394881
1260488576103518208
1260488618017202182
1260488680663375872
1260488704709275652
1260488773500092416
1260488822590263303
1260488875904053249
1260488881943777280
1260488936432033792
1260489004505534470
1260489029058998272
1260489082871910400
1260489103776284672
1260489142393282560
1260489176144887808
1260489289013616641
1260489418823122945
1260489444139896834
1260489469465112576
1260489581952143366
1260489589996871681
1260489772407062534
1260489781118742528
1260489791872872455
1260489850320551936
1260490010106769409
1260490082034814977
1260490147889627137
1260490156781469696
1260490164524244994
1260490211370377216
1260490257633611778
1260490299161354240
1260490303615782912
1260490345562980353
1260490433983062020
1260490455147479041
1260490639311077385
1260490668377505793
1260490786204004352
1260490815023046656
1260490831234052097
1260490833045979136
1260490864943644673
1260490878587715584
1260491218238218240
1260491276845305857
1260491373792432128
1260491375738597383
1260491399205654528
1260491466100572160
1260491632606150656
1260491775615152135
1260491994503184385
1260492071254835202
1260492176276021249
1260492177882390528
1260492179564384256
1260492262959648770
1260492283264274434
1260492365829230592
1260492372259016709
1260492515918184448
1260492538458378241
1260492555763974144
1260492564790235142
1260492602396356610
1260492640103149568
1260492668527837189
1260492772945145858
1260492828070817793
1260492858349453313
1260492865626652674
1260493037614006276
1260493105679212546
1260493176084848643
1260493177569640457
1260493232846372866
1260493248419827715
1260493273317195776
1260493274290237440
1260493415487279105
1260493462169964544
1260493541060599809
1260493583146237952
1260493651257556992
1260493761559367683
1260493809974198275
1260493827384713216
1260493871013924865
1260493910960476160
1260493919609073664
1260493960415502337
1260493999393198088
1260494150367150082
1260494300032491522
1260494333779881984
1260494360447266816
1260494473626300425
1260494524587159555
1260494565695520773
1260494692044673024
1260494735552192512
1260494837444468738
1260494905018810368
1260494952091566081