1260389354507206656
1260389434551345152
1260389448451325952
1260389469582229504
1260389534828769285
1260389535189524482
1260389541124255746
1260389554512486400
1260389577510051847
1260389620803665920
1260389631306104838
1260389664852111362
1260389761811918848
1260389849657475073
1260389878925332480
1260389954888372228
1260389975989743616
1260389979961753600
1260390005832183808
1260390051030003712
1260390075789201411
1260390147268308993
1260390159603740672
1260390239551385602
1260390247348617216
1260390307482533888
1260390310716284929
1260390311756533760
1260390319289491457
1260390356933361665
1260390487678164995
1260390511879368706
1260390513166909441
1260390522344157190
1260390575565680641
1260390664157581312
1260390738711293953
1260390751948599297
1260390914800979969
1260390927903846401
1260390936770744321
1260390969591005184
1260390990852096002
1260391091641233415
1260391150017490948
1260391156321521664
1260391250823450625
1260391338312454147
1260391364342276101
1260391418864046082
1260391460450504707
1260391510731829248
1260391522911924225
1260391666420047872
1260391682530574336
1260391716323905536
1260391725064876032
1260391745759653888
1260391783890124806
1260391909333200897
1260392002643992577
1260392031085400064
1260392035439325187
1260392239911464960
1260392264347668480
1260392278901702658
1260392387307663360
1260392404865015808
1260392551044902913
1260392582418518016
1260392612600700936
1260392635107282945
1260392702035685377
1260392715231117312
1260392819866427394
1260392903110569984
1260393004147240961
1260393126222376960
1260393137895346177
1260393155318345729
1260393162926850048
1260393226487443456
1260393376702009344
1260393379327881217
1260393407224123398
1260393464820350979
1260393528137564164
1260393576912924672
1260393595485347840
1260393775471439872
1260393776020779009
1260393787089539073
1260393842508955650
1260393843112869888
1260393923161190400
1260394071467667456
1260394124064116736
1260394160923619328
1260394194427883520
1260394249910132736
1260394283313528833
1260394314598842368
1260394325046951936
1260394563677630465
1260394594161831952
1260394686105088000
1260394769739644928
1260394911058231298
1260394958504243205
1260394958747586566
1260394966750072832
1260395017312571392
1260395140797120517
1260395147159838723
1260395219725570048
1260395232488648705
1260395261018271749
1260395286528229376
1260395369478881288
1260395373656498181
1260395390249185281
1260395407642972162
1260395448981794816
1260395470712700932
1260395555093508097
1260395558985805825
1260395592192229382
1260395599792234496
1260395726665908225
1260395780973658113
1260395806416236544
1260395811701055488
1260395836275675136
1260395969646153730
1260395988495237125
1260395990097502208
1260396037014945804
1260396057013350401
1260396077703819264
1260396186764115970
1260396357447286784
1260396368234938368
1260396439059853313
1260396447729623042
1260396522765778944
1260396540218220545
1260396585973932032
1260396720657182720
1260396743495241728
1260396745269248000
1260396820330676226
1260396902052499460
1260396912827674631
1260396930506592256
1260397017446006784
1260397053378801667
1260397132932157440
1260397173113528328
1260397278512234498
1260397304906952705
1260397391737499648
1260397449719382016
1260397504622780416
1260397533441986561
1260397546121224193
1260397647501934593
1260397662207193088
1260397722802233348
1260397751466106880
1260397798878523396
1260397844227334144
1260397932827688960
1260397965811888129
1260398008232865793
1260398062431805441
1260398150017114113
1260398166475632640
1260398227100180481
1260398376446840832
1260398406012452868
1260398451805822977
1260398456679460865
1260398461427433472
1260398468700479488
1260398473272270848
1260398512262479874
1260398540737699840
1260398553257648128
1260398599831203841
1260398607125155840
1260398669951451137
1260398679078264833
1260398683088027649
1260398708493029376
1260398725718933504
1260398748594843648
1260398770975457281
1260398824650145799
1260398875631923201
1260398883940827138
1260398991294050305
1260399023493722113
1260399153538105345
1260399157128376321
1260399223557816320
1260399245749710848
1260399262086676481
1260399324585918464
1260399365971161088
1260399387794198540
1260399460481302534
1260399521646866432
1260399538679869440
1260399605889581057
1260399609794494466
1260399647484305412
1260399664051953666
1260399794859671553
1260399846982385665
1260399911692054528
1260399991274774530
1260399999503839232
1260400029812039685
1260400079275298818
1260400155439792133
1260400415834693633
1260400536966369283
1260400587067228162
1260400637092802561
1260400662665256960
1260400704323231748
1260400964437245953
1260400977158352898
1260400995600863233
1260400998025175040
1260401120159170561
1260401158843240450
1260401225352179712
1260401246084554752
1260401296160497669
1260401400439361536
1260401434022928384
1260401441123991561
1260401552168120324
1260401686037831682
1260401733773037568
1260401774193774593
1260401790597595137
1260401833660604416
1260401883920941057
1260401934533562368
1260401958717992962
1260401983447617539
1260402017551486976
1260402026208538627
1260402067404922880
1260402109750505473
1260402110262317056
1260402142818504705
1260402163949408257
1260402189027151875
1260402244500910082
1260402261605224449
1260402311567773698
1260402357029998592
1260402420015824897
1260402453754728454
1260402466534952961
1260402613448835079
1260402649947611136
1260402717484187649
1260402738942357504
1260402739458293770
1260402802272206848
1260402890490945536
1260402914847338503
1260403028558934017
1260403036981207043
1260403049367064576
1260403074428002305
1260403078152454144
1260403103335153665
1260403116588986368
1260403194095472641
1260403271266492417
1260403275846660097
1260403338853724163
1260403408068063233
1260403469015560195
1260403477278228482
1260403499281469440
1260403652847697923
1260403653430706176
1260403699140014080
1260403892799619072
1260403925976363008
1260403938177593346
1260403985321582593
1260404010047004672
1260404022080503809
1260404056616558593
1260404061821521921
1260404211713339393
1260404215060594689
1260404219301027842
1260404228306030593
1260404240817799168
1260404326658236416