1265160748369575936
1265160821035814913
1265160832708759555
1265160874093838337
1265160921351098368
1265161114872156160
1265161177140772864
1265161199035002880
1265161227422109696
1265161261911887872
1265161282950508546
1265161332417916928
1265161353653891075
1265161441142870016
1265161487217070080
1265161495136141312
1265161534042300416
1265161546101129216
1265161627130888193
1265161663558213632
1265161667568185346
1265161697704079361
1265161722723213312
1265161768382447617
1265161839547219968
1265161882454732801
1265162085513809920
1265162167478779905
1265162244775718916
1265162248349265920
1265162254460293120
1265162263713001472
1265162271547744257
1265162297770680323
1265162373179961344
1265162431279640579
1265162517623508994
1265162531472945154
1265162540662702081
1265162579221065729
1265162623915622401
1265162692140154885
1265162815175876610
1265162817847558145
1265162832988868609
1265163001432285190
1265163001998573571
1265163044595937281
1265163059976302592
1265163064023842816
1265163120311332864
1265163127483535365
1265163137344581635
1265163316793671680
1265163492455182337
1265163601548963840
1265163626626928640
1265163627289600000
1265163636265431041
1265163652274876416
1265163753630416897
1265163916730077184
1265163931976298496
1265163961877491712
1265164072879886337
1265164130794778624
1265164200642359296
1265164248637771776
1265164273044594688
1265164290094489600
1265164298088841216
1265164349188038656
1265164398483714048
1265164440418336778
1265164574665388033
1265164578469658630
1265164641539219456
1265164683238977542
1265164831537221634
1265164838407471107
1265164867776008197
1265164881503944706
1265164922683441152
1265164972796948480
1265165028329578497
1265165069135970304
1265165183414153216
1265165201227149313
1265165254453067778
1265165282282070017
1265165282512736256
1265165308781871104
1265165346165555201
1265165348715876352
1265165392525361158
1265165451866193920
1265165501967347713
1265165570074279938
1265165707165044737
1265165778417942528
1265165799565778944
1265165887113437185
1265165929819725826
1265165943099047936
1265165975831425025
1265165983074967553
1265166021419204609
1265166052993798146
1265166122984378370
1265166159235645445
1265166209730871296
1265166252856803330
1265166298415153158
1265166324227100677
1265166328270188550
1265166331235594240
1265166348155588608
1265166397702918144
1265166500211687431
1265166541357711362
1265166584533811202
1265166622127521793
1265166688041013249
1265166704595722240
1265166740197179393
1265166755535749120
1265166830777389056
1265166923639160834
1265167055621251073
1265167060667072514
1265167183610613761
1265167199313866753
1265167224626536454
1265167318012829697
1265167334437580800
1265167431665844225
1265167447373438976
1265167488934981642
1265167670250319872
1265167682380447746
1265167790912069632
1265167792665268224
1265167817600577536
1265167845647761408
1265167857719152645
1265167862290841605
1265167867772878848
1265168174988750848
1265168206026637320
1265168287433965568
1265168291351445504
1265168336616402945
1265168356912402433
1265168374474190848
1265168399807602688
1265168479667335170
1265168491998408706
1265168509925036032
1265168547866537984
1265168680368902150
1265168698593009667
1265168755337957377
1265168763952955392
1265168974590943232
1265168981024845824
1265168996170694656
1265169015527407616
1265169154325254147
1265169165637255168
1265169183404220416
1265169201443901441
1265169257387655169
1265169355785924608
1265169360689090560
1265169458709979137
1265169465781649408
1265169470122647552
1265169574900662273
1265169667502624768
1265169675081650176
1265169720199622656
1265169788654870529
1265169834897076226
1265170016124702721
1265170031119302657
1265170049507176448
1265170052548042753
1265170085494300673
1265170104142032904
1265170125017149441
1265170269636722694
1265170395684093952
1265170549686317056
1265170594275848192
1265170735649001472
1265170760827637760
1265170810815332355
1265170810874011648
1265170920261517312
1265170921930792960
1265170933515354114
1265170933951500288
1265170954063187968
1265170976070758400
1265171030214971392
1265171058438672386
1265171063257923585
1265171085063942144
1265171173186441217
1265171252479586305
1265171268354977802
1265171293843918848
1265171368477425667
1265171558236065793
1265171563252416512
1265171674850344961
1265171684346265600
1265171762649501698
1265171772586053632
1265171772925673472
1265171784195866624
1265171843662540800
1265171943604588545
1265172062982868992
1265172078090579968
1265172182948179969
1265172246273949697
1265172312011100160
1265172421117718528
1265172624256221185
1265172660801150976
1265172724873297921
1265172735694495744
1265172775137800192
1265172900669280256
1265172963214733312
1265173193989533697
1265173351804235776
1265173373958660096
1265173411271266304
1265173449086918656
1265173480028463104
1265173499540373505
1265173541865086984
1265173557195214851
1265173584709922816
1265173659716476929
1265173660123361281
1265173752746176512
1265173764544831489
1265173768659329024
1265173823537774592
1265173859059273728
1265173993415311366
1265174038206283776
1265174058200477696
1265174104988094470
1265174171732054021
1265174191600545792
1265174195647811584
1265174222546092037
1265174255743819776
1265174359301373954
1265174375499575297
1265174406923456512
1265174522661146625
1265174537290817539
1265174575068991492
1265174590449422336
1265174645927542791
1265174696070447104
1265174758863372289
1265174792589774848
1265174893320114176
1265174974479740928
1265175046047162370
1265175046122856453
1265175046919610371
1265175056050724865
1265175086585143296
1265175118357069824
1265175140297392128
1265175144969854976
1265175148677730305
1265175161491410946
1265175278713626624
1265175408691105792
1265175458724958208
1265175471395794945
1265175471458709504
1265175587741712384
1265175657065050112
1265175686689497088
1265175694100754434
1265175702648655872
1265175710286700545
1265175761540902914
1265175830331895808