1259709847974694913
1259709873056514048
1259709915314024449
1259710008146694144
1259710063511568384
1259710091126857729
1259710213600542721
1259710427493134336
1259710464252153857
1259710482979512320
1259710487106707457
1259710578584686592
1259710629469970433
1259710720171794432
1259710796138901504
1259710867467313154
1259710909452345348
1259710947775545344
1259711001697673217
1259711031837749248
1259711051886727168
1259711122426347520
1259711124380975111
1259711152990363649
1259711404095033344
1259711426253467651
1259711499884474369
1259711685155119105
1259711934083055617
1259711937560141824
1259712205290946560
1259712235993088000
1259712335184375808
1259712487278219269
1259712491556405249
1259712506123161604
1259712516722167811
1259712620476747776
1259712621344894978
1259712654903398401
1259712666999885825
1259712687895871490
1259712733684985857
1259712818498220033
1259712838815211521
1259712897711824897
1259712905487867904
1259713250633166854
1259713271327797248
1259713275828359168
1259713321143382016
1259713354639093764
1259713526286950403
1259713530401402880
1259713569270181888
1259713631911940097
1259713643664605185
1259713703185874944
1259713747343400960
1259713888721010696
1259713943058219008
1259713946740830208
1259714039594115078
1259714060012134400
1259714075229069312
1259714105167888384
1259714116370829312
1259714167893721088
1259714261049212928
1259714294796693504
1259714366674366465
1259714411507314688
1259714424216195072
1259714609336004610
1259714667481632769
1259714717913886720
1259714834591035393
1259715129056215041
1259715444904210440
1259715461220044802
1259715576928145410
1259715808357384194
1259715862380122114
1259715902066614277
1259715928507346945
1259715939421106178
1259716018160754688
1259716090109857792
1259716168262152192
1259716387229990912
1259716425448591362
1259716426140696576
1259716508969840640
1259716536157319168
1259716591710883840
1259716656386977792
1259716683259711488
1259716737026711553
1259716766017581057
1259716814269026304
1259716820405280768
1259716827430572034
1259716866517291008
1259717113134055426
1259717184265129984
1259717251726483459
1259717271720800261
1259717373684183042
1259717420299636741
1259717427685965824
1259717536112836608
1259717759060996097
1259717809438769152
1259717951189585921
1259717952825225216
1259717994470612993
1259717995128995841
1259718014930305024
1259718031099355136
1259718052121280514
1259718052339257344
1259718339817021441
1259718463163006976
1259718493039181824
1259718519337431041
1259718751886274562
1259718757003468800
1259718765979119616
1259718787126964226
1259718807536332801
1259718827719286785
1259718833427763201
1259718962721390592
1259719023505350658
1259719034544807936
1259719097803321351
1259719180695285766
1259719281530466310
1259719300278935554
1259719337067364352
1259719398593638402
1259719400237613056
1259719448648314880
1259719627560505349
1259719706174468096
1259719788802093056
1259719793265041408
1259719807055822848
1259719829956759553
1259719914513821698
1259719994067218432
1259720020231368709
1259720381415460865
1259720572583448577
1259720590786781185
1259720602874712065
1259720661976694786
1259720757627596801
1259720829387984896
1259720951622590465
1259720976281018368
1259720984350928897
1259721067465265154
1259721117855612930
1259721304158150657
1259721371195715584
1259721391051542528
1259721534245142529
1259721537378279424
1259721575701643264
1259721722028146688
1259721805855506432
1259721810310041600
1259721912562876418
1259722000844677121
1259722017143742464
1259722066699452418
1259722078984552449
1259722388016705537
1259722399131394048
1259722405817266177
1259722418224054274
1259722447605108736
1259722464306872321
1259722654443089920
1259722704145592320
1259722800127856640
1259722829567754240
1259723022833004544
1259723047969402881
1259723110648934401
1259723265045491712
1259723307865255937
1259723312654999558
1259723416954953728
1259723497032556545
1259723509489680385
1259723639391322114
1259723656546136066
1259723785210433536
1259723899178287104
1259723908258947073
1259724098218921986
1259724314775105537
1259724325889937410
1259724352263774208
1259724361201786881
1259724364444045313
1259724427446673408
1259724470391955456
1259724554370527232
1259724618291572737
1259724888937336834