1262654249881743360
1262654259566268417
1262654379867414528
1262654595379101696
1262654725993852928
1262655039031652354
1262655092815040514
1262655224143056898
1262655340425826306
1262655341743017985
1262655498937131008
1262655555375693824
1262655574824583168
1262655664238866432
1262655667451637760
1262655693355532288
1262655781201219584
1262655847743713281
1262655898960433153
1262655910654013440
1262655959668834304
1262656013058166784
1262656029205999616
1262656053352845313
1262656084973625345
1262656233930059777
1262656430915686400
1262656434119929858
1262656549551513602
1262656720691552256
1262656728254033920
1262656820851638272
1262656867861508097
1262657040503042048
1262657048459673601
1262657160355463171
1262657212670832640
1262657315821350913
1262657357085052931
1262657513180315648
1262657617920430080
1262657656008798208
1262657663726321665
1262657664775053313
1262657827820179456
1262658007365632000
1262658020322037762
1262658035924611074
1262658150219595778
1262658163079168002
1262658163410702337
1262658372249227264
1262658531704008704
1262658595709243392
1262658645185232896
1262658666253168640
1262658871622959104
1262658968406708228
1262659065831923712
1262659169343148032
1262659192013406208
1262659223852376065
1262659496498720769
1262659504807632896
1262659518632046592
1262659664946266114
1262659677009129473
1262659928902303744
1262659975983370240
1262659979682607105
1262660071399587840
1262660113409728512
1262660155793170434
1262660167772094465
1262660193583849473
1262660252379385856
1262660311561252865
1262660336022364160
1262660356192665600
1262660515723182082
1262660525282004992
1262660529719394306
1262660546056392705
1262660546987536384
1262660567472504841
1262660642865139714
1262660944712196098
1262660957513420801
1262660965784567808
1262660978061250560
1262661016846061568
1262661184228032512
1262661278935535616
1262661310090825729
1262661321159557120
1262661342462218240
1262661351043813378
1262661351656194049
1262661401769906176
1262661455221907458
1262661500717727749
1262661593747402753
1262661619487666176
1262661677817819137
1262661715654819842
1262661742540099584
1262661750307971074
1262661771367788544
1262661926548635649
1262661980340584450
1262661984840974340
1262662037169111041
1262662096723906560
1262662223178149890
1262662463851581442
1262662612719976448
1262662684417200135
1262662698338140162
1262662709545443329
1262662721377533952
1262662906560147456
1262663053885259777
1262663124961972230
1262663126325092352
1262663167202799617
1262663314141859840
1262663477719695360
1262663746029314051
1262663753864183809
1262663833354551298
1262663870948270085
1262663938833072130
1262663940158287872
1262664016759054336
1262664290424651776
1262664393977888774
1262664468296843265
1262664635389444096
1262664682202169344
1262664714657714177
1262664801765011456
1262665034498363393
1262665473545711616
1262665499382558720
1262665548627881984
1262665591099396096
1262665603447472128
1262665760058507264
1262665844867416074
1262665985737269248
1262666026992500737
1262666065533952002
1262666078058143745
1262666090263568384
1262666187030364160
1262666501791850497
1262666515121352704
1262666547731955712
1262666581248749568
1262666639851601920
1262666662974754821
1262666700547403776
1262666714933682178
1262666769682116609
1262666797888626688
1262666811088216064
1262666829367062531
1262667138868756480
1262667219181490176
1262667374777507840
1262667385582104576
1262667507850194944
1262667679204347905
1262667739153469442
1262667810481885185
1262667955684339712
1262667969936711681
1262668054217003010
1262668171607183360
1262668179035340801
1262668233611472896
1262668263445716992
1262668305640259584
1262668340889178113
1262668497689079808
1262668510762844160
1262668582984572931
1262668650005356544
1262668800706609153
1262668923998212096
1262669068672401408
1262669100360306688
1262669124011831296
1262669186058182657