1260132692538032128
1260132701052579840
1260132730790203392
1260132894418198528
1260133154549096453
1260133255363297280
1260133330974126087
1260133403061440512
1260133530027405318
1260133564990930944
1260133620141957123
1260133721967132672
1260133762739953664
1260133829131538432
1260133834001207297
1260133858676281344
1260133892792729600
1260133908794019842
1260133985872678912
1260133997989867521
1260134035420065792
1260134254794739713
1260134294955208704
1260134294984503296
1260134752218161154
1260134810552602624
1260134870078173184
1260134965217579008
1260135092346814465
1260135123128811520
1260135123200040964
1260135277131173888
1260135314057723909
1260135449051508736
1260135453610717184
1260135616232087552
1260135696154714114
1260135794863484933
1260135872315502592
1260135943299837954
1260136060161531904
1260136138574049283
1260136179426607104
1260136224267919360
1260136412969496577
1260136540992307200
1260136589709070337
1260136743849701376
1260136916332220416
1260136954684944386
1260136971097083904
1260137015246536704
1260137051350921216
1260137077590626304
1260137122364784640
1260137273825214464
1260137390661828608
1260137419275292672
1260137541295980550
1260137545184145408
1260137567191777280
1260137575257452544
1260137633553973248
1260137688365240321
1260137717708529664
1260137776726659073
1260137804677500928
1260137819240124418
1260137897384173568
1260137918355714048
1260138054213406720
1260138149730271232
1260138152179593216
1260138158127226881
1260138289190838277
1260138490076987392
1260138577373134849
1260138656750342145
1260138661041131522
1260138776719798272
1260138812778278913
1260138853869867008
1260139059642392577
1260139127669997568
1260139185530261505
1260139302773817344
1260139357689786368
1260139390963253249
1260139475566358528
1260139555363184640
1260139617929646081
1260139705385050112
1260139747458113536
1260139794530779136
1260139819541331968
1260139924243853313
1260139927162908673
1260140204918095872
1260140331233939461
1260140357632884737
1260140504978784257
1260140574968909825
1260140615590907904
1260140834973941760
1260140884819152897
1260140968163938308
1260141048149532674
1260141097877192709
1260141115564580865
1260141238235344896
1260141290676781059
1260141312667463682
1260141366975266819
1260141400328372224
1260141509363601408
1260141538631352320
1260141644013166592
1260141650325749760
1260141651340607490
1260141680981835777
1260141749139386368
1260141804353191936
1260141840885583872
1260141983231889411
1260142021357993985
1260142079235305474
1260142222479163392
1260142226136596480
1260142254389256192
1260142295719923714
1260142455564967937
1260142632035946496
1260142706258477057
1260142737938157568
1260142892712157185
1260142913780146177
1260143287064805377
1260143333201940480
1260143438235930629
1260143522440785925
1260143595790708736
1260143736010559488
1260143763881693184
1260143817379901440
1260143900590825473
1260143959122173952
1260143996137078784
1260144082510364672
1260144159827976193
1260144184838819841
1260144218229682178
1260144286693277696
1260144314773958656
1260144332989968388
1260144377579679745
1260144517094793218
1260144542059118592
1260144559545294848
1260144579678011392
1260144621906276355
1260144890362695681
1260144918951088128
1260145103571529728
1260145179643658240
1260145275378692098
1260145397902839808
1260145398032859136
1260145554522341376
1260145673678344192
1260145675301502976
1260145706880438272
1260145811884617728
1260145816892669952
1260145909314265088
1260145934488539136
1260145976741945345
1260145984408936449
1260146089681772545
1260146115271438337
1260146190999486464
1260146191435612161
1260146194405154818
1260146219826864129
1260146231696928771
1260146256812236801
1260146333408808961
1260146394624593921
1260146400437899264
1260146467790094336
1260146588711661568
1260146633985196032
1260146665136291841
1260146708429901825
1260146856836894720
1260146933680631809
1260146939422793730
1260146981961416705
1260146996234670081
1260147108964790275
1260147176291762182
1260147239483256834
1260147313504288773
1260147390516023296
1260147483499360256
1260147531977293824
1260147632535564288