1258199873116975104
1258199886635372544
1258199926430814209
1258199936325152768
1258199952553115650
1258199984551460864
1258200016348483584
1258200070945734665
1258200242773610496
1258200469022752768
1258200534286135296
1258200670542405632
1258200680390672390
1258200758874288129
1258200759012929551
1258200770727391232
1258200858837180418
1258201073745113091
1258201081596850178
1258201090404777985
1258201124135370753
1258201166350966785
1258201203642695680
1258201211238481921
1258201304394084352
1258201308110172160
1258201396601671681
1258201482563686401
1258201611215699969
1258201745454497798
1258201882620760074
1258201971963703301
1258201998073135106
1258202093250371590
1258202105782898688
1258202109843038208
1258202142554415104
1258202164368781312
1258202189165707269
1258202189639454721
1258202222061432833
1258202281809448961
1258202319054913538
1258202331499429889
1258202382187536384
1258202528937848833
1258202574336991233
1258202649817743362
1258202692704501760
1258202889413165056
1258202921419722752
1258202994740346880
1258202998402166784
1258203085861609472
1258203098704642048
1258203200500490241
1258203371305078786
1258203572736536577
1258203625790345217
1258203661303517184
1258203732904480768
1258203765246697472
1258203887481368576
1258203908675158016
1258203942145667072
1258203967714140161
1258204042741891074
1258204043421388800
1258204072286384128
1258204147071037440
1258204155547656192
1258204278092476417
1258204281515028481
1258204302658670592
1258204327505690624
1258204345088303104
1258204407763742725
1258204469843693577
1258204537480810496
1258204541628997634
1258204563120611328
1258204567214399493
1258204685086814209
1258204726623186948
1258204775730069509
1258204848736141317
1258204862573088770
1258204966902251526
1258205050381402113
1258205096183291911
1258205112834699267
1258205123521548290
1258205132900069376
1258205158384660481
1258205207814701057
1258205314001797121
1258205358847336449
1258205359497510915
1258205448701968385
1258205494302236672
1258205545317699584
1258205633301614593
1258205687508762624
1258205872595091457
1258206005994848256
1258206022419783683
1258206034956517377
1258206091441291270
1258206093756583936
1258206102845566977
1258206215592648705
1258206253857325056
1258206322430021638
1258206336732614656
1258206346337452032
1258206362263306242
1258206513317007362
1258206551296208896
1258206567582715904
1258206752513896448
1258206900149198848
1258206924295659520
1258206928439840770
1258206935675011072
1258207032835891200
1258207160028196867
1258207164130304001
1258207184053207040
1258207310469632002
1258207335748636672
1258207549377085440
1258207587344015360
1258207608344895498
1258207702251188224
1258207723281408005
1258207747000209408
1258207751198703620
1258207792562868226
1258207794295160840
1258207817409933319
1258207821944020996
1258207842798120963
1258207943650168834
1258207981344378883
1258208018732158977
1258208031835172864
1258208081969926149
1258208094191927296
1258208114974703616
1258208118997221376
1258208176152829952
1258208203537551360
1258208278808367104
1258208337583394818
1258208674650230784
1258208748952260610
1258208762118074368
1258208803947978754
1258208811246116870
1258208900580380672
1258208954011709440
1258209000140636161
1258209134136168452
1258209166499479553
1258209344220352512
1258209357357109254
1258209420690980867
1258209512466583557
1258209570780053505
1258209604560773120
1258209687914319872
1258209747632828417
1258209872597958667
1258209877350121473
1258209889102573569
1258210036226101250
1258210054211358724
1258210089472864257
1258210174491414531
1258210176865353728
1258210355345608704
1258210611604983809
1258210761689772034
1258210775216254976
1258210787400617985
1258210808561090568
1258210867096641536
1258210895924256768
1258211182005096448
1258211235704823814
1258211428424654854
1258211453741432834
1258211495948759043
1258211592333864960
1258211605164285952
1258211626370637825
1258211659279216642
1258211666975764481
1258211760231919617
1258211764220633088
1258211848161234944
1258211878486134785
1258211884743917569
1258211957884293121
1258212112108867584
1258212135072653313
1258212170954764288
1258212180744380417
1258212201409765376
1258212217222127617
1258212255331577856
1258212287552401409
1258212309492731905
1258212314643382273
1258212363356065793
1258212440531259392
1258212464707149825
1258212474106662912
1258212494008410112
1258212587336065025
1258212591249260546
1258212697289699330
1258212758551777284
1258212776478011394
1258212915473047552
1258212968275128320
1258213157409107971
1258213198932570112
1258213264716152837
1258213270223310850
1258213312283566083
1258213362145677313
1258213383486275584
1258213460711813121
1258213493309755392
1258213500826144770
1258213513954127872
1258213522514771969
1258213604643528704
1258213606275104769
1258213817496023040
1258213828317319170
1258213985427521539
1258213987071778816
1258214067405111298
1258214159499448320
1258214310507094016
1258214385593409538
1258214424340508674
1258214470914113542
1258214503105409024
1258214587578474497
1258214600446578690
1258214742587396096
1258214802201214981