1259996717883113473
1259996721263915009
1259996797612756999
1259996797801394176
1259996810862460929
1259997086566629376
1259997120641167360
1259997161766432768
1259997263255883777
1259997267433578497
1259997296705409025
1259997321204510722
1259997447096602624
1259997602633977858
1259997607964770304
1259997644266471424
1259997648649703430
1259997760620650496
1259997863175741441
1259997871643996160
1259997875641122816
1259998001239666688
1259998053597155330
1259998197411389440
1259998231280455680
1259998231762796544
1259998269448638464
1259998361618448384
1259998488374521857
1259998676866314240
1259998789340823553
1259999007662845953
1259999165888806912
1259999205009100801
1259999243097583617
1259999297933905921
1259999392511205376
1259999490540363776
1259999494529265664
1259999662595063808
1259999924898447365
1260000165026545666
1260000186950201345
1260000236468084739
1260000416655216640
1260000518031769605
1260000563586097152
1260000589422956549
1260000601041240064
1260000614622232576
1260000685459828736
1260000685891952642
1260000781643776000
1260000791005462529
1260000933540397058
1260000937126572035
1260000962204205056
1260000978641829890
1260001042445611008
1260001067221352451
1260001155972763650
1260001177300881408
1260001263971962880
1260001314949541895
1260001402660642819
1260001797130858496
1260001810170904576
1260001813207617536
1260001915083128832
1260001921991151616
1260001926957146112
1260002048134635520
1260002107261743104
1260002114677415938
1260002123837845505
1260002313260826625
1260002316352212992
1260002378797002752
1260002385356709889
1260002392000483329
1260002711447015424
1260002861750071298
1260003043170562048
1260003075856781318
1260003091933474817
1260003105397264384
1260003109398609921
1260003126892953605
1260003198028247040
1260003231448662017
1260003286372872193
1260003310804897798
1260003357365800965
1260003508385910790
1260003529198092288
1260003560261025795
1260003721821458435
1260003869217693697
1260003886674391043
1260004070250565638
1260004199829573633
1260004325763411968
1260004325771878400
1260004333795471361
1260004334101622784
1260004392947929088
1260004410429591553
1260004460077690880
1260004521113198597
1260004530680258561
1260004581817319426
1260004590386393088
1260004611047542784
1260004620719529984
1260004624112611333
1260004645218537475
1260004653166624769
1260004754991779841
1260004776911048705
1260004791876571140
1260004842946260994
1260004880951005192
1260005001906262022
1260005044121792512
1260005065361850370
1260005106852003841
1260005190842945542
1260005223411613696
1260005245377064960
1260005299076968448
1260005421072502785
1260005445852450817
1260005547274833920
1260005576391536641
1260005673288466434
1260005726354919431
1260005848472080384
1260005891044147203
1260005903450996738
1260005912552431622
1260005944936681475
1260006048792010753
1260006075165802499
1260006079251054594
1260006091871719430
1260006113342369792
1260006142027030528
1260006204937351169
1260006218598400001
1260006237049106435
1260006285501751310
1260006331492306945
1260006413243281409
1260006415629983745
1260006548555915268
1260006570538172417
1260006713186488321
1260006734191636482
1260006746195550208
1260006783730491394
1260007048781000705
1260007250569158657
1260007277525757952
1260007304562216960
1260007326074863617
1260007404726448129
1260007420870291456
1260007472032440320
1260007518073311232
1260007635547336704
1260007743437459457
1260007753747099648
1260007861758750721
1260007886974971904
1260007948819894274
1260007974765920256
1260007975504076800
1260008017698844672
1260008164046454787
1260008172363739136
1260008179099766785
1260008226290089985
1260008239657127937
1260008243503349765
1260008533346578432
1260008566355718145
1260008576757555201
1260008612740476929
1260008641656045568
1260008755766235136
1260008803744903169
1260008879930269696
1260008965695401985
1260008990370525186
1260009027645267969
1260009212412784640
1260009214216253441
1260009224697819136
1260009317790408704
1260009413332459523
1260009450535923714
1260009509998616577
1260009568899223553
1260009576667086849
1260009577308815360
1260009610808750081
1260009688478838784
1260009707856490496
1260009745311621120
1260009765956026369
1260009930171375616
1260010168638562306
1260010260808400897
1260010431327858688
1260010470548758534
1260010470607486978
1260010550764814346
1260010558587146240
1260010580275937280
1260010648370479105
1260010660177383427
1260010848266752001
1260010911122636801
1260010951463456770
1260010978587996161
1260011010309545985
1260011094216564738
1260011162512449536
1260011187858620420
1260011317605228544
1260011455451033600
1260011480608473088
1260011516016726017
1260011522719313920
1260011522983485440
1260011590486638592
1260011607830040576
1260011620756905984