1266232804230213633
1266232804615938053
1266232822492086272
1266232834634776576
1266232847683084288
1266232863344562178
1266232969435348993
1266233002482253824
1266233018189926402
1266233027199479808
1266233027820052482
1266233064381767682
1266233183017684994
1266233241775730690
1266233253603602433
1266233333677043716
1266233341327454208
1266233371736207360
1266233534642941954
1266233559775186944
1266233618747154432
1266233777971331072
1266233919973679104
1266233935463251969
1266233963145654278
1266233979029594112
1266233988164620288
1266233993361489925
1266234000298803200
1266234113435906050
1266234151000084481
1266234357305376768
1266234515988590592
1266234683362168833
1266234804971859970
1266234832721305600
1266234922772992007
1266234940334542848
1266234953051734016
1266234958982479872
1266235063231889408
1266235079195385857
1266235135080361984
1266235215514492928
1266235238201520129
1266235245679894530
1266235300721745925
1266235323987550210
1266235384091951104
1266235417923219456
1266235430699020293
1266235439477714944
1266235565134888961
1266235577109590022
1266235686115368960
1266235909126545411
1266235941632409606
1266236013153710088
1266236143860740096
1266236193328336900
1266236197644328963
1266236221757390854
1266236299817570306
1266236365269725184
1266236373817688068
1266236403781783564
1266236415395852288
1266236433288720390
1266236479715459078
1266236521868193798
1266236608958754818
1266236625471680513
1266236638167851009
1266236647659597824
1266236703900987395
1266236726122385409
1266236760276627457
1266236773086060545
1266236855873204225
1266236981647781888
1266237091500851201
1266237217405407237
1266237297831276546
1266237389552234496
1266237400851730432
1266237457541918722
1266237485891244032
1266237557676732424
1266237678351073287
1266237785037344770
1266237804553449475
1266237825743122432
1266237896777842690
1266237934593687554
1266237967716114435
1266238085576056835
1266238106044252168
1266238244359823361
1266238303457562625
1266238323699273728
1266238326496874502
1266238396017471489
1266238410932404229
1266238412907966465
1266238466456616960
1266238526837813250
1266238640104935427
1266238701434093571
1266238718790103040
1266238735194046464
1266238848121487362
1266238855679602689
1266238957836103687
1266238966342144001
1266238991096901635
1266239088870305794
1266239154876116992
1266239167404490755
1266239448812883968
1266239463945953281
1266239472003215362
1266239507835129856
1266239628459163648
1266239733589368832
1266239776216059907
1266239805718818819
1266239820767956995
1266239890263425029
1266239977437818880
1266239989890732033
1266240038993461248
1266240068827484168
1266240069305655297
1266240173953564672
1266240207914799104
1266240300025954307
1266240412739493888
1266240497011441667
1266240513436291073
1266240580104753157
1266240800448368642
1266240832434143232
1266240902252515328
1266240959332794368
1266241034352123906
1266241104677965826
1266241108574535682
1266241113746104322
1266241290095607810
1266241294600290306
1266241308466614273
1266241328259555329
1266241381963411456
1266241398455455752
1266241717373562881
1266241718321479686
1266241784461398016
1266241839746539520
1266241950031556610
1266241992062717952
1266242073591595029
1266242090423291904
1266242178579193858
1266242228369801219
1266242275467603971
1266242355377565696
1266242430099091456
1266242527402708995
1266242606599565317
1266242629781483523
1266242632356790275
1266242674601766913
1266242900343414784
1266242930089406464
1266242959223042050
1266242997227622402
1266243055478165504
1266243094095093760
1266243113753825280
1266243218909229061
1266243257035456513
1266243320226836480
1266243329890516993
1266243558933069825
1266243638779998209
1266243727808270336
1266243729792229377
1266243777426944001
1266243793935691777
1266243890144636928
1266243953319227399
1266243987418959880
1266244016544165889
1266244052510314504
1266244062668963840
1266244075386109955
1266244120722329603
1266244133250686976
1266244167379726339
1266244326582939648
1266244326905876480
1266244397714169858
1266244402252378121
1266244552957898758
1266244749830131712
1266244770713616384
1266244782801580032
1266244784177295360
1266244810827984897
1266244896769245184
1266244905468170246
1266244959377580033
1266244985407410176
1266245170049085441
1266245215649583111
1266245240475680770
1266245368271876097
1266245446084644864
1266245853380931584
1266245945097773058
1266245945810751500
1266245990081687558
1266246209359863808
1266246234844442625
1266246284890927104
1266246335633616896
1266246362703646722
1266246566328725505
1266246722797240320
1266246901470425090
1266246941244928001
1266247006667718665
1266247048413581314
1266247082551021579
1266247316802899972
1266247447027712000
1266247480183631873
1266247496835018752
1266247569186799617
1266247778285441032
1266247815509864449