1261582157534937089
1261582250501705728
1261582264909148164
1261582365727522816
1261582375537872896
1261582386191634432
1261582434442842112
1261582475962220545
1261582554227806208
1261582609043210241
1261582739964342272
1261582780896555008
1261583050397364225
1261583062808309760
1261583087390978048
1261583158627241990
1261583220912590849
1261583313585573890
1261583315024445440
1261583331398909952
1261583466858151936
1261583691072995328
1261583781137395712
1261584098616885248
1261584195622776832
1261584397540528134
1261584421431455744
1261584464582455296
1261584500406071296
1261584519217459200
1261584590419963913
1261584819236081664
1261585050916749312
1261585080402804736
1261585466912051200
1261585567013208066
1261585668414730242
1261585754515312642
1261585802884194304
1261585815274008577
1261585850909036546
1261585872983654401
1261585893896355840
1261585981599186945
1261586071235813378
1261586120854450181
1261586157734973441
1261586195995226114
1261586221303767040
1261586291977850880
1261586303981846529
1261586372374265856
1261586509519609856
1261586614863704064
1261586658551566337
1261586942828916737
1261587051905982464
1261587071979925505
1261587174295769088
1261587219481088000
1261587261835141121
1261587290096316416
1261587411357839360
1261587610587156481
1261587704753655810
1261587735460134914
1261587735506116608
1261587982492073986
1261588003551657984
1261588283840176131
1261588310083932160
1261588372893478913
1261588380699238400
1261588405458272258
1261588582432747520
1261588593652510721
1261588712128868352
1261588758375383041
1261588858346577921
1261588871214661632
1261588942954078208
1261589065524301825
1261589144037396480
1261589165067702272
1261589170369318912
1261589193060384768
1261589210760388608
1261589388699537414
1261589393036283904
1261589461747609600
1261589568853282816
1261589648784142336
1261589819374919680
1261589866766270464
1261590000233320448
1261590003819384833
1261590025415921665
1261590042230820864
1261590055208058886
1261590218056097793
1261590476936876032
1261590524009631744
1261590595245453318
1261590788150112257
1261590831951216640
1261590913572204546
1261590937647476736
1261591022943035392
1261591035144175617
1261591281794453504
1261591433112432641
1261591435117309952
1261591538515218432
1261591603090796544
1261591604864806912
1261591749345992704
1261591861371813890
1261591892145451008
1261592223881322496
1261592232232022016
1261592272367423490
1261592361873764353
1261592483433250819
1261592486373449728
1261592781153161218
1261592797863444481
1261592956378574848
1261593014385938434
1261593056819720192
1261593191964389377
1261593247853535232
1261593317084717056
1261593415038328833
1261593502200344576
1261593528674721792
1261593623897837573
1261593750326915076
1261594011770540032
1261594103151833093
1261594198765010946
1261594282869370880
1261594378155380740
1261594437190209537
1261594459260817408
1261594513447038976
1261594642111397888
1261594651548475398
1261594733069172741
1261594744091742208
1261594775955832832
1261594777608429568
1261594799049768961
1261594857900048384
1261594931954622466
1261594952737284097
1261594958148050944
1261595020106305536
1261595037252464640
1261595052565909504
1261595069703950336
1261595070953861120
1261595083712925697
1261595114062872576
1261595155469160448
1261595378522218499
1261595498248536070
1261595503315255296
1261595801505148928
1261596078232743936
1261596168687177729
1261596238249631744
1261596404126044161
1261596451295178752
1261596496782405632
1261596522153680898
1261596583914811392
1261596801771110401
1261596826135932928
1261596831420567552
1261596848768405504
1261596871048527879
1261597012673335296
1261597047532158977