1259422933891588097
1259422984554586112
1259423025004335104
1259423161860403201
1259423273361846272
1259423298338852864
1259423305569832960
1259423310313635846
1259423563829833728
1259423903144910848
1259423954885730304
1259424028759961602
1259424041166872576
1259424179943849986
1259424188143669249
1259424451898171392
1259424468730085376
1259424486022975489
1259424552544636931
1259424601723068416
1259424631754121219
1259424756455157760
1259424937795891202
1259424941641830400
1259425121665679362
1259425134831480832
1259425169812213763
1259425235876458496
1259425257007521792
1259425306256871426
1259425595919917060
1259425684906102787
1259425802778824704
1259425941450821633
1259425943715749889
1259425962183274496
1259426077795127296
1259426232921399296
1259426346465402882
1259426528259121152
1259426577382887424
1259426644827213825
1259426704684187651
1259426736841740288
1259426751240962051
1259426753073876992
1259426771071623170
1259426805020311554
1259426897131429894
1259427102975315968
1259427238707167232
1259427244050694144
1259427277990817792
1259427525740068864
1259427664110268416
1259427761283833858
1259427957988298755
1259427979404423169
1259428003450359808
1259428025621516295
1259428067765878785
1259428092252127234
1259428121763291138
1259428181066559489
1259428213174013952
1259428235961675776
1259428348603895814
1259428613222350848
1259428654565732352
1259428675981893632
1259428687654445058
1259428817267052545
1259428821192900608
1259428896849592321
1259428963987992577
1259429023211544578
1259429053322260480
1259429705415090177
1259429753909633025
1259429761379708928
1259429949942804481
1259430212791668736
1259430269079023617
1259430306307887107
1259430445269147648
1259430486256082946
1259430562462384128
1259430595857350658
1259430637947293696
1259430704615653376
1259430861004562432
1259431039015030784
1259431093092179968
1259431195278036992
1259431255415848965
1259431309044092928
1259431343592738816
1259431623218561027
1259431656403984384
1259431657872003072
1259431779229995009
1259431811932815360
1259431867973074944
1259431879339581440
1259431907995123716
1259432016207966208
1259432109904662528
1259432140501999616
1259432363207114752
1259432391925477377
1259432439631491072
1259432537459429377
1259432547202760704
1259432634389839873
1259432705533644800
1259432759275204613
1259432762425004033
1259432764207742977
1259432853332508672
1259432869958574081
1259432919409582082
1259433096589578240
1259433120736202752
1259433158874992641
1259433338865156097
1259433369449857024
1259433385828782080
1259433414811430912
1259433492930162689
1259433758987390976
1259433896422318081
1259434006002663426
1259434028437929984
1259434030560411652
1259434043474677760
1259434135451508736
1259434255064592385
1259434261184155648
1259434270218686467
1259434346240454656
1259434354373267465
1259434433557364736
1259434602428461059
1259434702668279808
1259434806984749057
1259434888324960257
1259434966322118657
1259434985653710849
1259435020675977218
1259435051839864834
1259435054788481024
1259435118021750785
1259435273517178880
1259435289698762752
1259435360297398272
1259435418782760961
1259435498222882816
1259435567084900353
1259435617353596928
1259435762635943936
1259435821805056003
1259435886913126400
1259435952570863616
1259435969708789761
1259435976709017600
1259436014977851393
1259436103645270017
1259436130899984384
1259436133223591936
1259436249703755776
1259436522366959616
1259436526343200769
1259436560690278401
1259436631494471681
1259436824235257856
1259437009598373890
1259437101604634630
1259437177139802113
1259437177689329665
1259437277199110144
1259437293083013121
1259437445864730624
1259437551162667009
1259437596599558144
1259437625422893058
1259437654732570624
1259437730880270337
1259437834861240321
1259437860693909506