1266836847726075905
1266836881779630082
1266837035630817280
1266837166568529920
1266837183291371524
1266837211741380609
1266837281920495619
1266837425902571522
1266837451332599811
1266837564880834565
1266837581104386048
1266837606660288519
1266837644157300737
1266837673013985280
1266837697991249923
1266837712075657218
1266837782430986240
1266837875318034432
1266837900123127816
1266837925767131137
1266838109783810048
1266838110303911937
1266838127035002887
1266838168415985671
1266838177144352779
1266838223822692353
1266838243825397760
1266838292135391233
1266838328621449216
1266838418610360324
1266838434330656769
1266838437325410304
1266838453607596032
1266838494061584384
1266838630481494018
1266838655169150978
1266838734529495041
1266838772211015680
1266838894248681474
1266838927769391106
1266838948984258560
1266839015401062404
1266839141284753408
1266839174717616135
1266839292829188099
1266839373212876800
1266839552628600833
1266839637454196737
1266839683448766469
1266839711789744128
1266839833856610305
1266839860981239816
1266839867977334789
1266839900516687883
1266839916803219462
1266839959933247492
1266839984662876165
1266840035472662528
1266840299768131585
1266840353367343106
1266840367514693635
1266840445998567426
1266840570535829505
1266840672704716801
1266840706909376514
1266840911402729473
1266840932332244994
1266841111827345408
1266841204387274752
1266841227380621312
1266841239569096704
1266841298629210112
1266841305642041344
1266841309848850432
1266841372272754694
1266841467168923655
1266841572026523650
1266841574664790017
1266841591953731587
1266841604352102406
1266841640930627585
1266841659024834564
1266841670651392007
1266841765660762117
1266841792336494594
1266841814281175043
1266841834795479040
1266841977561198592
1266842014248820736
1266842117407571968
1266842258462171137
1266842589493370883
1266842697660354561
1266842811569233921
1266842852627230732
1266843002485391360
1266843255779610628
1266843315250528256
1266843408116506624
1266843542879637504
1266843667467206658
1266843677592301575
1266843788825280512
1266843851777609730
1266843872317059072
1266843931460894727
1266843987241025536
1266844022959734786
1266844090882285571
1266844141159317507
1266844153599516673
1266844154283376642
1266844237838123013
1266844246277074944
1266844271317057536
1266844279852367873
1266844334587998209
1266844376929406976
1266844379907489795
1266844401206038528
1266844419048697856
1266844556471029762
1266844586330251264
1266844594228117504
1266844710565486593
1266844785198821377
1266844835396255745
1266844874772484097
1266844913125253126
1266844922176352256
1266844955466752004
1266845076296269825
1266845077101576193
1266845210568527874
1266845528840638464
1266845543046811648
1266845601188192257
1266845602345713664
1266845630317682694
1266845752208187393
1266845756977082368
1266845791903252482
1266846036749770752
1266846175518285824
1266846213107625984
1266846238915399688
1266846390505943040
1266846478024060928
1266846548874407938
1266846553165135878
1266846621607788546
1266846719444226053
1266846766923681794
1266846862981697537
1266846884993404929
1266846901665759233
1266847253496565762
1266847291878539265
1266847323797274626
1266847324405329920
1266847350053416961
1266847350431105025
1266847446409363456
1266847563774259200
1266847589531480064
1266847611241234434
1266847680761753600
1266847726932811778
1266847739922522118
1266847757307744257
1266847765499219969
1266847843232481281
1266847844436148227
1266847873980825603
1266847883233505281
1266847970823151618
1266848075567509507
1266848314781130752
1266848373086322688
1266848387640549376
1266848491197915136
1266848530217545733
1266848586828001282
1266848616385261572
1266848653945319425
1266848704201441282
1266848720005578753
1266848825035182081
1266849011190894595
1266849235644715008
1266849305916309504
1266849322932420609
1266849361863962626
1266849582086062089
1266849606622732289
1266849790916059136
1266849799090798592
1266849816853782529
1266849912941162498
1266849925637210122
1266849965479002115
1266850059594973186
1266850076602667008
1266850114213216257
1266850214507278336
1266850243838017536
1266850273537986560
1266850299647582208
1266850688291790849
1266850710454444037
1266850769216643072
1266850777269665792
1266850825810436096
1266850831665487872
1266850832663957505
1266850957738024962
1266851035173326849
1266851036964065280
1266851097588625408
1266851183941091331
1266851363922706432
1266851457648807938
1266851565484363776
1266851570064535553
1266851590452936705
1266851724985335810
1266851745277362176
1266851835127582720
1266851858565431299
1266851877200687105