1261914438489108481
1261914458479304704
1261914482449809408
1261914568042975232
1261914764940361728
1261914991646502912
1261915037842780160
1261915102103531522
1261915280353054720
1261915314544992258
1261915339077685249
1261915363991851009
1261915378503962624
1261915499224379392
1261915560767520768
1261915604702965760
1261915882101579776
1261915907695181824
1261915912741031936
1261915922631188481
1261916048057606144
1261916309719220225
1261916376383586304
1261916485544480769
1261916494083940353
1261916577156468736
1261916670060310528
1261916736124678144
1261916753296121856
1261916803887845377
1261916883449778177
1261916928970493958
1261916979176312832
1261917009245343744
1261917103650676737
1261917135988817927
1261917155488075776
1261917193501114369
1261917194100891649
1261917201801662464
1261917260320555008
1261917411290251265
1261917449563312129
1261917508937887744
1261917529468891139
1261917647303737344
1261917688181526529
1261917750857011201
1261917931950297089
1261918028255592448
1261918099055480832
1261918225744494592
1261918342140645376
1261918423652564992
1261918430611021824
1261918599289008128
1261918611628650498
1261918714091323394
1261918795456581633
1261918972397654019
1261918992882696192
1261919031096901633
1261919124189372416
1261919130988408839
1261919231991525376
1261919281291427847
1261919358365794304
1261919415764946945
1261919429375348736
1261919446295166976
1261919501253255168
1261919704588996610
1261919803138342912
1261919814039351297
1261919836780855297
1261919882091941888
1261919931580534784
1261919978850304003
1261920003764432901
1261920284220592130
1261920653399273472
1261920704116731905
1261920767845052417
1261920909062889472
1261920968525729792
1261921169957105664
1261921229491101696
1261921290631471104
1261921333396398080
1261921542381858817
1261921571448385537
1261921643749756930
1261921694979063813
1261921764906500098
1261921799123714048
1261921802831499264
1261921886478520320
1261922007744045056
1261922016808091649
1261922033685979136
1261922130561830912
1261922219204112387
1261922340645953537
1261922356596858880
1261922429556764677
1261922434187268096
1261922486687588353
1261922604069392384
1261922695702360064
1261922708692049920
1261922809145688064
1261922850677706753
1261922898811502592
1261922918126280706
1261922973524647936
1261923052750884864
1261923257969790976
1261923304610373633
1261923488421408771
1261923518234734592
1261923779053342722
1261923846761955329
1261923911924662273
1261923945810243585
1261924027213451265
1261924088622100493
1261924143139823616
1261924156913913859
1261924173078724608
1261924183212199936
1261924197489610754
1261924231023079425
1261924248010006528
1261924268767686657
1261924281350533120
1261924319837466624
1261924436288122885
1261924443388952576
1261924525182246912
1261924541640687616
1261924731940302848
1261924944482574336
1261925053559525377
1261925151827996674
1261925154998943744
1261925192609251329
1261925389238063106
1261925401124732929
1261925506275999745
1261925532071067649
1261925632268742658
1261925841480454157
1261925947780919296
1261925967599190017
1261926014818504704
1261926030966616065
1261926254841921536
1261926285757960203
1261926388426309632
1261926450032185351
1261926463357534208
1261926538053910528
1261926613991796736
1261926669952188418
1261926785685417984
1261926786461564928
1261926835702525952
1261926916136800256
1261927189311700993
1261927313115054087
1261927406836776961
1261927437266489345
1261927565910048769
1261927700643512320
1261927905283604481
1261927954726047745
1261927964733833221
1261928043720966144
1261928076524449793
1261928144497455106
1261928149207511040
1261928219411963904
1261928266665005061
1261928311908859904
1261928443563970561
1261928492603768832
1261928511113170945
1261928547096031232
1261928595229999105
1261928667954982915
1261928781670801408
1261928823517519873
1261928884548669442
1261928895315677185
1261928998042386435
1261929001146290177
1261929109350830081
1261929394622402561