1258184793637994497
1258184946176241664
1258185004850479111
1258185180684128258
1258185183582396417
1258185222023249920
1258185256080863232
1258185284958781441
1258185285784834048
1258185587791736837
1258185603516174345
1258185633924812800
1258185646197391362
1258185654938357760
1258186091821060097
1258186150050553856
1258186153636671489
1258186202307612675
1258186216488480768
1258186251095638018
1258186288513064960
1258186371484848130
1258186464741011461
1258186586384195585
1258186594185510913
1258186736619921408
1258186809084973057
1258186827988701190
1258186875212230656
1258186880975167488
1258187018053378048
1258187057576456198
1258187058180472836
1258187173104250880
1258187194348400641
1258187417296617473
1258187450083692546
1258187520904323072
1258187571458277376
1258187601229631489
1258187630300274691
1258187664534224902
1258187702282915840
1258187746834821122
1258187789868376066
1258187840732590080
1258187852074156032
1258187881878781954
1258187882071719936
1258187882210095106
1258187928691445760
1258188041216241665
1258188154638675968
1258188184795648001
1258188340278497281
1258188369068044288
1258188473611280385
1258188481446240257
1258188524165246978
1258188533589774338
1258188596378578945
1258188682948825088
1258188771360636928
1258188817229635586
1258188840453517312
1258188856563769344
1258188900763344897
1258188997370789888
1258189031722098696
1258189034892951553
1258189140165681152
1258189190006747136
1258189199120969730
1258189310853087246
1258189317119315969
1258189335154683904
1258189391765426177
1258189540013072384
1258189715024601089
1258189736109318146
1258189740668596225
1258189781969842177
1258189815855501312
1258189816279085056
1258189878317252614
1258189887527936000
1258189941126955009
1258190427842363392
1258190468065746944
1258190616837656580
1258190700128043009
1258190721686933510
1258190767639744518
1258190843086802945
1258190990659076096
1258191132116217856
1258191141586874368
1258191388665163782
1258191481279516673
1258191548308733953
1258191552985399296
1258191650414788608
1258191828316155904
1258192160786190337
1258192222903730176
1258192231086817285
1258192272233029633
1258192274242093057
1258192420467953664
1258192425220222977
1258192479712497664
1258192611237605376
1258192667554361345
1258192743073026053
1258192844612874241
1258192847905398786
1258192851923619844
1258192953211867138
1258193012259278849
1258193086972399618
1258193099508953088
1258193115568955393
1258193128919531521
1258193164105420800
1258193174662541313
1258193289095905282
1258193309308194816
1258193338190098432
1258193342078300160
1258193360713445377
1258193396176351232
1258193398629978112
1258193482469924864
1258193553458634752
1258193683205296129
1258193741426253824
1258193758073622528
1258193804361859072
1258193806878523392
1258193863799377920
1258194010042138624
1258194023585656833
1258194052442460162
1258194094456745984
1258194209959555074
1258194245355212801
1258194303555383296
1258194354662825984
1258194429736677376
1258194432475701253
1258194501115367425
1258194601107755009
1258194683487911936
1258194818628493314
1258194869140496384
1258194922823270402
1258194953873883136
1258195045368414208
1258195185046925315
1258195214260473857
1258195423535206400
1258195469760528385
1258195549699727361
1258195591785598976
1258195610647199744
1258195700652879872
1258195781246320642
1258195813311733761
1258195825647333377
1258195834404995072
1258195907633446912
1258195974385618944
1258196048201363458
1258196094330327040
1258196095177539584
1258196115268284417
1258196126118920192
1258196221228838912
1258196258050633729
1258196261498281984
1258196303521230856
1258196350627446791
1258196350690361344
1258196417627041792
1258196433414520832
1258196438380675073
1258196459645579265
1258196487437238273
1258196526242783232
1258196539308212224
1258196681667084288
1258196824331915264
1258196854614917130
1258196983795204096
1258197105375502337
1258197176511008770
1258197194068430848
1258197202029162496
1258197285550293004
1258197298808606727
1258197520884228096
1258197688488800261
1258197696608796677
1258197784374775808
1258197888938782720
1258197927174049795
1258198026545438721
1258198027988119557
1258198049303793665
1258198050335608832
1258198053221052416
1258198090965712896
1258198124629241865
1258198220943097860
1258198241897832448
1258198254635778048
1258198281043292161
1258198292715847681
1258198538821013506
1258198569078730753
1258198599143428097
1258198703325810688
1258198762125692929
1258198767389429761
1258198817381527552
1258199118142410753
1258199244139368448
1258199320140165126
1258199392110153728
1258199410095218688
1258199428936032256
1258199480135847936
1258199621463011328
1258199629730058245
1258199664752459779
1258199668485283841
1258199670997860352
1258199739499233280
1258199815198048256