1263831987749437440
1263832279509610499
1263832358492332037
1263832527984353281
1263833194983456770
1263833327460548609
1263833554993270785
1263833730118017040
1263833926193291266
1263834249838374912
1263834422710763521
1263835937714450433
1263836372588048385
1263836607934877696
1263836681653956608
1263836715149598720
1263837753889787905
1263838717967503362
1263839016060739585
1263839073602539521
1263839130879959045
1263839422178643969
1263839445561769984
1263839518102339585
1263839730531291136
1263839812496183296
1263840291284377600
1263841460459356165
1263841462774452226
1263841497499217920
1263841783869517830
1263842207561383936
1263842718872031232
1263842804297428992
1263843168258330625
1263843347942133761
1263843755616014339
1263843763245346819
1263843856409378830
1263844170893889536
1263844717285871618
1263845621087289344
1263846153336037389
1263846416398651392
1263846476393914369
1263846881232392192