1263212923285012483
1263212935385620489
1263212982579785728
1263213015920447488
1263213081833795584
1263213108530683907
1263213165610926081
1263213165820678144
1263213212540891136
1263213262646231041
1263213292568313856
1263213350441361415
1263213396859682817
1263213447346401281
1263213484675944448
1263213488895385600
1263213572265512960
1263213589973827586
1263213639323901952
1263213673495044099
1263213766038024192
1263213777811640325
1263213802553778177
1263213853162250240
1263214187297341441
1263214198470914057
1263214207530606593
1263214246856290305
1263214324165890048
1263214386048577536
1263214389663985664
1263214419481427974
1263214461814439938
1263214545784406017
1263214554059767818
1263214558694395906
1263214570140659712
1263214612838846465
1263214621042737152
1263214658745483265
1263214688562642944
1263214705251717120
1263214793655070720
1263214814060396544
1263214847489118209
1263214889759322114
1263214916707561472
1263214919815757831
1263214995237670912
1263215019505840128
1263215086585303040
1263215086904238083
1263215103496814592
1263215212796264450
1263215258447077376
1263215261034770432
1263215275161169921
1263215359009665024
1263215379930701824
1263215419546099714
1263215431122169856
1263215434582589445
1263215435954208769
1263215452035190786
1263215455692619777
1263215479772102658
1263215548541931523
1263215656415232001
1263215703450157064
1263215715613577217
1263215762652778497
1263215875047424000
1263215891912830981
1263215930093469697
1263216046577610752
1263216076835389443
1263216191465615363
1263216196947763201
1263216205126529024
1263216265692397569
1263216291017404418
1263216483238281218
1263216587714240516
1263216672334364675
1263216676444782592
1263216695096770561
1263216708027891714
1263216722372448256
1263216741389422592
1263216811207798785
1263216877687304192
1263216902752657408
1263216907135578113
1263216978925363200
1263217113000443910
1263217123414835200
1263217125344161792
1263217127453913089
1263217145732902914
1263217146156462082
1263217186841247751
1263217209201102867
1263217221809119245
1263217254931615748
1263217292793397249
1263217326423453696
1263217360153964545
1263217460389568514
1263217482682286080
1263217531675979776
1263217624726425600
1263217632276361223
1263217637003350024
1263217649531654145
1263217692015812611
1263217693148082176
1263217770394574848
1263217774618447872
1263217813780606976
1263217861222260736
1263217913730719744
1263217934501019649
1263218022686195714
1263218046908329984
1263218052201619457
1263218090185240578
1263218107125952512
1263218189166612490
1263218192933105665
1263218293336420359
1263218338634756096
1263218341566545920
1263218425163214848
1263218439411425280
1263218467760676864
1263218521175142408
1263218538501812225
1263218543627132928
1263218723315384321
1263218814319288330
1263218815028072460
1263218840491765760
1263218849542897664
1263218857071820806
1263218857721856000
1263218863912521729
1263218878844481536
1263218886801010689
1263218929381621761
1263218953545035776
1263218974470238208
1263218999791411201
1263219050638970886
1263219255736037376
1263219271712280576
1263219272463114243
1263219331674124289
1263219334920523777
1263219372895551488
1263219373222879238
1263219402008379395
1263219455930269704
1263219516181483526
1263219561815564288
1263219562784256000
1263219622129655808
1263219692430393345
1263219696540803075
1263219708880281602
1263219762961604609
1263219772432486401
1263219863612514304
1263219868444364807
1263219873037070336
1263219964514885632
1263219977064235008
1263220054080000003
1263220057313771522
1263220166470467584
1263220283697176576
1263220351061893125
1263220372842913793
1263220468628115456
1263220488643530754
1263220514597875718
1263220636060712961
1263220773940015105
1263220790666952704
1263220803644129286
1263220858966822913
1263220870534873089
1263220943591112704
1263220991183876096
1263221054903914497
1263221055851806722
1263221062608621568
1263221068258586627
1263221084507320320
1263221138689331205
1263221257463463936
1263221269731909632
1263221410459267072
1263221419770601472
1263221465924669442
1263221486971691010
1263221491883278337
1263221542059737090
1263221555095646209
1263221612742152193
1263221638486728707
1263221684707999744
1263221731277365248
1263221760155021312
1263221818946617345
1263221819038973955
1263221830590087170
1263221895647952898
1263221902748893184
1263221934470443010
1263221974442131460
1263222032625471490
1263222058340823040
1263222078087614464
1263222122781892608
1263222153849208834
1263222174736879618
1263222183977013248
1263222284472537089
1263222293339058177
1263222331201269760
1263222338558005251
1263222347869220864
1263222397768994816
1263222565218156551
1263222569672609792
1263222582171635713
1263222619484180482
1263222657144815618
1263222677986312193
1263222730356293633
1263222768239345673
1263222964121669636
1263222975391817729
1263222987077099525
1263223021181026304
1263223025723420672
1263223028617527299
1263223038885101577
1263223063941799937
1263223068949991438
1263223131684175879
1263223207097765890
1263223370746920965
1263223399133745152
1263223412467654658
1263223437377654784
1263223536472207361
1263223547591184385
1263223596475994114
1263223668458520576
1263223672812306434
1263223706240856064
1263223795080482816
1263223810691645442
1263223849027600389
1263223928459333634
1263223945798520832
1263223966812037121
1263223974059745287
1263223983035412482
1263224042284343298
1263224050312249346
1263224121321615360
1263224242663022598
1263224267359039488
1263224465196007424
1263224471697199106
1263224480144465921
1263224607714299909
1263224629457543168
1263224708209815552
1263224708289396742
1263224715621122051
1263224738089967621
1263224793010241536
1263224943958831104
1263224965953998849
1263224976922066945
1263224996555612169
1263225006168911880
1263225032421117959
1263225035315195904
1263225073323741184
1263225206061043715
1263225210859388928
1263225249761558538
1263225284985266176
1263225329352572933
1263225413439905792
1263225484734869505
1263225524970815501
1263225538841325569
1263225547645165569
1263225614150045697
1263225630994452480
1263225652339146753
1263225676607471622
1263225707104092160
1263225715333496833
1263225745746378752
1263225746757042179
1263225761886076936
1263225917930975238
1263225924905926657
1263226016975269891
1263226042170454017
1263226054812086278
1263226071865909250
1263226134566764546
1263226222567256066
1263226236740022275
1263226256075526144
1263226273112961024
1263226294847889408
1263226378415157251
1263226424040869888
1263226428230897664
1263226436334338051
1263226440553648130
1263226457259728898
1263226487164989440
1263226495109128204
1263226548519395328
1263226550364729344
1263226557788798976
1263226598867730435
1263226604341399555
1263226615892291584
1263226739397976064
1263226790815899653
1263226792736894976
1263226793097650176
1263226826383659010
1263226894159212544
1263226944642048010
1263226960127438848
1263226973519839238
1263227023423569924
1263227044885921792
1263227049512013829
1263227056441012227
1263227103392206852
1263227107636916225
1263227120370802697
1263227175454588930
1263227225144360960
1263227245897773056
1263227350403223555
1263227447115501570
1263227519081369607
1263227551566172161
1263227573842124800
1263227615621545987
1263227622911180800
1263227711964827649
1263227713579552768
1263227732701384704
1263227779581124609
1263227790129631232
1263227820693762049
1263227828629155845
1263227950352171008
1263227967729270784