1266851921211600896
1266851921987383296
1266851930191679490
1266852022701228039
1266852073242574851
1266852110148255744
1266852194558586881
1266852296891105280
1266852354617479168
1266852375169585153
1266852394660487168
1266852403912904704
1266852429255098372
1266852442550960133
1266852504966332416
1266852593394954240
1266852630355152896
1266852635476463616
1266852637015789570
1266852660231262208
1266852726820003843
1266852731878342657
1266852765671870465
1266852853076893697
1266852890863259648
1266853041648611329
1266853108694618112
1266853126285426688
1266853166915530758
1266853209420808193
1266853215275937792
1266853222091763716
1266853344053571584
1266853365113171968
1266853391780757504
1266853443249016839
1266853456939233280
1266853528720433152
1266853570621685761
1266853582277685249
1266853596403953664
1266853655128477696
1266853722031882240
1266853784577335297
1266853880685572102
1266854115016994817
1266854148290441216
1266854178607022080
1266854248995786753
1266854333657669632
1266854392856281088
1266854651904749568
1266854747128152068
1266854748201775104
1266854880754511876
1266854895111606275
1266854925050486784
1266854950010748928
1266854955027218434
1266855026238066689
1266855125823479809
1266855167766466564
1266855176100511744
1266855251648397319
1266855293306232834
1266855348318568450
1266855356917047302
1266855412030148610
1266855448189247497
1266855529688662016
1266855667006046210
1266855670256750592
1266855675419783168
1266855746861502464
1266855880227766273
1266856095756070913
1266856149187473409
1266856262945271808
1266856369103110144
1266856372232245248
1266856388170481669
1266856409842368513
1266856439341035522
1266856490897412096
1266856493472768000
1266856522887249920
1266856585059434497
1266856702743175168
1266856753926410240
1266856754442354688
1266856816450863104
1266856972147494912
1266857014132723715
1266857025587290112
1266857034034667521
1266857084575866880
1266857173037879297
1266857271713300480
1266857278021361664
1266857319985565701
1266857336305582080
1266857373961981952
1266857391016103944
1266857454131961857
1266857499887644673
1266857626438164482
1266857679370190850
1266857684504100864
1266857853115121664
1266857898321121280
1266857920622403585
1266857974485549057
1266857999718645763
1266858045897834499
1266858185425551360
1266858289012277248
1266858431782232069
1266858628398510080
1266858632706052096
1266858813237473281
1266858921119166464
1266858968850165760
1266859167953944599
1266859341870583808
1266859400406368269
1266859508719972352
1266859638848253952
1266859643843653633
1266859670330843137
1266859756502880263
1266859840032444417
1266859873804959745
1266860045867900929
1266860156060647424
1266860238881390599
1266860377620410368
1266860403222622214
1266860469656014848
1266860528527446023
1266860582822711297
1266860624467853314
1266860635075346432
1266860658617806848
1266860674958778368
1266860700795834374
1266860708957843456
1266860784937766912
1266860830949343234
1266860847244156928
1266860888180404224
1266860913900113920
1266860977439625219
1266861046507192320
1266861081806270466
1266861320680415236
1266861477450964994
1266861530001412096
1266861530890395650
1266861537026867201
1266861866418044935
1266861867500105735
1266861871170113536
1266862020692934656
1266862144051728387
1266862370552451073
1266862412512313344
1266862415678930946
1266862475238146051
1266862504480825346
1266862508201005056
1266862590526922752
1266862705987719170
1266862706482655233
1266862730008551425
1266862940315058176
1266862961693507585
1266863052462399488
1266863156317401089
1266863179042377735
1266863179528843271
1266863208733777926
1266863221236957186
1266863271774126082
1266863412711170049
1266863506747543553
1266863603862339584
1266863644496867329
1266863750184931328
1266863792098545664
1266863837686321152
1266863847123681280
1266863860239216648
1266863905432842240
1266863909631229952
1266863955017969669
1266864101545750528
1266864143509798912
1266864207598964736
1266864244361854977
1266864252704473091
1266864353489403906
1266864404139855872
1266864474981629954
1266864559148552192
1266864735871361024
1266864780968681472
1266864810693550080
1266864832881385474
1266864911050629120
1266864970135941121
1266865053585866753
1266865101187014659
1266865187929325570
1266865229855633408
1266865235136110592
1266865289301577730
1266865306552713217
1266865368758247424
1266865506956521475
1266865569741111296
1266865615840698368
1266865658983182339
1266865721033797633
1266865809613377537
1266865981172875265
1266866178582097920
1266866334085844992
1266866337755934720
1266866584498237441
1266866719210893312
1266866722449043462
1266866738160795648
1266866811951251458
1266866854494195712
1266866857191096322
1266866942226444290