1265643923965267968
1265643934170198017
1265643944404291585
1265643953233281024
1265644058854084614
1265644084254789633
1265644100725940230
1265644149593845760
1265644218158112769
1265644224604766211
1265644234847031297
1265644243139395586
1265644276269985795
1265644309593894914
1265644322575257600
1265644364732289026
1265644368582643712
1265644402313252865
1265644583163097090
1265644590847197186
1265644612640792578
1265644697201999874
1265644738469941249
1265644746254569474
1265644829117202433
1265644843155496966
1265644918271209473
1265644922218086400
1265644922675310592
1265644946775699456
1265644974722473984
1265644980946829313
1265645048332345344
1265645069706633217
1265645124253556737
1265645127172833282
1265645140561059840
1265645162182725632
1265645203932581888
1265645206151598080
1265645245888249856
1265645300267483137
1265645320828043264
1265645341979877377
1265645564047298561
1265645589473222656
1265645614295060487
1265645631307218952
1265645648805847042
1265645745178152961
1265645807929344000
1265645828112289793
1265645835553030149
1265645878058061827
1265645929073442820
1265645979270774784
1265646096723988481
1265646101958451207
1265646113756856326
1265646135005380608
1265646176529010692
1265646285329068034
1265646340593385473
1265646382418968576
1265646390245457920
1265646407127633930
1265646473204686849
1265646552066019330
1265646575591841792
1265646688577875969
1265646713659953152
1265646729778561025
1265646813811441665
1265646814474104833
1265646938864734209
1265647002597027840
1265647038764593152
1265647193735618565
1265647203911176199
1265647225448824833
1265647262996168704
1265647270814527488
1265647301072166913
1265647382567493633
1265647385902034944
1265647416679727104
1265647460027949056
1265647462066163712
1265647469108445186
1265647486665924609
1265647518274158593
1265647546887573504
1265647573500657664
1265647601287933953
1265647606606241797
1265647620120338432
1265647687183065088
1265647697626910721
1265647719877672968
1265647732812849152
1265647828828917767
1265647934462459905
1265647942737833984
1265647950870589445
1265648034874081282
1265648093069889536
1265648102398099457
1265648142420189185
1265648260884180992
1265648311412887552
1265648386872471553
1265648436877111299
1265648450068250631
1265648521732030464
1265648559128535042
1265648567634583553
1265648603747540994
1265648605555306496
1265648705408872449
1265648760111104001
1265648782324178949
1265648835692572672
1265648935961595904
1265648955683151872
1265648987299704848
1265649015875657728
1265649033374248962
1265649060586885122
1265649218129219586
1265649266946523142
1265649335456468997
1265649378355789824
1265649412153450498
1265649465098199042
1265649508207284225
1265649578440749056
1265649603287805952
1265649657851625474
1265649694434353163
1265649699794681856
1265649720845893635
1265649813535817730
1265649926542970880
1265650059124842497
1265650224728604678
1265650316562837507
1265650412566261760
1265650444132630528
1265650467666907136
1265650500688584707
1265650500755755016
1265650504849412098
1265650555223003138
1265650588781436930
1265650618158456837
1265650648424615936
1265650680821436416
1265650732021227522
1265650783493775361
1265650786928922624
1265650810861637632
1265650908496568321
1265650951676932097
1265651012385325058
1265651117800787968
1265651155830476802
1265651168367312896
1265651188713824256
1265651201175097344
1265651255814361090
1265651306376683523
1265651314140348418
1265651327444692999
1265651415789170688
1265651431584993281
1265651503429279744
1265651528448294913
1265651555660902400
1265651595448115200
1265651595477504000
1265651595565576192
1265651666713489413
1265651709034061824
1265651746736607232
1265651847597080577
1265651972650262529
1265652103000788994
1265652233435328515
1265652255979520000
1265652266972835840
1265652276611502080
1265652280143106048
1265652300749721606
1265652342852145156
1265652350754131969
1265652518517977094
1265652564084867080
1265652625753747457
1265652630317137922
1265652648335810560
1265652690660581376
1265652704585580547
1265652714983297027
1265652715398389760
1265652748164501505
1265652759132401670
1265653034098417667
1265653043590311940
1265653076360400897
1265653101639368706
1265653121965010950
1265653256417665024
1265653281612869633
1265653296804421633
1265653592993783808
1265653622475558913
1265653705757450245
1265653787903000582
1265653797801603075
1265653802536972295
1265653869133979649
1265653957365563398
1265653976747388928
1265654087107870726
1265654087338655744
1265654091075780609
1265654141285814275
1265654174253027331
1265654183564214272
1265654192158519301
1265654225633259520
1265654246029942784
1265654246646730753
1265654295589863425
1265654317555556352
1265654413911134209
1265654451735535616
1265654482215620609
1265654485671690240
1265654497793064964
1265654523181162496
1265654556819689473
1265654564860186626
1265654669386317825
1265654762726322176
1265654888530358275
1265654904984612868
1265655022609711107
1265655043006611457
1265655085893386243
1265655165387968514
1265655181569556480
1265655190901923844
1265655269327060993
1265655349887057922
1265655408636489728
1265655526379204609
1265655550970228736
1265655631085789185
1265655752934469632
1265655886149758979
1265655966231662592
1265655973894664195
1265655982505357312
1265656121773010945
1265656276685479936
1265656293328650241
1265656302362955776
1265656361137737730
1265656373724901379
1265656552133922821
1265656582953631745
1265656627505647617
1265656679355596807
1265656679569534976
1265656716676476929
1265656730026827781
1265656745533325314
1265656821571674113
1265656838793515008
1265656940983537664
1265656989272674306
1265657136668803072
1265657144579362818
1265657157321621506
1265657161927049216
1265657178066767875
1265657299856654336
1265657304038465537
1265657358555975682
1265657375014350848
1265657385068175360
1265657409097420800
1265657417414479879
1265657429322326016
1265657429750165506
1265657453812740099
1265657493407105032
1265657551213015040
1265657606426615809
1265657627066982406
1265657632016171011
1265657634901852161
1265657686189838338
1265657771858542594
1265657865760641024
1265657887088574465
1265657896148271104
1265658007720996865
1265658050620395521
1265658063228452865
1265658130190516225
1265658165410103298
1265658230019153923
1265658273673424898
1265658295865405440
1265658301733376002
1265658336164233216
1265658378820284419
1265658392271556614
1265658399750066179
1265658420235042822
1265658444582797312
1265658528569724935
1265658562736463872
1265658571154493440
1265658584077078530
1265658713689526274
1265658718273679360
1265658739022901248
1265658747067785217
1265658755036770305
1265658759373664256
1265658789069574149
1265658833134858241
1265658877258993671
1265658923052347393
1265658973459484675