1265387233416302598
1265387240596873216
1265387253590884358
1265387262264725506
1265387301439508481
1265387303754780679
1265387344544387074
1265387373128331265
1265387392241856512
1265387405114253318
1265387416484864000
1265387455089426437
1265387466355347457
1265387480015986688
1265387525524393985
1265387547783503873
1265387555954003969
1265387558407532544
1265387564606779392
1265387732077027333
1265387757406425089
1265387773990748161
1265387824938840064
1265387830861332482
1265387840550187008
1265387845386153984
1265387882962771968
1265387920657190917
1265387921567350785
1265387945499848705
1265387963032223745
1265388021261594625
1265388030577250304
1265388109027586048
1265388122432561152
1265388163188633601
1265388171463995394
1265388198332698628
1265388209829302274
1265388315886247938
1265388332139163649
1265388334337019905
1265388361956589568
1265388385918738438
1265388437106016258
1265388474229800961
1265388478201761794
1265388503359270920
1265388509113626626
1265388541296676864
1265388554164801536
1265388562507116544
1265388584003043329
1265388606849458177
1265388608753750016
1265388609017982977
1265388621609275392
1265388763167043588
1265388767923146753
1265388860030291970
1265388881563643904
1265388898529705984
1265388920289853441
1265388928053334016
1265388979836223489
1265389006969344000
1265389015521546240
1265389061738381312
1265389094756106243
1265389104004505601
1265389124883808258
1265389127308128256
1265389128981467136
1265389170475794432
1265389230097936387
1265389250452701185
1265389254886125568
1265389275517837312
1265389344019427329
1265389398247354368
1265389443239645184
1265389481051541505
1265389485459554304
1265389531349606401
1265389541051039756
1265389556704174080
1265389644235112449
1265389670042501120
1265389678796009472
1265389716175716353
1265389787801743361
1265389796278636546
1265389825550618630
1265389845637206017
1265389888452440065
1265389897231339522
1265389933696557056
1265389992634757120
1265390031872679938
1265390110561927168
1265390110574592000
1265390127183884288
1265390139234189315
1265390160168058880
1265390160520380416
1265390206854860803
1265390220104683522
1265390286743756803
1265390345740664934
1265390369807773697
1265390416834297856
1265390416901410816
1265390446219493377
1265390458336927745
1265390509222223873
1265390528964825089
1265390538565586944
1265390572241653761
1265390592483192832
1265390596761452550
1265390614310522880
1265390619909750784
1265390634992574465
1265390658816299009
1265390685672308739
1265390713879003143
1265390729691639810
1265390841297764353
1265390860918829056
1265390890618695689
1265390907240574976
1265390923896283142
1265390945526308865
1265390966267133953
1265390966384418816
1265390974899040257
1265390987741990915
1265390999167270912
1265391005592780801
1265391050299977734
1265391066347384839
1265391079710429189
1265391083153797121
1265391098207166464
1265391133984788483
1265391134227996674
1265391134387212288
1265391160631136259
1265391243447525376
1265391247537188867
1265391273843646464
1265391284560236545
1265391297415839754
1265391317435265027
1265391376474140672
1265391406979448833
1265391468799090688
1265391478483935233
1265391481470189568
1265391532523257863
1265391570242564097
1265391598738825225
1265391674601213953
1265391695539011584
1265391713125711872
1265391717739626497
1265391730964213761
1265391789671763969
1265391796009476099
1265391804263936000
1265391849038061568
1265391892335861762
1265391922702479360
1265391935608545287
1265391963681013760
1265391972673560579
1265392006706147329
1265392027883143171
1265392031792324608
1265392086406356995
1265392160884604930
1265392165296975873
1265392170040619008
1265392296838565888
1265392329730506752
1265392395853709320
1265392504804794368
1265392539068055553
1265392564686827521
1265392572236775424
1265392589534121985
1265392600636256256
1265392631221190658
1265392689698279425
1265392718718492672
1265392744043814912
1265392807306559488
1265392807767732225
1265392827846049793
1265392858023903232
1265392891029065728
1265392895906820096
1265392916140306434
1265392936423841792
1265393006242263041
1265393028287672321
1265393037926191106
1265393067244359681
1265393126686044166
1265393192649650176
1265393230541193218
1265393231329742849
1265393243010859017
1265393252330614788
1265393263986520066
1265393292746862592
1265393301235986433
1265393424057991171
1265393465631756288
1265393478713790465
1265393482123755521
1265393494287400965
1265393536112812032
1265393557592051714
1265393562184830983
1265393566529904641
1265393615653789698
1265393666815819776
1265393699296444416
1265393700600975361
1265393721299869697
1265393725758464000
1265393750546583554
1265393834990632962
1265393835590529036
1265393839419899905
1265393915131236352
1265393918511890433
1265393919962968065
1265393922919948288
1265393982353408003
1265394007422709762
1265394089152798720
1265394103208095744
1265394126364672000
1265394191087144960
1265394204877848577
1265394250516217856
1265394294061318146
1265394304173957122
1265394321982963715
1265394351250853888
1265394376131457025
1265394390203236352
1265394392786972677
1265394405088739329
1265394409153138688
1265394413439725571
1265394454497841153
1265394456418750465
1265394464710950912
1265394498256986113
1265394501750788096
1265394527243771908
1265394577244028931
1265394586232295425
1265394591475392515
1265394610592858112
1265394627026268162
1265394634261495808
1265394732068253696
1265394744739467266
1265394766381846529
1265394781850664960
1265394782639140864
1265394801949790210
1265394807947616257
1265394845713121280
1265394897588281345
1265394921613209602
1265394924909924352
1265394959240265728
1265394971894398976
1265394987841343489
1265395001967681537
1265395067965116418
1265395069449900032
1265395131999494147
1265395137171140618
1265395147207999488
1265395205911580675
1265395239893774336
1265395275952197634
1265395339886047232
1265395402855124994
1265395462300930049
1265395471448768514
1265395474808352783
1265395537718792192
1265395617356005376
1265395621210488833
1265395642156961793
1265395651145170944
1265395663182929923
1265395669612687360
1265395800949100547
1265395810692468747
1265395926199349249
1265395957325275136
1265396023964381187
1265396156126900224
1265396198644625411
1265396200196452354
1265396238574391296
1265396271277150209
1265396292823515136
1265396313744703493
1265396389279924229
1265396398385750017
1265396401242017793
1265396413795573762
1265396427393576960
1265396469164576777
1265396473451229184
1265396477343469573
1265396494145904649
1265396496922562575
1265396506070319105
1265396535925313539
1265396557425381376
1265396573258874881
1265396584516407298
1265396725071544320
1265396771607412737
1265396786207825920
1265396833830014981
1265396876200890376
1265396879677960192
1265396892118253575
1265396896115429380
1265396922514358272
1265396954483359744
1265396981071073282
1265396988524130306
1265396993096069126
1265397026147139585
1265397048326492160
1265397071382810625
1265397165058334720
1265397212630134785
1265397232481660928
1265397259757162498
1265397266577272839
1265397274307420162
1265397283971125248
1265397299435495424
1265397303428308994
1265397320310456321
1265397328187457536
1265397344473931777
1265397344981450755
1265397353118339079
1265397446479314946
1265397471687000066
1265397488254623744
1265397534882758656
1265397579086548998
1265397634543415296
1265397701803495424
1265397705838415875
1265397706060521473
1265397773941321729
1265397802659700739
1265397803741822976
1265397865418944513
1265397890836545541
1265397898830688256
1265397900059840512
1265397912047157255
1265397920049893376
1265397949795717120
1265397958285103105
1265397970310217728
1265397975334993921
1265397983530627072
1265397995677384712
1265397999607431170
1265398013234753536
1265398028942204929
1265398029449756672
1265398058352771075
1265398100392243201
1265398134701686784
1265398201860882432
1265398251542495233
1265398272765464576
1265398289404506120
1265398300666183680
1265398304428494848
1265398309906083843
1265398318365986816
1265398342529540096
1265398354298769408
1265398361198190592
1265398381611855872
1265398406035443714
1265398408203960327
1265398435827658753
1265398460783693828
1265398486339424258
1265398505046265859
1265398532145418240
1265398532623593472
1265398565850906624
1265398595785601024
1265398638374772738
1265398667323699201
1265398712328761345
1265398729969938433
1265398738278928384
1265398751415451648
1265398786320457731
1265398838879236096
1265398863617298440
1265398867715149829
1265398867748630531
1265398891068997634
1265398894831304704
1265398944516804608
1265398955682258945
1265398989245091847
1265399001832140804
1265399048996974593
1265399064591503362
1265399106547126273
1265399116030410754
1265399127573233664
1265399158686572545
1265399167523799040
1265399194879131648
1265399228261494784
1265399234385178625
1265399266295656448
1265399282871476225
1265399367638401027
1265399473032900615
1265399506624892929
1265399536031236100
1265399560345653248
1265399606352830464
1265399735877337097
1265399740847525896
1265399782052331520
1265399782765465600
1265399782794649600
1265399804298801152
1265399811676819461
1265399812071010304
1265399828219125761
1265399845260603393
1265399869986017280
1265399874700357634
1265399967180558336
1265399987808206850
1265399988315721730
1265400020842340352
1265400025938526209
1265400034855706625
1265400042392899586
1265400046561918976
1265400051125420033
1265400105097543681
1265400134730424321
1265400173422948352
1265400174693801985
1265400205899378690
1265400236102635521
1265400250983989248
1265400269506052097
1265400290980827137
1265400311683792896
1265400339899076608
1265400340003856384
1265400356416126981
1265400394978676737
1265400408064823296
1265400410077970433
1265400440595906562
1265400449844330497
1265400454126731264
1265400491183345665
1265400511836160001
1265400595814453248
1265400633676439553
1265400633940684802
1265400638562799616
1265400646095835136
1265400696469368836
1265400746805092353
1265400760365350918
1265400797208162305
1265400802044190729
1265400841646866434
1265400896588046339
1265400956411355144
1265401066159517699
1265401125433417728
1265401149798199296
1265401166269239302
1265401187538554887
1265401204118609923
1265401236486074368
1265401242278232064
1265401254710214656
1265401318044086272
1265401335865683968
1265401350621466630
1265401422528512006
1265401455827210258
1265401456695185408
1265401465021116420
1265401468267397123
1265401527201443840
1265401532046102529
1265401561582206976
1265401569446674432
1265401586961928192
1265401594163499008
1265401594809446400
1265401607459672064
1265401644734451714
1265401649121525760
1265401665928212480
1265401678372560896
1265401715941146624
1265401725248319488
1265401782106193922
1265401823231344645
1265401829489283072
1265401837550809089
1265401840394436610
1265401854768427010
1265401888117272582
1265401900259856389
1265401905204924416
1265401971491500033
1265401989665562624
1265402058959699969
1265402060356366336
1265402064588455936
1265402068912742402
1265402144406061059
1265402151779491845
1265402152144343040
1265402179466203137
1265402187980705794
1265402194343284736
1265402198768390144
1265402231957999617
1265402264971350019
1265402269727633411
1265402283053010944
1265402283606622209