1258637833373388800
1258637870585298945
1258637902487023617
1258637967654096899
1258638102500741122
1258638108435927043
1258638145047969792
1258638321028419584
1258638406248095745
1258638498162020353
1258638593234317312
1258638609969799170
1258638661664387072
1258638672938795009
1258638723882921992
1258638794796011526
1258638813712101376
1258638846784409602
1258638917055787010
1258638929068281857
1258638950446456832
1258639072882458625
1258639304273932288
1258639341351469056
1258639420720365568
1258639545907568640
1258639562190061568
1258639746265493504
1258639798924914690
1258639848187011072
1258639877400379392
1258639915593719809
1258640011639115777
1258640121794101249
1258640208414814209
1258640281089368064
1258640614926606337
1258640699618033664
1258640713098510337
1258640721071890432
1258640893642371073
1258640901213163520
1258641010860539904
1258641128523431937
1258641304592044032
1258641361005350913
1258641476109709312
1258641732800897024
1258641818960359424
1258641898886979584
1258641949197770752
1258642056336928769
1258642184309374977
1258642230127951872
1258642428191481860
1258642495002628096
1258642502761865216
1258642607724347393
1258642620735279104
1258642623029534720
1258642686879424512
1258642758040006661
1258642964076810241
1258643110990688257
1258643128388513793
1258643161133592576
1258643284278140928
1258643312765890561
1258643321435508736
1258643397440462850
1258643637522649088
1258643739733643265
1258643849829707777
1258643863092199424
1258643913621061632
1258643924727414784
1258644018340212736
1258644125659754496
1258644193574092800
1258644364470833153
1258644364479418368
1258644425267437568
1258644491193499649
1258644504401326080
1258644516933754883
1258644545966870528
1258644672445997058
1258644682294394880
1258644800670236673
1258644935198138368
1258644949341331456
1258645002332356608
1258645044547878912
1258645062088605696
1258645102752411648
1258645153729970176
1258645207798689804
1258645232540741634
1258645292511039488
1258645345279639553
1258645347645091840
1258645392394194950
1258645472094420992
1258645535638110208
1258645640004976640
1258645710553186305
1258645740060061697
1258645778832273410
1258645906045276160
1258645963574558720
1258646092952068097
1258646109796421633
1258646160677486594
1258646320732135424
1258646369033547776
1258646408955138048
1258646424461422592
1258646429217636352
1258646483617767425
1258646647317331969
1258646649569566722
1258646731433979905
1258646779245068290
1258647109164658691
1258647159890563072
1258647204425801728
1258647235140571136
1258647344775643146
1258647409883832322
1258647447804325889
1258647548744564736
1258647557137408000
1258647678487015424
1258647725232607233
1258647737655934977
1258647772271710208
1258647842584817664
1258647930929655814
1258648023522930695
1258648027205525506
1258648040627253248
1258648043777404928
1258648061556842502
1258648190401667073
1258648525069365250
1258648606002892801
1258648631307100161
1258648641293758464
1258648754166435840
1258648798999359488
1258648967769923584
1258649045784018950
1258649109642313729
1258649117519118339
1258649118370680832
1258649173156487168
1258649432528019456
1258649535502356481
1258649601688641537
1258649695108374528
1258649776343576576
1258649796874612740
1258649834405453826
1258649911081472002
1258649970107957248
1258650163259691008
1258650190950645762
1258650248882401281
1258650311432044544
1258650368629714945
1258650383737487360
1258650389202767872
1258650489681477632
1258650497210355712
1258650559789203456
1258650621265281024
1258650622833971200
1258650854342692865
1258650953932103680
1258651076603121664
1258651202423861250
1258651298565677056
1258651437770276867
1258651503885082625
1258651562689335297
1258651597338480640
1258651623598981121
1258651667290918912
1258651700547682304
1258651763026137089
1258651763479101441
1258651794663780353
1258651956450455553
1258651986553180160
1258652396424761345
1258652569712427008
1258652599617613824
1258652686523736065