1263092109671895040
1263092112674844674
1263092138792890368
1263092164545908737
1263092173018406912
1263092177544019973
1263092190164791296
1263092444876492802
1263092465013346306
1263092516796194816
1263092592067121152
1263092671922372610
1263092789795061760
1263092795360886786
1263092846178955264
1263092884607324160
1263092897563512834
1263092914852433920
1263092978056335360
1263092991712845825
1263092998092570624
1263093019474948098
1263093037158338561
1263093054040207360
1263093058041778186
1263093208453648384
1263093209154097153
1263093332873555968
1263093396660465664
1263093515380277249
1263093565779034118
1263093590315720705
1263093592568016898
1263093595189411846
1263093682452017153
1263093874974756864
1263093884441280513
1263093984450285569
1263094048077815808
1263094048769880065
1263094073004613633
1263094098203783169
1263094102469545984
1263094113525731329
1263094131083091969
1263094210846167040
1263094412126695424
1263094427221987328
1263094496914485249
1263094568163172354
1263094638975557633
1263094642758877184
1263094672919891968
1263094723398467585
1263094872564785153
1263094953174896640
1263094999941410818
1263095100801871874
1263095197283598336
1263095200966225923
1263095209317085184
1263095227268640772
1263095284986503168
1263095309787369474
1263095360475533313
1263095423478239233
1263095599550926854
1263095657834975232
1263095792035864579
1263095842329804802
1263095888567767046
1263095897136791552
1263095897979793412
1263095909677760514
1263095956641402880
1263095989361147907
1263096039600504832
1263096081522581505
1263096148505645062
1263096233570308099
1263096305192222722
1263096325010325505
1263096418073485312
1263096618775175169
1263096690422304769
1263096845187891200
1263096887722336259
1263096891342032896
1263096891421704193
1263096933096120320
1263096933490388992
1263096980248629248
1263096996811988993
1263097012813209600
1263097096447631361
1263097146238263304
1263097151678296064
1263097169449369602
1263097240014524417
1263097250793820160
1263097255810289664
1263097395119886336
1263097401168007169
1263097491253276672
1263097608370679808
1263097658639613953
1263097667657351169
1263097688326725633
1263097709629710342
1263097734367711232
1263097770136780801
1263097795751411712
1263097896422916097
1263097905839083520
1263097914693488641
1263097965633105921
1263098002966753282
1263098169006514177
1263098191593066497
1263098224245645312
1263098250631843847
1263098287839514629
1263098291820146688
1263098422187429889
1263098567041986561
1263098569466220545
1263098598083846151
1263098652672888837
1263098666753105920
1263098724018016256
1263098837733949440
1263098850652250113
1263098852573356035
1263098912744697856
1263098959750410240
1263098967753031685
1263098984345874433
1263099114981474304
1263099131742097410
1263099135105761280
1263099193285054465
1263099244451368960
1263099244564668416
1263099252391149568
1263099263732649984
1263099274331471872
1263099378505379841
1263099396322848768
1263099404271210496
1263099419848839168
1263099617970810881
1263099652901081088
1263099658299215872
1263099673956491264
1263099739798532105
1263099760497524736
1263099764175892481
1263099768877846530
1263099855829905409
1263099890613342208
1263099974801174528
1263100070896926722
1263100120268234753
1263100172138983424
1263100188148686849
1263100283330199553
1263100285041311744
1263100318520401921
1263100321892532225
1263100353169575938
1263100380684173312
1263100398379941889
1263100432634621954
1263100447876878336
1263100456106102785
1263100485650788352
1263100536125079553
1263100557390221312
1263100678731378688
1263100678995447809
1263100712411684864
1263100766580903938
1263100804770099203
1263101144605364225
1263101240436613124
1263101362893541378
1263101366181875713
1263101385488437248
1263101467059089410
1263101493126721537
1263101526186373125
1263101551146606593
1263101572310904839
1263101575846903808
1263101575909670919
1263101626782486533
1263101656058617859
1263101676728311808
1263101798350389252
1263101831879643138
1263101856001036290
1263101907230482432
1263101991573741568
1263102004705914881
1263102095982579712
1263102097031036928
1263102113237721095
1263102163573710848
1263102184171999232
1263102188328382465
1263102192140996620
1263102213561487360
1263102306481995776
1263102319530516480
1263102419778416642
1263102420692938752
1263102474505707522
1263102486845378562
1263102519682760704
1263102526141820928
1263102540968755200
1263102541077741569
1263102590960599041
1263102639480295426
1263102658316918788
1263102758879547393
1263102767704403976
1263102772393566210
1263102797077250049
1263102883991621632
1263102928333623297
1263102964920512513
1263102968519430145
1263103014736482304
1263103119526817792
1263103161025417217
1263103198652325890
1263103211768029184
1263103224967565313
1263103237546098689
1263103354625880065
1263103358874914816
1263103394052403201
1263103405054140416
1263103425090162691
1263103463715676160
1263103624042786819
1263103635291959296
1263103822274138112
1263103828431421440
1263103912858378242
1263103924816543744
1263104001077399552
1263104233550704640
1263104277268049920
1263104335988195331
1263104450241024000
1263104502925651972
1263104608940900354
1263104610136231939
1263104655527079937
1263104695955931138
1263104726465277953
1263104739207610373
1263104797734875137
1263104831746539522
1263104885299408896
1263104894455525379
1263105004891598849
1263105011443068929
1263105028555894788
1263105053058985986
1263105083127943172
1263105116476805127
1263105166628122624
1263105211943366657
1263105338842025986
1263105418554863622
1263105479582126080
1263105486804488192
1263105526973562880
1263105599312707584
1263105607642431491
1263105624180572164
1263105697102741510
1263105713569533956
1263105821749043200
1263105833446961165
1263105863444844544
1263105947733352449
1263106236825952256
1263106344942366721
1263106370926268416
1263106391406866432
1263106407336775680
1263106412399345672
1263106429046710277
1263106474659573761
1263106483203407874
1263106496126054403
1263106529705684994
1263106663759908869
1263106722438078464
1263106736032026624
1263106772757295109
1263106785306644480
1263106785394728962
1263106806483529728
1263106851450707970
1263106856949604352
1263106878134841344
1263106886112407558
1263106936406335496
1263106953779257349
1263107037703143424
1263107070481461249
1263107073895616512
1263107104438734848
1263107158150766592