1265991212386967553
1265991212604907520
1265991221497016320
1265991237955473408
1265991321904467977
1265991363113467906
1265991363763621888
1265991393626984448
1265991406704705536
1265991426963316736
1265991460018704385
1265991470361849857
1265991502221791238
1265991522568343552
1265991587433234437
1265991627790782465
1265991640499597313
1265991652973309955
1265991669926813696
1265991699039469570
1265991716437442565
1265991728919539718
1265991812960878598
1265991813019521026
1265991825686433792
1265991845705732102
1265991875892260864
1265991879721697280
1265991921455050752
1265991950777430017
1265992072408059905
1265992080675012611
1265992139793526786
1265992227752488961
1265992243627900928
1265992306521305088
1265992323772690437
1265992345750851584
1265992361588535302
1265992366554562561
1265992384724242436
1265992466534215681
1265992558536282113
1265992656057962496
1265992664186384388
1265992680875724800
1265992720478339078
1265992745874685953
1265992764623331328
1265992831421857794
1265992840146018305
1265992844302417921
1265992851797803009
1265992874107297796
1265992886291771393
1265992980642574336
1265993020350005248
1265993020522074115
1265993108283670530
1265993273782480898
1265993276194160640
1265993293659332608
1265993325351321602
1265993523951816704
1265993540154413065
1265993586971115522
1265993624057241602
1265993627878264835
1265993687697436677
1265993719691513858
1265993742177251329
1265993763131981825
1265993775152857088
1265993781557460992
1265993821185290251
1265993825585106945
1265993842190213120
1265993908766543872
1265993913027956739
1265993938827186176
1265994295523389440
1265994349470507009
1265994354704945152
1265994395767234561
1265994408383651841
1265994416583573505
1265994463597531137
1265994471709257728
1265994475974860800
1265994538792992769
1265994584724824066
1265994602047246339
1265994605813784578
1265994626470641669
1265994732267855872
1265994823351361537
1265994890992910336
1265994911800864768
1265994919891566592
1265995008232042496
1265995100062126081
1265995113064325121
1265995179967811586
1265995210082967552
1265995230471507970
1265995240101629960
1265995242878181376
1265995298087727104
1265995324566405122
1265995389951508483
1265995394242228227
1265995401405980673
1265995409387933696
1265995447706976261
1265995486894288901
1265995516053196800
1265995516179070976
1265995549058183170
1265995568565882880
1265995583078227968
1265995616506851329
1265995662342197248
1265995725869023232
1265995742960922624
1265995783612006400
1265995837508894723
1265995843334746112
1265995973123280897
1265996081424486401
1265996178283323394
1265996182901288960
1265996190245666816
1265996233145016320
1265996281509535749
1265996333531488256
1265996382130896904
1265996430604300288
1265996465823940608
1265996471880515590
1265996476599197696
1265996485147181056
1265996601794928646
1265996602797367296
1265996644509769728
1265996735341572098
1265996795089268736
1265996862307229703
1265996874915483650
1265996892208537600
1265996949746077697
1265997139945099265
1265997174199877632
1265997180806008838
1265997252067131392
1265997285143568384
1265997362285117440
1265997503838785537
1265997504799223808
1265997558524063745
1265997584046252034
1265997592175009796
1265997642804445185
1265997655123132417
1265997717047738368
1265997822689570817
1265997848367239169
1265997898258567171
1265997914893139970
1265997927589089280
1265997960812191746
1265998057457491971
1265998104244912128
1265998107042549761
1265998148142616576
1265998154077519872
1265998216526540801
1265998288400113665
1265998328275169280
1265998360135249924
1265998368041578497
1265998508571725830
1265998557267390464
1265998676163469312
1265998707197128705
1265998754290651143
1265998770631782402
1265998774759022592
1265998846213140486
1265998963905355785
1265998978912485376
1265999071975702529
1265999110991220736
1265999177387069442
1265999223901880320
1265999240347693062
1265999328402968581
1265999330978279431
1265999387873820672
1265999503561232388
1265999584582606848
1265999597073248257
1265999651876020224
1265999767626186756
1265999783497535488
1265999827780997120
1265999840594534405
1265999857442930692
1265999877907021824
1265999898727444480
1265999957653254145
1265999995422924801
1266000043695321090
1266000058522140673
1266000087542648832
1266000121533169664
1266000133839339522
1266000277917904896
1266000293671534592
1266000323379937287
1266000351683018755
1266000482356494340
1266000497997201408
1266000519895678976
1266000540435185667
1266000612254257152
1266000733066932225
1266000810166681600
1266000813824098310
1266000825505234955
1266000901749329920
1266000947769151488
1266000979528486916
1266001003431657472
1266001027481972742
1266001035673374720
1266001145148903424
1266001237012557825
1266001258374148097
1266001274991972352
1266001276958998530
1266001362405318660
1266001383083446272
1266001442143379456
1266001476184346624
1266001560070508547
1266001564457742338
1266001610687250433
1266001677167005698
1266001748520579073
1266001836189900802
1266001958432800770
1266002048010649601
1266002060748652546
1266002096555507712
1266002124141473793
1266002369738915840
1266002377850716166
1266002407546327040
1266002465712898053
1266002466845462528
1266002474034323457
1266002703219638277
1266002717941673985
1266002771272138753
1266002847864258560
1266002868919848963
1266002914893459457
1266002939266707456
1266003052928081920
1266003359095353344
1266003359561060352
1266003484928860161
1266003488171003904
1266003498253967361
1266003610082689024
1266003644178067456
1266003698641244160
1266003791259865088
1266003875263283201
1266003900039081985
1266003963012419584
1266004047544438785
1266004076413755393
1266004127491866624
1266004146366316546
1266004173222486016
1266004181384597504
1266004210803306498
1266004273617403906
1266004290788888577
1266004336477220866
1266004408409526273
1266004453741772802
1266004484779659264
1266004534368833537
1266004559085871104
1266004597291782144
1266004664442552329
1266004701537013762
1266004774958313472
1266004785406214151
1266004864779329536
1266004868331974658
1266004877974609922
1266004890054201346
1266004990876954624
1266005008061005825
1266005010921422853
1266005015958884353
1266005032127705088
1266005048959676416
1266005070681796609
1266005073814904834
1266005097361936384
1266005219667857409
1266005342959386624
1266005343823368197
1266005418775584769
1266005544923365377
1266005683339657218
1266005712137789441
1266005745574838272
1266005745746796544
1266005783575252992
1266005808451473410
1266005817456832516
1266005954128216064
1266006081483837441
1266006156658556930
1266006162933235717
1266006190238003200
1266006228653813760
1266006245170991104
1266006269724291073