1263318599445463041
1263318625408204806
1263318649143771136
1263318699370569728
1263318720253956097
1263318727262646272
1263318812436226050
1263318827372290048
1263318850445037569
1263318913586167808
1263318925585952775
1263318991893934082
1263318992581771264
1263318994234281984
1263319008528470016
1263319092930453507
1263319097313579009
1263319118909972481
1263319155299823618
1263319231896190977
1263319256332218368
1263319266931154944
1263319293128781824
1263319344513257472
1263319467565543424
1263319499694112769
1263319538273140736
1263319567188865028
1263319663443730432
1263319685241724932
1263319767655448576
1263319777331773442
1263319777810034688
1263319806016659456
1263319876376186881
1263319957573640192
1263320149806862337
1263320293000568832
1263320309005877248
1263320376261709824
1263320456930746368
1263320528833728513
1263320536022749184
1263320602955243521
1263320680168189952
1263320698962931713
1263320717048688641
1263320732341338112
1263320739572301830
1263320858442870784
1263321110852120583
1263321128564428802
1263321156221878273
1263321218419232768
1263321379325317121
1263321454415757312
1263321625983807489
1263321769399562240
1263321805218967552
1263321919824199680
1263321921292128256
1263321970973782016
1263322297336844288
1263322310280273920
1263322319189131270
1263322339883782144
1263322394174853120
1263322443751579649
1263322457550684161
1263322474076389377
1263322574991187969
1263322742050287616
1263322796840624128
1263322834291421186
1263322959269281793
1263322976692436994
1263323028110209024
1263323039778799616
1263323064491814913
1263323092002074625
1263323153985679361
1263323199707717632
1263323203658801152
1263323203709042689
1263323253390454790
1263323254028210176
1263323317391540229
1263323372177575938
1263323414405812225
1263323472777879553
1263323492394639360
1263323584182784000
1263323632639582209
1263323748825874432
1263323749664780288
1263323883479810052
1263323912676540417
1263324055240945665
1263324135293202432
1263324188858671106
1263324193212506113
1263324366541959171
1263324499258286086
1263324525237686277
1263324593084751873
1263324734659293184
1263324763566546944
1263324801763966976
1263324901869527041
1263324946505379840
1263324965878796288
1263325036070330368
1263325053460131840
1263325057234776067
1263325172255211521
1263325234553335808
1263325270833946625
1263325309174235136
1263325330099572737
1263325359044325376
1263325473066479616
1263325488870592515
1263325563332300802
1263325568885493760
1263325581904617478
1263325619737309184
1263325686376341505
1263325728747204608
1263325791414218760
1263325792206876675
1263325845600399361
1263325913598447618
1263325965255495681
1263326005386555393
1263326089876664320
1263326117894782976
1263326147594633218
1263326149721153537
1263326189269037058
1263326194273062917
1263326231837081600
1263326247628746752
1263326380697227265
1263326408396464128
1263326411768557568
1263326656242089985
1263326862052339714
1263326976665886725
1263327012728401920
1263327021062447104
1263327032294998022
1263327066713276416
1263327146447179782
1263327163832508416
1263327179422806016
1263327197626056704
1263327229393723395
1263327230807232513
1263327247185833984
1263327288868794368
1263327449200201728
1263327470301835264
1263327472071966722
1263327541210894337
1263327582184812545
1263327616590807040
1263327655128109056
1263327712644644864
1263327716985757696
1263327871482966022
1263327905721077763
1263327920950358016
1263327925945991169
1263327932073652224
1263327934208753667
1263327951623421956
1263327956597985280
1263328001237770240
1263328035480068096
1263328077603500032
1263328132641075200
1263328148340404226
1263328157861625856
1263328177973194758
1263328219710648320
1263328220474195969
1263328266594578432
1263328328691249152
1263328391219933185
1263328463345328129
1263328499290509314
1263328510237540357
1263328522040459265
1263328651711598593
1263328677678534656
1263328752785817600
1263328873497780224
1263328924982841347
1263328934147420160
1263328970638057478
1263328991576023041
1263329004850950147
1263329030008262656
1263329034764554240
1263329138351337473
1263329142633893888
1263329159335440384
1263329239589203968
1263329310632374273
1263329407227375623
1263329407579480068
1263329441188585474
1263329453721018369
1263329467348418562
1263329483232141312
1263329508318461952
1263329633212104705
1263329633484673024
1263329645656715267
1263329659208384512
1263329722055962624
1263329734735409152
1263329856986603520
1263329869439655936
1263329960728514561
1263329972732624896
1263330011639136256
1263330023622279170
1263330023886520322
1263330027862667270
1263330098456825856
1263330531493715968
1263330556311252993
1263330569250840579
1263330761752498178
1263330791356092422
1263331012798566400
1263331042112356354
1263331077265010688
1263331079756242944
1263331089780793344
1263331137318838273
1263331176745328642
1263331185993723906
1263331235121725440
1263331256399310848
1263331268781060098
1263331333381619712
1263331504161058816
1263331671560118277
1263331674399653888
1263331693219450881
1263331700651642881
1263331709333852160
1263331847561285633
1263331898308194304
1263331938221215745
1263332024338788355
1263332091326017539
1263332162662612995
1263332183218913282
1263332216442097664
1263332216899284992
1263332226457993220
1263332230002348034
1263332254513651717
1263332325934477312
1263332349728690176
1263332372596043776
1263332373195902976
1263332419618238464
1263332471971762177
1263332499075346432
1263332510890590209
1263332527420305408
1263332535448158208
1263332543677362176
1263332566519746563
1263332568587546626
1263332574807515137
1263332608521494528
1263332677068955648
1263332678180335621
1263332737664024576
1263332880182378496
1263332972603867136
1263333045718966273
1263333084818096128
1263333154070294528
1263333215571283971
1263333224312238080
1263333232705245184
1263333244897910786
1263333261926785026
1263333266901303296
1263333284395847681
1263333299977465856
1263333365438017537
1263333408274632704
1263333476020838400
1263333634183843840
1263333684750385152