1257897942519701504
1257898081464377344
1257898109444788224
1257898146916716545
1257898182345986050
1257898371475480577
1257898447979646977
1257898522680217601
1257898541495668736
1257898634529529858
1257898659951382528
1257898735398502402
1257898751957643270
1257898803480244225
1257898836858597376
1257898873214824450
1257899092333801472
1257899247212597248
1257899271652814850
1257899288560128001
1257899410853449729
1257899456336445440
1257899482555002880
1257899519171276800
1257899536091156480
1257899817356767232
1257899852253605888
1257899923321819136
1257900098731769866
1257900115492319234
1257900178234904576
1257900190771499008
1257900195020509188
1257900200116379648
1257900241048809472
1257900300943278082
1257900480430256133
1257900548881350656
1257900565058600961
1257900581701726208
1257900801617530881
1257900829392228353
1257900836476407810
1257900912254869504
1257901025567969282
1257901033835171840
1257901265155047424
1257901281957621760
1257901284948160512
1257901289624788992
1257901432310726657
1257901520533647363
1257901563387031552
1257901638301425664
1257901659683819521
1257901662938824705
1257901838776532992
1257901869059510272
1257901966044397568
1257902044179922944
1257902065197764608
1257902157799370752
1257902183795884032
1257902360770248704
1257902426998190080
1257902783707189248
1257902791525187584
1257902816963842049
1257902837088112640
1257902909854904321
1257903184988823552
1257903239204405249
1257903273933234176
1257903362403717121
1257903369714270208
1257903400366346241
1257903555052068864
1257903626816757760
1257903634127323142
1257903718621569025
1257903791296229377
1257904074810327040
1257904115352567809
1257904130669961216
1257904142003118086
1257904166971650048
1257904263394557953
1257904293820203009
1257904409687678982
1257904424464375809
1257904440226525184
1257904482194722816
1257904501761232896
1257904803776286720
1257904820272484352
1257904930397884428
1257904998064599041
1257905077643358209
1257905134912393218
1257905320862441473
1257905333005139969
1257905342018727936
1257905350818185217
1257905426290495493
1257905475301060611
1257905575817609217
1257905593051942912
1257905618070851584
1257905621573070848
1257905648299151360
1257905651314880512
1257905660856950784
1257905676879192064
1257905681858002944
1257905919901327360
1257905983281442816
1257905986838261760
1257906034091290624
1257906038650486785
1257906175741485056
1257906255407878144
1257906281626599426
1257906335091490816
1257906383120404482
1257906483657936897
1257906507385057280
1257906516524400640
1257906562330435584
1257906590843273216
1257906591313080320
1257906604508356619
1257906616491372544
1257906676545523712
1257906697412259840
1257906834213670912
1257906905944436736
1257906939314364417
1257906952975368193
1257906961363787783
1257907233112895489
1257907276091920384
1257907389174558720
1257907438113533952
1257907467230552065
1257907551871655937
1257907618540072961
1257907765894361088
1257907773527879680
1257907820973842432
1257907851437080581
1257907924409765890
1257907928947847168
1257907979954896896
1257908240752365568
1257908285707075586
1257908395778035715
1257908491584286723
1257908550480863233
1257908574153564161
1257908609821769731
1257908616968966149
1257908621779841025
1257908650859003909
1257908692168527872
1257908713496686593
1257908794295758851
1257908826780717057
1257908999602581505
1257909020012302337
1257909058897498113
1257909062118846464
1257909103713755137
1257909132511887360
1257909179743961089
1257909276942585858
1257909494476083211
1257909800345710594
1257909900765810688
1257909935125303296
1257910010732072960
1257910102826250245
1257910262855634949
1257910324017192967
1257910384469487621
1257910416677707777
1257910464584970246
1257910467101687808
1257910543513337866
1257910547732824067
1257910567597047808
1257910668361113605
1257910690020376576
1257910745045622786
1257910782475501570
1257910861131374592
1257910864813764610
1257910951690424320
1257911003854995461
1257911036470087681
1257911041209634819
1257911092543721473
1257911310404050945
1257911435776024578
1257911489995902976
1257911514826248194
1257911603816783872
1257911616470999042
1257911675363024896
1257911695080636416
1257911716832313344
1257911743038328832
1257911801020366850
1257911818309246978
1257911897267068929
1257911918490267649
1257912207196786693
1257912219565785089
1257912302004842501
1257912366047600640
1257912425426403328
1257912434070663173
1257912500462518272
1257912500676440064
1257912517457739776
1257912547019124736
1257912596839247872
1257912651889377281
1257912744545783813
1257912763000725504
1257912769107709952
1257912873902211074
1257912966675980288