1257127809350340612
1257127917273915395
1257127985079074822
1257128024992088067
1257128070214901760
1257128154474430464
1257128191736586243
1257128272011427844
1257128300993933312
1257128346183331840
1257128355280728065
1257128371764461568
1257128419902406658
1257128443378118656
1257128449912836096
1257128465507258369
1257128468552183808
1257128489284665352
1257128506208772098
1257128543412195330
1257128574886215681
1257128606863589377
1257128673716641793
1257128745036480512
1257128879250190337
1257128966768463874
1257128988029435904
1257129038792949760
1257129064596307969
1257129120003170304
1257129144459997184
1257129173325418499
1257129184985415682
1257129185610330113
1257129195743969280
1257129197853696000
1257129229667442688
1257129278770208771
1257129290107441153
1257129319727579137
1257129445892055046
1257129612938743810
1257129639056719873
1257129701765550087
1257129822796435457
1257129859324809219
1257129876764733441
1257129944142032897
1257130088266526720
1257130103500242944
1257130104544792579
1257130114241802241
1257130174908375040
1257130205090439169
1257130247016898560
1257130305892147200
1257130327102730244
1257130333545418755
1257130355737464833
1257130376880885761
1257130402449289218
1257130426990080001
1257130440693088258
1257130477405851648
1257130548767703042
1257130577691435008
1257130711565377536
1257130711762362368
1257130712290824192
1257130800404762625
1257130826065604608
1257130889013846017
1257130904830410754
1257130976553119746
1257131047990550528
1257131064834875392
1257131068941049858
1257131081347657729
1257131206337949697
1257131236306251776
1257131292422017025
1257131325183623170
1257131354820685826
1257131358003970048
1257131379378315265
1257131415407398913
1257131437431705605
1257131440531140608
1257131440543870976
1257131444356382722
1257131571821162497
1257131617392312320
1257131634282946563
1257131854701854720
1257131899161624579
1257131901900541952
1257131970590474242
1257132062945009677
1257132101071187968
1257132116837425152
1257132184818692096
1257132264934211587
1257132351726825472
1257132407540584448
1257132421675270144
1257132431305564166
1257132436867211271
1257132591339065344
1257132592043884544
1257132623790575616
1257132640983015426
1257132678882754560
1257132712000798721
1257132741960716288
1257132771329355776
1257132826417397763
1257132933535719427
1257132952028405761
1257133065408614403
1257133233226964993
1257133279473475585
1257133403960303616
1257133572240146435
1257133601855901701
1257133606616444928
1257133802251485186
1257133875643461637
1257133877224767488
1257133879141392389
1257133891854446593
1257133912469331968
1257133990739357701
1257134034125291525
1257134059056234496
1257134082494025728
1257134122415390728
1257134269736067073
1257134352510537729
1257134399113568258
1257134557402300416
1257134667419004928
1257134697211019266
1257134807982788608
1257134835463684102
1257134889436155910
1257134915369357312
1257134918930272259
1257134932599738371
1257134938756976640
1257135036496822273
1257135057757712398
1257135061519892480
1257135082617409542
1257135175453962240
1257135175458148353
1257135245993926656
1257135403955412992
1257135404697841664
1257135473354403841
1257135490458927104
1257135527460995074
1257135547564294144
1257135554216505351
1257135635862818819
1257135724412891136
1257135762719543299
1257135838531653632
1257135852267827201
1257136092773363713
1257136108208414720
1257136135626604546
1257136143369371652
1257136190190350337
1257136235736215552
1257136370830635008
1257136448886595591
1257136474593660928
1257136500703219712
1257136520630321153
1257136538544041984
1257136637835988993
1257136689631440897
1257136735714148352
1257136748192075782
1257136852160647173
1257136860771389440
1257137007907622912
1257137029391007744
1257137037477625857
1257137091357691904
1257137208831569920
1257137323529039872
1257137331120848897
1257137356617981952
1257137372979965957
1257137386099703808
1257137410414120961
1257137448091451393
1257137569566994432
1257137611828875264
1257137620145979392
1257137729072136192
1257137763113209856
1257137784688529408
1257137816485625858
1257137834730778624
1257137850887405568
1257138032378916865
1257138064314568706
1257138132979298304
1257138169440423937
1257138228999700485
1257138240689262595
1257138568293744640
1257138643745026048
1257138794001768451
1257138831524081664
1257138853875507202
1257138874402213888
1257138894614626304
1257138900759457794
1257138917192732672
1257138919541522437
1257138941712613381
1257138990123229185
1257139016320909317
1257139149288718341
1257139150878375937
1257139180016218115
1257139221749522438
1257139221845991424
1257139263738527744
1257139315236200449
1257139347998072838
1257139348228599808
1257139498921517056
1257139515405275139
1257139533747032065
1257139561907412993
1257139572271710209
1257139721219837952
1257139771576651776
1257139919807492101
1257139931614511110
1257139948328755201
1257140039294779392
1257140162515087360
1257140181573959682
1257140293922627591
1257140312700583936
1257140316689358849
1257140371391463435
1257140394371973121
1257140409559584768
1257140413896560642
1257140464517595136
1257140488571965440
1257140504019570689
1257140542326046720
1257140597950779393
1257140608906539013
1257140614413647874
1257140620025638914
1257140661481955329
1257140665441533952
1257140711981375488
1257140739114299392
1257140744462012421
1257140777907441664
1257140796635205632
1257140799512416257
1257140807980797952
1257140874636431360
1257140884002537472
1257140937916121089
1257140943649677312
1257140949270040577
1257140971227303937
1257140980026732544
1257141050231193602
1257141051246198786
1257141080358699008
1257141106245951488
1257141110423654400
1257141145504755717
1257141205919584262
1257141323775135745
1257141466926743553
1257141466935115777
1257141508471390208
1257141605984694272
1257141730731864066
1257141772095905795
1257141793461727232
1257141843642499072
1257141864509161474
1257141977503502336
1257141992313597952
1257142001234898945
1257142018981191681
1257142044914446338
1257142080981401600
1257142104381218817
1257142145720496130
1257142197905915907
1257142212980125698
1257142224531251200
1257142230201987074
1257142262817009664
1257142271776043008
1257142402474807296
1257142426596110337
1257142427413954562
1257142436138151936
1257142536604270592
1257142611887796224
1257142635816419330
1257142641260498944
1257142687725170689
1257142694981308416
1257142716820975616
1257142760152289280
1257142823243206660
1257142840146132994
1257142871494287360
1257142884689563649