1260057161264238594
1260057225093099520
1260057270622261248
1260057317682360320
1260057330177019909
1260057341870739458
1260057369750523904
1260057393544736769
1260057409642364928
1260057447361724416
1260057485777354752
1260057489619456011
1260057577708109825
1260057597773778951
1260057834320007168
1260057924858241024
1260057976351739914
1260058090742747139
1260058274402930688
1260058327280730114
1260058344439586816
1260058448957505536
1260058518683627520
1260058537541206022
1260058605010792450
1260058618247823361
1260058663269609476
1260058869553922048
1260058898070818816
1260058948545196033
1260059141806096384
1260059149536296961
1260059194356572163
1260059212836753413
1260059294080421893
1260059469393866755
1260059481947410438
1260059586209275905
1260059599404556289
1260059625170354177
1260059778304245765
1260059779969413124
1260059783786184710
1260059788114870274
1260059808519974912
1260059812525535233
1260059926195400704
1260060019044896768
1260060131997495306
1260060198258999299
1260060428941643776
1260060501297573888
1260060572437016578
1260060610101944320
1260060659858894848
1260060744587988992
1260060799084699648
1260060962930876416
1260061189058387968
1260061197602193409
1260061255034744832
1260061292850753536
1260061444730572801
1260061507309768704
1260061537668141056
1260061561743454208
1260061640868933632
1260061654022336513
1260061671516631040
1260061775204167680
1260061775875248128
1260061864245039104
1260061905525174274
1260061939591454720
1260061952358920193
1260062131497680897
1260062131824795648
1260062274263400448
1260062303548051456
1260062393968865281
1260062408850243584
1260062409617821697
1260062457558597635
1260062487694790657
1260062497664630785
1260062841421418497
1260062846123225091
1260062903945830400
1260063059277754373
1260063075786461185
1260063079448150016
1260063344393719808
1260063462065090560
1260063579405012992
1260063691397095424
1260063734946553862
1260063787073384449
1260063851946663936
1260063977800859648
1260064124186161157
1260064145816330241
1260064145828909058
1260064207971606528
1260064212681777152
1260064305652944898
1260064325571457029
1260064347163783168
1260064448494133248
1260064535316017152
1260064573433888771
1260064593382170626
1260064639582220295
1260064657412407296
1260064659316649984
1260064660994179072
1260064701615988737
1260064736437137410
1260064766447386625
1260064813214031873
1260064825649971201
1260064958957719553
1260064972031143939
1260065122841755648
1260065156589146112
1260065177153662978
1260065196959305733
1260065206375497740
1260065324348694528
1260065367029940224
1260065420628951041
1260065441436893184
1260065456137932802
1260065477964869632
1260065616855281664
1260065688355401728
1260065781225676800
1260065860338810884
1260065919063060480
1260065965192237058
1260066094233972738
1260066108150812672
1260066205618057216
1260066246432886784
1260066276275359749
1260066313013264384
1260066335356121090
1260066473696870400
1260066523579899904
1260066578487525376
1260066613069479936
1260066686738333696
1260066703947567104
1260066758024523776
1260066850068557824
1260066943408631810
1260067027173040128
1260067035335340033
1260067074031800320
1260067109842890752
1260067144362065922
1260067174070153216
1260067210887921665
1260067228369682432
1260067315518828544
1260067467851956224
1260067470032932864
1260067530602950657
1260067559702847491
1260067560516706304
1260067974704062464
1260067982782365697
1260068109936820225
1260068122977087491
1260068368905842689
1260068377277591552
1260068433829474306
1260068433951100929
1260068444151730178
1260068699978862593
1260068830207827969
1260068887133069313
1260068910331805696
1260069028309217282
1260069044176203776
1260069116188164097
1260069196169445383
1260069283343851520
1260069344568016896
1260069376126078980
1260069431629107202
1260069434477215744
1260069518921158657
1260069610755428352
1260069631630417925
1260069694184120321
1260069804154601472
1260069928528482304
1260069930256351233
1260069954088361992
1260069966902149120
1260070188956909568
1260070223345901570
1260070261438779392
1260070269856727040
1260070315427860480
1260070344683139072
1260070377453236224
1260070441957249024
1260070524819918849
1260070529689620481
1260070549675524097
1260070742215065600
1260070801488961537
1260070819352457218
1260070860532015104
1260070881927344130
1260070907600666625
1260070923748573186
1260071003150888964
1260071022474203146
1260071203923832832
1260071314540257280
1260071332299055105
1260071389563944961
1260071434673549312
1260071492290633729
1260071533055098880
1260071645940678657
1260071653331144709
1260071737435226112
1260071862933114881
1260071942549274625
1260071958718427137
1260071959855091712
1260072042931662848
1260072051840180224
1260072114117361664
1260072152776298496
1260072185810616320