1256433311573962753
1256433392377303042
1256433434093858817
1256433492738617349
1256433572610625537
1256433589333356545
1256433632903942145
1256433703305179136
1256433707444875265
1256433715556675584
1256433744916824064
1256433795378475009
1256433803582562304
1256433858121097217
1256433874265149440
1256433875409965056
1256433975691751424
1256434029693452288
1256434075625193474
1256434092838727680
1256434286183346176
1256434298925846528
1256434314348290049
1256434596436049920
1256434629986443265
1256434822886518785
1256434886241640449
1256434991610773505
1256435157965221891
1256435170703372288
1256435239091499009
1256435259018588160
1256435271396139008
1256435289532313601
1256435309618724865
1256435502879846400
1256435519040507904
1256435665337802752
1256435674321956864
1256435723818790912
1256435824901554177
1256435896666083330
1256435916698087424
1256436027167846400
1256436038827823105
1256436193794748418
1256436366709268485
1256436412146040835
1256436437404221442
1256436627058065410
1256436711002947585
1256436802065481730
1256436810365927424
1256436833988182016
1256436847858692096
1256437012657209346
1256437100452491264
1256437176138493952
1256437191376592902
1256437259546628096
1256437280681668608
1256437477943971841
1256437537029136385
1256437577973788676
1256437624342032384
1256437629664415744
1256437730025840642
1256437737869021184
1256437741799256065
1256437763332702209
1256437788423016448
1256437926801494016
1256437968316829696
1256438073715392518
1256438144666185730
1256438194410786818
1256438329576288258
1256438442063527938
1256438510032044032
1256438555846553605
1256438597793845248
1256438626314903553
1256438690395512832
1256438765838622721
1256438833236893696
1256438870700249090
1256438933719863297
1256438962647969792
1256439168215003137
1256439193271558146
1256439218076672000
1256439280349536256
1256439306115153921
1256439567072153601
1256439621661024257
1256439641189711872
1256439700975476736
1256439754444455936
1256439801592463361
1256439960200044549
1256440044463616000
1256440141364658177
1256440141389930503
1256440187954982913
1256440262894723072
1256440485729775616
1256440502297038849
1256440502800519168
1256440535079927808
1256440577316532226
1256440615039991812
1256440649190178819
1256440699215507457
1256440703665745931
1256440783172972551
1256440811715096576
1256440815729078272
1256440870707933184
1256440882850664448
1256440962823274496
1256441118625017856
1256441333847392258
1256441546955730945
1256441603964755968
1256441668221521924
1256441692929974273
1256441776254091264
1256441788107128832
1256441877890465800
1256441994261393409
1256442003845332993
1256442019989409795
1256442109382590466
1256442133084467201
1256442238843760641
1256442350970298369
1256442359312601088
1256442599004688390
1256442732953960449
1256442766084550656
1256442829045301248
1256442836871983105
1256442880052396032
1256443069618024448
1256443147535577093
1256443181757071362
1256443270076542977
1256443354931396609
1256443407716646912
1256443605670965248
1256443621743747072
1256443638948618240
1256443806595141632
1256443895161909248
1256443999121846273
1256444012430536704
1256444066503458820
1256444074439200768
1256444095666544642
1256444097474097152
1256444108207321088
1256444163056435200
1256444231427616773
1256444355746856965
1256444419689119745
1256444419861078018
1256444421131792384
1256444570751184896
1256444584030167040
1256444591533744128
1256444927879204864
1256444930345631744
1256444968400490496
1256444969541230593
1256445111254183936
1256445174508597248
1256445213565947904
1256445359670398976
1256445414020177926
1256445634309210117
1256445694547812353
1256445812382609408
1256445846532456451
1256446088917073920
1256446093799366656
1256446122912071680
1256446123281170433
1256446289480429568
1256446294878380033
1256446461316915200
1256446546087821313
1256446587733258243
1256446592338604032
1256446612710150145
1256446617609216001
1256446672118231041
1256446688031584260
1256446936434892800
1256446947126321157
1256446978633932800
1256447136520179718
1256447161820160001
1256447167197114368
1256447267218747393
1256447297052905472
1256447372969881600
1256447379991146497
1256447485989486595
1256447489743323137
1256447498404716544
1256447503047823361
1256447539420807175
1256447606755979264
1256447731612004355
1256447737261748226
1256447796351127554
1256447837640052742
1256448101981712384
1256448198635290626
1256448239773143044