1263862283459051522
1263862290870341635
1263862384025899009
1263862527039025152
1263862581384658947
1263862604243632128
1263862667216924672
1263862853867577345
1263863970798198785
1263864153892106242
1263864296867495937
1263864558990405632
1263864585825726466
1263864597129224192
1263864810472706054
1263864984498507776
1263865043357237248
1263865470861672449
1263865867747692544
1263866185315225608
1263866265241661443
1263866279833853953
1263866670902210560
1263866805430497285
1263867156728614914
1263867248973881345
1263868101415837698
1263868150740922368
1263868626425319424
1263868792482017280
1263868963060101120
1263869026977095688
1263869287728439298
1263869534517198850
1263869624812294146
1263869729799909382
1263869852294565890
1263869995840397316
1263870123804327942
1263870138429865985
1263870639330516998
1263870776114999296
1263870965857083394
1263871003781816321
1263871065870217222
1263871071427706881
1263871129032232961
1263871232815951878
1263871291376963592
1263871292555628546
1263871344569200641
1263872587412590592
1263872938576658437
1263873017584726017
1263873377544044544
1263873380643528704
1263873455058976770
1263873506024001537
1263873527414960130
1263873529369497603
1263873970538979336
1263874095319523329
1263874231806373893
1263874380997812225
1263874407652524034
1263874653069721600
1263874815204528128
1263874842526453762
1263875239810867202
1263875267497463808
1263875637493694464
1263875696797126657
1263875913328078854
1263876169935597568
1263876452069584896
1263876766671798273
1263876815384428544
1263877185665937408