1256372883548405761
1256372919309123584
1256372975550500866
1256373011617329152
1256373069343453184
1256373073957224454
1256373111810899969
1256373141204393984
1256373178663874565
1256373180182265857
1256373240848662531
1256373250889826311
1256373253460746241
1256373330652704768
1256373385212211200
1256373393387110403
1256373463511687168
1256373538811871234
1256373540174979072
1256373744966045696
1256373791032250369
1256373794911981568
1256373945982504961
1256373979582836737
1256374126446444544
1256374219090223105
1256374335570411520
1256374348081967108
1256374353018544130
1256374390524182528
1256374395678986241
1256374453426180097
1256374462494248962
1256374485877501953
1256374529682628608
1256374576650563591
1256374609265545218
1256374671580127233
1256374681382252544
1256374696473276416
1256374756410118145
1256374769051529216
1256374769479540736
1256374781034655744
1256374789331025925
1256374789637201920
1256374919765647360
1256374944180703233
1256374982856278020
1256375141493166080
1256375234032263168
1256375244069064704
1256375245193314305
1256375297152356355
1256375326109646849
1256375381860528130
1256375385857519616
1256375389968117760
1256375419273728005
1256375435740549122
1256375435866365952
1256375485698695168
1256375502006353921
1256375515054632962
1256375594683695104
1256375733343055873
1256375862947004417
1256375922426593280
1256375926889168902
1256376069050953728
1256376110381535233
1256376333350952962
1256376363017220096
1256376424711303176
1256376492725956608
1256376596937596929
1256376617632444416
1256376744950431744
1256376747756421120
1256376747991261184
1256376844213014528
1256376857932562438
1256376860859985920
1256376870108610563
1256376899166769153
1256376907299303425
1256376912458342402
1256377102535974918
1256377193086803969
1256377209465561090
1256377276431818752
1256377291531116544
1256377369075597314
1256377470237827072
1256377503058296833
1256377549510160385
1256377590639550464
1256377700639334401
1256377726270713856
1256377750606106624
1256377767685488640
1256377775864320007
1256377867883036673
1256377868466089989
1256377927085809666
1256378203796455424
1256378333564211201
1256378426178572291
1256378522156883974
1256378610379886595
1256378615375290371
1256378753325977602
1256378940559482880
1256378984662786050
1256379037758480385
1256379038052073472
1256379059639996416
1256379076127920129
1256379177244262401
1256379177663467520
1256379218608353280
1256379271200813060
1256379285654237184
1256379367883714560
1256379374338576384
1256379504475373569
1256379554882453504
1256379566785953798
1256379627808923648
1256379940758360064
1256379944109838336
1256380013118656515
1256380057188274177
1256380141049204741
1256380146229141505
1256380262767869952
1256380356321611776
1256380414236725253
1256380458545360896
1256380468267810816
1256380496193470466
1256380610660139008
1256380832647872518
1256380879645048833
1256380887417135106
1256381071085707270
1256381081139494912
1256381143630245888
1256381224475639810
1256381391127949312
1256381449323843592
1256381463815208964
1256381467275472896
1256381479715659776
1256381484828688386
1256381491568881665
1256381504319455232
1256381512926322690
1256381584208527360
1256381642756718593
1256381664780943360
1256381734834196481
1256381783085658112
1256381800064012288
1256381916275589121
1256382013927378944
1256382044373782529
1256382204768391172
1256382250675048449
1256382317561548802
1256382318085799936
1256382323240681472
1256382346854449153
1256382536265224195
1256382611951247360
1256382696206422016
1256382742159376392
1256382758483525633
1256382780545662976
1256382846584844291
1256382872400756736
1256383001857933312
1256383026700959748
1256383060393721862
1256383093394595841
1256383107999109120
1256383135819784193
1256383152853041152
1256383157433069569
1256383300547096578
1256383354011820033
1256383379672567810
1256383525349195776
1256383635139096577
1256383640319266816
1256383702218596352
1256383740655222785
1256383849812066304
1256383877943304192
1256383890886885378
1256384117031264261
1256384152036937730
1256384281854611457
1256384294274170887
1256384431344009219
1256384466160738304
1256384483810594819
1256384494803787777
1256384817735835650
1256384890918113280
1256384935394500608
1256384961067626496
1256385032756682752
1256385088058560512
1256385153355653120
1256385207822884872
1256385212310642688
1256385320674824194
1256385339125612545
1256385430854893568
1256385455978840066
1256385456075227136
1256385523062419456
1256385552019976193
1256385594583928841
1256385703157645313
1256385736292564993
1256385752847405056
1256385783386132480
1256385975267319808
1256385976299110401
1256385984712847360
1256386006099648514
1256386009538850820
1256386016451031041
1256386139025539075
1256386248958066688
1256386281895952384
1256386499576201217
1256386592626708480
1256386751884595200
1256386809958809601
1256386897921945602
1256386907455451137
1256386910374821893
1256387045066448897
1256387133553676292
1256387193062465538
1256387300180717568
1256387325984153600
1256387361480544257
1256387428077588480
1256387481127264257
1256387484424056832
1256387527466012672
1256387598437748736
1256387598811123712
1256387904537944064