1262895815930118145
1262895825128230913
1262895848163287048
1262895875183034370
1262895893382127616
1262895901477146625
1262895908880080904
1262896062588649477
1262896122923642880
1262896130939027457
1262896135443746818
1262896150081933316
1262896164866793472
1262896189491601408
1262896210224058372
1262896210685222913
1262896247813353472
1262896273457324036
1262896294777040896
1262896320714596352
1262896366675787776
1262896487790510081
1262896542006022144
1262896555293581313
1262896563229265920
1262896584142008321
1262896640714817537
1262896642241499139
1262896651095638018
1262896694393372673
1262896710185111555
1262896713510973440
1262896747694755840
1262896765449179137
1262896862018691073
1262896982563213314
1262897029346459648
1262897029551964160
1262897038162870275
1262897045872021504
1262897091140915200
1262897108530667521
1262897125827973123
1262897225606115328
1262897257306894336
1262897301678256129
1262897349388652544
1262897354962853889
1262897363989024769
1262897414568128512
1262897418724671488
1262897427885035520
1262897443353456641
1262897459753345025
1262897460235640834
1262897525016723458
1262897590342950917
1262897590607151105
1262897611289362440
1262897611528441859
1262897662216593413
1262897692155555842
1262897721163362306
1262897770731454464
1262897800142086144
1262897825916092417
1262897901203644419
1262897959475216387
1262897990953570307
1262897992887152645
1262898036008763393
1262898149439438850
1262898153134665731
1262898157178019840
1262898174366306311
1262898265940508676
1262898345812668416
1262898383628402688
1262898535055257601
1262898559290089476
1262898559806029827
1262898585101729793
1262898705788796933
1262898744296714242
1262898756292276224
1262898802819764226
1262898811686567943
1262898839821807616
1262898954070605831
1262898999436161024
1262899030033661954
1262899075243966465
1262899108924264448
1262899231045509122
1262899235814625281
1262899264415346688
1262899286251012100
1262899335211241474
1262899372733411328
1262899377439473664
1262899436214157317
1262899440785879041
1262899513028739073
1262899566376030212
1262899608365170693
1262899624731381767
1262899642313977859
1262899717580615680
1262899784421081088
1262899800875454471
1262899805304442880
1262899846836518912
1262899854994558980
1262899939753046018
1262900011240734725
1262900061740109830
1262900082006990849
1262900085530202112
1262900190916284417
1262900220045606912
1262900336831991808
1262900433921679363
1262900513676374017
1262900515354152961
1262900565505343488
1262900602327179264
1262900615556091905
1262900632144543748
1262900680215408642
1262900769856065538
1262900787149144066
1262900819034165249
1262900832699322369
1262900836843360260
1262900900256903168
1262900903818022913
1262900904489074690
1262900975100100608
1262901004728766464
1262901005521477633
1262901008721678338
1262901038245392387
1262901094704971784
1262901164418482176
1262901252066861056
1262901353233428481
1262901405712515077
1262901449396191237
1262901504249380872
1262901546360201218
1262901555113496576
1262901575317704709
1262901596708536327
1262901645681348609
1262901654862663680
1262901655042797568
1262901672734453760
1262901776262541314
1262901795682058240
1262901944839884800
1262901973390700547
1262902045415215104
1262902179926618112
1262902182422016000
1262902225275424768
1262902305269178369
1262902343366053889
1262902345362333696
1262902346679570433
1262902366816423938
1262902394184228864
1262902489868886016
1262902510269890560
1262902539634302976
1262902548803006465
1262902586425958400
1262902608924049408
1262902653073395712
1262902698271297539
1262902791862996992
1262902816923807744
1262902859655532550
1262902875476328448
1262902921101930496
1262902950902599682
1262902989297192960
1262903039440150541
1262903048835420163
1262903055638335488
1262903059191074821
1262903068489850880
1262903144134164485
1262903228473110533
1262903236329115650
1262903303534448648
1262903336006639621
1262903407234502657
1262903499836325888
1262903504223514627
1262903615611699200
1262903824110489600
1262903839818203137
1262904019304894465
1262904054591770624
1262904091480674310
1262904137672507392
1262904188633337856
1262904193494515714
1262904296804360195
1262904318119772161
1262904327586418688
1262904331386355717
1262904419760422913
1262904447514132486
1262904513255673862
1262904545128124416
1262904548496203782
1262904570142846976
1262904662862241797
1262904768109912065
1262904805456064512
1262904814347923458
1262904855179526144
1262904867791745028
1262904868303441921
1262904918035185665
1262904947932348417
1262905082166861825
1262905119500144640
1262905379631005698
1262905459717091331
1262905467166167041
1262905631721361408
1262905647672242176
1262905739141677061
1262905837158162432
1262905844661915648
1262905880909172737
1262905907719090177
1262905911896535040
1262905943496548352
1262906054633050112
1262906206324248578
1262906285864951809
1262906420162441216
1262906440286474240
1262906474902237185
1262906506338541569
1262906528731926528
1262906529268695041
1262906645782421504
1262906709720412160
1262906760098189312
1262906809804681216
1262906816620609539
1262906835180433408
1262907027380109313
1262907036511109121
1262907045415653382
1262907052701167622
1262907115980627968
1262907203578736640
1262907246742290433
1262907377013178368
1262907392578039809
1262907482772516864
1262907538380644352
1262907543573028870
1262907543724134402
1262907546291056642
1262907615408820225
1262907623856320514
1262907681486053380
1262907686716411906
1262907883991314433
1262907919932297216
1262907958498918401
1262908022935949315
1262908072911089664
1262908159649349634
1262908161138339843
1262908227978702850
1262908228138131459
1262908244927713280
1262908269217165312
1262908282445979648
1262908371889532929
1262908458602565632
1262908462612144128
1262908531373682688
1262908604648239105
1262908622025166849
1262908626349559813
1262908639419019266
1262908684419706880
1262908793240854530
1262908845631963136
1262908895560949761
1262908952372789249
1262908962183221249
1262909011734773760
1262909033188659200
1262909049164701699
1262909062829805570
1262909070094340099
1262909258695311361
1262909267964821505
1262909276173078530
1262909295978373121
1262909356053536771
1262909356795781120
1262909406338879488
1262909422931771395
1262909470272880640
1262909481928675328
1262909569744932865
1262909595661598721
1262909606533218310
1262909609049829387
1262909609427251206
1262909619770470407
1262909642264514565
1262909666541142016
1262909728511975426
1262909808585265153
1262909812591022081
1262909935320535041
1262909951229472768
1262909951325937664
1262909986801438720
1262910002651684866
1262910064668676097
1262910198366253056
1262910349453463552
1262910349675769858
1262910392117977088
1262910399646556160
1262910400028385281
1262910521600290825
1262910563895717888
1262910622313971712
1262910689015934977
1262910794989273089
1262910878107795457
1262910886852820994
1262910896105496579