1260540293050363904
1260540295839711232
1260540366719266819
1260540396398092288
1260540408536485891
1260540467235753985
1260540476182147076
1260540480225447936
1260540513767378945
1260540528862523392
1260540547615330305
1260540579898953728
1260540706013265920
1260540736048640000
1260540916080787458
1260540916248522752
1260540916324012032
1260540921407582208
1260540982984151047
1260541011744509954
1260541126324469760
1260541167982215170
1260541178073628673
1260541205504499712
1260541311133908992
1260541322882166785
1260541427232186370
1260541499021852672
1260541595969093632
1260541668287287299
1260541717582876678
1260541721009676288
1260541791851462658
1260541799837257728
1260541887284301824
1260541914014777344
1260541956113006592
1260542027470684160
1260542182924193793
1260542187370172417
1260542366148149248
1260542578463825922
1260542580925726721
1260542581110444033
1260542660575547393
1260542719555858437
1260542757690650624
1260542787730235392
1260542798299832321
1260542809884549121
1260543021503991813
1260543143134605312
1260543198558068736
1260543246368899072
1260543247765704704
1260543250428985344
1260543281772941312
1260543305613524993
1260543328422105090
1260543456415494145
1260543505962864640
1260543534928498688
1260543540406386690
1260543554990026754
1260543576678653958
1260543637659811842
1260543680483639297
1260543830354530304
1260543879939371009
1260543940647936000
1260544002362834944
1260544044905660417
1260544267400822785
1260544267669438464
1260544304684183552
1260544370077507585
1260544493645975552
1260544649116123136
1260544682200891392
1260544737691533312
1260544742137507840
1260544778560774144
1260544906243665920
1260544913143447554
1260545013391462401
1260545114289643525
1260545165577633793
1260545193398489090
1260545328807370753
1260545443278118923
1260545500194975744
1260545505114890241
1260545520977797121
1260545542083338240
1260545614229749760
1260545628364582912
1260545886607806464
1260546017209880577
1260546020360019969
1260546093969862658
1260546146264645632
1260546272517210113
1260546322936938496
1260546364427075584
1260546386166272002
1260546435239510016
1260546494513455104
1260546498288214018
1260546515120148481
1260546557004394496
1260546557801377793
1260546561798520834
1260546569662849026
1260546608040751104
1260546611501023234
1260546611635261440
1260546787682725888
1260546817906876416
1260546843492130816
1260546868163076097
1260546880611778560
1260546884743172096
1260546912928882690
1260546926593925120
1260546944147038208
1260546984781496320
1260547232375492608
1260547299891019776
1260547375136935936
1260547538614210560
1260547547598331909
1260547595484532736
1260547597334392833
1260547681757339648
1260547743677743104
1260547949307846656
1260548239662764037
1260548246184833025
1260548258293841923
1260548306742239235
1260548441052073993
1260548452758499329
1260548457305169920
1260548519619854338
1260548533050060801
1260548549969883136
1260548612800548869
1260548637463121929
1260548729913958400
1260548821966180353
1260548830442983424
1260548864559534083
1260548932096188421
1260548960424538117
1260549019446718465
1260549027965394945
1260549040057528321
1260549170810761216
1260549232286666752
1260549292130852873
1260549325228294150
1260549329842057216
1260549417871880194
1260549463623430145
1260549463770312705
1260549493239410688
1260549535971057674
1260549594695569408
1260549598394941441
1260549602362691584
1260549669169647621
1260549723720683522
1260549787356737537
1260549792352079873
1260549795996975105
1260549853677051912
1260549870546374656
1260549896463093760
1260550106291621888
1260550110557212672
1260550135370694662
1260550139040673792
1260550206636142595
1260550252949573632
1260550403260928008
1260550478238068736
1260550528800567298
1260550675836088320
1260550783759777804
1260550864508522496
1260551040769896453
1260551070977163264
1260551107819888640
1260551112379248640
1260551116737196035
1260551154678796295
1260551162442534913
1260551255140765697
1260551288623898625
1260551351379075073
1260551516982837248
1260551540231884804
1260551564659322880
1260551582145445888
1260551657361997824
1260551690757029891
1260551733174063106
1260551743693156358
1260551808826605568
1260551888115847168
1260552023256203264
1260552029967130631
1260552088817405957
1260552220149534720
1260552236553449472
1260552247479603200
1260552287900045312
1260552375246426114
1260552471526748161
1260552487901241350
1260552558537592832
1260552566741614593
1260552609540292610
1260552643811971079
1260552659767091200
1260552659884339202
1260552660614332416
1260552706604904448
1260552718734757888
1260552752725450752
1260552774078660608
1260552886582378507
1260552890478759937
1260552928726855680
1260552940604944384
1260553042157502464
1260553201356505089
1260553326657105920
1260553333644853248
1260553425944707072
1260553452712845313
1260553465320914944
1260553476804939776
1260553704417251334
1260553770343243777
1260553805206188036
1260553813901086720
1260553908621119494
1260554013071859712
1260554186032365570
1260554192999063555
1260554212082999296
1260554232933027840
1260554337476055040
1260554344899973120
1260554350163877889
1260554375455551488
1260554383353360386
1260554390219493376
1260554409345454081
1260554446339223552
1260554459010281473
1260554459337445376
1260554463397531650
1260554522587430912
1260554585032327169
1260554589654396928
1260554684672212995
1260554781954899970
1260554939534839811
1260554987735785473
1260555041246674945
1260555097001676801
1260555151615508480
1260555185006481410
1260555201796280320
1260555285288157184
1260555315449339905
1260555340195803137
1260555365508407296
1260555386194706432