1257792208079654913
1257792233186758659
1257792246927278081
1257792250165198848
1257792262324486145
1257792291688927232
1257792296780812294
1257792312199045125
1257792329328537607
1257792332277125125
1257792459507146757
1257792463634391045
1257792505866846213
1257792516147105801
1257792517430542336
1257792522153123841
1257792531158441996
1257792531695374337
1257792560702951424
1257792652835262469
1257792658589843456
1257792661622337536
1257792712625008643
1257792719885225984
1257792724306137092
1257792727019925504
1257792787971321856
1257792807797788672
1257792883106684928
1257792953998860293
1257793026585440260
1257793143346475015
1257793168688496640
1257793194210865152
1257793202515595264
1257793202829983744
1257793264033230848
1257793268349390855
1257793318580293632
1257793320350253060
1257793323584172032
1257793428391329797
1257793499988209664
1257793592279666689
1257793689298108416
1257793731245162496
1257793738467926020
1257793822748278791
1257793888825286656
1257793889924198401
1257793906642767876
1257793909800853504
1257793969775431688
1257793990872707080
1257793998858616832
1257793999462637568
1257794048124809216
1257794070912602112
1257794083256500227
1257794083583483904
1257794108627787788
1257794204606103552
1257794254761590784
1257794259463237633
1257794389050449920
1257794412123471872
1257794443501023233
1257794451818373129
1257794485423046657
1257794502481362944
1257794548283080711
1257794592692473863
1257794602909741063
1257794673663455234
1257794674959548419
1257794716017491970
1257794882552262656
1257794913674067968
1257795051503181829
1257795110361849858
1257795140325965825
1257795144063102976
1257795177432748033
1257795202590429191
1257795269946736642
1257795302418939908
1257795332806709249
1257795388104269824
1257795404218994689
1257795454634467331
1257795500390051844
1257795504592826370
1257795596787896321
1257795642866483201
1257795666010669063
1257795761632415746
1257795810873479169
1257795853764476929
1257795887285354503
1257795920562921472
1257795940590718983
1257795945745481728
1257795953375039488
1257796067900493833
1257796184141225984
1257796201317048321
1257796213623017473
1257796440560197632
1257796511410372609
1257796512299520000
1257796525217939457
1257796536563621890
1257796585783689216
1257796645879713792
1257796654159159301
1257796679815725056
1257796758647836674
1257796837806759936
1257796863916486657
1257796885949091840
1257796905599299584
1257796960603553792
1257796969243848704
1257796998297800704
1257797002483527685
1257797021920092170
1257797030241619970
1257797099267198978
1257797144867717120
1257797274769321984
1257797530911412226
1257797606245150720
1257797687208022016
1257797698184450050
1257797724411514882
1257797765641502722
1257797815662755841
1257797857970655236
1257797886978535425
1257797904573530112
1257797974522048514
1257797982331731970
1257797987704680448
1257798025465851904
1257798059406344193
1257798138531852288
1257798151697768452
1257798173449486336
1257798224921927680
1257798302344417282
1257798437409566721
1257798453800902656
1257798486491365377
1257798537670283267
1257798700933492736
1257798741668564995
1257798810350301185
1257798856995147776
1257798890012782593
1257798916520714241
1257798931393777666
1257798965082435585
1257799023848755201
1257799032375738373
1257799036880510976
1257799066035146752
1257799081570623489
1257799150134939649
1257799309241847808
1257799392708325376
1257799422391525378
1257799424832442369
1257799477253017603
1257799488506335233
1257799502481764352
1257799527060443141
1257799569162846218
1257799581527683072
1257799735185862656
1257799737136353280
1257799761261985792
1257799825095098368
1257799989096378368
1257799998051356674
1257800060219228161
1257800114585788416
1257800178763018242
1257800181334052864
1257800186018979840
1257800211918983170
1257800223780491264
1257800253316579328
1257800282211155969
1257800453590528002
1257800457428193280
1257800596666621952
1257800661791502336
1257800672990412801
1257800684822544384
1257800878892949504
1257800916314451969
1257800978637754371
1257801016004808705
1257801020211691525
1257801041309032449
1257801083130429449
1257801108451479558
1257801128969793536
1257801414631358464
1257801427356913664
1257801439113547776
1257801498739658752
1257801504897056770
1257801515093221381
1257801530729803783
1257801570416279552
1257801582286188549
1257801586979426305
1257801649382395904
1257801653669036032
1257801679145238530
1257801742315593728
1257801762200838147
1257801771851931651
1257801805146161154
1257801851090673668
1257801953654046722
1257802010499244032
1257802068791717888
1257802097871007758
1257802165055348739
1257802266465181696
1257802270584045575
1257802397033754625
1257802425253203969
1257802449433309185
1257802475492392960
1257802488436097026
1257802517628534788
1257802543075385344
1257802593583140865
1257802677746089984
1257802693982257152
1257802804518887424
1257802859069886464
1257802895489105927
1257802906499084289
1257802932730372097
1257802937885057025
1257802938069782530
1257803066956537859
1257803094227894273
1257803150834221056
1257803172522926080
1257803214302384129
1257803260179644420
1257803289954889728
1257803368979771392
1257803409731846147
1257803440257933312
1257803478434549760
1257803480196018176
1257803509711302656
1257803511968010240
1257803512869724163
1257803516455923712
1257803561989103616
1257803620629843969
1257803696202821632
1257803726909329413
1257803782408114176
1257803792935841793
1257803830412148744
1257803860191719430
1257803864264388610
1257803880827682817
1257803906584924160
1257803990764449793
1257804013166145536
1257804091289370629
1257804287947636736
1257804295879172102
1257804355459309569
1257804371485745152
1257804429576806400
1257804468441223168
1257804529032028160
1257804596505968646
1257804614575013889
1257804849606995968
1257804870297493504
1257804896432259074
1257804950530404363
1257805052535885826
1257805177324634113
1257805194135572481
1257805336339189763
1257805361903554567
1257805374666805256
1257805415401824267
1257805492375695364
1257805556678623235
1257805592099463169
1257805603159838723
1257805630192209922
1257805659539554304
1257805718234824704
1257805793149153282
1257805851672403970
1257805903262334976
1257806086968492033
1257806121214984193
1257806204950114304
1257806212923416576
1257806310252429312
1257806334218711042
1257806380557373447
1257806544202117121
1257806565224198155
1257806623873040384
1257806624699240450
1257806627811590144
1257806778949152769
1257806844476616704
1257806846544486406
1257806880455430145
1257806951146237954
1257806960096927746
1257807087351939072
1257807088920735747
1257807202854801422
1257807231975907340