1262805217000607746
1262805256187994112
1262805331832385536
1262805363293859841
1262805390502227969
1262805391567659008
1262805441991503873
1262805462917005314
1262805462975643650
1262805619989454857
1262805701488934918
1262805706505412609
1262805722825457665
1262805739715932166
1262805743553646593
1262805793923104774
1262805839989149696
1262805961724424192
1262806148459175938
1262806276628758532
1262806325160898561
1262806388453105665
1262806439338229761
1262806448284860424
1262806478097809408
1262806498503274501
1262806523954282496
1262806574525034501
1262806603314520064
1262806603834822656
1262806654346825734
1262806704053530624
1262806719362740225
1262806762522128386
1262806788426121222
1262806790460276736
1262806808957276162
1262806996673343488
1262807018756284417
1262807198377357312
1262807198670995464
1262807199837011974
1262807211740409858
1262807224755388418
1262807274818428928
1262807413419204608
1262807455223996416
1262807463323152386
1262807588976168961
1262807622379606018
1262807698900320256
1262807705284157447
1262807748703432711
1262807769155088385
1262807769285111810
1262807769419321346
1262807853175320576
1262807907739017223
1262807918447153158
1262807924281401344
1262808012479246337
1262808034050482176
1262808041768001538
1262808218507583489
1262808355610869760
1262808361298509826
1262808374045020162
1262808431913775104
1262808457737932800
1262808508220805127
1262808549400477696
1262808579129606145
1262808582866731010
1262808654778191873
1262808696813428737
1262808785049071616
1262808805286522881
1262808868335345664
1262809107800743937
1262809257965125633
1262809312201789444
1262809363883819008
1262809414970605569
1262809416249872384
1262809540732616707
1262809556473786372
1262809611175735296
1262809623783968768
1262809632046641152
1262809686216257536
1262809699281448966
1262809791333904385
1262809803879047180
1262809841019564032
1262809849579991041
1262809900167704576
1262809909479067648
1262809921801854978
1262810021831868423
1262810068313149442
1262810118023872513
1262810129289838605
1262810130732601344
1262810217810661377
1262810227168206848
1262810366083338241
1262810576218013696
1262810609076236288
1262810631956123649
1262810638654541824
1262810709198602241
1262810773203464197
1262810818787319808
1262810831382810631
1262810860348735488
1262810890136694784
1262810975989874691
1262811112917041157
1262811221515923456
1262811242114306051
1262811272833372161
1262811287941083136
1262811318157017094
1262811377585930241
1262811393251700736
1262811397471326210
1262811515389906944
1262811539792371712
1262811546608173059
1262811623397289984
1262811704150364161
1262811725084016640
1262811746890366977
1262811754012295168
1262811820919848965
1262811846509199360
1262811883897315330
1262811981087555586
1262812002738556928
1262812032631521280
1262812043951747072
1262812064721981440
1262812102772883458
1262812103930347521
1262812106753179648
1262812290749009926
1262812357740449795
1262812404536262657
1262812506692730880
1262812518231216131
1262812534916165633
1262812575848296448
1262812634434416640
1262812664490754049
1262812677644210178
1262812748410425345
1262812752982290432
1262812756971008003
1262812953184800770
1262812953914400768
1262813046747127815
1262813146315546624
1262813185502937090
1262813255552110594
1262813305506353164
1262813306332549127
1262813343867256833
1262813369670742019
1262813373709910021
1262813415048990720
1262813422292332544
1262813495114031104
1262813524176392194
1262813607940755460
1262813691415691264
1262813754435092486
1262813854356180994
1262813880549589004
1262813888799805442
1262813893501628416
1262813926372368385
1262813993959383040
1262813998036254720
1262814042516848640
1262814098753941504
1262814220346953728
1262814256413769729
1262814283135623170
1262814312952770560
1262814349699289091
1262814464069513222
1262814477688463364
1262814490095243270
1262814510290788353
1262814610685669382
1262814614544355331
1262814794433925120
1262814815761739776
1262814824716615680
1262814836595085312
1262814841384787968
1262814858241810439
1262814860607283200
1262814903452090368
1262814920376188936
1262814975183056896
1262815059283251200
1262815080418283522
1262815100693549058
1262815201650528256
1262815222529753089
1262815235750211585
1262815297179959297
1262815394764644353
1262815403891458051
1262815449072275462
1262815478747148288
1262815505007677444
1262815507410976769
1262815541242232834
1262815610611761152
1262815658921857025
1262815697488556034
1262815713946984450
1262815805118578688
1262815809409146880
1262815838333292544
1262815962455293952
1262816001655222272
1262816107729227776
1262816225807282181
1262816279460827143
1262816380384141312
1262816409995939844
1262816459778031617
1262816498307018752
1262816539826216960
1262816582083973122
1262816627990474752
1262816732558897152
1262816791576920066
1262816817120043008
1262816904147726337
1262816966936604673
1262817013514342403
1262817139691524096
1262817251964715009
1262817318792462340
1262817345216540672
1262817353307508741
1262817537894440961
1262817634619322368
1262817647600820224
1262817663937417217
1262817672494014464
1262817684963553281
1262817685349363712
1262817697735168000
1262817701136748544
1262817849300652032
1262817880304955394
1262817940061052928
1262818033124495361
1262818037582958603
1262818099532709888
1262818162631942146
1262818175445430272
1262818187994779648
1262818188305354754
1262818251219841026
1262818316583829506
1262818360821264384
1262818519181258752
1262818529725698048
1262818540803022850
1262818641281716225
1262818674978754560
1262818687427493897
1262818716116373504
1262818742377033731
1262818791387467776
1262818892428316673
1262818971855794178
1262818981758423041
1262819022036484105
1262819069155139584
1262819243512541185
1262819371442933761
1262819413323141123
1262819429840117760
1262819458583867394
1262819496680710144
1262819501264924672
1262819522215436298
1262819592805789696
1262819606131081217
1262819614440009730
1262819642906566656
1262819646559989760
1262819664914264064
1262819684824551426
1262819685378244608
1262819786272264192
1262819791171194882
1262819867507466240
1262819878378958848
1262819954388336642
1262819983471468544
1262820021073371136
1262820048030306305
1262820058478399489
1262820071627423744
1262820084554305536
1262820226397343744