1266323399309250567
1266323560810688512
1266323629165490176
1266323645053403137
1266323665521709056
1266323689710256128
1266323716469817344
1266323729690361856
1266323766646366208
1266323780294586368
1266323887123357697
1266323909202210818
1266323943474020352
1266324005319061506
1266324139922644994
1266324156943151104
1266324165197471744
1266324215252291584
1266324336354504704
1266324400430886912
1266324576121880577
1266324576247648256
1266324622829649922
1266324697097986050
1266324759937191937
1266324786524811264
1266324911901024256
1266324925410836486
1266325075130753024
1266325110170025984
1266325197164105730
1266325235047051270
1266325247156006912
1266325277778608129
1266325310280212481
1266325360620244992
1266325499577544704
1266325519404015622
1266325658986217472
1266325730402729985
1266325762807934980
1266325803358453760
1266325819598782464
1266325981951860736
1266325984812445696
1266326059018059776
1266326119176982529
1266326235862446080
1266326240795021312
1266326363327344640
1266326384546283520
1266326479924793344
1266326597570834433
1266326648263266304
1266326762646048768
1266326790550798336
1266326790940897282
1266327182290358273
1266327311172976640
1266327322942152706
1266327323051261952
1266327331674689538
1266327402671599617
1266327456610385922
1266327495722360838
1266327498247286786
1266327521244483584
1266327550374162445
1266327701624958977
1266327775952211968
1266327927312048128
1266328045041987584
1266328049655656450
1266328200109588480
1266328225459863552
1266328397808046080
1266328402249875459
1266328405617684480
1266328430297198593
1266328440875159552
1266328480465088512
1266328519178665984
1266328540355735552
1266328552330297345
1266328572370837505
1266328575646539777
1266328628201021441
1266328782987759618
1266328800788430849
1266328852906815490
1266329055189774336
1266329059811786752
1266329090010865665
1266329223129526272
1266329236287246336
1266329248152731648
1266329256767959041
1266329417149792258
1266329424418557952
1266329450414735362
1266329471327653892
1266329571009454080
1266329681567068160
1266329764760961024
1266329798399463429
1266329869266411522
1266329890720227329
1266329995955376129
1266330070173573122
1266330075349295105
1266330090557911041
1266330159122087937
1266330196497649664
1266330238377582593
1266330368304693254
1266330410226610176
1266330412848156679
1266330453197365248
1266330475108286471
1266330493823393792
1266330613830742019
1266330712698949632
1266330716373168132
1266330846853828608
1266330989187477504
1266330993792876546
1266331013002792960
1266331026554585089
1266331041469476864
1266331110235156486
1266331135887327234
1266331165704826883
1266331178375745536
1266331210889916416
1266331282654388224
1266331354301685760
1266331491635617792
1266331589660815363
1266331652692807680
1266331655935008768
1266331680756785153
1266331806594408449
1266331991487594497
1266331996130889733
1266332038614749184
1266332063172444161
1266332114959495169
1266332150720233474
1266332356211859457
1266332356337639424
1266332419508101120
1266332423714979840
1266332465196675072
1266332524143411205
1266332562479288320
1266332623674245121
1266332636537974784
1266332695791091713
1266332797221863424
1266332814271754242
1266332846903476224
1266332864427286528
1266332996107452421
1266332998682775552
1266333162478678016
1266333291382075393
1266333306930544648
1266333400933122048
1266333509930684418
1266333577115062272
1266333591811821568
1266333644001546244
1266333648153915392
1266333754928349185
1266333841305853953
1266333899824812034
1266333990648115200
1266334055336984581
1266334445902200834
1266334474452770816
1266334546020184066
1266334663775334400
1266334738069020673
1266334768003776513
1266334898371137536
1266334960778186752
1266335028620951552
1266335088507265024
1266335095989981184
1266335115594129408
1266335305952628737
1266335405835722753
1266335553018003457
1266335565609349120
1266335582126583815
1266335683133820928
1266335805276127234
1266335808883249152
1266335955285413891
1266336102228676608
1266336118716448769
1266336274123829259
1266336340611862530
1266336353987543046
1266336512242864128
1266336592966365184
1266336739334946816
1266336756049289216
1266336940900732931
1266336982541705219
1266336990833922048
1266337058961924096
1266337060190814214
1266337121687633925
1266337180449988609
1266337288549740545
1266337309173125120
1266337477465341952
1266337487082926090
1266337492296294401
1266337548693110787
1266337573951213569
1266337629030830080
1266337792235356160
1266337803115339776
1266337818122616832
1266337821255766016
1266337918622334976
1266337942399791105
1266338002139181056
1266338043872587776
1266338052525326336
1266338102576066560
1266338249204813826
1266338375755280384
1266338450023895041
1266338450988564480