1257293903562264577
1257293905378320385
1257293917948653575
1257293975439970314
1257294000698068993
1257294025154945025
1257294137440849921
1257294168168321024
1257294239295143941
1257294251215343617
1257294457512374275
1257294470317371394
1257294533408276480
1257294570989121538
1257294591646003200
1257294606468710401
1257294688081584130
1257294755823681536
1257294923952541696
1257295023319715842
1257295032815702019
1257295108057083906
1257295133164224513
1257295133755703298
1257295178617876489
1257295250059677696
1257295351033278468
1257295367630184448
1257295447326064641
1257295593803841540
1257295602175672322
1257295640763269120
1257295733578969090
1257295787043819521
1257295790235627526
1257295795109482497
1257295888017481730
1257295895881748480
1257295943688470529
1257295944678342658
1257295987992862720
1257295988454088704
1257296055663812613
1257296080657670146
1257296164983980032
1257296257254555648
1257296257325858816
1257296319799889921
1257296404445347841
1257296420547289088
1257296491615379456
1257296499500818432
1257296518727569408
1257296529532039170
1257296538247798786
1257296558665748481
1257296715679481859
1257296777314779136
1257296806867644418
1257296974350614528
1257297069728919552
1257297209562980353
1257297247974416386
1257297267482075136
1257297532528365574
1257297565415964673
1257297693153431552
1257297707032629248
1257297720240484355
1257297753903902720
1257297786736766977
1257297804558565376
1257297813160919042
1257297942643433472
1257298005990006787
1257298085736308736
1257298090962362368
1257298194263879680
1257298202795159552
1257298220151169025
1257298250606039043
1257298266657619968
1257298476385415168
1257298505040752640
1257298532014469120
1257298567884144641
1257298626965102592
1257298654391668740
1257298764919906309
1257298874894557184
1257298932943765504
1257299075436863488
1257299092247441408
1257299093111668736
1257299197742575616
1257299205447651328
1257299237840121862
1257299490911879175
1257299506078638082
1257299528874487810
1257299579160141824
1257299712530509825
1257299738086576128
1257299760073113601
1257299796685139968
1257299826019938306
1257299829883129856
1257299939928928258
1257299951702478848
1257299990885482498
1257300006224056321
1257300052067979266
1257300053179469824
1257300061387661312
1257300136193069056
1257300165649592320
1257300224596377602
1257300236600565760
1257300262953205760
1257300270121316358
1257300316535455745
1257300358876913664
1257300392947462144
1257300405077381120
1257300434710081537
1257300458915463168
1257300480675377152
1257300484399992832
1257300501009334272
1257300522979274757
1257300535671164928
1257300591883235331
1257300627899576320
1257300656823521286
1257300837350674432
1257300854044086272
1257300880086437889
1257300884821733378
1257300975985004544
1257300976081358850
1257300984151175169
1257300996004302850
1257301015059202048
1257301214531694594
1257301336451739650
1257301423970291713
1257301441003360257
1257301453506560000
1257301455435960320
1257301482849873925
1257301483030102017
1257301486872276993
1257301487807578112
1257301591633297408
1257301621144461312
1257301669035081728
1257301692833386497
1257301936866578434
1257301944034488320
1257301973407272960
1257302019586613248
1257302113199235074
1257302119582924800
1257302121206018052
1257302137845043201
1257302183080611840
1257302325158387712
1257302497330294787
1257302502292234241
1257302547561238529
1257302728834977793
1257302746576883712
1257302974717554688
1257302980887408641
1257302994187673600
1257303051926253571
1257303213142835200
1257303287344312320
1257303303412727808
1257303338921545728
1257303349063323650
1257303457930915840
1257303487051788288
1257303487865425926
1257303504412016640
1257303521621422081
1257303534376116225
1257303563203514369
1257303592039354368
1257303618069250049
1257303618308341765
1257303622234386432
1257303710780264448
1257303718799855616
1257303789285117952
1257303890464309248
1257304007711825920
1257304016444219403
1257304041270411264
1257304047079415809
1257304100791861249
1257304196673687552
1257304247256797185
1257304267607535620
1257304373085921280
1257304385207623680
1257304398092361728
1257304402387365888
1257304439997657088
1257304503541329923
1257304519412768768
1257304536126902277
1257304589277093893
1257304628523413504
1257304636446425088
1257304640770711553
1257304779983933440
1257304825219346432
1257304868034760707
1257304888716914689
1257304962855362563
1257304997135605760
1257305000201424904
1257305068526764032
1257305228581322753
1257305302606548992
1257305387847434240
1257305416339345408
1257305454461382656
1257305475571277824
1257305487550189572
1257305496748388358
1257305508723089408
1257305584745041920
1257305631087706115
1257305663895552007
1257305673328549900
1257305701392752640
1257305710574125056
1257305849547984901
1257305884688080896
1257305935615152128
1257305962701918208
1257305966732644352
1257305971237453824
1257306038417502210
1257306242990723072
1257306532833685505
1257306594942935041
1257306625083273223
1257306692145958912
1257306708742795266
1257306774895357953
1257306792540860418
1257306805257957382
1257306918839660551
1257306977186676738
1257307019104534531
1257307051362971655
1257307070593785858
1257307075744423938
1257307098133622787
1257307135324512260
1257307212688396291
1257307249124372489
1257307272205594631
1257307334486880260
1257307375913938946
1257307405794172934
1257307439126339584
1257307471917400064
1257307476094939136
1257307514237972484
1257307527454191617
1257307593124397058
1257307601840123909
1257307631523262465
1257307635910447112
1257307649709764610
1257307871659741189
1257307874012786705
1257307891867873280
1257307920632475650
1257307991365177344
1257308030330236939
1257308041617108996
1257308142104244230
1257308218918752257
1257308378121949184
1257308386439229441
1257308436796039171
1257308474611884033
1257308505565917184
1257308704644272130
1257308730749640704
1257308785833439234
1257308785887965187
1257308810395267072
1257308822474911751
1257308864820600834
1257308919329771524
1257308923960279040
1257308950157918210
1257308991463407624