1256539025516777472
1256539045536108544
1256539084941660162
1256539298393927681
1256539370321965057
1256539429252071424
1256539501297573889
1256539600316764160
1256539636366630913
1256539668604243968
1256539806873640960
1256539852759273472
1256539923420721152
1256539931243089921
1256539945742659584
1256540011035602944
1256540054299668480
1256540087359135744
1256540158624706561
1256540200894902273
1256540238018678785
1256540313499271171
1256540314673860608
1256540338900041730
1256540547868700672
1256540704068624384
1256540707680108544
1256540812336340993
1256540876878368770
1256540884667191296
1256541129081839616
1256541229464027137
1256541236825067527
1256541259830718465
1256541475237769216
1256541530422157312
1256541626979110914
1256541646864502786
1256541695136673806
1256541768352497664
1256541790376779777
1256541823343919106
1256541873851826176
1256541979569262595
1256542058975825920
1256542079137787906
1256542125937786880
1256542193025560577
1256542201221242880
1256542271786438658
1256542289494781952
1256542294548688901
1256542306318069760
1256542414162071553
1256542498354343944
1256542501378416643
1256542515496353797
1256542628075769856
1256542844476678144
1256542902920130561
1256543049473294336
1256543052488941569
1256543145564700672
1256543170755727361
1256543219875106818
1256543351115001858
1256543379183321089
1256543459189678081
1256543498704048129
1256543531621060610
1256543588600684545
1256543618170486784
1256543677717110786
1256543719517536257
1256543741004992512
1256543761087201282
1256543815332171776
1256543867035410432
1256543888191488005
1256543890821259268
1256543927378817024
1256543938044928001
1256543996089978881
1256544152159948800
1256544303196917761
1256544431836184576
1256544440606502913
1256544444855304192
1256544479659675648
1256544546000965632
1256544596412301313
1256544717698891780
1256544817535909889
1256545363969798146
1256545501329215488
1256545518211211264
1256545535621808129
1256545660716953600
1256545723652493312
1256545766434365441
1256546094135140353
1256546179292246018
1256546218710310912
1256546248347312128
1256546275350253569
1256546404736081924
1256546425787252737
1256546477247213568
1256546575477886977
1256546626279219200
1256546649758928901
1256546666649395201
1256546683992838147
1256546773453111296
1256546775860572168
1256546869213364224
1256547216870854656
1256547406075834368
1256547547918880768
1256547587341062146
1256547696158167051
1256547775761846272
1256547904204017664
1256547976006205440
1256548076791066624
1256548098823749632
1256548126363533312
1256548134987145217
1256548232928415745
1256548237697310720
1256548329711898625
1256548367032877057
1256548408267063296
1256548485068992512
1256548501384642560
1256548528815394818
1256548596922626048
1256548609715306502
1256548638182060032
1256548748378996736
1256548819195645952
1256548865542631424
1256549025853079553
1256549162923024384
1256549418528112645
1256549458176770049
1256549621427560449
1256549649869086721
1256549701954002945
1256549745985589250
1256549758241398786
1256549813555998721
1256549818018791424
1256549826663251968
1256549854832209920
1256549923224461312
1256549997811769345
1256550023443046401
1256550152858480652
1256550296114720768
1256550296442019842
1256550313064124417
1256550337944715265
1256550480290906114
1256550481532518400
1256550494488727552
1256550509256851458
1256550598603870209
1256550631227023360
1256550749393358854
1256550757848973312
1256550857576865793
1256550917421232129
1256550944428503040
1256551043753750529
1256551112665993216
1256551403566231552
1256551495492939776
1256551516833370112
1256551650216427520
1256551747251830785
1256551751525658627
1256551752670814208
1256551885298741250
1256551948670681089
1256552115243233280
1256552125393485825
1256552135581466625
1256552183367192576
1256552284063924225
1256552683672043522
1256552686536790016
1256552929827401731
1256552942389334016
1256553001835167744
1256553006276829184
1256553041190322176
1256553081959002112
1256553140196913152
1256553161193656320
1256553344744775681
1256553516044173318
1256553698102317057
1256553748232646664