1265130562123173890
1265130579449839617
1265130596449218560
1265130599314046977
1265130653944709121
1265130701487255552
1265130735247200257
1265130738682339330
1265130773377503232
1265130781254406145
1265130834790461440
1265130835771981824
1265130872522657792
1265130880638414848
1265130886242041856
1265130916097208321
1265130923072335876
1265131035949330432
1265131048482078720
1265131141822111750
1265131145643114496
1265131145865252864
1265131167080046592
1265131195949613060
1265131389269143552
1265131404175634435
1265131414850277381
1265131482131070976
1265131496635084800
1265131574057631744
1265131653304922112
1265131657188610048
1265131728190025728
1265131766072905728
1265131788311179264
1265131841612365836
1265131850554462208
1265131870737567744
1265131951947755521
1265131962995372032
1265131964199100416
1265132005831966720
1265132018649698306
1265132036098064384
1265132094147215360
1265132177496387587
1265132197922603012
1265132224061427712
1265132227752534017
1265132317074489348
1265132328495579136
1265132336670113793
1265132371516391429
1265132383164129282
1265132403506335744
1265132463702982657
1265132472444096520
1265132541792706562
1265132597199470596
1265132604665344002
1265132629336002561
1265132656192139265
1265132674240266240
1265132697933844481
1265132710508535809
1265132877387149314
1265132916092305414
1265132941560217600
1265132965790695430
1265132974292586503
1265133038305898498
1265133049962024962
1265133058853830656
1265133061827633154
1265133163384168448
1265133184947310592
1265133227410366464
1265133323065659392
1265133326979006473
1265133330846154752
1265133410919550976
1265133427260485632
1265133431379247106
1265133439969382403
1265133451516182531
1265133513990451200
1265133529010061313
1265133548995883009
1265133582445494272
1265133649428721664
1265133719041515525
1265133733339856897
1265133740981997569
1265133751152939008
1265133759491379203
1265133787622502400
1265133913682448388
1265133914164613120
1265133956208267264
1265133968510185473
1265133976974483456
1265133981177126923
1265133993785098241
1265134044469231617
1265134110676221952
1265134120105017345
1265134145048588288
1265134154078916608
1265134183128629248
1265134291396235265
1265134313600888838
1265134320680919040
1265134341857763328
1265134345683185664
1265134361751388160
1265134408476102657
1265134409386086400
1265134459793391616
1265134464138530816
1265134527070044166
1265134551690612736
1265134562830700546
1265134589703598081
1265134639535947779
1265134648360910850
1265134766728212481
1265134870851915777
1265134896093245440
1265134983024386049
1265135037978079232
1265135046815625221
1265135067241738240
1265135108740300800
1265135122438918144
1265135205897179137
1265135215438991360
1265135306514116608
1265135319889915909
1265135352563580928
1265135352836227074
1265135365981175809
1265135369047076864
1265135390849216512
1265135395282587648
1265135415935320064
1265135445622484993
1265135458654224387
1265135537159131136
1265135554527551489
1265135559036542976
1265135616028635136
1265135637197459456
1265135738972143616
1265135768235900929
1265135801333153792
1265135801408634880
1265135809360871424
1265135935697625093
1265135989753864192
1265135998771564546
1265136015192338432
1265136027448102914
1265136050944368640
1265136073929342978
1265136086050717697
1265136160613040128
1265136165759442945
1265136166866530304
1265136175293005826
1265136254699687936
1265136300652236800
1265136326409502720
1265136351575343104
1265136363898384384
1265136372207124482
1265136376195854338
1265136417623154689
1265136501391863809
1265136522958786560
1265136560476876800
1265136614927331329
1265136682044723201
1265136712570810369
1265136733219217408
1265136766635278336
1265136824575381506
1265136860432564226
1265136938450743298
1265137042825965569
1265137076900519936
1265137080889417728
1265137159486480389
1265137202142437377
1265137237102137345
1265137261324140545
1265137274510925831
1265137294190809088
1265137315707523073
1265137320249999368
1265137323928403976
1265137344593756160
1265137408460414977
1265137433227771907
1265137445567430656
1265137491289538561
1265137524923498496
1265137529084416000
1265137534008516608
1265137591768080385
1265137637754576902
1265137641269235712
1265137647082549249
1265137743828525057
1265137756524564481
1265137774103080960
1265137804495015936
1265137970736226304
1265138019650207748
1265138020006555648
1265138062239117312
1265138080140451841
1265138111970979841
1265138124562198528
1265138124717535233
1265138127934455809
1265138171131637762
1265138205134733312
1265138260096909313
1265138314203537409
1265138314685841409
1265138393295527938
1265138443862052864
1265138540561731584
1265138558496583691
1265138561902354432
1265138584027160578
1265138728806133763
1265138804572160001
1265138827066253314
1265138864814882822
1265138956133433345
1265138998214660096
1265139075100495873
1265139090694959104
1265139098819444737
1265139107098882048
1265139147573878784
1265139261441028097
1265139266939760640
1265139306663821314
1265139336716189696
1265139349802364930
1265139392752095232
1265139464218849280
1265139505645776896
1265139531491098629
1265139589821296640
1265139597169823749
1265139741432971270
1265139791147884546
1265139798177656834
1265139799498743808
1265139810366377984
1265139826631815169
1265139945137754119
1265139995997691904
1265140020459065344
1265140025445900290
1265140075815292928
1265140084598280193
1265140096220758017
1265140188944236549
1265140197035053056
1265140218279198721
1265140234385317888
1265140242853629952
1265140260893229056
1265140335505813518
1265140477776494593
1265140511158996998
1265140605052747776
1265140667082252289
1265140712833601536
1265140718655246336
1265140830463045633
1265140834384711681
1265140843435847681
1265140914676088832
1265140998738522112
1265141006032343041
1265141068888256514
1265141094096031744
1265141110340489216
1265141124554948609
1265141157648105472
1265141182436261888
1265141186332893184
1265141213386031105
1265141217035194369
1265141233703411712
1265141271817072642
1265141299621093376
1265141409486532608
1265141450871898112
1265141528055275520
1265141585492299778
1265141593834614787
1265141623014359040
1265141863343886337
1265141909359484931
1265141913759309824
1265141941567721473
1265141945053048832
1265142071129706497
1265142096756908032
1265142117757788162
1265142306132262912
1265142349006503938
1265142356925276163
1265142369730650112
1265142369877282817
1265142378559614976
1265142382707855360
1265142448789094401
1265142449015529473
1265142478337794049
1265142553814450177
1265142563423436801
1265142605416927232
1265142612496916480
1265142621485162496
1265142773155594241
1265142847973593088
1265143013400952832
1265143020963364865
1265143121668603905
1265143129247813632
1265143268620165120
1265143297955246090
1265143436048429058
1265143439768776704
1265143461411520513
1265143461705142272
1265143494131277825
1265143502884622340
1265143531204562944
1265143553409323009
1265143635710029835
1265143732715782145
1265143737245671425
1265143744971460613
1265143822205534208
1265143829952434177
1265143896784269312
1265143938039463937
1265143958759510020
1265143967240372224
1265144024505016320
1265144063780585478
1265144105920757761
1265144131581620224
1265144174925484032
1265144193657171969
1265144214775566338
1265144227547078656
1265144249475088385
1265144253681991681
1265144303665287168
1265144323932401665
1265144332924977152
1265144342286606336
1265144391783587840
1265144404991451136
1265144454081589248
1265144605479178241
1265144617688760322
1265144697388961792
1265144717785866240
1265144861197389826
1265144903278845957
1265144921209450496
1265145046443208704
1265145062540926977
1265145100209807360
1265145197677219841
1265145234318655489
1265145259236798464
1265145285149257728
1265145314081566720
1265145376807542788
1265145386706055168
1265145387037462528
1265145407803469825
1265145490917777408
1265145495477014528
1265145507422371842
1265145523872444416
1265145557258866690
1265145569217036289
1265145580348739584