1257807307448213505
1257807307678900224
1257807357800787970
1257807433692520453
1257807441737273344
1257807522183798784
1257807576026226688
1257807579260030976
1257807609341505536
1257807639163043842
1257807646196928512
1257807668812697601
1257807718620041225
1257807750987317249
1257807797649055752
1257807907435020289
1257807911713153024
1257807917534896129
1257807940691648515
1257807957464625153
1257807978960322560
1257808029443072002
1257808037198336000
1257808100909694976
1257808125698150402
1257808163631439873
1257808170539417606
1257808255880843264
1257808256145252352
1257808298826489857
1257808330551996416
1257808339938967553
1257808340027138054
1257808347333627904
1257808381978370048
1257808398885797888
1257808415373451266
1257808503021940743
1257808523230154755
1257808546139422721
1257808553550786562
1257808553756278785
1257808586677329922
1257808607661309952
1257808620303142913
1257808823118467072
1257808842664050692
1257808846489374721
1257808934309490688
1257808999669514242
1257809060771971074
1257809103633743876
1257809128044593152
1257809131446173696
1257809182662594560
1257809191474884613
1257809267022839809
1257809271414304777
1257809308160536579
1257809320948854784
1257809396580548608
1257809446459379713
1257809476780003332
1257809564738768896
1257809564881186817
1257809628043210752
1257809664776957952
1257809716039704576
1257809740509466624
1257809855991042049
1257809857924792320
1257809861645078529
1257809883501649920
1257809920356950017
1257809986467491840
1257810009171226625
1257810073574756352
1257810178293944320
1257810378026823681
1257810382338560001
1257810480707653632
1257810487825162240
1257810516661219328
1257810565822590976
1257810580016107521
1257810604989075456
1257810651000569859
1257810654813196288
1257810667437985792
1257810763911245825
1257810802029060099
1257810835528966145
1257810849806327808
1257810869196472321
1257810890088300545
1257810905993220097
1257810956517888000
1257810961160790016
1257810986549088262
1257811116035538946
1257811468910813189
1257811472299831299
1257811536325734400
1257811560711495681
1257811623277969415
1257811691066273792
1257811702910943237
1257811703280041984
1257811717716934662
1257811736683401217
1257811745088974848
1257811892610965510
1257812070076239872
1257812134953652224
1257812139500277762
1257812169430687746
1257812198925221889
1257812257095876608
1257812290361069583
1257812303962976256
1257812349907501065
1257812384762208256
1257812395629608962
1257812491519787009
1257812500512301056
1257812504937263104
1257812605218861057
1257812629495541761
1257812638777696259
1257812641466118144
1257812689239375873
1257812718909902854
1257812733958946817
1257812765189615616
1257812768465383424
1257812775860146178
1257812780326875137
1257812806159777793
1257812835960119296
1257812964372918272
1257812986703548416
1257812997013041152
1257813031586856961
1257813137434214404
1257813180832759808
1257813192056553472
1257813234951827466
1257813284314644480
1257813324386861056
1257813376547389447
1257813419132059648
1257813439545630720
1257813473620373510
1257813477646667778
1257813561981706240
1257813590972776448
1257813594827378691
1257813599000711173
1257813664188563460
1257813678814003201
1257813679548108800
1257813695264145412
1257813771583545344
1257813789489184768
1257813821646868481
1257813886893465603
1257813917213941760
1257813951678689280
1257813990190841858
1257814021396262913
1257814044964196359
1257814332781539328
1257814341627322372
1257814387718569986
1257814551183179779
1257814622482153472
1257814631835488260
1257814689406488583
1257814690186567681
1257814781710536706
1257814790648541184
1257814797434990593
1257814810168897536
1257814881761452032
1257814909288624128
1257814923809300481
1257814962858319872
1257815007519277060
1257815041639960577
1257815136670298112
1257815147130679297
1257815197500219392
1257815201119907841
1257815215111958528
1257815233390878724
1257815242819633158
1257815245025947648
1257815265066258432
1257815352618057729
1257815393797898241
1257815562610147331
1257815595942211584
1257815604507148288
1257815667182632960
1257815671947300865
1257815730315235328
1257815805552586752
1257815817858609152
1257815830697521157
1257815910024388608
1257815936293318656
1257816037489344520
1257816084012576768
1257816299843006465
1257816346932523009
1257816422559801344
1257816453404917765
1257816619830525952
1257816769076629504
1257816864799023106
1257816870377398274
1257816890241462272
1257816904309374978
1257816925633163267
1257816959636377603
1257816988082032640
1257816992284913681
1257817055035682816
1257817130780819456
1257817152163373056
1257817169053786112
1257817173030055936
1257817206706102275
1257817251320786945
1257817311647608835
1257817368983670790
1257817387233050624
1257817437250207745
1257817465947672576
1257817491289473024
1257817495098007552
1257817508402409472
1257817545240870919
1257817658893807617
1257817684839772160
1257817691265437696
1257817717832396805
1257817881691242510
1257817923776897024
1257817999228178433
1257818002726072322
1257818178916409344
1257818212722450440
1257818221396312064
1257818238492135429
1257818254900371456
1257818297061392385
1257818309787095040
1257818342641057792
1257818435611791361
1257818436836589569
1257818436903854082
1257818456327626755
1257818515354062853
1257818543787110400
1257818565157236739
1257818636825264129
1257818712310026240
1257818749266059264
1257818762536943631
1257818821672472581
1257818833085100032
1257818875980320771
1257818892736401408
1257818904782462976
1257818926148452352
1257818973963292672
1257819013742096384
1257819044356464640
1257819111427657728
1257819135762890759
1257819252536545282
1257819261063630849
1257819404492050438
1257819462549594112
1257819488092925953
1257819517255847936
1257819517973127168
1257819538541821953
1257819554677510146
1257819663901143042
1257819706268037125
1257819868868620293
1257819882353287170
1257819926741450753
1257820013085458433
1257820026821906432
1257820058262388736
1257820062607605761
1257820075047784449
1257820092810833920
1257820117062365187
1257820183780970497
1257820223647830017
1257820267302264834
1257820292694585345
1257820364681306112
1257820385602670592
1257820402228908032
1257820406662287360
1257820412567678976
1257820446608592896
1257820473326555142
1257820486450458624
1257820523700068359
1257820549129973760
1257820620051623938
1257820727547359232
1257820746740465664
1257820758199291905
1257820774993461248
1257820800477884417
1257821011078250502
1257821057236586496
1257821065029521409
1257821077931057152
1257821081982959617
1257821103420039169
1257821195711287296
1257821236845064197
1257821275436744710
1257821339919867912
1257821396010504192
1257821491309105153
1257821516420562944
1257821700575690758
1257821729520594946
1257821765692264450
1257821782125363200
1257821806179889154
1257821891739258881
1257821966981107717
1257822020705947648
1257822058882363394
1257822102524014593
1257822109587259392
1257822148246286337
1257822150230073344
1257822185642745856
1257822201639821313
1257822210900873217
1257822222489726981
1257822319122112514
1257822324088242177
1257822332019605504
1257822361543249920
1257822365687386112
1257822382116536321