1265689268523065344
1265689285732241408
1265689297316802560
1265689344167329792
1265689345379520512
1265689432780345360
1265689486849122306
1265689532675964930
1265689537130397696
1265689646765350912
1265689688012214272
1265689700808843264
1265689704399167489
1265689725928566790
1265689864307118080
1265689881419939840
1265689885106733057
1265689923174240257
1265689961501798400
1265690103147638789
1265690133027860482
1265690133220687872
1265690144323108865
1265690159007309827
1265690189927780352
1265690191630491648
1265690241891020801
1265690271620247553
1265690363504857088
1265690409101074434
1265690584561455104
1265690615083421697
1265690682355707906
1265690744846782466
1265690787217436672
1265690808532885504
1265690872366194688
1265690888061235202
1265690891701944320
1265690900715450368
1265690937973448706
1265691047616806912
1265691057712291840
1265691072879038465
1265691089689874435
1265691118911606787
1265691131196649474
1265691186116866050
1265691187664629764
1265691198846533633
1265691211161108493
1265691244631597056
1265691282082594818
1265691295701438469
1265691303309910025
1265691314013831168
1265691424374358016
1265691427012476929
1265691462899052552
1265691525901701120
1265691605006200834
1265691659980980224
1265691762066165765
1265691835751698443
1265691868861530112
1265691889296121857
1265691919881056256
1265692020074582017
1265692094741577728
1265692131299131395
1265692163142234112
1265692484413292544
1265692535931969537
1265692544526155777
1265692561877975043
1265692632463917059
1265692649521942530
1265692738370052096
1265692758238470145
1265692844511113216
1265692846679613444
1265692854980050944
1265692855487492096
1265692863888793601
1265692880141770755
1265692976904372224
1265693006906028033
1265693056583569411
1265693110773911558
1265693124636168199
1265693135545544705
1265693190461558787
1265693515713064960
1265693516237332480
1265693537431171075
1265693559241371648
1265693652489289728
1265693693824110598
1265693735607767040
1265693816016814085
1265693820261404672
1265693865874522114
1265693924586221569
1265693988008402948
1265693996564832256
1265694017083318272
1265694096795951105
1265694158213111815
1265694222461448192
1265694240253739011
1265694389990539264
1265694419845611520
1265694473796882434
1265694505384185856
1265694511956623362
1265694542751129600
1265694549537460224
1265694582773334016
1265694587558989825
1265694591371685898
1265694616499523584
1265694725371318272
1265694736121245696
1265694742291066882
1265694757252022272
1265694757264769030
1265694797404073985
1265694822125486080
1265694871496597506
1265694918397308928
1265694939133902848
1265694968821227521
1265695002614738947
1265695019261886471
1265695027281395712
1265695040250228736
1265695081832394752
1265695086567927808
1265695304390672384
1265695325437792257
1265695443385643009
1265695573245648896
1265695606455984128
1265695619169030144
1265695821011603457
1265695879656169472
1265695921200934913
1265695937915088896
1265696022333808640
1265696038607900672
1265696188902322177
1265696210884521984
1265696290148507648
1265696317449396226
1265696395425710081
1265696395480256514
1265696403696779275
1265696420113211393
1265696428753551360
1265696479404077056
1265696575235526656
1265696750456770562
1265696751870267392
1265696824167469058
1265696910704246784
1265696914902786048
1265697036277440513
1265697057425231873
1265697061716013056
1265697136563367936
1265697142410076160
1265697213310795778
1265697267371184129
1265697331489525767
1265697451819692032
1265697481309986817
1265697506861727746
1265697544006328321
1265697552126455808
1265697569235238913
1265697586880675845
1265697611723403265
1265697655549825027
1265697657080762368
1265697674331742208
1265697695311659008
1265697716329345024
1265697737649147904
1265697794947346432
1265697807983230976
1265697833254092802
1265697893803085826
1265697947062280192
1265697951059501073
1265697989907165185
1265697999381917696
1265698093212684288
1265698098401042433
1265698124909047808
1265698152335671296
1265698315682877441
1265698337526812672
1265698408909737986
1265698413057843202
1265698481659875331
1265698550639452173
1265698554808393730
1265698580397883393
1265698593127702538
1265698593798852613
1265698600241131520
1265698697565728769
1265698713327919105
1265698777257607173
1265698820391919620
1265698907595522048
1265698924741844992
1265698953112109056
1265699014252523522
1265699125749665793
1265699126068404224
1265699170721173504
1265699238450810880
1265699275679207425
1265699381451374593
1265699445867511810
1265699464691380224
1265699499567177729
1265699519607345152
1265699561571356674
1265699633365467137
1265699674536783872
1265699712730116099
1265699985607319552
1265699993983373318
1265700035578048512
1265700044407259138
1265700086467698694
1265700097163235329
1265700098450886656
1265700216381947904
1265700287697883140
1265700324817489921
1265700333239427077
1265700437673619464
1265700530954711040
1265700581152378882
1265700669190799360
1265700677193396225
1265700689449287680
1265700891874791427
1265700895968411649
1265700912628150273
1265701101464059905
1265701118237163521
1265701156220739584
1265701160473825281
1265701201628278785
1265701264920399874
1265701285535375360
1265701288727076864
1265701343714586627
1265701356603674625
1265701420050849793
1265701475029864452
1265701596400357376
1265701681288929283
1265701699978698753
1265701801300422658
1265701901552594944
1265701954610585602
1265702031961894912
1265702053210394627
1265702078124634113
1265702103152017408
1265702115399413766
1265702120612904960
1265702167266111491
1265702181212127235
1265702200040280065
1265702200421933056
1265702208215166977
1265702288233922561
1265702363500855296
1265702380617728001
1265702389128081412
1265702426373480453
1265702476289884163
1265702492647698438
1265702590118899713
1265702699166826496
1265702707106439170
1265702728229097473
1265702770759344129
1265702816406011910
1265702875126288390
1265702887516262403
1265702892717125633
1265703085357305859
1265703096765820929
1265703102210084869
1265703110728536065
1265703228030816257
1265703278207209475
1265703361715765249
1265703366497144833
1265703370750414848
1265703496927641606
1265703606923255810
1265703614422622208
1265703647536730128
1265703650799882244
1265703680566800392
1265703680826839041
1265703692780605440
1265703775408402432
1265703785374121990
1265703853003071488
1265703969692594179
1265703985891008512
1265703986914418689
1265704037611077632
1265704045831995394
1265704087510794244
1265704131508998146
1265704141587767297
1265704146273021954
1265704200442384385
1265704305543262215