1262714620063727617
1262714620239728640
1262714647666442243
1262714657766363136
1262714719435186176
1262714790054633472
1262714928332300289
1262714933369692160
1262714953632559105
1262715016748445697
1262715049912741889
1262715090069061633
1262715230938787841
1262715276765913093
1262715277126631424
1262715327537954816
1262715368134623235
1262715377538215937
1262715403417071616
1262715503706947584
1262715540688207875
1262715710347923458
1262715750633988096
1262715792136851456
1262715876719185920
1262715931576479744
1262715968897404928
1262716002669858818
1262716007568695297
1262716032030040065
1262716046605266950
1262716133188173825
1262716320170176514
1262716327568896001
1262716366978719744
1262716400973623297
1262716439330525186
1262716442723659779
1262716491369082881
1262716495035064321
1262716501653630976
1262716530229460992
1262716569458806793
1262716586038878208
1262716602862239745
1262716728666013696
1262716746005438464
1262716787407413256
1262716831984386048
1262716849185267714
1262716854826500097
1262716909398700035
1262716919846588418
1262716972585947138
1262716976591327233
1262717038272942082
1262717060297248770
1262717105511772161
1262717167155412992
1262717248248131587
1262717260214525952
1262717301586948097
1262717369715093504
1262717411545026560
1262717456801546240
1262717464204341255
1262717464686854145
1262717489080930306
1262717545829634049
1262717596593504264
1262717650444091392
1262717672090935301
1262717742702047233
1262717848901816326
1262717886784626688
1262717969244839937
1262718020054638593
1262718032604004352
1262718061674663940
1262718111972593664
1262718128582037505
1262718233116839937
1262718238623965187
1262718254465921025
1262718286929833984
1262718521156370433
1262718582565281792
1262718661472780288
1262718679231455232
1262718699104075778
1262718783782883328
1262718813012783104
1262718879073263617
1262718883594670080
1262718988791971840
1262719231638024193
1262719494218186754
1262719513272950786
1262719517588889605
1262719569317117953
1262719621616013314
1262719986654724096
1262720062395494401
1262720148001165312
1262720161427013632
1262720180687376390
1262720197032652800
1262720204699811840
1262720222290677760
1262720264577650690
1262720297360396294
1262720298329059328
1262720329241198592
1262720401160974341
1262720453711405067
1262720473705529351
1262720490520694785
1262720783484403714
1262720981250060288
1262720993757409282
1262721031610994688
1262721065450684417
1262721136837554183
1262721149273870338
1262721182169657344
1262721242043310080
1262721345542131712
1262721437674213381
1262721510101471232
1262721518737346561
1262721588270596100
1262721647716585472
1262721708546555905
1262721732563124225
1262721829128503298
1262721916936257537
1262721957373624321
1262721958761955330
1262721972837978113
1262722033743474688
1262722076307316741
1262722143021862914
1262722171740106752
1262722209400762373
1262722353408159744
1262722520869986310
1262722595725676549
1262722651581296640
1262722725673668614
1262722883408859137
1262722990317412357
1262723104008175616
1262723111402733569
1262723176737517569
1262723325391966209
1262723371386560514
1262723413564588034
1262723420837511171
1262723580967768065
1262723615331692544
1262723636277936128
1262723836438622208
1262723854348189696
1262723922585423873
1262724029884125185
1262724084959412224
1262724094518329346
1262724142224347136
1262724285799464961
1262724361980538881
1262724458051252225
1262724461352022020
1262724503911542786
1262724686514921473
1262724844115972102
1262724881873088515
1262725075045924871
1262725112933031936
1262725141706035202
1262725167370944526
1262725173528199171
1262725208680603650
1262725213004853249
1262725330458075136
1262725338309758977
1262725364738076673
1262725376016613377
1262725411114323970
1262725560935100418
1262725658607747072
1262725682561527808
1262725708133982208
1262725754376331264
1262725769211469825
1262725787280707584
1262725821573337089
1262725821678182406
1262725825578876934
1262725975676239874
1262726076897177600
1262726077006389249
1262726123118424070
1262726136234217475
1262726265334874115
1262726307894493184
1262726336805830657
1262726349866905600
1262726425486004229
1262726513335644165
1262726572563263488
1262726589332275201
1262726685780312070
1262726723306696706
1262726752494854144
1262726782588944385
1262726794681057280
1262727020318019592
1262727144981106690
1262727231035658243
1262727246227308544
1262727298157027329
1262727330881044480
1262727420081254401
1262727449554694146
1262727474053394434
1262727499102015490
1262727503275327489
1262727637039972352
1262727712495591424
1262727774856450049
1262727851859685382
1262727893630750720
1262728039990874113
1262728099185266688
1262728207998095360
1262728208434282496
1262728232606093312
1262728266336665602
1262728308585893888
1262728321235914753
1262728325061062662
1262728414760443905
1262728451599011840
1262728493324029954
1262728509979611140
1262728537141805056
1262728715525599235
1262728765718872066
1262728912129441792
1262729025887318016
1262729097643470849
1262729265310838791
1262729281937059840
1262729453928689665
1262729462065627136