1267002992382935041
1267003112415518723
1267003112734277632
1267003175472525312
1267003273715675136
1267003296117637123
1267003516092022786
1267003650938818560
1267003759709675521
1267003885325082624
1267003956959547393
1267004056968531970
1267004082864209926
1267004153571741699
1267004159146016768
1267004171674365952
1267004183196119042
1267004220517081088
1267004274770210821
1267004317774602241
1267004320341307393
1267004323499827200
1267004432505540608
1267004479070756864
1267004593587838976
1267004619953180672
1267004699305279496
1267004787431739399
1267004842154713091
1267004867966459905
1267004896546562048
1267004913500008448
1267004950988677121
1267004955845591042
1267004975671984131
1267005068869599232
1267005144144756744
1267005235995836416
1267005294464270336
1267005366182739970
1267005375217307649
1267005457878577153
1267005641232576512
1267005693627899905
1267005781972529152
1267005782714986497
1267005793213181953
1267005860896792578
1267005979683627008
1267006062743498754
1267006180158734336
1267006256092332033
1267006264426598400
1267006385440600064
1267006413672505344
1267006486498213889
1267006492856762369
1267006536192331778
1267006573966241792
1267006578416218112
1267006586616152064
1267006749770420229
1267006892850548738
1267006909451833345
1267006959892324354
1267007161370116097
1267007202797158400
1267007434234777600
1267007505777012736
1267007645740761088
1267007651864436736
1267007904567250945
1267008042974904321
1267008189113012224
1267008327952801792
1267008343538835456
1267008364917092352
1267008537995206656
1267008613492551680
1267008659105681409
1267008746745667584
1267008767704461312
1267008805142962176
1267008818468343808
1267008898986319875
1267008977382105090
1267008990493499393
1267009023150379008
1267009103605436418
1267009203757080576
1267009304957239298
1267009665277272072
1267009715499929601
1267009770713726976
1267009900833456129
1267010026545299456
1267010139963273217
1267010142987595776
1267010374819340290
1267010432922980352
1267010441122770946
1267010487344037890
1267010546215186432
1267010568344526848
1267010597188702209
1267010852168912897
1267010859286630400
1267010960486625280
1267010970246942720
1267010977947504645
1267011129563373568
1267011146772434944
1267011232688680960
1267011250896109568
1267011454894518273
1267011495558340608
1267011586121752576
1267011595361751040
1267011686592110592
1267011909913624582
1267012123852304389
1267012169348141061
1267012185072390145
1267012240714002432
1267012357437435905
1267012454548209664
1267012580847083520
1267012606063239168
1267012707447955456
1267012794978832385
1267013016626753536
1267013082569564162
1267013317068980225
1267013360463179778
1267013943580557312
1267013968935235584
1267014288000024576
1267014455067463682
1267014466895597569
1267014471899164673
1267014623208902658
1267014639327621120
1267014679215378432
1267014770063884288
1267014883180253184
1267015035777421313
1267015090550853632
1267015239754792963
1267015428171169792
1267015465802571776
1267015485507416064
1267015608257961984
1267016024597180421
1267016393846747137
1267016770453475328
1267016897200926720
1267017089266716672
1267017245009555456
1267017261220532224
1267017445409280001
1267017453227442176
1267017479294840832
1267017567585140736
1267017743418585088
1267017773328273410