1257037211184201728
1257037270495965191
1257037287902384128
1257037385277280258
1257037405477048330
1257037501786660866
1257037590659608576
1257037616790204416
1257037627347415040
1257037715964678144
1257037842745905157
1257037862232641536
1257038005786861573
1257038100498440202
1257038127165845513
1257038143456493569
1257038196896002048
1257038262381789185
1257038281885331457
1257038420406222848
1257038454010998784
1257038491894124560
1257038509040447491
1257038818647003136
1257038902910758918
1257038907759353863
1257038999329308673
1257039032539910144
1257039078987530240
1257039102719021056
1257039125712179200
1257039129566744577
1257039166778548225
1257039167218843648
1257039171987832832
1257039296919453696
1257039305140101120
1257039385356361728
1257039402401820672
1257039410698178560
1257039475072471044
1257039481426841601
1257039528721813504
1257039636729397250
1257039696447889408
1257039720850190337
1257039774348705794
1257039783794216962
1257039896176361473
1257039964195262465
1257039967727030272
1257040021267283968
1257040131929735168
1257040177719058432
1257040193661657091
1257040207385260032
1257040211428741120
1257040267464642565
1257040546679455746
1257040585233502208
1257040589176127489
1257040605521330176
1257040652677808129
1257040686567821314
1257040752556650496
1257040765152382978
1257040897939832833
1257040907456573440
1257040928285396992
1257040958295859202
1257041092169457664
1257041125921218560
1257041242682281984
1257041256426827776
1257041264282791936
1257041272512090120
1257041272872697856
1257041289176125441
1257041352367517700
1257041407287668736
1257041443404775425
1257041459427016704
1257041482621440000
1257041494768222210
1257041553966669825
1257041574783057921
1257041608639418370
1257041741149908993
1257041822049845249
1257041826088771590
1257041838348722177
1257041884737712128
1257042006750236673
1257042006917836800
1257042082843197442
1257042094872461313
1257042153718657025
1257042185717002242
1257042243677900800
1257042283536568321
1257042287328219137
1257042291618918400
1257042300376616962
1257042313362075650
1257042338024755200
1257042346790793232
1257042354902532096
1257042442811068418
1257042451262517248
1257042476566745088
1257042493167853568
1257042510796505090
1257042564085100544
1257042597975142401
1257042648365502468
1257042723808382983
1257042904390008834
1257042917098749964
1257042929153200130
1257043046480273408
1257043114243567616
1257043190286254080
1257043221630218240
1257043308284653568
1257043311262490626
1257043357001330689
1257043370108768257
1257043372763725825
1257043377369071616
1257043474911768576
1257043496101384192
1257043525235023877
1257043601059573760
1257043604352073729
1257043747227029506
1257043755472994305
1257043835395248128
1257043865032224769
1257043868631138304
1257043902290329600
1257043965167140868
1257044036516319234
1257044137532162056
1257044199888715776
1257044233237803009
1257044235230027785
1257044250665066497
1257044355526938624
1257044397012779008
1257044581927051264
1257044670552715267
1257044761967386629
1257044796704727042
1257044800320294924
1257044808314556417
1257044850693664768
1257044854867025920
1257044920944095233
1257044934043013120
1257044942637223938
1257044984970137600
1257045038900617218
1257045131678625792
1257045164977041408
1257045165509767169
1257045168877953024
1257045282426171392
1257045293394210818
1257045311299739649
1257045320711565317
1257045379050352641
1257045454371479552
1257045504824836098
1257045576048357381
1257045640225394688
1257045672794046465
1257045681224724481
1257045689801912321
1257045748514017280
1257045794345177088
1257045915325661185
1257045958199660544
1257045987668791297
1257046007973425152
1257046066312220674
1257046226903719945
1257046288861933572
1257046342624575494
1257046350866382848
1257046389063704577
1257046406231060480
1257046422853087232
1257046462736842758
1257046488070475776
1257046506454081538
1257046637115047936
1257046679171338246
1257046696003022848
1257046729364590592
1257046813112061952
1257046814479593497
1257046826215256072
1257046876810952704
1257047068884885504
1257047098027126784
1257047190943531010
1257047220014272513
1257047258350202883
1257047261965508608
1257047320153251847
1257047433772703750
1257047471621996544
1257047487048638464
1257047547186515969
1257047618536058880
1257047777743429632
1257047786945687553
1257047819740786688
1257047966726205442
1257048030387171328
1257048118153154562
1257048160083591171
1257048201296666624
1257048219424567297
1257048310562435072
1257048310767947776
1257048331941011456
1257048365055062016
1257048529022799872
1257048532990791680
1257048591551483904
1257048591979462656
1257048624858648576
1257048637487460352
1257048817649758210
1257048842937282565
1257048852248489984
1257048885215801350
1257048922452897797
1257048939628425216
1257048961464053762
1257048994536185857
1257049000840069120
1257049057400242176
1257049192440176641
1257049241442230273
1257049346853556233
1257049456010244096
1257049456366755840
1257049521516875777
1257049715310551043
1257049757383454721
1257049808369483777
1257049873364455424
1257049917421318144
1257049938690703363
1257049954465579008
1257049959830085632
1257050001437528070
1257050101622636544
1257050113958121474
1257050169180409859
1257050252856692738
1257050260628811780
1257050354048479236
1257050366325202947
1257050533996695553
1257050536618201090
1257050642792628224
1257050752658309121
1257050802297815040
1257050827782569985
1257050839526649860
1257050877782720512
1257050928605270018
1257050999757275137
1257051165214289927
1257051203881644032
1257051238048374786
1257051254804623367
1257051330985811971
1257051381359403008
1257051426267815938
1257051481649197057
1257051548913467393
1257051560208523264
1257051666198564864
1257051733227966465
1257051745907118080
1257051942582235136
1257052014728617984
1257052021666066440
1257052081648787456
1257052150569435136
1257052190943973377
1257052207528112128
1257052223999225856
1257052273735237633
1257052303657443328