1260570506069266437
1260570568937615361
1260570642354769921
1260570720431747072
1260570738379182081
1260570766883598336
1260570795568517132
1260570797141299207
1260570804372324359
1260570838916640779
1260570869526663175
1260570875646160898
1260570892343656453
1260570906956611590
1260570945007337479
1260571076163252243
1260571093460570114
1260571097298329605
1260571220241797122
1260571268446855168
1260571313657315331
1260571353238908934
1260571460311146496
1260571475561656329
1260571563998482434
1260571568045989892
1260571604045742082
1260571728587231232
1260571823932047360
1260571957768192002
1260571983152021509
1260572000151572480
1260572075103838209
1260572085707046913
1260572146834776065
1260572161477169153
1260572174777298944
1260572213721382921
1260572242850787328
1260572306490953728
1260572361146990597
1260572369183260675
1260572418604699648
1260572478247768076
1260572506777358336
1260572536544399366
1260572588004253700
1260572611228110853
1260572633617387520
1260572635559276555
1260572667389886472
1260572679914106880
1260572721777455105
1260572767365279747
1260572776332656643
1260572792627630081
1260572888895295488
1260572931240927234
1260572964707237915
1260572993882935298
1260573002896412672
1260573006180626438
1260573018583117830
1260573060933005313
1260573109872209920
1260573235038638080
1260573264830697474
1260573362784477184
1260573430807699457
1260573526454657027
1260573531299086337
1260573702443368448
1260573709565394944
1260573820601204740
1260573935365754887
1260573976033734656
1260574012956082180
1260574130572845064
1260574131323617283
1260574135006232579
1260574151208820737
1260574219068465152
1260574268292829185
1260574408772669441
1260574472945438726
1260574529073696771
1260574558807035906
1260574562321936386
1260574580659322883
1260574607628738560
1260574674859307008
1260574688868253699
1260574705880387588
1260574717481824257
1260574717578272770
1260574826399498249
1260574843659063299
1260574891130204161
1260574906271531009
1260575015319351297
1260575166838562819
1260575233825800193
1260575275789795329
1260575276485967874
1260575282936889346
1260575317879664643
1260575415040688130
1260575420401029125
1260575476894089216
1260575481109323782
1260575488948547584
1260575490018066435
1260575510335238149
1260575585937620992
1260575635950485507
1260575661909041154
1260575712404275200
1260575833695162370
1260575853391630341
1260575854511480834
1260575896794206212
1260575950955335681
1260575993296834566
1260575996970926088
1260576064205701121
1260576077040234497
1260576162608267268
1260576173110763525
1260576299749380105
1260576302865747969
1260576361003003908
1260576373401432070
1260576479576035334
1260576534164881411
1260576629631442947
1260576669120823296
1260576756823719946
1260576768760709121
1260576833768169472
1260576868820017152
1260576898746331140
1260576919587880967
1260576920166707204
1260576999967461377
1260577033802993665
1260577062823362560
1260577112857153537
1260577120880820226
1260577193249431552
1260577238929506307
1260577305581228035
1260577364104404994
1260577368923652105
1260577385906397184
1260577398921277440
1260577465224835075
1260577489384062978
1260577502751326211
1260577564449558530
1260577603385262084
1260577675015532544
1260577704094695427
1260577760797491200
1260578034580631564
1260578106257145856
1260578110572986370
1260578126746320898
1260578358582272000
1260578438131433472
1260578472080138241
1260578509774299136
1260578545262137344
1260578552036167682
1260578576652480513
1260578648274489345
1260578710874476546
1260578898896728064
1260578924423151621
1260578970803875843
1260579028337123334
1260579035312201729
1260579188257492996
1260579201406697474
1260579243253207040
1260579394223067139
1260579432215056390
1260579514180161538
1260579553203937283
1260579633646444544
1260579671101620225
1260579672322121728
1260579687857881088
1260579768090734593
1260579830380232707
1260579843219079168
1260579843567165440
1260579906863366145
1260579974534356993
1260580194504577038
1260580207968366600
1260580278751412224
1260580384150106114
1260580448935260163
1260580456128548866
1260580576836321285
1260580590870581250
1260580652803645441
1260580812350783488
1260580816423444480
1260580824602357760
1260580969930686464
1260581038306332674
1260581131054985218
1260581139581984774
1260581177494298625
1260581273518723074
1260581298311176192
1260581357929009154
1260581390657126400
1260581420508024835
1260581469233299456
1260581521037148168
1260581525550178304
1260581533854896130
1260581567455518724
1260581615362850816
1260581680466857987
1260581776730308610
1260581805348081670
1260581835203117066
1260581906841841667
1260581923614842880
1260581927859486723
1260581944506621952
1260581953302155264
1260581974055571456
1260581998898397197
1260582129718755329
1260582154410622976
1260582162522308608
1260582208521285633
1260582276280221698
1260582317078257670
1260582423202594817
1260582439585488898
1260582537543454723
1260582557462212608
1260582598037962753
1260582636755595268
1260582639515418624
1260582653826301953
1260582686768476167
1260582723883761664
1260582740782694404
1260582791642853376
1260582796109778944
1260582829324406786
1260582846386917377
1260582847074709504
1260582863294156800
1260582871628230663
1260582884370518017
1260582929647964167
1260582959347838992
1260583022665125888
1260583048464289793
1260583069175685120
1260583119519956996
1260583144094302216
1260583164969353220
1260583232246087686
1260583291251556358
1260583304148987909
1260583346150805510
1260583420633194496
1260583483992408066
1260583622039556101
1260583763920199680
1260583856215928836
1260583877787242500
1260583878617640966
1260583906908221441
1260583957026033666
1260583966551298050
1260583995483488257
1260584049845972994
1260584056053514248
1260584071329169409
1260584180422934528
1260584231740284928
1260584260223864832
1260584281300185091
1260584339227672579
1260584435809947649
1260584444341166080
1260584504944705542
1260584585160790018
1260584593637412871
1260584713275740166
1260584758846914561
1260584834554044416
1260585064569634816
1260585098690342912
1260585106965757952
1260585137068269574
1260585204101656577
1260585228806037507
1260585338856181760
1260585534717603843
1260585535137030148