1261068779544592384
1261068869428445184
1261068899073683457
1261068912256565251
1261069017235816450
1261069033790717952
1261069070973059072
1261069205467734018
1261069256160161796
1261069258655752195
1261069287986466817
1261069303861968896
1261069305472528387
1261069343733035015
1261069507059220484
1261069519759511560
1261069549975343106
1261069634339516416
1261069651091619841
1261069679155707904
1261069818259701760
1261069826031845377
1261069847657508864
1261069859460222976
1261069900279246854
1261069907870879744
1261069922702102532
1261069955686191106
1261069960002109440
1261069973323210752
1261070006437031937
1261070006718279688
1261070086988800002
1261070220850081793
1261070245390946304
1261070418842128384
1261070489272717312
1261070554636800000
1261070593459445761
1261070635884838912
1261070686581374976
1261070697125810176
1261070732538380288
1261070786690867200
1261070893700145152
1261070936251359234
1261070976474845186
1261071096880615424
1261071222692933632
1261071226686132226
1261071298437894144
1261071399197777924
1261071416134230016
1261071449546207233
1261071495842787329
1261071496564183040
1261071508404940800
1261071525429428225
1261071578957115392
1261071633546006529
1261071719177097222
1261071750902583296
1261071789251342345
1261071793487581184
1261071810776317953
1261071819718619137
1261071948605542401
1261072044927696898
1261072204898471936
1261072208765390848
1261072298678685697
1261072323295100928
1261072332002480132
1261072335450365953
1261072346791608320
1261072389514899456
1261072396867551233
1261072460449034240
1261072468913139712
1261072501922238466
1261072569127534593
1261072598185771008
1261072661347794945
1261072667236380673
1261072762443046912
1261072830172725248
1261072833385463821
1261072862607282179
1261072933855940610
1261072964998422529
1261072979670323202
1261073021831393280
1261073023030792192
1261073094019444736
1261073102227808257
1261073257802809345
1261073296218402816
1261073330452353025
1261073382482817025
1261073411872305154
1261073491702558720
1261073492369379328
1261073508747980800
1261073563584356353
1261073650892935168
1261073660330364928
1261073671491219456
1261073676608339969
1261073690264993793
1261073714600427524
1261073782141222915
1261073890429845512
1261073945383571457
1261073982746513414
1261073986538045440
1261073999980711936
1261074016208551937
1261074016435085313
1261074025024851969
1261074171599089664
1261074188871200769
1261074217740746754
1261074243162271744
1261074250351497216
1261074297587712001
1261074345289568257
1261074415535652866
1261074461471567873
1261074490328518657
1261074531722108935
1261074620100288513
1261074620788224000
1261074704225300480
1261074850765889536
1261074863860723713
1261074925638553608
1261074959981580294
1261075050628857860
1261075088859947014
1261075095247872001
1261075100993912833
1261075147357851648
1261075165536047105
1261075227645145088
1261075228626690049
1261075425150873602
1261075543148990465
1261075556260511745
1261075572781993984
1261075714561859586
1261075832837230593
1261075833080381447
1261075981189742592
1261076012370182147
1261076025032749058
1261076030082682884
1261076116921516032
1261076280524500992
1261076311004545030
1261076325957328899
1261076352020725762
1261076453032112128
1261076535135686657
1261076654396448768
1261076721182351364
1261076750781407234
1261076821522755584
1261076839159566336
1261076852141109248
1261076869388140548
1261076897087225860
1261076969069801472
1261077002225926147
1261077036073988096
1261077041325264897
1261077051362045953
1261077094668345344
1261077158086180869
1261077195906330625
1261077201677701123
1261077203732910081
1261077208115957760
1261077258627944448
1261077309488013313
1261077313422229504
1261077380195659776
1261077451930849280
1261077497875099648
1261077509585674241
1261077596013502467
1261077630503153664
1261077669564649472
1261077757854748674
1261077811864965120
1261077824942731266
1261077832979091457
1261077921071894528
1261078034607726593
1261078105399033856
1261078105432752137
1261078135270813697
1261078144779354112
1261078236039086087
1261078236106231810
1261078268813467653
1261078333061836800
1261078384630812673
1261078542126919681
1261078634657386497
1261078637542928384
1261078697383211011
1261078754215882752
1261078860864655360
1261078918716690434
1261078928002670592
1261078986160889857
1261078990552473605
1261079090691440640
1261079117031772160
1261079137709707265
1261079198329966593
1261079218638684164
1261079255661924352
1261079313107111938
1261079343272509442
1261079366471221253
1261079372024315904
1261079373248999424
1261079383151980547
1261079410263969794
1261079452324294656
1261079515335442440
1261079576354197504
1261079732780752897
1261079792289550336
1261079872354627585
1261080002285563905
1261080008711450625
1261080073265917953
1261080077049098240
1261080087304318976
1261080100193402880
1261080151984615425
1261080220884447232
1261080304095301632
1261080324173422592
1261080334512218113
1261080440653275137
1261080454498848768
1261080488141295633
1261080521611804672
1261080559796830214
1261080563336822786
1261080563458486272
1261080622120030208
1261080639585095681
1261080647990304768
1261080739350745089
1261080781176180736
1261080797974495232
1261080811434016769
1261080812600078349
1261080827720589313
1261080941109231616
1261080946071212033
1261080978824536064
1261081032960376833
1261081037444124680
1261081118071123968
1261081138375929857
1261081166330957826
1261081231107768321
1261081233901182977
1261081289358278657
1261081320618369024
1261081327157284867
1261081339207356416
1261081344228175872
1261081345243205632
1261081373508620293
1261081377803509760
1261081392903004160
1261081423097630720
1261081457621073925
1261081473328783364
1261081586981761024
1261081629369532416
1261081708423716867
1261081708713082881
1261081729747599360
1261081792381169664
1261081824886812672
1261081832277360650
1261081913739141120
1261081914720616448
1261081960526557185
1261082015165607936
1261082065086435328
1261082090113773568
1261082115669622784
1261082157998575617
1261082220145659905
1261082283676598272
1261082300579606528
1261082317096919040
1261082376748310530
1261082389075210241
1261082422029975552
1261082497518956544
1261082522059857920
1261082524631040002
1261082607015600131
1261082610752782340
1261082635608170500
1261082652548964352
1261082685730103299
1261082773781012482
1261082816034385920
1261082924864151552
1261082953687285760
1261083050030567425
1261083050726866947
1261083063402090496
1261083076144148480
1261083108423671808
1261083189298282496
1261083256742719489
1261083260114874373
1261083281954660355
1261083286102781952
1261083341610119169
1261083358211309572
1261083402813550598
1261083470165573633
1261083491107659776
1261083508157616129
1261083512729473024
1261083515967373313
1261083520656715781
1261083537199022086
1261083575274831876
1261083589921267713
1261083592689700865
1261083650290077698
1261083693143265280
1261083696511270912
1261083830955335680