1258985045986906112
1258985055671574529
1258985064139943936
1258985097333633024
1258985161657659393
1258985219928907778
1258985261100220416
1258985290993205248
1258985395968229378
1258985492756017154
1258985541162262528
1258985572799885312
1258985749057163264
1258985785191051269
1258985844561580032
1258985928023879680
1258986109121503233
1258986126087462913
1258986289388498946
1258986301547671552
1258986310435581952
1258986356044333056
1258986498315214848
1258986545891233792
1258986560457895936
1258986596076052487
1258986716859432968
1258986717677314048
1258986759607721985
1258987178098479104
1258987225808863233
1258987330011979776
1258987449042128896
1258987572522516481
1258987580726677507
1258987650075234304
1258987735542640641
1258987760976723969
1258987775082278917
1258987893978288128
1258987950823489537
1258988075838959617
1258988214099996674
1258988231904772097
1258988402575396865
1258988450314936320
1258988490953547777
1258988562315239424
1258988626312138752
1258988634000232449
1258988734403485701
1258988789512503297
1258988809909235713
1258988819380142085
1258988860941492227
1258988863764099072
1258988895061962755
1258988948363370496
1258989111941181440
1258989171953278976
1258989191175770113
1258989200268918784
1258989208649293825
1258989211920654337
1258989242728034306
1258989430347567105
1258989442762588160
1258989481186615296
1258989561050361856
1258989620114493440
1258989816504516612
1258989971857276929
1258990023308951553
1258990111171076097
1258990122890145792
1258990135435317248
1258990172521197574
1258990172693245953
1258990176639938560
1258990256428384258
1258990341123764224
1258990394374676484
1258990450209427456
1258990507394383877
1258990530266087425
1258990552894320641
1258990560284729345
1258990571437334528
1258990605860036608
1258990609265803264
1258990651674259456
1258990774303313920
1258990801377525761
1258990810864873474
1258990865814450177
1258990881169985536
1258990885716602881
1258990903223627776
1258990918251753472
1258990986266435584
1258991214516412416
1258991231356432385
1258991309836046336
1258991400466755584
1258991440203563008
1258991490111549445
1258991498080722956
1258991506385334272
1258991653869633542
1258991750913363975
1258991779166199808
1258991800393494529
1258991816877228033
1258991907713118208
1258991910489817089
1258992038835601408
1258992147501445121
1258992207211757574
1258992291852824582
1258992292020584449
1258992295560413185
1258992392717381633
1258992405098803201
1258992438414360577
1258992480487215104
1258992483213561857
1258992724050665473
1258992761535000576
1258992898793779200
1258992974941179904
1258992979609616384
1258993035213504512
1258993058726637568
1258993180235595776
1258993204965376000
1258993208798797828
1258993319188848645
1258993436847308802
1258993465616195584
1258993541642104832
1258993582389649408
1258993630053904385
1258993666430926848
1258993691798016000
1258993820953436160
1258993852549038080
1258993871331131393
1258993934946258946
1258994003271397378
1258994125086560257
1258994279017570305
1258994295064928258
1258994325423300611
1258994345610563584
1258994375167750145
1258994376266657796
1258994513831329793
1258994559771607040
1258994678663278592
1258994687328870400
1258994741783302145
1258994764285792258
1258994787559985152
1258994789476950016
1258994846578044928
1258994853980983297
1258994854186475521
1258994874327732224
1258994886839320582
1258994904614629376
1258995218617008128
1258995521995194369
1258995567516098560
1258995681403994112
1258995688572096514
1258995725830160385
1258995777340235779
1258996007007916032
1258996016122077185
1258996158086746112
1258996190923747329
1258996193373257728
1258996213505855490
1258996318908772352
1258996385036165120
1258996393873534976
1258996470268616704
1258996506796929025
1258996520675758080
1258996577953292288
1258996682701725697
1258996707494203393
1258996741682028544
1258996770140573696
1258996830525775874
1258996925837295621
1258996934246875141
1258996942962483201
1258996945336406017
1258996950478684162
1258997035757457410
1258997081697447937
1258997162282586112
1258997344881672192
1258997386426363904
1258997529053728769
1258997546489241600
1258997650919170053
1258997702857236480
1258997722914476032
1258997884533518337
1258997957585547264
1258997999562305537
1258998001818906626
1258998013156081664
1258998016759005184
1258998070752280583
1258998158861926400
1258998172053102595
1258998180647186434
1258998218962006016
1258998297718665217
1258998407269683200
1258998428022931457
1258998516157804544
1258998544683470848
1258998650254090241
1258998736816148480
1258998872489078785
1258998876843003904
1258998885705486337
1258998952646582272
1258998973294981120
1258999010951442432
1258999059152592896
1258999174152011777
1258999193361952768
1258999236512931840
1258999331337707520
1258999472337620993
1258999546568421376
1258999554118057986
1258999571960692738
1258999589702529024
1258999591006945283
1258999607075504128
1258999610032488449
1258999723630800896
1258999833890680832
1258999849053126658
1258999978770477057
1259000109444083712