1259574724629331968
1259574738512470017
1259574824634134528
1259575148119830531
1259575362763100161
1259576618562936832
1259576990245572608
1259577636818317312
1259578247119081473
1259579437072302080
1259579837230055425
1259580936070594560
1259581354972516352
1259581469682470912
1259581482517102594
1259581626616512515
1259581947300450311
1259582765449838594
1259583186583130113
1259583229964804098
1259583315272753163
1259583830031306756
1259584705315438592
1259584741574979584
1259585260662263808
1259585646726914056
1259586121677385728
1259586398140592128
1259587132487864329
1259587153476104192
1259587281813307392
1259587467168153600
1259587608595689472
1259587761075392512
1259587765211185153
1259588267042910210
1259588735513038849
1259588781285441537
1259588811983450117