1258592469089845248
1258592484717977605
1258592498508869634
1258592498798264323
1258592526770020354
1258592549083639811
1258592556603961344
1258592653568073730
1258592670185816065
1258592721050034176
1258592733083521024
1258592800184172544
1258592842508877824
1258592863392133120
1258592871453769729
1258592880442081281
1258592901245939715
1258592914386505730
1258593032091234304
1258593055743115264
1258593060142882818
1258593219945787393
1258593283300831234
1258593291483807744
1258593308596596736
1258593351114412036
1258593379366998016
1258593412237811712
1258593416600072197
1258593438565621760
1258593471759298560
1258593526645809153
1258593585110421504
1258593714877980675
1258593777394036736
1258593853067669504
1258593863473733632
1258593874504642562
1258593970747314176
1258594101093478400
1258594154021638149
1258594216307023872
1258594234300600321
1258594239891439618
1258594240067768320
1258594252176584708
1258594327623852032
1258594351787188225
1258594519383109632
1258594687658704897
1258594746206957569
1258594826813009921
1258594859335598080
1258594875601235968
1258594881670389760
1258595019998375937
1258595053066260481
1258595216161939457
1258595236709892096
1258595266296459264
1258595337570119680
1258595350341967875
1258595372676587520
1258595455023357953
1258595492197552128
1258595585583509504
1258595623693103104
1258595673592565761
1258595702919266304
1258595804727504896
1258596009287929856
1258596025566035969
1258596110005747714
1258596202251247617
1258596236225019905
1258596261634113539
1258596277182517249
1258596283788472320
1258596303270887425
1258596310946627587
1258596358119981056
1258596362024820741
1258596429045673984
1258596533659983872
1258596536910524416
1258596544980250624
1258596558012121089
1258596624240046080
1258596700567953408
1258596732084117504
1258596743077343232
1258596915349983232
1258596961067741184
1258596961462243328
1258597083495399425
1258597090642423808
1258597153750110208
1258597157935988736
1258597228962291712
1258597457191149571
1258597569112006656
1258597886037803014
1258597963452100608
1258597992971374594
1258597997283336193
1258598047149223936
1258598160412401671
1258598249465700352
1258598253945393152
1258598412624130049
1258598421155295232
1258598424493977601
1258598501144879104
1258598590466920449
1258598773141446662
1258598789411221506
1258598873410310144
1258598941626687488
1258599006294487041
1258599105393131521
1258599122115784704
1258599140478472192
1258599171201908736
1258599243809542145
1258599360863989760
1258599384767434758
1258599397102948352
1258599474860974080
1258599506800709632
1258599530611838976
1258599557048475648
1258599640888475648
1258599724824686593
1258599751399899137
1258599884984287232
1258599943960432640
1258600029281017857
1258600114614042624
1258600127574482944
1258600254523478016
1258600332856344576
1258600342507249665
1258600387357093888
1258600420697505792
1258600505271627776
1258600512611631104
1258600589270765569
1258600618769309696
1258600752903106560
1258600757168869376
1258600858306019338
1258600895568392192
1258600974282866688
1258601026044616705
1258601176544804867
1258601251903807491
1258601267401682944
1258601315372077056
1258601328122777601
1258601338839105536
1258601378299035650
1258601453696045057
1258601461321134081
1258601461971390464
1258601626580865025
1258601810178211840
1258601822240956416
1258601918240260099
1258601977543565312
1258602035626180608
1258602035844390912
1258602043863785472
1258602275116908549
1258602317752012801
1258602375566237701
1258602405224157184
1258602607012196353
1258602673185710081
1258602680651522053
1258602728324042752
1258602802802196480
1258602857915387904
1258602920691597313
1258602930371997696
1258602975561428993
1258602992657457152
1258603077487276032
1258603156415471616
1258603315782463488
1258603336821022721
1258603382358503425
1258603470183034881
1258603499408855040
1258603503897006080
1258603581059616779
1258603583622180865
1258603612739039233
1258603617742880771
1258603729730908162
1258603740195516416
1258603763146711040
1258603783334113280
1258603785858891783
1258603789524832257
1258603797158547456
1258603856482557958
1258603877571665920
1258603898748764160
1258603919263047681
1258603993313370112
1258604026129719302
1258604037856997383
1258604100276510721
1258604134199988226
1258604409962954752
1258604414505377792
1258604433568681984
1258604553198501888
1258604606717784065
1258604608085266433
1258604678830592003
1258604732936945664
1258604795948130304
1258604905729634306
1258605005860253696
1258605035996545026
1258605038819332097
1258605071769763845
1258605165189496832
1258605273876332544
1258605320428851200
1258605353052196867
1258605484967211009
1258605495000223744
1258605610234454021
1258605668883288070
1258605677951553536
1258605684045656070
1258605736504053760
1258605837209255936
1258606059289284619
1258606125869600770
1258606134337744901
1258606293931061248
1258606431852527616
1258606565919264768
1258606654209372161
1258606726082957313
1258606826750382086
1258606839685660672
1258606888616448002
1258606943570141184
1258606948846616580
1258606982455427072
1258606997848506368
1258607040273899520
1258607050860294144
1258607129021288451
1258607157177655296
1258607212441853952
1258607228824588288
1258607262194642944
1258607263587196928
1258607358206509064
1258607379442262017
1258607451818962944
1258607501261463552
1258607552125755394