1266972895684657152
1266973271506841601
1266973405083054081
1266973410501865473
1266973417884000256
1266973655667531780
1266973669064093698
1266973670116864000
1266973774747963393
1266973787712401409
1266973874920529922
1266973913281630209
1266973930692247552
1266974007015940096
1266974067288158208
1266974793796136960
1266974882052673537
1266974911446290432
1266974974612570112
1266975079436554245
1266975146599952384
1266975283615318017
1266975285314048002
1266975293463502848
1266975331136700418
1266975353139892224
1266975402754334721
1266975734192418816
1266975833685540864
1266975838139867138
1266975842997018625
1266976074384244736
1266976452689268736
1266976462940393472
1266976492350771200
1266976579957096449
1266976622445379585
1266976684751745025
1266976798899752960
1266976950733672448
1266977045814411269
1266977066865418246
1266977167302369282
1266977176915673088
1266977431635755013
1266977549290176512
1266977733982203906
1266977860088193024
1266977956603129856
1266978354625941506
1266978375358447616
1266978488570966017
1266978523119583234
1266978656548683776
1266978695580876801
1266979037693566976
1266979084778778624
1266979146397151232
1266979251728707584
1266979277964222470
1266979314949599233
1266979583737450497
1266979616864043008
1266979801811820546
1266979819205558272
1266979999095025667
1266980149959983106
1266980238086549504
1266980247003684869
1266980254570016768
1266980483394605057
1266980574264090626
1266980723992358916
1266981024170475526
1266981215531266048
1266981323874291713
1266981808903774208
1266982137556860928
1266982155172921345
1266982394457964545
1266982478679543808
1266982482177597440
1266982624523718656
1266982647634558976
1266982754278731776
1266982793487306752
1266982795710279681
1266982977415843840
1266982994314575872
1266983378219339776
1266983388088598533
1266983455826620416
1266983635153977347
1266983827425148934
1266984004886159362
1266984114412032000
1266984373334638592
1266984428280176641
1266984452191932418
1266984613152346112
1266984684325670912
1266984730232328192
1266984795944304640
1266984870695374848
1266984939809116161
1266984986365718530
1266985062429372418
1266985133170720770
1266985241534558208
1266985313689198593
1266985384824631297
1266985538642276354
1266985619684757509
1266985648851955712
1266985790715944961
1266986013857062912
1266986547754106887
1266986634341425153
1266986680986357760
1266986779317604356
1266987125490151425
1266987405636014080
1266987707760328706