1260495055598620673
1260495068244443137
1260495142470983686
1260495170946174976
1260495216462704640
1260495289057792001
1260495303268065281
1260495353331290113
1260495475687522308
1260495567324680194
1260495781318066176
1260495832538910720
1260495894115426304
1260495910942932996
1260495958451855362
1260495983017943042
1260496058897088512
1260496060218314753
1260496108394078208
1260496225650053121
1260496239281537025
1260496297162952704
1260496460233224193
1260496494186151937
1260496502679638016
1260496595285573633
1260496600629227521
1260496607537233925
1260496615862910979
1260496624398327808
1260496712197648387
1260496775191945216
1260496837729030144
1260496903898357762
1260496925842903040
1260497048354328580
1260497054704549888
1260497216751513600
1260497253720080385
1260497384083243008
1260497391519744001
1260497510528884738
1260497553075945475
1260497682222714881
1260497740057980928
1260497751898456067
1260497752330559489
1260497884388167680
1260497886669869057
1260497897394778113
1260497899210903552
1260498155596103685
1260498215037779969
1260498504079867905
1260498512409767939
1260498575848550402
1260498599433117704
1260498680374837250
1260498688948015105
1260498713551740930
1260498823086039041
1260498834800676865
1260498852257374209
1260498872272592898
1260498957534453762
1260499023800209410
1260499218520838146
1260499288381161476
1260499296950026241
1260499321352589318
1260499544338501633
1260499644196454400
1260499747229642752
1260499808147701764
1260499892709048323
1260499997960941569
1260500062087655426
1260500071226970112
1260500186243227650
1260500236537126912
1260500394347765765
1260500458394746880
1260500487348117508
1260500526208372737
1260500697398870016
1260500735080443904
1260500759256469504
1260500796573130759
1260500924025450501
1260501066690564097
1260501111712239616
1260501285377359873
1260501321431560195
1260501331468595200
1260501347461410819
1260501385382187011
1260501813310238721
1260501813985456129
1260501829999194112
1260502040377282560
1260502105464414208
1260502110539583490
1260502165518462976
1260502223349592065
1260502224246992896
1260502332061691906
1260502471090278401
1260502575562084352
1260502649180307456
1260502654364647430
1260502698161573892
1260502929292869633
1260503042199359488
1260503069504286721
1260503079562117125
1260503144510951425
1260503197036294145
1260503208277008386
1260503293438148611
1260503340410159104
1260503465287127044
1260503478826221568
1260503494823481347
1260503528541470720
1260503583092596741
1260503672049537024
1260503685987213312
1260503751045062656
1260503784662413318
1260503821266141184
1260503852572446720
1260503893571747846
1260503910449647616
1260504069283725314
1260504165949804545
1260504174221053952
1260504182538330113
1260504206496223234
1260504275609890817
1260504314180755456
1260504340713934848
1260504429519867906
1260504447295291395
1260504538579996672
1260504558620508161
1260504626748633089
1260504676589539328
1260504725730009089
1260504817543364608
1260504845603278848
1260504887760162817
1260504912472891398
1260504942244216832
1260504988373090310
1260505018484039681
1260505079943176193
1260505113665212416
1260505217986113537
1260505273573269507
1260505405630881792
1260505436542906369
1260505457338331136
1260505465718403072
1260505470139166721
1260505499247788032
1260505690633879553
1260505692550696960
1260505705175552000
1260505788017229824
1260505864156348417
1260505868841422849
1260505898054823936
1260506077453447168
1260506083086471169
1260506091340935169
1260506094796931072
1260506103017885698
1260506119811862528
1260506124534648833
1260506196009783296
1260506233494056960
1260506250049130496
1260506324875579393
1260506333222068224
1260506333645869056
1260506640887021568
1260506648725950464
1260506670205198336
1260506736248664066
1260506829085241344
1260506841978736646
1260506858017693696
1260506866880262146
1260506988422860800
1260507030525218816
1260507072850014208
1260507119603691520
1260507151518367744
1260507244728406016
1260507269638361088
1260507286197481472
1260507420092219392
1260507479361888259
1260507483992395776
1260507487498887169
1260507496248033280
1260507514682171392
1260507525771857920
1260507566142107651
1260507680084340736
1260507742629838848
1260507769037348865
1260507772581326850
1260507798695116801
1260507826939543554
1260507830928338945
1260507861202776064
1260507890143485953
1260507933068140545
1260507948742213632
1260508012416024576
1260508028899676160
1260508044875698177
1260508083203252226
1260508134759632896
1260508151012560898
1260508164820291584
1260508364951433216
1260508386220793856
1260508532727844867
1260508574960234510
1260508678429593600
1260508699187130369
1260508797447127040
1260508800563412992
1260508821232988161
1260508842078744577
1260508845811654659
1260508991244902400
1260509005874704384
1260509111071825920
1260509180349292544
1260509275375439872
1260509297471094786
1260509378869952513
1260509387359223808
1260509471291387904
1260509471731666947
1260509499703656450
1260509660202831872
1260509754142547968
1260509761298214912
1260509794286350341
1260509820194439168
1260509870652043266
1260509896337997827
1260510016601292802
1260510051095261184
1260510076000968705