1259075647743426561
1259075677413916672
1259075687081803776
1259075749895720960
1259075800286081024
1259075837812342785
1259075875758202880
1259075954900701184
1259075973586321408
1259075992796217346
1259076005018456064
1259076050903949313
1259076084185927686
1259076132063903747
1259076211852132353
1259076223973707781
1259076325383581696
1259076486113439744
1259076574558728197
1259076646193319938
1259076752627789825
1259076802259099648
1259076877114802176
1259076882533842946
1259076899764133889
1259076939643596803
1259076961738977280
1259077028969660417
1259077049714704384
1259077095495553024
1259077220963934210
1259077247119523840
1259077270943207426
1259077280565022720
1259077363704479745
1259077438895722496
1259077467437924354
1259077611424116737
1259077700318347264
1259077713433776128
1259077791695290370
1259077837572780033
1259077985182892032
1259077996746506241
1259078081920319488
1259078177307189249
1259078245020041216
1259078295292870657
1259078421134692354
1259078640756641792
1259078663594639360
1259078756079153152
1259078769568026625
1259078895787220993
1259078915492061184
1259079012623712256
1259079013378686976
1259079066851868673
1259079247064371200
1259079263808032769
1259079470083911685
1259079490078212096
1259079562929020928
1259079638091005952
1259079722232877056
1259079913874866176
1259079981461835779
1259079993726062592
1259080078203539461
1259080098839515137
1259080100877762561
1259080162341203968
1259080175054204928
1259080216984481792
1259080228271464456
1259080472514232327
1259080496891510784
1259080526192955398
1259080539165859847
1259080648800776192
1259080728127602688
1259080736231043078
1259080783018500096
1259080790601871360
1259080853612900357
1259080854195843075
1259080855076642816
1259081071347609601
1259081127328993282
1259081231519690752
1259081263752896513
1259081269197012992
1259081373614309376
1259081554283749376
1259081806520946690
1259081922988384256
1259081940231225344
1259082137392820230
1259082163833765888
1259082208503050240
1259082418583207937
1259082464087113728
1259082645645991936
1259082674507046913
1259082694027284481
1259082867956727810
1259082921962545153
1259083124518146048
1259083143920750593
1259083177869619201
1259083324481470466
1259083404743790593
1259083513233657856
1259083646939435013
1259083814904778752
1259083824102813703
1259083824610324482
1259083852473143296
1259083932135575553
1259083991057141760
1259084011630141440
1259084050012102656
1259084192073355264
1259084200633872385
1259084327326973953
1259084376979017729
1259084419622633473
1259084469899792386
1259084519522603009
1259084560744275968
1259084623910514688
1259084645662105600
1259084763186544640
1259084797290438656
1259084838977646592
1259084955411451904
1259085005835382787
1259085127201718273
1259085178623983616
1259085223830192129
1259085236408729602
1259085236568240129
1259085252930285568
1259085256281350144
1259085380235771904
1259085530425417729
1259085551023599616
1259085602013790209
1259085635043897344
1259085644174934017
1259085728287297536
1259085911821672448
1259085925864390658
1259085933783154689
1259086259928076289
1259086336415408128
1259086340123095042
1259086364982693888
1259086374457806848
1259086374805934080
1259086394602991618
1259086528535580672
1259086553495875584
1259086595535355905
1259086657925648385
1259086775856893954
1259086813391654914
1259086855225647106
1259086881213616129
1259087043818381312
1259087178316955649
1259087196189085696
1259087242632458240
1259087292825767937
1259087527656321024
1259087698914148354
1259087837548417024
1259087846083706882
1259087921669459968
1259087944582750210
1259087962794528770
1259087966858809344
1259087992079167488
1259088063449440257
1259088265707163648
1259088315338207232
1259088398825865216
1259088474751336448
1259088495571804160
1259088520557273089
1259088566984073216
1259088588924489728
1259088627839176704
1259088722525642752
1259088741030932481
1259088809842692097
1259088847608086528
1259088932286992384
1259088944920014850
1259088955787616256
1259089017523408897
1259089020568698881
1259089074935205888
1259089150843605000
1259089241868513280
1259089330498342912
1259089374429483008
1259089475923304448
1259089602188652544
1259089636263178243
1259089826063831041
1259089866358480897
1259089951221833729
1259089982456807424
1259090030556897280
1259090038735896577
1259090089147129856
1259090207216857088
1259090252175740929
1259090286220894210
1259090335470440449
1259090428588154880
1259090445948370944
1259090450360741894
1259090479465070593
1259090492480000001
1259090495990464513
1259090636981993477
1259090664274505731
1259090689989783555
1259090713729531904