1262261636309516288
1262261650859552769
1262261764382773249
1262261767222300673
1262261780757098501
1262261939251675138
1262262087264489477
1262262146928390146
1262262200540028929
1262262208785866754
1262262347369984008
1262262384300826625
1262262402063753216
1262262511015006209
1262262564840333312
1262262626077143041
1262262640316997632
1262262980474834944
1262263130157088768
1262263147131318273
1262263147932442629
1262263332112863233
1262263382247424006
1262263520487280646
1262263748313612299
1262264002828214272
1262264041658966018
1262264159145791488
1262264461206982657
1262264478076264453
1262264828426625024
1262264916347584512
1262265026435481600
1262265034945765378
1262265132618407938
1262265136254824450
1262265168710557697
1262265186305495040
1262265327661879296
1262265517001195520
1262265597787877381
1262265785856090112
1262265794517520384
1262265878739107846
1262265882333642755
1262266012600328194
1262266021882331141
1262266037090869248
1262266108351901696
1262266125942837248
1262266133589028865
1262266146155311105
1262266280809304064
1262266310236336128
1262266400158167040
1262266742111232000
1262266769999384582
1262267225605574656
1262267268441862144
1262267309143371776
1262267379570147329
1262267408305336320
1262267409617936384
1262267490576498688
1262267526454685697
1262267602170241024
1262267640355139584
1262267665521008640
1262267711167447040
1262267716418899970
1262267719409209344
1262267728263548928
1262267863152222209
1262267979791831042
1262268100709416960
1262268100948275200
1262268172629159937
1262268184775843841
1262268188898680832
1262268235963142145
1262268239410855936
1262268308197462016
1262268604348862466
1262268625496440838
1262268625559457794
1262268648045121536
1262268696896167938
1262268784418664453
1262268785097977856
1262268944531914752
1262268989847240704
1262269078259085313
1262269185838559232
1262269284610445312
1262269296966684672
1262269312750026752
1262269334438776834
1262269368488079361
1262269393112891393
1262269414419947520
1262269421831229440
1262269438587527170
1262269452411797504
1262269464201986048
1262269489984364544
1262269548884967424
1262269609358635008
1262269665566289920
1262270045830492170
1262270072950677504
1262270084828983297
1262270186813394944
1262270206610718720
1262270378799517696
1262270521313382403
1262270527328194560
1262270540942893062
1262270596454535168
1262270785093120001
1262270789274894336
1262270873739890688
1262271007831670785
1262271012063924224
1262271077943664640
1262271103080321025
1262271133207998471
1262271280981487617
1262271296811012097
1262271398631878656
1262271507046096897
1262271623517933569
1262271775263473664
1262271930134036480
1262272027265662981
1262272027655671814
1262272063945007106
1262272074279600129
1262272123084648448
1262272161580027904
1262272180332589059
1262272199798525952
1262272299551637505
1262272405721903105
1262272429587644416
1262272455424393216
1262272488974811138
1262272715236560896
1262272842147614723
1262272848254472192
1262272894807298048
1262273016316203011
1262273352938504192
1262273369530982400
1262273399063265281
1262273473763774465
1262273499349102593
1262273501936979968
1262273534379855872
1262273536435138571
1262273576629088256
1262273644513943553
1262273684640796672
1262273746599108612
1262273776395456512
1262274123943690241
1262274147167715330
1262274162422251520
1262274203362844672
1262274216428105728
1262274333696811011
1262274348271808512
1262274417469591552
1262274477225803778
1262274555856347138
1262274586156109824
1262274615402954752
1262274708201930753
1262274731480436736
1262274758235828227
1262274857896538113
1262274875256967170
1262274908505153536
1262274930705563648
1262275113262645248
1262275148423606274
1262275189229776900
1262275235296010240
1262275275817209856
1262275420487061504
1262275467177943040
1262275469963153409
1262275584152924160
1262275810817388546
1262276028006719488
1262276045266247680
1262276065885597698
1262276192251416577
1262276196873592833
1262276367992754176
1262276498301480960
1262276544795377664
1262276666434281478
1262276674361544705
1262276674567184390