1264164216048664576
1264164230942556161
1264164299670511616
1264164394080047106
1264164453148430336
1264164453790240768
1264164567900397568
1264164643330801672
1264164681377353729
1264164784871739399
1264164807055466496
1264164856854392833
1264164991227228160
1264165001067220992
1264165131203694593
1264165133917487105
1264165143123877889
1264165193598279680
1264165289299775488
1264165329975963648
1264165331196674049
1264165335634186240
1264165355808862209
1264165444858019840
1264165455910109184
1264165466194485248
1264165497177808896
1264165533542424576
1264165586612953090
1264165667022016514
1264165759602888705
1264165936292077570
1264166247828033536
1264166447250657282
1264166482566668288
1264166502472663041
1264166544512335872
1264166577085181955
1264166672971321345
1264166690830659585
1264166720106831872
1264166752902098946
1264166756525830146
1264166830836457472
1264166946184060929
1264167038320164864
1264167093336858624
1264167236102692865
1264167245082759168
1264167275361419266
1264167281854054402
1264167319506497536
1264167365480194048
1264167621571670017
1264167680216641537
1264167757853200386
1264167794100371456
1264167861280440320
1264167861393604610
1264167911171788805
1264167948333309952
1264167962145153024
1264168272318136320
1264168435761766402
1264168439482068992
1264168471690121217
1264168569752952832
1264168608311267328
1264168758576373763
1264168835957096448
1264168906094149632
1264168917481619456
1264168917829902336
1264168980513726465
1264169043814203393
1264169111845842945
1264169144234258440
1264169207454973954
1264169208189014021
1264169325176303616
1264169411256053760
1264169420940644352
1264169539241205760
1264169544500871169
1264169564130160640
1264169577686204421
1264169636582612992
1264169647701733376
1264169773702828033
1264169901528211456
1264169959694848000
1264170147054583808
1264170156781178882
1264170209675542528
1264170260439216132
1264170296388521984
1264170296979804160
1264170368559955969
1264170389380509696
1264170413203976197
1264170449430286337
1264170461937704961
1264170486038237184
1264170519533883395
1264170533224054785
1264170591789166592
1264170603902353408
1264170651302199297
1264170664795267075
1264170700396539904
1264170745992810496
1264170801474998278
1264170806730534912
1264170835817967618
1264170926163165186
1264170959889666048
1264170960996970496
1264171032266579976
1264171252333400065
1264171283316645892
1264171300165242882
1264171430163427333
1264171434575790080
1264171449847214080
1264171451768352768
1264171626846842885
1264171650242797569
1264171678738911232
1264171686838046720
1264171954912677893
1264172021736505346
1264172024206954503
1264172029474938880
1264172059267076098
1264172156654620672
1264172179022925827
1264172307792175107
1264172382329200640
1264172429196374025
1264172457314758657
1264172478508806144
1264172827667771393
1264173024636518400
1264173098279948288
1264173162478043136
1264173233143767040
1264173241574158336
1264173245382774784
1264173426308255744
1264173519430201344
1264173531803287552
1264173607074385920
1264173622987497472
1264173656978141190
1264173682831831040
1264173710795247616
1264173855175782401
1264173860410339328
1264173908145704960
1264173937786867712
1264174072814067713
1264174137116950529
1264174144322768898
1264174168825688065
1264174175704494085
1264174256327397376
1264174463203135488
1264174466906669058
1264174509504049153
1264174558996807681
1264174613149421570
1264174675585892353
1264174676835577857
1264174819727286274
1264174988506157063
1264175049570910208
1264175137781362689
1264175141883428865
1264175167363674112
1264175213895278593
1264175296468733953
1264175356237373441
1264175364378591233
1264175398956552194
1264175406694961162
1264175460033929216
1264175502497062912
1264175502706671618
1264175518263521280
1264175557060812800
1264175562269945856
1264175662379732994
1264175696554778624
1264175963983708161
1264176035320532992
1264176056426131456
1264176094107840517
1264176178132217857
1264176219538558977
1264176227767615488
1264176297477115906
1264176350203719682
1264176451932360705
1264176493648842753
1264176529359155200
1264176694207840258
1264176757126705152
1264176764990996481
1264176831516852225
1264176855751340032
1264176861996888064
1264176891604480002
1264177072035057664
1264177113340379138
1264177134303473664
1264177161361149953
1264177247935758336
1264177284749156353
1264177312024727552
1264177398377000960
1264177483513049090
1264177553775919106
1264177649150238721
1264177650169532416
1264177654791655424
1264177696478769152
1264177701767839744
1264177784793882626
1264177796831682562
1264177813827043328
1264178040327864320
1264178061202927616
1264178116446085120
1264178141028909058
1264178178962137088
1264178192077721601
1264178217075855362
1264178224562679813
1264178241444745222
1264178250403713031
1264178261002727426
1264178372319551488
1264178409497919489
1264178440518791170
1264178493660815360
1264178501395062784
1264178532286181377
1264178753225273345
1264178908284452865
1264178920674529282
1264178967294214145
1264178980036411392