1261114073934114817
1261114185204723712
1261114209443684357
1261114399194058752
1261114407310024705
1261114411944730624
1261114466063847425
1261114473156235264
1261114494547185670
1261114583764393990
1261114662944256000
1261114663812706304
1261114668275261440
1261114688139595777
1261114722486755328
1261114763318226945
1261114793181798400
1261114897884053504
1261114914783072260
1261115039756369920
1261115076477681664
1261115267268018177
1261115325795274752
1261115330790780928
1261115331038281729
1261115401892769793
1261115421996003329
1261115527109410816
1261115585930440706
1261115590145650688
1261115628146098176
1261115701504479236
1261115761856258048
1261115800741728256
1261115885466652672
1261115893179994114
1261115924565782529
1261116047874285571
1261116209791217664
1261116221430218753
1261116299570294785
1261116463408050177
1261116500062154752
1261116538175795202
1261116771777511424
1261116794095403010
1261116835975462912
1261116861292384257
1261116873678045185
1261116908855853056
1261116923166646278
1261116936445927424
1261116974433615874
1261117008613117953
1261117066444263424
1261117078985076736
1261117100107710464
1261117180524916737
1261117187886059521
1261117315216629761
1261117330576162817
1261117369172148224
1261117384682876936
1261117401862717441
1261117423266086913
1261117494724628482
1261117553436475395
1261117620083982339
1261117716515024897
1261117776732680193
1261117787662979072
1261117843011260416
1261117867917021186
1261117868231589890
1261117964969017347
1261118026835005442
1261118027170377728
1261118169571262465
1261118169898520577
1261118182212812800
1261118259052634113
1261118271039954944
1261118338253627398
1261118351901970433
1261118358923153409
1261118425969065984
1261118433480937472
1261118533087313921
1261118631922020352
1261118648833339392
1261118652348272640
1261118702520590336
1261118723836043270
1261118750411161601
1261118760905142272
1261118782468001792
1261118819486928898
1261118848868253704
1261118924701106176
1261118942451576832
1261118976064540673
1261119041155903489
1261119051176316928
1261119052568657920
1261119058159812608
1261119058495320067
1261119058964934658
1261119066955059200
1261119071103225856
1261119083300425728
1261119084302864389
1261119154943385601
1261119238913134592
1261119265257725953
1261119282131451910
1261119344534147072
1261119365505863683
1261119403510263808
1261119434602643456
1261119435584212999
1261119470296117248
1261119491376730112
1261119503372435456
1261119511245316096
1261119585631309825
1261119650441691136
1261119688635006983
1261119704791429120
1261119754917593089
1261119861847195649
1261119922563952642
1261119935931207680
1261119960924991490
1261120023478796290
1261120174511415296
1261120187849474048
1261120195604733952
1261120228790067200
1261120258473168898
1261120318535499776
1261120375800442880
1261120425884516353
1261120460164485121
1261120474253348865
1261120536907784192
1261120625382473728
1261120640591056897
1261120680562745348
1261120688926031872
1261120691811823617
1261120706776973313
1261120761999306752
1261120881939681281
1261120919113613312
1261120967465750528
1261120989624250370
1261121033370656768
1261121051481608192
1261121174441832448
1261121263113695233
1261121345598951424
1261121395259584513
1261121439014387713
1261121473864851457
1261121486183706624
1261121512414814208
1261121579607613446
1261121605519978498
1261121608120483841
1261121630186680322
1261121684737835008
1261121745454538754
1261121767889911809
1261121797228879874
1261121831718785027
1261121853076262912
1261121877143142401
1261121881370849280
1261121887406419968
1261122091648274433
1261122099114106881
1261122164859731968
1261122188486356995
1261122238293504000
1261122273693413377
1261122274649726976
1261122284208734209
1261122352147906562
1261122418342576130
1261122439230046208
1261122460956545025
1261122470934970368
1261122485476397056
1261122623175643136
1261122649624846346
1261122678527791105
1261122712732422144
1261122741006024704
1261122754163728384
1261122771074998273
1261122806596550657
1261122914218389504
1261122934451691525
1261122955838238722
1261123018027393024
1261123043247763456
1261123089301155841
1261123164404400128
1261123175477379077
1261123219412533248
1261123228824530944
1261123270562242561
1261123287561777155
1261123380209737728
1261123429169868800
1261123480680095746
1261123517694849026
1261123555955216384
1261123640030105606
1261123647605035009
1261123655389646850
1261123662406533121
1261123686217797637
1261123724645928960
1261123845051674624
1261123886978142209
1261123932914098176
1261124059896713218
1261124066460807169
1261124092557746176
1261124124513980416
1261124130520383488
1261124133292773380
1261124272292012032
1261124406266429441
1261124486197207040
1261124491486408706
1261124636890353666
1261124643458437121
1261124667416305664
1261124675968647175
1261124709028069376
1261124746764341248
1261124750224625665
1261124839605178369
1261124910405074953
1261124987869712384
1261124997780606976
1261125052482772993
1261125065091006464
1261125169877266432
1261125219869061120
1261125220066344961
1261125258205159424
1261125266178359296
1261125291537129473
1261125317026107392
1261125383572926464
1261125384021606403
1261125474819997696
1261125480943546368
1261125576447922178
1261125634014601216
1261125652033482756
1261125781809442816
1261125819256246274
1261125938013704194
1261125966488879107
1261125969730867201
1261125992778575872
1261126007869882371
1261126020939186176
1261126046641946624
1261126146239987712
1261126159510708224
1261126172395442181
1261126180377448449
1261126226288291841
1261126248648056833
1261126266918330368
1261126361311178753
1261126378612760577
1261126504378818560
1261126554744000512
1261126566446166017
1261126570187595776
1261126595915505667
1261126601065914373
1261126629142736897
1261126642136645633
1261126676320186374
1261126718439460865
1261126742896513025
1261126763528290307
1261126768444006400
1261126810290606080
1261126826790797313
1261126868239028224
1261126869933592577
1261126877932027905
1261126910609813504
1261126926997086208
1261126940263669761
1261127007573704704
1261127018051186688
1261127153367879680
1261127246816763905
1261127255708721153
1261127308670205952
1261127325170589697
1261127335568461826
1261127401674731520
1261127447732523008
1261127462366392325
1261127485506420736
1261127592196796416
1261127665085489155
1261127665563643904
1261127715815645184
1261127880337219587
1261127916827672576
1261127964365926400
1261127973937254412
1261127975254159360
1261128046658162689
1261128076395794439
1261128119152455686
1261128136718077952
1261128154913148930
1261128164476096512
1261128257447120896
1261128265059581952
1261128265202196481
1261128291353796614
1261128426825580546
1261128427110834177
1261128468143550467
1261128478902104064
1261128515832786947
1261128627061698563
1261128717260263424
1261128722469380099
1261128739716362241
1261128756737052673
1261128839842824197
1261128931639427072
1261129053790183425
1261129054071271426
1261129070332575744
1261129079006408706
1261129104297848832
1261129116209811456
1261129128935227397