1260359169003012096
1260359193434996736
1260359269163155456
1260359302239395841
1260359348963782657
1260359412167909378
1260359457885818880
1260359487661236226
1260359533131706371
1260359537707671552
1260359542019416065
1260359658696593411
1260359704594624514
1260359866729861121
1260359949349261313
1260360033579270145
1260360053464289281
1260360128143872002
1260360128248733697
1260360132233277440
1260360279818244096
1260360455769468931
1260360497595142144
1260360507283738624
1260360582231994369
1260360615198994432
1260360670018707456
1260360682513600514
1260360683142746112
1260360705129226242
1260360826646679552
1260360833302855687
1260360859412553728
1260360948398743555
1260360955105546251
1260361001662365696
1260361060579672064
1260361077239484417
1260361227739389953
1260361365413298178
1260361404030296064
1260361417825366018
1260361500444823553
1260361530052423681
1260361542576398336
1260361562403024898
1260361630598168577
1260361659975008268
1260361660520423426
1260361677079318529
1260361719735517184
1260361773829386240
1260361815504142336
1260361941484277760
1260361945041035264
1260361958345195521
1260361966675255296
1260362161580171264
1260362209819078663
1260362246745493505
1260362280849432578
1260362293033832448
1260362314345316353
1260362347274620928
1260362489830805508
1260362524106637313
1260362557723942912
1260362695368495106
1260362700699267072
1260362722547507201
1260362793452212230
1260362851107123200
1260362855574114305
1260362867725000710
1260362993923239937
1260363189725696001
1260363203227217926
1260363233061412866
1260363236416856069
1260363259141451776
1260363278762426368
1260363303613804545
1260363304322490368
1260363471658446848
1260363484375797762
1260363567766921226
1260363686763548672
1260363731873099776
1260363849120784386
1260363979475562501
1260364067400712194
1260364226885029889
1260364297823272963
1260364385949831174
1260364400155860992
1260364402412355588
1260364499883831298
1260364514085597184
1260364518372315140
1260364639851941894
1260364666674524162
1260364688715636738
1260364712841220100
1260364742490615809
1260364923110129665
1260365069474553858
1260365083139399680
1260365112248074241
1260365149338079233
1260365275825942531
1260365325544984576
1260365400719659009
1260365442654392329
1260365477194477568
1260365623231725570
1260365732707270656
1260365930074341376
1260365939960414208
1260365955714166785
1260366039440699393
1260366084848394241
1260366174707159041
1260366194395275266
1260366202557403136
1260366210744664069
1260366223813951490
1260366227819520000
1260366261336395783
1260366269108432903
1260366280353185792
1260366341082697736
1260366358346375170
1260366361307439105
1260366441842262016
1260366475115876354
1260366479662481413
1260366536579133443
1260366683778277379
1260366780947718146
1260366848568090626
1260366899004739584
1260366906764210177
1260366935901921280
1260366973982011395
1260367045931208706
1260367062079172608
1260367209081249793
1260367216026976258
1260367355894472707
1260367364652228608
1260367456729796612
1260367487566098433
1260367586992304128
1260367695884795904
1260367728407244800
1260367779779293184
1260367813601972224
1260367851979931649
1260367935312289792
1260367964731129856
1260368001276284930
1260368010008834056
1260368139965140995
1260368194398756869
1260368228519469062
1260368320122904578
1260368341354582018
1260368418626244608
1260368614210879488
1260368651846332418
1260368773833297920
1260368782167588867
1260369058324549634
1260369065643827200
1260369067497717765
1260369178751651845
1260369264248270850
1260369269075804160
1260369309890678784
1260369359819530240
1260369456842379264
1260369465725775872
1260369469798600710
1260369519572406272
1260369528770359296
1260369672471339008
1260369721465155585
1260369818689114126
1260369926893834240
1260370015515222017
1260370048427802626
1260370066069172224
1260370157873946625
1260370170947592192
1260370219966459904
1260370257744723969
1260370326086713344
1260370404625068033
1260370426112475137
1260370447612469249
1260370489266122758
1260370586087428099
1260370589832769537
1260370614189281280
1260370657033912320
1260370660418871298
1260370744732790785
1260370821026963457
1260370849405652992
1260371009145839616
1260371026409644032
1260371189668687874
1260371207477587968
1260371298712240131
1260371306916298758
1260371377414197249
1260371428240744448
1260371739034484736
1260371785163272193
1260371894043242497
1260371961827348481
1260372041443823621
1260372062335631361
1260372074268364806
1260372259342082049
1260372284411240448
1260372351482572800
1260372408638324736
1260372507959451663
1260372620307906560
1260372636892200960
1260372854295552000
1260372891952087046
1260372954812219396
1260373076883025920
1260373258123325440
1260373294638743555
1260373387261640704
1260373411882139648
1260373499924881413
1260373533353533440
1260373668934422534
1260373681248796673
1260373832248045568
1260373832344449032
1260374112733728770
1260374125974937601
1260374154840326145