1258169725831581697
1258169738296995843
1258169854839844866
1258169863836663809
1258169897177276417
1258169902260801536
1258169921713975297
1258169956086059008
1258170069604904960
1258170119362088962
1258170152937553922
1258170159115776002
1258170240585916417
1258170249318477831
1258170252879331330
1258170300140830720
1258170312883134464
1258170391098306560
1258170450175234053
1258170480927952897
1258170535940427779
1258170759404351488
1258170790182346756
1258170815461208064
1258170853105287169
1258170962182377478
1258171008705376256
1258171012253978624
1258171146328870912
1258171151429316608
1258171247600508929
1258171319255998464
1258171369310883841
1258171401070096385
1258171406359105541
1258171474613022723
1258171579042721792
1258171668339388417
1258171682767769600
1258171687872299008
1258171697963978753
1258171758865199107
1258171809012215810
1258171859985502208
1258171897247928324
1258171972959129600
1258172025383849988
1258172063371517953
1258172086436192266
1258172111962734596
1258172203612471297
1258172223065600000
1258172301998034946
1258172460010295296
1258172535381856258
1258172568533643265
1258172633608155136
1258172647965200384
1258172661232001026
1258172735441731586
1258172762197131267
1258172832103706624
1258172897606000640
1258172945526030337
1258172945760829440
1258173005378785281
1258173093677277184
1258173130759188482
1258173153047535617
1258173172735602689
1258173218390716424
1258173235574845448
1258173336716111872
1258173351857549312
1258173357444550659
1258173422682554368
1258173432451215362
1258173472229883906
1258173528819535873
1258173568577200128
1258173584834519042
1258173591880859648
1258173611115974658
1258173721816313858
1258173734709538816
1258173763901960192
1258173831115612160
1258173840578039809
1258173843706871808
1258173853932507136
1258173864791756802
1258173874065289223
1258173953157332996
1258174035797647361
1258174082497089536
1258174120426180608
1258174237854089222
1258174283903373313
1258174365067366401
1258174408461553669
1258174456935198726
1258174574128009216
1258174652205187073
1258174670412668931
1258174724934447104
1258174926130905091
1258174949291954177
1258174976466784256
1258175009396228099
1258175106444115969
1258175160898723840
1258175165562642432
1258175207082274817
1258175264779100160
1258175282479013888
1258175358379134976
1258175407167242240
1258175417233674242
1258175462464909313
1258175492378812419
1258175538516168705
1258175558543908865
1258175601862750209
1258175851172003843
1258175906948042757
1258175916208869376
1258175918708834306
1258175944721936384
1258175978490204161
1258175995133210624
1258175995615510535
1258176001772793858
1258176016662564865
1258176058223931392
1258176079572774912
1258176112498270220
1258176120987533316
1258176188993986560
1258176204579971072
1258176234934226944
1258176294082076673
1258176297441918977
1258176318769967107
1258176322259562502
1258176650279149569
1258176664523210753
1258176666645327872
1258176692276822016
1258176700736630784
1258176729681625089
1258176745699770368
1258176762611195905
1258176966324359171
1258177044158074880
1258177222390603779
1258177291491762177
1258177338145230848
1258177434517737472
1258177446513307648
1258177556022353920
1258177686226243586
1258177723148763139
1258177727430983680
1258177732267184129
1258177770472890368
1258177871203483650
1258177895673090049
1258177996009230337
1258178059141697536
1258178147733909504
1258178176359911424
1258178193007263744
1258178215602016256
1258178428097966081
1258178499572953088
1258178521106509824
1258178570779856899
1258178588148404227
1258178835880849409
1258178883742031874
1258178943934398469
1258178980965871617
1258179036632752128
1258179082929541123
1258179103397761026
1258179111291367424
1258179126185377796
1258179284004294656
1258179350689656834
1258179411892793345
1258179438660816897
1258179447347429376
1258179484991143941
1258179490217373702
1258179535222300674
1258179589635035138
1258179619641012225
1258179775211831297
1258179784267329537
1258179791527780354
1258179868237299713
1258179900873125888
1258179984189009926
1258180001159172099
1258180144516206595
1258180248144941056
1258180277903466504
1258180282546520064
1258180440046911488
1258180459369881602
1258180567524413440
1258180577246707714
1258180596167303169
1258180617914798086
1258180684285435905
1258180814442860544
1258181247131627521
1258181259475382272
1258181326546653184
1258181468305518592
1258181478057459713
1258181490137075713
1258181490233552898
1258181504817156098
1258181507153158144
1258181544012898304
1258181610903666688
1258181658231992321
1258181687172882433
1258181774812856321
1258181779896369157
1258181808895614976
1258181964676431877
1258181993403052032
1258182019001061384
1258182031168724992
1258182220600225793
1258182462070575110
1258182478394789888
1258182538213941249
1258182542597009409
1258182570128429057
1258182600604160001
1258182711635857409
1258182735828566016
1258182785577160705
1258182914933698560
1258183117401137152
1258183146195038210
1258183256681394178
1258183281255866369
1258183314889981953
1258183334301179906
1258183390064410625
1258183390316068865
1258183478228783104
1258183487250501632
1258183530154209280
1258183530485612544
1258183560055394315
1258183671057702918
1258183700598018048
1258183851349880832
1258183851387629568
1258183878805725184
1258183985336709122
1258184001870794752
1258184027208548353
1258184040491909179
1258184136285728768
1258184212781445122
1258184435201179651
1258184501995474944
1258184721181421575