1265779818450173952
1265779819607810048
1265779980262350852
1265780150177656832
1265780209229463557
1265780572745392133
1265780857383444480
1265780984798011394
1265781211458416640
1265781631287275521
1265781944383569920
1265781945218158592
1265782313109028864
1265782573713592321
1265782738390581250
1265783021300572176
1265783222371332097
1265783277174079490
1265783329128759296
1265783404693520391
1265783412117385217
1265783476436992000
1265783537887784960
1265783637586391041
1265784022220898306
1265784637307195392
1265784717665685505
1265784757834715141
1265784761227894784
1265784811668422656
1265784930379988994
1265784957873426432
1265784978442502157
1265785026035113984
1265785054548103172
1265785131412922368
1265785137712766977
1265785186358345730
1265785197561290752
1265785206264360960
1265785230268305408
1265785235104546822
1265785267870412813
1265785310102814726
1265785344554909702
1265785352461127681
1265785393259184128
1265785419297415169
1265785503598559232
1265785554102190080
1265785595009392641
1265785595068022785
1265785597991452674
1265785620754030599
1265785629880827907
1265785646473449473
1265785675967868931
1265785682766651392
1265785683769266176
1265785709060853765
1265785713217417216
1265785722981752838
1265785755944640512
1265785809841594368
1265785852489334784
1265785914057515009
1265785998652444674
1265786036371828736
1265786133260230656
1265786211664347138
1265786267423342598
1265786354203422720
1265786393999089665
1265786526379708418
1265786529030508544
1265786539302440960
1265786610286604288
1265786614908887045
1265786665240612864
1265786690704044032
1265786693908664325
1265786707187765248
1265786711856099335
1265786719418249219
1265786740771561472
1265786773633974273
1265786862066679809
1265786876671164417
1265786959546527744
1265786978013978625
1265787030832705536
1265787053620502532
1265787088319860737
1265787096037388288
1265787117394788353
1265787130816737280
1265787215466106880
1265787281891299328
1265787295090782208
1265787299041808384
1265787302334341121
1265787359917940742
1265787397532528642
1265787406600601601
1265787440800755712
1265787441203609600
1265787508161343488
1265787528986202113
1265787541200031744
1265787580060184576
1265787629422985216
1265787646808375296
1265787650876809216
1265787701145600001
1265787705562021888
1265787721882066944
1265787729150971904
1265787793126461440
1265787818175008768
1265787827205308417
1265787875704147970
1265787906238459904
1265787906276364288
1265787960701706241
1265788011490484224
1265788019740729346
1265788031916814338
1265788070692941825
1265788124774273024
1265788127391563777
1265788267645014017
1265788434850951169
1265788469097328640
1265788489401942016
1265788510750961664
1265788532989267970
1265788564534673408
1265788569504944134
1265788665189543937
1265788678212685825
1265788695166226432
1265788774283444230
1265788790909603840
1265788799994527746
1265788833058246656
1265788856202338306
1265788865870102528
1265788876259495938
1265788951350173697
1265788991154028544
1265789005095976960
1265789030274400256
1265789127645069314
1265789261628035075
1265789278178750470
1265789314514006016
1265789362475843584
1265789487424176128
1265789546060369920
1265789550154178562
1265789590285299713
1265789646988083205
1265789686292897793
1265789701182705669
1265789789363679232
1265789835656257536
1265789839988924418
1265789854190731264
1265789856577437702
1265789914366476288
1265789920276168704
1265789953948057600
1265790007505108993
1265790032192909312
1265790184290947074
1265790229652242433
1265790255640088576
1265790288880164867
1265790309948153856
1265790334295879680
1265790389254062082
1265790431994019840
1265790494082248705
1265790498624634885
1265790519210315782
1265790545500069888
1265790661204336641
1265790728996872192
1265790821258760193
1265790834101948416
1265790838224769024
1265790939295100933
1265791035915087873
1265791131398410246
1265791131670974464
1265791152751509504
1265791182900264960
1265791266085797890
1265791370276503552
1265791399863054338
1265791434453647363
1265791446663278594
1265791652431425536
1265791694571810816
1265791765920878592
1265791816064020482
1265791907722153987
1265791911903875072
1265791964357824516
1265791991746637824
1265792131102208000
1265792139109294080
1265792212555706368
1265792258995040257
1265792318948487168
1265792344432885760
1265792345288642562
1265792413777395713
1265792503992770560
1265792553963659266
1265792624943861760
1265792649967140866
1265792663682310144
1265792729667297281
1265792734121639937
1265792780359602176
1265792819538669570
1265792885783515138
1265792908919177223
1265792927676104705
1265793016226123777
1265793022924673025
1265793045074673666
1265793153145073664
1265793300021284866
1265793301061545984
1265793376332460032
1265793488521695232
1265793493722595332
1265793505953120256
1265793522822774786
1265793606121553921
1265793652707770371
1265793703035244544
1265793719971639296
1265793845725483008
1265793912360374272
1265793951153434625
1265793966991126528
1265794055444803584
1265794060054216704
1265794131630186499
1265794147853754369
1265794151725047808
1265794214283132932
1265794253965258752
1265794353382871041
1265794412363124736
1265794545830281216
1265794592781336576
1265794649538641920
1265794675694350338
1265794680408735744
1265794730148990982
1265794781592125442