1266142227794927617
1266142266990755854
1266142269670862865
1266142270702727175
1266142287509233666
1266142302679990272
1266142321411833856
1266142322313637891
1266142399279046657
1266142407474786305
1266142484318601216
1266142493269262338
1266142564501110795
1266142572797452288
1266142572847730688
1266142640057319425
1266142686488248320
1266142695052935169
1266142744612950018
1266142773679357961
1266142828775780355
1266142839072841728
1266142842545737736
1266142875059916800
1266142883079499776
1266142899860910083
1266142984136994817
1266143003909017601
1266143006102556675
1266143007046356997
1266143008212299779
1266143046695112707
1266143092337512451
1266143113648766977
1266143124587454465
1266143159786094595
1266143222469767169
1266143250227888128
1266143256095621120
1266143259149172736
1266143281982963713
1266143306754461696
1266143331345547265
1266143373993353221
1266143383455707141
1266143600045408261
1266143635336081409
1266143687828013058
1266143749039706114
1266143843503812609
1266143885400498176
1266143914697928705
1266143947673362433
1266143994968510465
1266144028011237377
1266144039574765569
1266144046730350593
1266144074412810242
1266144141198663682
1266144174518136832
1266144175315173381
1266144191425454081
1266144238196178944
1266144309163646976
1266144318676439041
1266144346698629120
1266144365824684034
1266144389526585351
1266144396715732993
1266144484791910404
1266144501682376705
1266144548079767553
1266144552223678476
1266144556325584896
1266144556971692032
1266144590324695041
1266144724919955457
1266144741177077761
1266144741672042498
1266144825302298624
1266144845921468427
1266144849796804608
1266144904952066051
1266144947096469505
1266145014142230528
1266145164726358017
1266145166315843584
1266145181230706688
1266145206258335749
1266145207617310720
1266145231898054656
1266145248067162113
1266145277859241990
1266145284960260101
1266145395819732992
1266145416099192832
1266145428682215426
1266145525943975945
1266145571804450816
1266145608399634432
1266145630344396806
1266145728730202112
1266145738368651266
1266145923962265603
1266145990647693313
1266145998797185025
1266146015683334144
1266146015855415297
1266146049523146759
1266146054237454338
1266146063473352704
1266146066526806016
1266146271858839552
1266146276543991810
1266146288480874496
1266146322844913664
1266146342906130432
1266146372622966787
1266146427635298305
1266146464788615169
1266146494114959365
1266146499525820418
1266146545122115595
1266146585680936960
1266146618644013057
1266146619692630016
1266146666576596999
1266146695504633856
1266146720980795392
1266146774974160897
1266146812827762689
1266146825901350914
1266146868049989632
1266146925017010177
1266147006080258049
1266147026565292033
1266147031690723330
1266147043044515840
1266147147050676226
1266147203636178945
1266147207645925378
1266147248976478208
1266147341976973319
1266147343285587968
1266147379654295552
1266147459455160320
1266147480036507648
1266147509707005952
1266147526564098049
1266147685284958213
1266147736132431874
1266147786325622785
1266147857725341696
1266147907897643009
1266147945507745792
1266147949970587650
1266148318452817921
1266148381514035200
1266148486942244864
1266148588062740482
1266148633960996876
1266148652218748929
1266148671541911552
1266148685148295168
1266148687379484672
1266148738525024257
1266148838978486273
1266148839607554049
1266148842564726784
1266148856112320513
1266149023553126400
1266149031778103296
1266149045355139076
1266149115907518465
1266149187625902080
1266149187898314752
1266149235717599232
1266149246325207040
1266149275588866049
1266149308337983493
1266149354882191361
1266149400570519552
1266149420715970560
1266149502257258496
1266149526290792454
1266149560541491200
1266149577746415618
1266149865958014977
1266149947948388359
1266150022003011584
1266150030580297729
1266150051073712130
1266150122930475009
1266150193176731649
1266150239813197828
1266150243550314497
1266150270028976134
1266150276840349697
1266150302626897923
1266150346444779521
1266150352623108101
1266150386768830465
1266150394692014080
1266150428984643584
1266150499356749824
1266150549503856640
1266150591962787840
1266150629900075008
1266150642655137799
1266150675836174336
1266150704760139776
1266150776210173953
1266150780534390784
1266150801967325185
1266150802395144192
1266150923539066880
1266151032738000896
1266151059321487361
1266151090744987648
1266151100710711296
1266151128590192640
1266151174815789057
1266151425169657858
1266151472938586112
1266151489602551811
1266151527456157697
1266151540839944194
1266151699183435783
1266151779567353856
1266151813302161408
1266151854406119426
1266151976049561601
1266152013575880704
1266152014687461376
1266152055845994496
1266152087399747584
1266152099898814465
1266152110632112136
1266152143574175746
1266152143620366336
1266152152352899072
1266152181285167110
1266152185689186305
1266152211400269827
1266152215963672583
1266152231658799105
1266152236284960768
1266152257021714432
1266152265594933249
1266152320821276673
1266152350047232000
1266152350147735553
1266152458197188608
1266152469169610753
1266152486823276545
1266152506851278848
1266152521086775297
1266152583799816192
1266152617597718529
1266152772673646594
1266152781867597826
1266152789488500736
1266152802570719232
1266152810942533635
1266152862058348544
1266152974566506498
1266153082104225792
1266153117529366529
1266153150609645570
1266153212945580032
1266153235036823552
1266153277021990913
1266153297355759616
1266153330440581121
1266153362019385344
1266153436287885312
1266153436330024960
1266153442743144452
1266153607986122752
1266153608321667084
1266153654383493122
1266153682996998144
1266153708846321664
1266153720787632129
1266153754606403586
1266153817281900544
1266153825922174978
1266153855450054657
1266153855810764800
1266154011192893442
1266154048136155136
1266154052498358272
1266154065731424256
1266154085855703040
1266154149789396992
1266154191187316737
1266154205015932929
1266154247126765569
1266154250431631360
1266154266357456897
1266154291804413952
1266154304056033281
1266154388055359489
1266154464022597632
1266154471446458368
1266154555315798022
1266154584860319744
1266154618951786498
1266154656360783874
1266154677214810112
1266154689420197894
1266154693996118017
1266154718939746304
1266154853262336000
1266154882710425600
1266155016722608128
1266155046846242816
1266155100856184833
1266155227243147265
1266155230401568770
1266155303139028992
1266155329601056768
1266155331442409472
1266155348773109760
1266155420445532161
1266155642743644160
1266155676776239104
1266155722217336832
1266155805486845953
1266155814382964743
1266155842992144384
1266155864630665216
1266155891339825152
1266155893940355072
1266156055140028416
1266156078305345538
1266156124975386630
1266156129224019968
1266156149583347712
1266156173792690176
1266156180746850304
1266156183024553984
1266156200321781763
1266156204356747264
1266156217295990784
1266156317674295301
1266156362939039746
1266156488889753602
1266156604992286721
1266156626811203585
1266156640589557761
1266156662097879041
1266156665134551040
1266156870860824576
1266156912866983942
1266156965593374720
1266156975953346561
1266156992936148992
1266157013182156808
1266157027912560640
1266157151879229441
1266157222733766657
1266157273178689536
1266157290006237185