1260736586335105025
1260736650126245890
1260736666634878978
1260736689569329157
1260736722259914761
1260736723065221122
1260736743604535296
1260736790467575816
1260736807152517125
1260736925499101191
1260736995753512961
1260737041953947649
1260737167934001153
1260737258656681984
1260737288922783744
1260737327153864704
1260737579458199553
1260737645526822913
1260737675000115202
1260737822241296389
1260737885030006785
1260737906324340736
1260737930592739328
1260737956706467847
1260737969490550784
1260737978353278984
1260738072615940097
1260738149925498881
1260738195018248192
1260738203667095553
1260738211443118081
1260738254208413701
1260738270687662081
1260738321086427138
1260738361955946498
1260738371577450497
1260738379882397698
1260738404586852360
1260738439185661952
1260738472379330575
1260738505082171393
1260738580311429120
1260738580529504258
1260738581510881280
1260738589467512833
1260738632438210560
1260738681079504898
1260738685898817536
1260738702395019266
1260738736473567232
1260738807776915459
1260738823639764995
1260738857433214978
1260738897828610048
1260738899405688833
1260738950416695298
1260738967277916160
1260738971711221761
1260739008721817601
1260739054439718914
1260739076451373059
1260739180445028354
1260739222664884228
1260739252419207170
1260739294488133633
1260739390827094016
1260739423752392706
1260739541264027648
1260739566782361600
1260739575699443712
1260739638492356614
1260739646197284867
1260739705286479875
1260739726086041606
1260739796911239170
1260739836249505799
1260739906156011524
1260739957343256577
1260739960879136768
1260740019704258561
1260740058132422657
1260740153498165250
1260740224948330496
1260740239653515264
1260740280531259392
1260740296998096897
1260740300261203970
1260740301318045696
1260740502179262469
1260740505882820608
1260740544981950464
1260740548379336704
1260740668378484737
1260740703166124032
1260740753669500930
1260740774863437827
1260740825845305351
1260740875165904896
1260740892551413766
1260740991780347910
1260741064647999488
1260741072831098881
1260741135108116481
1260741155748065280
1260741156368986113
1260741239705530368
1260741366201618433
1260741412200632322
1260741427950125058
1260741459847847937
1260741479355555842
1260741541972160512
1260741562889371648
1260741619763908608
1260741640551051264
1260741664324411392
1260741702492598273
1260741743844052992
1260741764316409859
1260741835883819010
1260741868884762624
1260741894721671169
1260741906407063557
1260741907811975170
1260742016448770048
1260742046312251395
1260742079451402240
1260742166994976768
1260742242614087683
1260742255431815168
1260742271458295817
1260742313824800768
1260742343168311296
1260742360251674630
1260742395542437891
1260742405931728896
1260742461221191681
1260742498051293186
1260742619954634752
1260742638745145346
1260742681879166978
1260742699562479616
1260742702749986817
1260742784337604609
1260742871097004032
1260743001661476865
1260743056237694978
1260743056346820608
1260743106816872461
1260743174169022464
1260743245895577600
1260743270445068288
1260743286878240768
1260743303491977218
1260743316846579712
1260743375126487040
1260743447784427520
1260743526826102785
1260743547298500609
1260743570534944771
1260743673429594114
1260743711551602688
1260743743981924352
1260743759970607105
1260743819361792000
1260743958398984193
1260743999540719616
1260744096815054850
1260744121519673344
1260744157821317120
1260744281419124737
1260744454182338561
1260744465343447040
1260744599619932160
1260744662329032711
1260744679840034822
1260744755815776260
1260744771863101441
1260744780205535235
1260744780415451141
1260744830050684928
1260744922862256129
1260744924435283968
1260744937957552128
1260744946082107392
1260745006568083456
1260745040504205312
1260745048213213184
1260745065145630720
1260745120665632768
1260745121928224770
1260745160251539457
1260745316934004737
1260745325708324865
1260745326241120260
1260745341747359745
1260745421879738368
1260745464749539328
1260745469161947137
1260745472374906890
1260745490632712195
1260745518499672064
1260745602280767490
1260745744757059585
1260745879088254981
1260745916711084038
1260745963263623175
1260746038685597696
1260746076862255105
1260746097942814722
1260746152086913024
1260746285616791552
1260746378520780801
1260746400490500103
1260746413069283328
1260746419352330240
1260746469801369605
1260746624680296448
1260746677578657793
1260746692556656641
1260746902947192835
1260746903056191489
1260746914720559107
1260746944499998720
1260746985918943233
1260747041325625346
1260747045297483776
1260747049605029891
1260747090931654656
1260747205134123008
1260747309962399746
1260747321488232449
1260747356099747841
1260747397707128833
1260747435476807680
1260747602720587778
1260747708295454722
1260747729480925185
1260747753895968769
1260747754231533569
1260747766260568064
1260747820572856321
1260747826352525315
1260747833717784577
1260747846179045377
1260747896518873088
1260747930476187649
1260747938071887879
1260748039129612290
1260748106691305472
1260748201759514628
1260748232117891073
1260748345120829441
1260748353177968640
1260748402926723078
1260748458383642624
1260748463073120262
1260748638894071808
1260748693235433472
1260748747769708545
1260748747824402435
1260748864895815682
1260748915932045312
1260749033695518730
1260749100032679936
1260749108698124292
1260749171570737153
1260749174993084416
1260749196157579264
1260749221818322944
1260749314478837761
1260749326759927810
1260749411216510978
1260749591605129222
1260749762749292544
1260749931570032640
1260749943553224705
1260749972787605504
1260750069428609025
1260750191076028418
1260750229147496448
1260750306310152192
1260750318540918787
1260750379291115522
1260750707277418496
1260750757197905920
1260750824537567233
1260750900177498112
1260750916270972929
1260750958507618304
1260750980892602368
1260751109133656066
1260751143480651777
1260751178616487942
1260751188586348544
1260751465787936772
1260751554560344064
1260751570393677824
1260751579801481217