1264753051841302528
1264753104509112320
1264753217935638533
1264753226286419971
1264753269789745152
1264753369308168194
1264753398743613440
1264753567874928642
1264753591669141504
1264753604860301313
1264753620882386944
1264753680458252289
1264753685529268226
1264753720702599168
1264753775862075395
1264753867377356801
1264753928949956608
1264753955583582209
1264753999447760896
1264754023560773635
1264754124857344001
1264754199541297152
1264754201474801665
1264754224258310144
1264754288674439168
1264754329279328257
1264754346312503312
1264754440831000576
1264754467477520384
1264754598209880064
1264754715063209984
1264754815378223104
1264755034526449676
1264755046169948161
1264755107180109825
1264755269260783616
1264755272775499782
1264755371572264960
1264755460781023235
1264755474492162048
1264755499460952064
1264755511800414210
1264755567941357568
1264755571217104897
1264755574639484929
1264755583229538304
1264755645783384064
1264755762594811904
1264755827153473536
1264755866026291201
1264755934485676032
1264755956958793728
1264756011019231232
1264756071010201601
1264756104661172224
1264756104866566148
1264756115671101440
1264756128845619200
1264756183983939585
1264756258940190726
1264756267278573568
1264756271749582848
1264756320378302464
1264756522363453440
1264756586771361792
1264756660549058560
1264756774743060482
1264756775896612864
1264756900203200512
1264756908285542400
1264756922697355264
1264756996248678400
1264757060765351940
1264757169905438722
1264757239874752512
1264757249504940034
1264757252390412289
1264757395915444224
1264757412877275136
1264757456673976320
1264757457903026176
1264757499779055617
1264757549494161408
1264757579499974656
1264757631396335616
1264757651382194178
1264757651734294533
1264757660181598213
1264757702145781766
1264757731065393152
1264757777827799046
1264757819162664961
1264757827148476418
1264757849042948096
1264757926738178049
1264757944194908160
1264758082896302080
1264758084536356865
1264758109253390337
1264758112671522818
1264758187984551937
1264758338182451201
1264758411251585029
1264758500434927616
1264758502305693700
1264758520018112513
1264758615786881024
1264758641736871939
1264758717171609600
1264758745982210049
1264758797261656064
1264758812109611008
1264759022617595904
1264759026086301696
1264759052787220480
1264759100338036736
1264759127969984512
1264759162355027982
1264759223679778817
1264759224124477440
1264759245687455744
1264759305049264128
1264759309000474624
1264759355972423681
1264759360766439424
1264759409437052932
1264759437723488256
1264759513262899200
1264759515876114432
1264759567642132480
1264759659988164610
1264759773414723585
1264759790359597056
1264759845762334720
1264759912929857537
1264759961747427334
1264760041543876608
1264760067078881281
1264760097286299658
1264760115388919815
1264760117817249792
1264760129863536641
1264760214915559424
1264760251473068032
1264760345081507842
1264760507321462784
1264760520147689473
1264760574665089024
1264760575600529408
1264760595712290817
1264760625110093832
1264760674812657664
1264760711764422658
1264760742697414656
1264760792752295936
1264760793775644673
1264760847970136064
1264760901124657152
1264760936243449858
1264760969336631301
1264761111225593856
1264761206063185921
1264761258726830081
1264761258810761216
1264761328041971712
1264761396295692289
1264761409310650369
1264761422787076096
1264761425064374272
1264761471923191810
1264761489438769161
1264761565300973569
1264761853856505856
1264761858180780032
1264761903961853952
1264761908705574921
1264761962694447113
1264762027932815361
1264762043132866560
1264762060623228929
1264762085742952449
1264762118513049605
1264762152558223361
1264762164952301568
1264762261190688781
1264762315477528576
1264762332464287745
1264762335945723904
1264762341150859264
1264762481861373952
1264762529580036098
1264762533602263046
1264762845197189120
1264762981709221890
1264763205437587456
1264763283736854531
1264763305786331137
1264763305865940992
1264763351533449217
1264763443661492226
1264763482701877248
1264763506685067269
1264763590801752065
1264763619893489665
1264763632048472065
1264763691402252289
1264763694627471366
1264763725069856768
1264763803079753741
1264763812269490176
1264763917940731906
1264763930959851522
1264763964388372481
1264763984965767168
1264764089718325249
1264764168932114438
1264764177639526402
1264764206525661189
1264764232316395522
1264764237487804416
1264764239782318080
1264764265325400066
1264764265564520452
1264764354693664771
1264764395361452032
1264764409055936513
1264764610843820032
1264764639491039232
1264764753274179591
1264764853274546176
1264764878528507904
1264765007692169225
1264765134905454592
1264765142450880512
1264765158775275523
1264765207437438976
1264765219215007750
1264765302555856896
1264765315050688513
1264765428481568768
1264765479375306752
1264765501701529606
1264765621289377792
1264765658815967232
1264765663769497600
1264765665543688197
1264765781478264832
1264765875984326656
1264765884561625090
1264765931860955137
1264765998621736960
1264766003315163136
1264766073779429376
1264766094666956800
1264766295897264128
1264766351220056064
1264766383314948096
1264766433776545792
1264766438268645377
1264766455331028992
1264766542992101382
1264766594464444416
1264766597144641541
1264766605482790912
1264766656657666049
1264766670796619781
1264766689637543936
1264766744201134080
1264766773666037760
1264766794192936960
1264766862706999298
1264766903375073282
1264766926112395271
1264766972065128448
1264767258384928768
1264767361317511169
1264767361594216448
1264767382062497792
1264767419660120066
1264767424886382593
1264767511930773504
1264767527327944706
1264767537377501184
1264767554414710784
1264767679493218306
1264767763429634049
1264767777123913728
1264767872607412224
1264767898972758016
1264768028950040578
1264768033043570688
1264768083551379457
1264768124374487040
1264768128736788490
1264768143437660164
1264768144981110784