1281830608428322816
1281830647976415232
1281830661347827713
1281830665357422593
1281830691513278464
1281830713235591171
1281830742939467776
1281830788707815424
1281830842776653826
1281830850863267845
1281830856210944000
1281830876855193600
1281830884979572736
1281830955842330625
1281830976994205697
1281831035500589056
1281831038688215041
1281831068946112512
1281831166262288385
1281831174533337088
1281831238043664389
1281831240467972096
1281831249179488258
1281831324345610240
1281831364824903681
1281831409422872576
1281831446949355520
1281831458840215552
1281831504788815872
1281831546408796160
1281831572061261825
1281831598581841920
1281831762570641409
1281831772343480320
1281831778588786688
1281831808594837512
1281831862281793536
1281831924974010373
1281831945740128257
1281831951792570374
1281831961854709762
1281832009443225602
1281832011703873537
1281832069501530113
1281832134076821506
1281832150497587200
1281832201408086016
1281832232089538562
1281832288658108416
1281832293020000256
1281832301480030208
1281832311223463940
1281832343918051331
1281832347801808897
1281832361676558336
1281832394614550528
1281832458745413632
1281832462579113984
1281832475753250817
1281832495177035776
1281832579981873152
1281832641906401282
1281832672122163201
1281832684608774145
1281832716858798082
1281832754879946753
1281832769425940482
1281832783892156416
1281832794507927552
1281832798018392066
1281832821909323776
1281832830662737926
1281832968403726337
1281832981578080256
1281833008756977664
1281833010640195585
1281833019263852545
1281833038184435712
1281833078269153281
1281833092668432385
1281833111144345601
1281833114545926145
1281833158615457797
1281833170720239616
1281833225376026628
1281833258590691328
1281833301574070272
1281833312034541568
1281833321157124097
1281833346012573696
1281833351360339969
1281833379604975616
1281833388005945344
1281833439382188033
1281833447678410752
1281833502397419521
1281833509741457410
1281833670341353472
1281833686162259972
1281833690213961734
1281833715199619072
1281833719473614849
1281833745960652800
1281833795918819328
1281833809017626624
1281833820942217217
1281833838180577280
1281833852110024704
1281833862797111297
1281833912365391872
1281833938659368960
1281833946309955584
1281833955721912320
1281833983769063424
1281833988710178818
1281834206906028033
1281834219493195776
1281834275285827584
1281834367392919552
1281834408954273792
1281834419565858816
1281834500272484352
1281834601145671681
1281834617994010630
1281834668086759424
1281834722646261760
1281834734557908992
1281834752161398785
1281834761196122114
1281834785661476864
1281834814212055041
1281834822600552449
1281834835531763715
1281834935691681792
1281834962841243648
1281834979018907649
1281834994667859968
1281835007003160577
1281835007359594499
1281835033724989440
1281835074405588993
1281835095263830016
1281835128558411776
1281835128990371841
1281835149823533056
1281835172338503680
1281835288059240448
1281835315078901760
1281835318619115521
1281835333215125507
1281835351464714240
1281835455613468673
1281835468473204736
1281835582155628544
1281835611150864390
1281835653278425093
1281835692167958528
1281835729337962496
1281835789324877824
1281835875555405830
1281835917456609280
1281835931184566285
1281835959093526528
1281835959181508609
1281836018992201734
1281836046553145344
1281836048968871936
1281836060314603520
1281836073400725504
1281836082162794496
1281836097572450309
1281836178845687809
1281836182477864961
1281836198420504576
1281836203004669959
1281836216485326848
1281836257555779584
1281836278317813761
1281836300052701186
1281836315298816000
1281836329026777088
1281836330142572544
1281836345611055104
1281836345711833088
1281836384156676097
1281836409267998721
1281836442046681088
1281836487642943489
1281836505238048768
1281836526532464640
1281836593192611840
1281836701841649664
1281836764814966785
1281836770498314241
1281836880234000384
1281836921958866944
1281836925062701057
1281836929290342400
1281837034085244928
1281837084689326080
1281837129186725889
1281837205896519681
1281837318328942593
1281837357252190208
1281837370053206018
1281837436860084224
1281837461874905088
1281837491725766656
1281837562747912192
1281837630078939136
1281837641361756161
1281837658478608386
1281837701180862465
1281837713650409477
1281837751684550657
1281837844592381953
1281837908253499392
1281837951291252736
1281837984107692032
1281837984933974016
1281837990751481856
1281838036167335936
1281838061408546816
1281838125237633025
1281838130803417088
1281838135693934592
1281838135895306240
1281838171605610498
1281838199199854593
1281838279504142336
1281838282859376640
1281838341541986306
1281838354615668736
1281838421783142401
1281838451260706817
1281838471380787201
1281838548698554368
1281838564322361348
1281838606500470785
1281838636195934208
1281838644651675649
1281838794459746305
1281838820929843201
1281838851837685761
1281838882997207041
1281838926164922368
1281838946541076482
1281838951297212416
1281839021954437120
1281839079013806082
1281839082138566656
1281839238955204608
1281839247905914880
1281839248534941696
1281839273444954112
1281839277123526657
1281839417251037185
1281839426289762304
1281839433520754692
1281839437198979072
1281839437597507584
1281839445709291520
1281839483076448256
1281839501040656384
1281839515997548544
1281839580224917504
1281839589020270593
1281839693244424192
1281839710185369601
1281839774974619649
1281839776757362689
1281839810773159937
1281839834672312322
1281839834756046848
1281839842964447233
1281839936682041345
1281840008131821569
1281840037689085957
1281840070425812992
1281840079837822977
1281840082203312128
1281840104689078273
1281840113287409665
1281840128747601921
1281840146489446401
1281840222318350337
1281840238357348352
1281840243105320960
1281840264055861248
1281840304451182592
1281840315171627009
1281840389872324613
1281840434776424449
1281840502355058688
1281840547364245506
1281840566272176128
1281840590938832897
1281840608118792192
1281840628792463360
1281840657015988224
1281840661222707202
1281840688418615297
1281840723827011587
1281840750397972483
1281840754046853121
1281840800641495040
1281840843360526337
1281840866856849410
1281840875044134914
1281840929964527616
1281840937983979521
1281840960264007681
1281840988076605446
1281841051913732098
1281841084969058306
1281841126912262144
1281841143634780167
1281841222802452480
1281841227587964928
1281841379963019264
1281841433251467265
1281841495763562496
1281841522019713025
1281841529695244289
1281841638831034368
1281841768405839880
1281841772738433034
1281841786185375744
1281841836747714560
1281841861104001024
1281841890393042944
1281841929680977922
1281841970743140352
1281841982432702464
1281842078750781440
1281842083561705472
1281842128973225984
1281842155460460545
1281842176259915777
1281842180991012866
1281842217816973312
1281842225060536320
1281842247370043392
1281842411895914501
1281842477448585221
1281842595593740289
1281842648408485888
1281842670202163200
1281842700606517250
1281842825567432705
1281842850368352256
1281842875588698112
1281842937878335489
1281843044640317440
1281843052458455040
1281843098012848128
1281843123778396160
1281843182095998976
1281843185082343425
1281843249678884864
1281843270788829185
1281843321183379456
1281843347196383233
1281843387201654784
1281843405241192448
1281843427458547712
1281843467497484288
1281843468344725510
1281843542852136961
1281843572761862144
1281843610036707329
1281843657197248512
1281843660351582208
1281843711513554944
1281843782858801152
1281843786247811072
1281843786574974976
1281843971405172743
1281844046584000513
1281844064782921728
1281844103962136576
1281844130239385600
1281844220052025346
1281844245717045248
1281844247243616256
1281844299030687744
1281844323747803136
1281844332669145088
1281844363400749056
1281844364696621058
1281844491146743808
1281844495563108353
1281844528396111874
1281844529553969153
1281844587300978689
1281844660525322240
1281844664358678528
1281844664581193728
1281844666883641344
1281844700417318912
1281844716141572096
1281844877664219136
1281844882030628864
1281844908899237888
1281844938771173377
1281844990138875905
1281844999085330432
1281845006265794560
1281845022871232514
1281845032811737088
1281845041108000768
1281845047478988800
1281845099769532416
1281845180191191040
1281845221488132096
1281845257886302213
1281845269831852032
1281845312534073344
1281845312982855680
1281845325544607750
1281845330154266625
1281845363637227521
1281845400001892352
1281845437142532096
1281845463696707585
1281845492901502976
1281845497037230081
1281845570890600449
1281845595334991873
1281845659197476864