1281694684939788309
1281694724429160454
1281694732985434113
1281694734998802433
1281694759476764672
1281694770411311104
1281694778829295618
1281694783195553799
1281694808818368512
1281694825448910848
1281694830624735239
1281694854775537675
1281694867148529665
1281694914137464835
1281694939248824325
1281694948988006401
1281694953148538880
1281694992935731200
1281695001613938690
1281695009532719104
1281695014670737408
1281695035893964800
1281695061378576390
1281695071176478728
1281695076649926657
1281695090017263616
1281695102545666048
1281695136255098880
1281695156471726082
1281695190089175041
1281695219923255296
1281695236457144322
1281695244820590593
1281695260842823681
1281695269466275847
1281695269646741511
1281695328354406407
1281695357408288769
1281695358620499968
1281695370167365640
1281695396176289792
1281695400609624066
1281695425418985474
1281695450656120832
1281695454313545728
1281695458923098114
1281695492666269697
1281695513503465473
1281695521141383171
1281695538707038210
1281695546541891584
1281695559951228929
1281695564086861826
1281695581044236289
1281695597620269057
1281695621750181888
1281695647935209478
1281695652335034373
1281695668113817600
1281695685717495808
1281695689685131264
1281695702423306250
1281695705908809729
1281695750808838146
1281695757129723909
1281695835865128964
1281695846954934273
1281695856740245505
1281695857801338880
1281695874226282499
1281695912151195648
1281695912230871041
1281695928387284992
1281695970951127040
1281696011820376064
1281696012759822336
1281696027129634816
1281696037091135491
1281696037774585857
1281696045626470400
1281696054975528961
1281696074781069317
1281696084281241602
1281696088190341121
1281696100873838599
1281696109048606731
1281696109140815872
1281696175515566080
1281696218314354690
1281696229936599040
1281696237767589888
1281696243643801601
1281696246009344000
1281696251579379719
1281696269958885376
1281696294868856835
1281696310647808001
1281696318457610242
1281696352414687232
1281696411365650439
1281696415706755072
1281696516839743489
1281696519574491142
1281696569172144129
1281696573911494656
1281696576256212993
1281696582467903488
1281696611031277568
1281696659999727623
1281696662092566530
1281696670925770755
1281696700902420480
1281696763527802885
1281696788102000640
1281696825884499970
1281696855605178368
1281696863817797632
1281696880838283264
1281696885497982976
1281696898072616965
1281696910089363456
1281696922647109636
1281696949054447616
1281696962899738625
1281696967563841537
1281696980935127040
1281696986505318400
1281696994080284672
1281697048417447939
1281697077714722822
1281697094299004934
1281697102821720064
1281697106613370880
1281697165983784960
1281697166507905029
1281697232681439233
1281697266437242880
1281697295873056774
1281697304139849728
1281697307809984516
1281697329469431809
1281697341049835525
1281697375740928000
1281697376261079040
1281697378370650112
1281697409865744384
1281697413485428737
1281697421882527744
1281697426370437133
1281697441834827780
1281697464224022528
1281697483765284871
1281697488911495168
1281697506108362752
1281697513758695431
1281697514572242944
1281697527218294784
1281697531198496769
1281697539251634177
1281697551473881089
1281697572571230210
1281697601851719683
1281697614988226563
1281697622516920320
1281697626094796800
1281697631404797952
1281697669518221313
1281697671074455560
1281697698354266114
1281697710509305858
1281697719145254912
1281697820303450112
1281697887194435584
1281697887521562624
1281697887831953415
1281697898766499842
1281697917275828225
1281697933965107207
1281697967037198343
1281697982128091142
1281698009051430914
1281698016764686337
1281698038248071168
1281698040047210497
1281698084926263296
1281698088961400832
1281698114064265216
1281698139225968645
1281698142619078658
1281698188651425792
1281698211489632258
1281698219181801473
1281698281580625925
1281698311494406145
1281698369103110144
1281698369430269957
1281698416142082049
1281698449478606849
1281698487353180160
1281698516247568384
1281698520555311105
1281698553585438721
1281698565593739270
1281698633453195264
1281698633545658368
1281698688751067137
1281698692899246086
1281698693087985664
1281698707558281218
1281698715959345152
1281698731704946689
1281698742484246528
1281698792853528576
1281698824369602565
1281698830875070465
1281698847874482179
1281698860486873090
1281698868892258304
1281698902631239684
1281698910550069248
1281698915566456834
1281698935325822978
1281698979839909890
1281698998479458304
1281699019820019712
1281699062169735168
1281699066804490240
1281699073695739904
1281699073872080898
1281699090603167750
1281699179836866566
1281699196274278400
1281699247092568066
1281699292256907264
1281699360091385856
1281699363400687623
1281699376755343361
1281699389472415744
1281699405876408322
1281699435165163525
1281699447223865346
1281699460221829120
1281699606368268289
1281699627792826368
1281699645257928706
1281699675423363074
1281699693853016064
1281699743362506753
1281699758361501698
1281699778259070977
1281699786085879809
1281699872593162241
1281699900372156417
1281699908739833857
1281699925731037187
1281699925756121091
1281699925827428354
1281699927714697216
1281699951018250240
1281699955279892480
1281699975907418116
1281699992701460481
1281700042949005312
1281700046342324225
1281700051123871744
1281700069264285696
1281700076499410944
1281700092798328833
1281700132048830465
1281700132787040257
1281700147542454272
1281700150390468609
1281700154245099523
1281700194967531522
1281700217495011330
1281700223736262656
1281700239787855872
1281700261740740608
1281700282204856322
1281700302857441281
1281700328665120768
1281700337787822081
1281700349733212164
1281700360852209667
1281700383195140096
1281700429307408384
1281700458315186176
1281700464682323969
1281700554679386114
1281700558621995009
1281700573356539906
1281700576154329088
1281700590591123457
1281700608928387072
1281700618638430208
1281700646660513792
1281700693850521600
1281700711454179328
1281700711517102082
1281700713639411714
1281700722841509888
1281700739501428736
1281700747428589568
1281700776935661569
1281700794782359552
1281700819721650176
1281700857973739524
1281700865749979136
1281700902710149120
1281700915133767680
1281700923677474816
1281700944737193984
1281700953339633666
1281700984130080768
1281700985254092808
1281700986390745091
1281700986545815553
1281701034914721799
1281701074886418434
1281701077717581831
1281701079198171143
1281701116632162304
1281701120927121408
1281701154682998785
1281701200015097856
1281701204557533185
1281701292558049280
1281701318680129536
1281701330487255041
1281701335193157632
1281701368504348672
1281701376792330242
1281701379590041603
1281701399949127686
1281701427530825730
1281701442693332992
1281701468907556864
1281701473370415104
1281701491653443586
1281701504529977350
1281701507264647169
1281701545785032706
1281701546351374337
1281701556770004999
1281701565812768770
1281701649703145475
1281701652047835136
1281701687057690624
1281701695450279936
1281701703881043969
1281701763402403843
1281701766657200130
1281701770893418497
1281701775188406272
1281701775578464256
1281701800849145856
1281701825507463168
1281701855408553988
1281701901575299075
1281701926980202496
1281701942004256769
1281701972677189632
1281702007900966913
1281702014020456449
1281702018827063296
1281702023377846272
1281702035394527237
1281702047256018952
1281702052759052290
1281702055749603329
1281702056022233090
1281702060921163777
1281702073332105218
1281702097331904515
1281702098544070656
1281702149190189057
1281702174108590087
1281702190508204032
1281702194828292096
1281702198628540417
1281702203393052672
1281702220787048453
1281702224041844736
1281702236586901510
1281702239887736832
1281702244832784384
1281702253615820801
1281702271424835584
1281702274415439873
1281702308485578752
1281702359807090688
1281702370842341376
1281702376383098883
1281702379721641984
1281702387288244224
1281702403440545793
1281702425821413377
1281702459493224448
1281702467416268802
1281702471086350336
1281702483870601216
1281702489067315200
1281702497195708417
1281702507740266501
1281702509359267842
1281702535061843968
1281702556104884224
1281702563398680582
1281702570709454850
1281702601441124353
1281702601885732864
1281702605694042112
1281702609519288326
1281702626518863873
1281702639672188929
1281702661797093384
1281702676447682560
1281702679442591749
1281702694361718792
1281702698505699329
1281702756412280845
1281702765908111361
1281702781783425024
1281702798908948480
1281702808111255554
1281702819620368385
1281702928806547457
1281702932543488005
1281703017260163073
1281703019491594241
1281703037795356672
1281703071677022211
1281703075577761792
1281703105168646144
1281703117860593665
1281703146771881986
1281703180171190272
1281703185011429376
1281703189214109702
1281703231442354177
1281703237045944323
1281703243773431808
1281703251616976897
1281703262446657536
1281703269350416387
1281703273125355520
1281703280180158470
1281703319216492545
1281703331589750785
1281703332252352514
1281703335788269568
1281703386811858946
1281703390003658752
1281703398321070081
1281703406894276609
1281703407636623360
1281703412137066497
1281703456991043584
1281703457028812806
1281703461462126600
1281703470505111552
1281703474015731712
1281703486854328320
1281703487454224384
1281703517720399877
1281703590890024960
1281703592785858560
1281703637308395520
1281703688407445504
1281703689577795589
1281703696884105216
1281703719881658368
1281703742140641281
1281703744376201217
1281703758561374209
1281703776655745028
1281703788219379713
1281703801385357315
1281703805709684739
1281703810008834051
1281703810059010048
1281703811963215872
1281703830728642560
1281703851494711296
1281703974870175745
1281703986303766533
1281704027399639040
1281704086761504770
1281704094667866112
1281704097473794053
1281704224787779586
1281704267313799175
1281704279225450496
1281704287089958912
1281704292123017217
1281704309286211584
1281704316752076800
1281704354509012993
1281704355356450821
1281704376076103680
1281704380643921924
1281704408531771392
1281704539868090377
1281704546465718273
1281704575330914305
1281704578438664192
1281704593878061056
1281704604770529280
1281704646151725056
1281704682776395777
1281704695829069825
1281704703018119170
1281704717819625472
1281704732038295552
1281704735754588164
1281704744440827904
1281704751478960129
1281704759263522818
1281704762094882818
1281704777328529415
1281704794546147329
1281704815270207492
1281704832575864832
1281704875521441792
1281704902155100161
1281704904977866752
1281704925697843200
1281704934166212608
1281704988029452291
1281704997340819458
1281705042639192064
1281705079259557888
1281705116769361921
1281705122524016642
1281705160138543108
1281705163900633090
1281705210298146817
1281705251737726977
1281705273690935296
1281705277914415105
1281705294804860928
1281705321044434945
1281705361506922497
1281705377881620480
1281705390627938304
1281705395413635073
1281705411268292609
1281705439340552192
1281705440225554432
1281705445317648386
1281705450254327814
1281705484001529856
1281705499319132160
1281705505522622465
1281705528339640320
1281705563471175681
1281705587466616832
1281705588313989122
1281705596010496000
1281705596715229185
1281705659726266375
1281705688192831488
1281705688587055105
1281705696283828224
1281705704999596034
1281705735022354432
1281705742811070464
1281705752004943872
1281705789569339393
1281705795445559299
1281705802034810881
1281705839573610496
1281705846792216578
1281705869063991296
1281705869613453312
1281705890052284417
1281705893705379840
1281705902760812545
1281705910642135040
1281705928073646085
1281705960835215360
1281705966531158023
1281705969333002240
1281705982373105664
1281706009808052225
1281706015357050886
1281706028401385479
1281706028782870528
1281706041277919233
1281706078997057536
1281706107698733056
1281706137369403394
1281706148786245632
1281706153865609216
1281706167031541760
1281706199814213633
1281706208735498240
1281706217513955330
1281706229639905280
1281706229665017858
1281706230021595137
1281706275525599233
1281706275932430338
1281706284820111360
1281706322082140160
1281706373248684034
1281706376415371271
1281706383218442240
1281706402507976709
1281706418219950080
1281706423445909504
1281706490307502086
1281706502621986817
1281706511966679040
1281706547345862664
1281706563762130944
1281706611422064640
1281706632716722176
1281706640476176385
1281706644615966722
1281706652798988289
1281706657408405504
1281706665792995328
1281706679038554121
1281706691965284352
1281706711309529089
1281706749595189249
1281706754372403200
1281706758923268100
1281706766737092609
1281706774584844288
1281706783057338369
1281706783082340352
1281706804536389632
1281706812102701056
1281706838187278339
1281706850430455808
1281706859158740997
1281706942172295169
1281706951462866944
1281706972446887937
1281706988611805190
1281707014771662848
1281707031456440320
1281707051559915521
1281707064839081986
1281707068936904705
1281707106299637760
1281707118916247552
1281707123978768384
1281707148855201792
1281707157839212544
1281707159538085888
1281707220120608769
1281707223442309120
1281707257198239744
1281707263112216584
1281707273836834816
1281707286587510784
1281707300676177921
1281707304845545478
1281707324072251394
1281707342959005696
1281707387200524288
1281707391160123392
1281707421010767872
1281707429303144449
1281707483736793092
1281707488232914945
1281707525918908420
1281707571825582082
1281707581355024384
1281707591081418752
1281707605887352832
1281707613990916097
1281707682328719360
1281707719179763718
1281707724040884224
1281707748443385856
1281707765447049216
1281707815862771714
1281707877518970880
1281707895038640128
1281707907873038336
1281707915922087936
1281707929784274944
1281707982783381505
1281707995068428291
1281707996431749122
1281708028698308608
1281708032036990976
1281708120985804800
1281708121602351106
1281708125158961158
1281708135061889028
1281708161179803653
1281708195485028353
1281708209103876097
1281708210039201793
1281708230314532864
1281708268419784704
1281708272383332352
1281708276686770177
1281708289038876674
1281708331397152768
1281708336832933888
1281708352612052993
1281708363282358273
1281708364842643459
1281708432534507523
1281708439899533313
1281708447873073153
1281708448367796224
1281708469788131328
1281708482765496332
1281708486238375936
1281708494920445952
1281708528244191232
1281708533977960449
1281708540462129152
1281708554051887104
1281708574532612102
1281708599069364224
1281708599564263425
1281708621055823885
1281708661736267776
1281708670552694784
1281708679083905024
1281708683110625281
1281708683316142080
1281708700709916674
1281708716996386822
1281708741881147393
1281708804829257728
1281708825226223625
1281708884680298496
1281708887524225025
1281708939793465344
1281708999268880384
1281709016767315970
1281709046492467203
1281709072946008064
1281709082156515329
1281709102465462272
1281709127459377152
1281709138230288391
1281709220740493312
1281709231289368579
1281709231477940224
1281709286855327744
1281709300067569669
1281709321403826177
1281709358250852354
1281709399078318081
1281709434050404353
1281709453335830538
1281709459530752000
1281709547627909120
1281709567898980352
1281709589650706437
1281709593102618625
1281709597389029376
1281709610013986823
1281709660282773511
1281709685649768448
1281709690397786113
1281709710572322817
1281709727504904194
1281709731870994432