1285907443554439168
1285907447572389888
1285907449870979073
1285907462378463234
1285907504464093185
1285907539574624256
1285907554770522112
1285907579743490049
1285907588643782657
1285907614203891713
1285907634789457921
1285907649075318784
1285907673129648128
1285907697754181634
1285907710483894272
1285907720386891783
1285907815177916416
1285907819326210049
1285907830105690112
1285907856374538240
1285907861487390721
1285907865354620928
1285907867061583873
1285907936603181056
1285907945134456832
1285907958682058752
1285907966802251776
1285908025409073153
1285908033483280389
1285908108594892801
1285908112013058050
1285908179985903616
1285908184721289221
1285908217416101888
1285908259212165120
1285908267797934085
1285908271774273536
1285908406017175552
1285908410228244480
1285908461264478209
1285908478410854400
1285908546077564928
1285908592118231040
1285908637135896576
1285908650251431936
1285908675530567681
1285908688302047232
1285908712771682306
1285908722066223104
1285908742551359490
1285908750759534592
1285908763724132354
1285908768006561793
1285908771664003074
1285908855629717504
1285908922377932800
1285908977109303297
1285909001746755587
1285909069635694594
1285909116309864449
1285909130260049922
1285909177747947526
1285909182160437248
1285909211243778049
1285909223864438787
1285909271302070274
1285909286812626944
1285909300746100738
1285909325807050754
1285909350830141440
1285909421806120965
1285909425627291649
1285909476151828487
1285909577222041600
1285909597509898241
1285909597753049089
1285909640300032000
1285909727151448064
1285909731920535552
1285909749767249921
1285909778162757633
1285909823763013635
1285909831761776640
1285909915798695936
1285909924753670144
1285909983058710537
1285910012389466113
1285910025245011968
1285910054344908800
1285910117804728322
1285910139187474432
1285910191968448512
1285910218744856576
1285910260545458177
1285910441131114497
1285910453302984704
1285910460844462081
1285910461310013443
1285910476031954952
1285910526732701696
1285910571360149505
1285910629950214146
1285910652486205441
1285910679648636928
1285910683549302785
1285910713488175104
1285910730324054017
1285910749865480192
1285910759373930496
1285910763723464704
1285910793855414274
1285910814453633025
1285910817691631617
1285910847622205441
1285910880673243136
1285910881164038146
1285910923320930306
1285910946938974208
1285910986453594112
1285910990194987008
1285911019479617541
1285911082373009409
1285911083413393408
1285911102061084672
1285911103654858759
1285911208172740609
1285911208730779649
1285911238065696768
1285911238191591424
1285911256608776194
1285911279278919681
1285911279559999489
1285911346375090176
1285911355556601863
1285911363215400960
1285911396622925825
1285911452776357888
1285911506014441472
1285911527132934144
1285911548553289728
1285911585479770117
1285911596884267008
1285911672230731777
1285911694716346370
1285911715515895809
1285911724252704768
1285911727884980225
1285911758109061120
1285911772483014661
1285911829328297984
1285911849855266816
1285911925877026821
1285912000506126336
1285912031464431616
1285912038833893378
1285912078944022530
1285912084656652288
1285912084916707330
1285912101618429953
1285912115031805953
1285912130856734721
1285912173403922432
1285912185177362432
1285912194341888006
1285912194677460992
1285912202143293440
1285912212239003654
1285912227304923137
1285912253007572992
1285912261555417091
1285912266005602304
1285912268799188992
1285912332854599681
1285912353759010816
1285912357764554752
1285912365356191746
1285912399145508866
1285912441541595138
1285912462164983808
1285912475574194176
1285912503843786759
1285912525742182406
1285912663671943168
1285912756118380544
1285912765878730752
1285912802885013504
1285912810426433536
1285912852927307779
1285912862758756353
1285912928143790081
1285912949215854592
1285912993029652481
1285913089859149825
1285913108394004480
1285913113095802880
1285913128681779201
1285913162504708096
1285913179537596416
1285913200077103107
1285913292670562305
1285913309913452545
1285913360043855872
1285913420290822145
1285913439953727490
1285913456563171332
1285913506135457803
1285913565782855680
1285913568622206977
1285913577820323845
1285913632430338049
1285913666353799169
1285913682963202048
1285913711761334273
1285913716060352512
1285913748251836437
1285913754119614464
1285913862722682881
1285913879902662657
1285913934499917824
1285913956457025536
1285913958877208588
1285913972269613061
1285913988983861248
1285913989092970496
1285914033166655490
1285914169666154504
1285914173726167045
1285914207783796737
1285914212099928064
1285914213228183559
1285914218655559682
1285914228059144195
1285914236980527106
1285914328286269442
1285914347525541888
1285914378794147841
1285914388327784448
1285914406954524672
1285914449908584448
1285914492912664576
1285914521299832832
1285914530296594432
1285914610072268801
1285914634491437057
1285914681232818181
1285914685183799297
1285914704011857921
1285914776716140544
1285914807305109509
1285914828582731779
1285914871268163584
1285914907741913088
1285914945645879302
1285914953526972422
1285914966156103681
1285914966269333504
1285914975060611080
1285914987408420867
1285915008191389697
1285915058892091392
1285915083491561472
1285915121357918209
1285915125543772160
1285915171685380096
1285915219429150722
1285915293399875584
1285915352766074880
1285915371954987009
1285915414707355648
1285915569695395842
1285915682635304960
1285915709235765248
1285915759189925889
1285915786544963585
1285915847500992512
1285915910188994560
1285915917956911104
1285915989599825921
1285916010902626304
1285916052879216646
1285916242143072256
1285916266650374145
1285916338733453315
1285916347982110720
1285916384120250368
1285916401023229952
1285916427162091522
1285916549040103429
1285916558733213696
1285916560398393344
1285916581067923456
1285916589577998336
1285916606510428170
1285916614991503360
1285916622624944131
1285916707287117830
1285916715507949569
1285916715822592000
1285916912107630592
1285916913483362304
1285916933775396867
1285916988422983690
1285917001114943488
1285917028323414017
1285917080202739714
1285917096250085376
1285917113832681473
1285917150918717440
1285917177980362759
1285917192245006336
1285917227561164801
1285917235463290882
1285917268820594693
1285917323065462784
1285917340266377218
1285917371912331265
1285917411951157249
1285917445228826624
1285917457828532226
1285917482453262336
1285917554490384386
1285917554603552770
1285917562178543624
1285917579589169152
1285917752050348033
1285917774544609280
1285917780391362560
1285917876306812928
1285917902605094913
1285917928303603714
1285917939909132288
1285917986797375488
1285918066396721152
1285918174479896576
1285918200081920002
1285918200245506048
1285918258542018560
1285918279714955266
1285918290968227842
1285918325369970688
1285918329723551746
1285918347394195456
1285918393082634243
1285918430575697920
1285918456743960577
1285918472359337984
1285918510342971392
1285918536699969536
1285918571776753664
1285918602084921344
1285918630648193025
1285918665712574464
1285918666111045633
1285918695022301184
1285918698931318785
1285918703989805057
1285918716086157312
1285918720225943558
1285918772889608192
1285918793328472064
1285918795459174400
1285918808431947778
1285918812798427137
1285918816803987458
1285918842007416832
1285918842791829504
1285918867701690370
1285918871535443969
1285918928968077313
1285918934181478400
1285918955748630528
1285919017941659648
1285919025575284737
1285919060694310915
1285919193809006593
1285919198078697472
1285919202319183872
1285919222749638656
1285919252533383168
1285919263627382786
1285919265317507072
1285919280316452875
1285919280832405516
1285919313216638981
1285919378597453824
1285919451267964928
1285919513553391616
1285919538069086209
1285919575981174790
1285919613612707843
1285919621808259072
1285919635209158656
1285919640762355712
1285919651768279042
1285919697834319878
1285919702036942850
1285919713177096192
1285919718000529408
1285919739919859716
1285919740209364992
1285919751991164928
1285919772887195648
1285919796966694918
1285919804789075972
1285919829988462597
1285919832236580866
1285919873227354112
1285919908874903552
1285919940646768646
1285919941166632960
1285919974494801920
1285919999442509825
1285920023509434368
1285920065083396098
1285920087069741056
1285920095672233984
1285920146926821379
1285920209010925569
1285920217172975616
1285920268632891392
1285920269333299201
1285920337251663872
1285920352615399424
1285920390380912646
1285920435444396032
1285920456567132160
1285920464901074946
1285920482483564544
1285920544706027520
1285920560111730688
1285920561735127040
1285920615929655296
1285920623731126272
1285920666022223872
1285920674498871296
1285920679221702656
1285920691922108416
1285920716995604480
1285920720694972416
1285920725170368514
1285920738784899072
1285920851611791360
1285920864240840706
1285920875959771136
1285920912202702854
1285920918183837697
1285920940644335618
1285920964274946049
1285920976413302785
1285921014031974400
1285921073381478402
1285921076795539457
1285921079748448256
1285921085834264576
1285921094600359937
1285921102766759939
1285921151051497472
1285921169821052934
1285921186438942721
1285921187361685504
1285921262783651841
1285921325203292160
1285921367133761537
1285921371353161731
1285921416580407298
1285921454392061952
1285921462956683264
1285921564454612993
1285921601528225792
1285921656851095552
1285921668184117249
1285921719547334657
1285921725054619649
1285921798836584450
1285921799029612544
1285921891757297664
1285921928625172480
1285921929011122183
1285921933184335874
1285921943292571648
1285921965707005952
1285921984702906370
1285922044706791427
1285922058451349504
1285922142933196800
1285922171668307968
1285922206401228801
1285922251922169856
1285922308415053824
1285922311036534784
1285922313809035266
1285922353961144321
1285922406062850049
1285922413784502274
1285922446445547520
1285922456822218758
1285922482806038535
1285922504310165505
1285922532856487936