1278750285012389888
1278750285343543296
1278750292121706496
1278750293921062913
1278750298220134403
1278750300438794240
1278750302611492864
1278750327173525507
1278750331376152576
1278750334442037248
1278750343644381184
1278750347880738818
1278750352880386049
1278750369426944000
1278750369628262402
1278750392373989376
1278750410967261193
1278750425295065089
1278750432165343234
1278750452805324800
1278750482706685953
1278750516848230401
1278750529108271106
1278750540114034691
1278750575572717568
1278750585605373954
1278750591355928581
1278750649296060417
1278750684859564035
1278750708003676163
1278750718250401795
1278750725846245376
1278750738936668160
1278750738982658049
1278750745978953731
1278750754803720192
1278750785090641920
1278750788475670528
1278750816946577409
1278750832905895937
1278750833467850753
1278750838895321088
1278750872454008832
1278750896361537536
1278750922869522433
1278750922940788738
1278750933669875712
1278750956210081792
1278750957267025922
1278750969262637056
1278750973465210880
1278751002301169666
1278751010857484288
1278751034576429057
1278751059918422016
1278751065803042821
1278751069544361984
1278751069619621889
1278751078750748673
1278751099667705856
1278751107511209984
1278751127991877632
1278751137273974784
1278751178994659328
1278751185537810435
1278751186800136192
1278751191824924672
1278751195465568263
1278751200129757198
1278751201853661188
1278751212435718144
1278751216999137280
1278751234019770370
1278751251132567555
1278751290680651776
1278751299287371778
1278751308024029184
1278751319185141760
1278751329515646977
1278751363413860352
1278751367369306112
1278751391620759555
1278751438504689671
1278751445286825984
1278751456271761414
1278751463087497216
1278751488622411782
1278751522449432576
1278751535539933189
1278751539796996097
1278751552543612929
1278751563352244224
1278751581853421569
1278751588807593984
1278751611758825478
1278751616854876160
1278751618989785089
1278751636379152385
1278751661427617792
1278751671351459841
1278751694457835520
1278751728243019782
1278751759356301313
1278751765203243010
1278751769871306752
1278751770039156736
1278751787252453376
1278751788603146241
1278751791182753792
1278751792772202496
1278751795628650499
1278751821977264128
1278751829224853509
1278751831624212480
1278751850200793088
1278751879246213120
1278751881599291393
1278751895927037954
1278751904802242560
1278751909348667392
1278751920832864256
1278751921214537729
1278751921277415425
1278751921562546176
1278751924704157696
1278751925232635905
1278751942437732357
1278751951442907137
1278751967133794310
1278751971894321157
1278751997030739968
1278752012667101184
1278752038617255938
1278752038847836161
1278752060209430528
1278752068338176002
1278752070724538368
1278752088973959170
1278752105939910656
1278752118397194240
1278752139108446208
1278752153276997632
1278752198441054208
1278752210944430080
1278752210948587520
1278752223019667456
1278752244385660928
1278752247015301120
1278752252203798531
1278752265499602944
1278752277310947330
1278752282524487680
1278752330805108741
1278752348853198849
1278752386446655488
1278752408445890561
1278752412178821128
1278752424866443264
1278752439055847424
1278752441161351168
1278752453861801985
1278752503841075207
1278752511399247872
1278752527559917570
1278752534748774401
1278752551584882698
1278752563307954177
1278752592395411461
1278752635844210689
1278752651040129024
1278752654416646149
1278752655150628869
1278752684514951170
1278752706514075649
1278752711228317696
1278752717331206144
1278752756942213120
1278752764626120705
1278752776554721289
1278752831403671552
1278752831630123014
1278752835467972608
1278752862202363904
1278752863083167749
1278752910915108868
1278752919626514432
1278752932205342721
1278752957169905673
1278752965453647873
1278752965684350979
1278752970834919427
1278752974018404352
1278752991185698816
1278752995828793345
1278753015000961025
1278753040137412610
1278753055207575555
1278753055719243777
1278753125344718849
1278753137252335623
1278753141920419840
1278753183637090305
1278753196123570177
1278753242571247622
1278753254952833030
1278753272053071874
1278753284585447424
1278753284933779456
1278753284937809921
1278753305422729216
1278753333843570688
1278753347160465410
1278753347244158977
1278753355586625537
1278753359898521600
1278753389212504065
1278753409819127810
1278753411064836096
1278753413812178945
1278753426667520001
1278753456925413376
1278753459286786048
1278753460679331840
1278753460771569664
1278753481231228928
1278753494204321793
1278753506946699266
1278753511195332608
1278753531525074945
1278753532028411904
1278753532133339136
1278753544879763458
1278753548423983104
1278753552769392642
1278753552865755137
1278753560038178816
1278753565356351488
1278753569731014656
1278753610176688128
1278753616954720257
1278753682402639872
1278753690275512321
1278753699226021888
1278753763038289920
1278753794755563521
1278753795061792768
1278753795737092099
1278753854788710400
1278753857720520704
1278753897021128705
1278753905015500800
1278753913177595907
1278753968215273472
1278753975961915392
1278753976133906433
1278753977295929345
1278753982953992192
1278754006119206912
1278754030643183618
1278754058220658689
1278754064457535493
1278754079414587392
1278754098821636097
1278754115485564930
1278754127049342976
1278754130828431361
1278754164022091776
1278754186243514370
1278754191448723456
1278754205054849025
1278754236143144967
1278754247216111617
1278754261854236676
1278754270666526721
1278754309262499848
1278754320029224960
1278754325024522240
1278754345698410496
1278754362181984259
1278754374894977025
1278754378871160834
1278754383136727047
1278754431606173697
1278754450052505600
1278754455404441601
1278754530943885312
1278754538367967232
1278754562871103493
1278754607812931584
1278754610069622784
1278754635080073217
1278754661919490048
1278754689081675776
1278754694291218432
1278754695977336836
1278754706983010304
1278754714683936771
1278754756681273344
1278754777636245504
1278754790068097026
1278754790076375042
1278754804681125889
1278754806631247872
1278754852907220999
1278754902139744261
1278754903012171776
1278754918451429377
1278754923941953537
1278754928488517636
1278754936969408513
1278754940953886720
1278754946016575488
1278754979277418500
1278755025259499520
1278755033597841408
1278755083698573312
1278755126086438918
1278755137880641536
1278755179807072258
1278755180381499393
1278755197565710336
1278755203970457600
1278755225554182144
1278755240745959424
1278755251286401024
1278755253299679233
1278755272232763392
1278755335323279360
1278755335520399360
1278755365367111680
1278755402981793797
1278755440487280640
1278755448787578880
1278755486100344833
1278755491141881856
1278755503611547649
1278755549278949376
1278755549639839744
1278755562147045377
1278755566593216514
1278755591519862784
1278755599577165824
1278755624638013441
1278755625271472135
1278755633991315457
1278755641771745280
1278755654530990081
1278755671232729090
1278755687196168192
1278755704535257089
1278755716728188929
1278755730070396929
1278755734407262213
1278755734725984256
1278755742623903744
1278755781458812928
1278755793349644289
1278755821610913794
1278755834235744257
1278755840577671169
1278755842800713728
1278755843241017349
1278755851310792704
1278755851768074242
1278755855467532288
1278755864015507456
1278755897657954309
1278755923394211841
1278755974992388096
1278755988036882434
1278755999457988611
1278756018869071873
1278756044374790145
1278756046589263872
1278756058966695937
1278756064696008705
1278756107012444161
1278756123861016581
1278756132262080513
1278756157964894208
1278756195281653763
1278756225077907456
1278756228596928512
1278756231541334016
1278756246540161029
1278756249530744832
1278756254983376896
1278756266559471616
1278756292283322370
1278756299983986689
1278756334134059015
1278756362844082176
1278756371433959424
1278756388580265990
1278756434549800960
1278756439037808641
1278756450051948544
1278756451343876098
1278756462291009537
1278756593685889024
1278756598052257793
1278756619178913792
1278756622827995136
1278756632130990080
1278756643791147008
1278756644386680837
1278756655921061888
1278756660836593664
1278756676833882112
1278756736405590018
1278756803782860801
1278756803841589249
1278756826490843136
1278756891024220162
1278756896057569281
1278756904471269376
1278756912591486979
1278756920816361472
1278756922087231489
1278756979746443267
1278756984393658368
1278756991918317568
1278757036122157060
1278757039519477760
1278757041402556422
1278757048847609858
1278757052941307905
1278757063003422727
1278757092527128577
1278757107169460224
1278757117730512896
1278757138903568384
1278757146402979842
1278757184998739968
1278757201679704064
1278757206167400449
1278757206515757056
1278757218318454784
1278757219257868288
1278757243559669760
1278757299876777985
1278757340355813377
1278757340578275331
1278757374119952384
1278757377102303232
1278757386166157318
1278757407200612352
1278757453190926339
1278757474217197568
1278757480110137345
1278757490562347008
1278757492214857729
1278757504424566784
1278757512188067840
1278757555385233408
1278757571369697280
1278757579066208258
1278757591603130368
1278757602223153152
1278757612897669127
1278757612910080000
1278757613359058944
1278757679738036225
1278757700789297153
1278757704190869504
1278757704887087105
1278757712134889472
1278757727309881345
1278757737959059456
1278757742879166464
1278757773900218369
1278757788177457152
1278757792371871744
1278757810063343617
1278757830892425217
1278757838999953409
1278757843760488448
1278757864249495552
1278757880200642565
1278757880909295616
1278757881718898688
1278757919895453698
1278757942624317440
1278757956323065856
1278757957065293825
1278757990829559811
1278757994587664385
1278758018138726400
1278758045334593537
1278758053366640641
1278758125080907776
1278758146559954947
1278758158891126790
1278758193053736962
1278758200347463680
1278758209189281799
1278758212414685185
1278758217087156235
1278758218857152512
1278758225882386432
1278758246019411969
1278758252357001218
1278758282052714496
1278758288797175808
1278758309068263424
1278758312528564224
1278758330073219077
1278758332703092737
1278758349568454658
1278758350365302784
1278758389565227009
1278758406153744385
1278758412097028101
1278758451326287872
1278758460318834688
1278758468938158081
1278758501750317058
1278758518695157760
1278758522449047552
1278758564786368512
1278758565101043713
1278758606792515585
1278758665441460224
1278758694931640325
1278758703437668357
1278758715781459970
1278758768524824577
1278758783343181824
1278758804562145280
1278758816092262400
1278758854675902467
1278758854776557575
1278758885428531201
1278758889752866816
1278758900842532870
1278758905330327552
1278758923546345475
1278759007469985792
1278759030106832896
1278759051309076481
1278759059521449984
1278759059580047360
1278759068795129856
1278759075963121664
1278759085454721025
1278759088940150784
1278759106426417154
1278759109412753408
1278759110146744320
1278759114169081857
1278759129054679041
1278759130266841088
1278759147954200578
1278759177658216449
1278759251775590403
1278759303512555521
1278759320390377472
1278759323989139456
1278759362471907329
1278759372294959106
1278759374270410753
1278759387381800973
1278759413818458120
1278759416481771520
1278759416611758080
1278759458315792384
1278759474992463873
1278759483464912898
1278759491505401856
1278759496328769542
1278759502817439749
1278759506458152960
1278759508865581057
1278759596417601539
1278759630634696710
1278759638738128898
1278759651383873537
1278759693448392704
1278759709965717505
1278759747865513986
1278759802047475713
1278759810394017792
1278759810742140928
1278759846465220609
1278759847975157760
1278759848633683969
1278759894435299328
1278759899934031872
1278759919584411648
1278759933970984962
1278759944284708865
1278760024714743808
1278760058592145414
1278760071548137472
1278760079228047360
1278760137025638400
1278760152695558145
1278760170873643010
1278760188238082048
1278760272509861888
1278760321616941056
1278760340751364102
1278760349894946823
1278760369205510145
1278760376167854080
1278760384292323329
1278760389820456962
1278760394438443008
1278760435781521408
1278760461199179777
1278760472859291650
1278760510809272321
1278760522859655168
1278760523664891905
1278760527905333255
1278760552571920384
1278760557424902145
1278760565368918016
1278760568296542208
1278760578228654082
1278760653721948160
1278760658138468353
1278760661829517317
1278760722860855298
1278760725767507969
1278760756251627520
1278760792607916034
1278760796546314240
1278760817198915585
1278760838002667521
1278760850031968256
1278760884148539400
1278760943762071552
1278760947100852226
1278760962783412224
1278760976750219264
1278760994026557440
1278761004432793600
1278761018462801920
1278761024921964544
1278761035755708416
1278761036279984128
1278761043926212609
1278761044584718337
1278761060468764672
1278761069297709058
1278761087924609030
1278761088092340225
1278761098599002112
1278761104999460864
1278761125975384065
1278761127686492160
1278761161756991490
1278761165674315776
1278761187216371719
1278761194682081285
1278761195500122120
1278761197072834560
1278761220317814785
1278761236008595456
1278761269932089345
1278761270443999234
1278761271467429888
1278761279486865408
1278761296117235718
1278761312475103234
1278761314467237888
1278761329474654208
1278761335233404929
1278761347442970624
1278761349548584961
1278761370822082561
1278761379185307648
1278761413415251969
1278761413461360640
1278761413524234241
1278761417487736837
1278761446168563712
1278761446533246976
1278761484286406656
1278761492603518977
1278761497712144385
1278761498463084546
1278761510219558912
1278761517429723136
1278761532042682368
1278761534966071296
1278761551885856769
1278761555207864325
1278761563676119041
1278761568218443776
1278761593422131202
1278761610073563136
1278761626536214529
1278761652343713794
1278761707113009153
1278761727279202307
1278761769415127048
1278761773672398848
1278761774129590272
1278761800247513089
1278761802860498945
1278761807067385857
1278761815439052800
1278761840416358407
1278761849136320512
1278761865934503942
1278761908309458946
1278761928723034112
1278761951540113409
1278761985551654912
1278762000076726273
1278762004346527745
1278762025494159360
1278762048164265985
1278762061397401601
1278762065633607681
1278762070641528832
1278762088677195777
1278762092145725440
1278762108734316545
1278762114207944706
1278762114233090050
1278762117252988934
1278762125775822848
1278762150941667328
1278762180243009543
1278762185087258624
1278762201197789184
1278762214044950528
1278762222039085056
1278762243635638272
1278762252191977472
1278762257233543168
1278762266486173696
1278762266842759168
1278762312627871753
1278762322656481281
1278762327899340800
1278762384593752066
1278762388662206464
1278762398011310087
1278762406844514309
1278762436850483200
1278762478353231873
1278762498603220992
1278762515867013126
1278762516215148545
1278762550398562304
1278762557839478786
1278762633844400128
1278762673090498560
1278762680971522048
1278762701309775872
1278762723816300544
1278762746465660928
1278762754183016448
1278762856264142851
1278762880800665600
1278762885028761601
1278762893735981056
1278762898110717958
1278762914825019392
1278762922785804288
1278762926648766464
1278762943665094656
1278762944029954053
1278762982130974720
1278762990305792001
1278763008634699778
1278763016050356224
1278763019619774466
1278763040037535747
1278763044630228993
1278763063525748737
1278763077970866178
1278763089933066240
1278763107934965764
1278763120337485824
1278763145863942146
1278763173437485058
1278763183159889924
1278763195545669633
1278763218203271174
1278763237388025857
1278763258778959872
1278763262352506882
1278763266404159488
1278763308942716928
1278763312491237376
1278763330551898112
1278763337812238337
1278763342455136258
1278763360377606144
1278763390756950019
1278763396754747392
1278763418242166785
1278763420381216768
1278763425871663104
1278763443323994118
1278763443491876864
1278763472692617216
1278763501327007746
1278763508730146819
1278763514384068608
1278763531027075074
1278763542754312193
1278763572600979456
1278763593467486208
1278763602208587782
1278763622777438209
1278763627634294785
1278763631400943622
1278763642750722050
1278763652720529409
1278763703249207297
1278763707015651328
1278763707024039936
1278763724019556353
1278763727647637505
1278763731900645376
1278763781594767362
1278763821012746241
1278763845230768128
1278763866709798913
1278763870597742594
1278763891909111811
1278763904496254976
1278763908300447745
1278763946959306752
1278763958728626176
1278763966827827201
1278763971428995072
1278763975006617608
1278763975879131149
1278763988139073537
1278763990798172165
1278764009475506176
1278764071270187011
1278764084616462338
1278764128488824832
1278764139276644353
1278764156221521920
1278764193894633472
1278764214258216960
1278764239881146369
1278764240334192644
1278764260210982912
1278764315982602242
1278764348601626624
1278764371750068231
1278764390658039810
1278764394760089606
1278764442214264832
1278764458215706624
1278764461986320384
1278764462682583041
1278764503056953350
1278764512435372033
1278764525601165312
1278764550368747520
1278764559977848832
1278764562863423488
1278764566986571776
1278764594295496705
1278764600813649921
1278764608896020480
1278764624096231424
1278764625576820736
1278764642685222914
1278764652000874496
1278764663816290304
1278764667754733568
1278764687769862144
1278764689003085824
1278764734850969607
1278764742786650113
1278764743734542337
1278764747660427266
1278764751552679936
1278764784888852480
1278764810151362562
1278764864719249410
1278764881722830848
1278764893659947011
1278764915419803649
1278764947426562048
1278764959598608386
1278764965923565568
1278764977831247876
1278764986538565634
1278765007975657472
1278765021900636161
1278765028473278467
1278765029030981632
1278765036572413954
1278765079480197122
1278765101122797574
1278765112367726592
1278765119820845057
1278765168386813952
1278765179774423040
1278765182672613376
1278765191241633801
1278765196987846657
1278765202134183937
1278765229610954752
1278765238100230145
1278765238435950596
1278765242546257923
1278765334682652673
1278765351283699712