1285424299696721920
1285424312581857281
1285424323327598592
1285424350775185410
1285424368034742273
1285424382840582146
1285424383452823552
1285424446401056768
1285424484686553090
1285424496829100032
1285424559710105600
1285424628773662720
1285424694699548674
1285424757337395200
1285424778652852225
1285424795320975360
1285424798785576960
1285424808595992576
1285424837603627009
1285424899482365952
1285424917148655616
1285424920198078464
1285424925990219776
1285424929857368065
1285424937805639685
1285425002205057024
1285425005526843392
1285425019485470720
1285425025043124225
1285425051508957184
1285425052687626240
1285425058471706625
1285425075743678465
1285425158753341440
1285425186049671169
1285425192681058304
1285425205326876672
1285425247244689408
1285425277506588672
1285425320393273344
1285425369344954370
1285425406716203008
1285425432242696192
1285425446293630977
1285425453520617472
1285425453822545920
1285425463008124929
1285425490359128064
1285425531589099520
1285425558365454339
1285425558399180803
1285425592503087104
1285425643245776897
1285425701974192129
1285425722018992134
1285425738716516355
1285425742948364288
1285425776112828416
1285425805154062336
1285425856211488768
1285425860212715521
1285425879565373441
1285425886175596546
1285425960725229571
1285425965250707456
1285425974394290176
1285426027431436301
1285426044921499648
1285426070812979200
1285426123468308481
1285426146205552642
1285426162861314048
1285426258411753472
1285426285049593856
1285426304414867457
1285426326254399489
1285426326589935616
1285426364108152832
1285426376791777280
1285426393648492545
1285426406004944896
1285426430688415744
1285426434622750720
1285426460212092928
1285426473277497346
1285426493984632832
1285426515228782597
1285426531985248257
1285426591321882624
1285426598313889806
1285426624150691841
1285426635647471617
1285426662004359169
1285426662511742977
1285426695219093504
1285426728211369984
1285426754090414080
1285426790941556738
1285426870477979648
1285426879705436161
1285426888375013376
1285426929231818755
1285426967735500800
1285426971854245888
1285426976178806784
1285427022655823872
1285427041551044609
1285427063927734274
1285427123675701251
1285427186661556224
1285427211525332992
1285427218219327489
1285427219293143040
1285427224955498502
1285427266860617728
1285427293985349634
1285427311911882752
1285427323530104834
1285427328890417153
1285427349559939072
1285427370963415040
1285427420804403200
1285427420829384705
1285427441050234881
1285427454379651073
1285427458473431041
1285427472637538312
1285427479595843585
1285427491780341765
1285427496943411201
1285427501183967235
1285427504099065856
1285427543605215232
1285427546117386242
1285427554107760640
1285427581399871488
1285427631400333312
1285427668217987073
1285427767547359233
1285427768381984768
1285427769619304449
1285427831665602563
1285427974787993601
1285427987874111488
1285427991456165890
1285428026159673344
1285428062226575360
1285428069650620417
1285428088130531328
1285428108061863936
1285428138374320129
1285428146049712128
1285428159865749505
1285428209669099527
1285428222281289729
1285428272336076800
1285428275586699266
1285428394100813825
1285428419803652096
1285428435116933120
1285428479610232838
1285428498719338496
1285428527009914880
1285428552515686400
1285428574149730304
1285428587110100992
1285428595721003010
1285428674129469440
1285428686691332096
1285428733432565760
1285428846322384898
1285428850789429251
1285428854589456384
1285428888122859528
1285428921496997895
1285428951331082241
1285428954602627073
1285428979545944067
1285428989301948416
1285429052598374401
1285429060009521155
1285429085485883392
1285429094570692608
1285429102946721792
1285429125088509952
1285429147372642314
1285429189819224064
1285429237126623232
1285429267447156736
1285429278226644993
1285429303539380225
1285429311466401793
1285429320723451904
1285429328998797313
1285429408380022784
1285429438486679552
1285429446305099789
1285429471089057793
1285429478852661248
1285429534863441921
1285429583760809985
1285429585555984385
1285429627020693504
1285429643085058048
1285429644150353921
1285429656808611842
1285429661569298432
1285429744045920257
1285429794809815042
1285429849432219648
1285429858550648832
1285429863575216128
1285429870617522177
1285429903995920385
1285429962380644357
1285429971595530241
1285430000175378432
1285430000443723779
1285430009159532545
1285430038398218240
1285430075811233794
1285430121076101120
1285430130718806017
1285430134380490754
1285430136356118528
1285430137522020354
1285430238521044992
1285430260914421766
1285430268468355073
1285430280929660931
1285430303218180096
1285430322935418880
1285430327658401792
1285430335954726912
1285430357186273280
1285430395484409857
1285430415432581120
1285430455290847232
1285430462417010688
1285430477659095041
1285430504477593600
1285430509166886913
1285430582827155461
1285430629136338944
1285430662917312512
1285430679602204672
1285430809059450881
1285430835945111552
1285430859391107072
1285430884796071943
1285430923006271488
1285430932032217089
1285430960486518784
1285430977058267136
1285431010675625989
1285431027310174208
1285431083052470272
1285431108004466688
1285431108499394561
1285431115805798402
1285431144956047361
1285431165982310407
1285431192318181377
1285431195837378561
1285431271175356416
1285431322522136577
1285431359171895296
1285431364183969792
1285431376712478722
1285431396874371082
1285431401958047744
1285431446459514881
1285431468773330944
1285431500754677760
1285431506811236353
1285431538864263169
1285431546065743873
1285431552910831622
1285431555133972480
1285431572443750400
1285431582040326144
1285431598062735360
1285431619482980352
1285431620099551232
1285431645173145601
1285431664399781890
1285431665494384640
1285431668874997762
1285431696989384704
1285431707525451777
1285431810298503168
1285431814765543424
1285431835946819584
1285431845732208643
1285431853848104960
1285431984546775041
1285431997238620161
1285432021792301057
1285432033272115200
1285432063768829953
1285432072539197440
1285432278676500480
1285432286566068224
1285432306912509952
1285432327540109312
1285432332816719872
1285432352878080000
1285432378303938565
1285432428127858688
1285432437053386755
1285432442296434688
1285432500030824448
1285432525054267393
1285432568255401984
1285432601566687234
1285432617068716032
1285432698140418050
1285432704410910720
1285432725990670338
1285432726535892993
1285432760946098176
1285432776536330240
1285432788708032512
1285432807410618368
1285432844244750337
1285432910791585792
1285432969679851521
1285432983017553921
1285432983294550016
1285433011136335875
1285433036906082304
1285433046146134021
1285433070053519360
1285433082250588160
1285433129054896128
1285433137531465728
1285433289222873089
1285433304855052289
1285433314560454656
1285433340535824384
1285433364049285121
1285433393006538752
1285433422735970304
1285433447423578114
1285433452230320128
1285433456835440642
1285433477928677377
1285433501320241154
1285433527706750976
1285433549148094464
1285433587228184576
1285433707117993984
1285433712100941824
1285433736507490304
1285433741347680256
1285433745298927616
1285433746238238722
1285433795349565447
1285433820494417920
1285433821144338433
1285433821811183616
1285433896029638656
1285433960420401152
1285433988526612486
1285433997628039168
1285434047083290626
1285434080423706629
1285434080880988161
1285434093899931649
1285434127232258048
1285434127311704064
1285434152376918016
1285434181477191682
1285434192898060288
1285434207238533122
1285434216126328832
1285434266755584000
1285434278264934400
1285434279472836608
1285434305485737985
1285434321034047489
1285434332727980032
1285434346028126214
1285434357562445824
1285434362020810752
1285434630561202177
1285434668351774720
1285434730435969025
1285434749465456642
1285434769279291393
1285434773285085189
1285434776783138818
1285434789567369216
1285434858093907974
1285434872543080450
1285434898480803840
1285434932962095104
1285434967011594241
1285434974854950912
1285434982606004226
1285435032807636994
1285435054387105792
1285435070614921216
1285435084569378816
1285435100256178176
1285435150315032576
1285435174948241408
1285435179893313537
1285435218468298752
1285435238936502277
1285435238986866690
1285435273078169600
1285435340270927873
1285435385204498432
1285435439986421760
1285435481006788609
1285435506856284160
1285435527555100672
1285435530059153408
1285435616721694720
1285435620324564992
1285435625324326913
1285435633742340100
1285435646765563904
1285435676075450368
1285435699919904768
1285435737597513729
1285435763866210304
1285435768585019393
1285435792551145472
1285435864605093893
1285435990224470016
1285435997367398401
1285436000383012865
1285436010218663937
1285436082188779520
1285436144612597761
1285436178112696325
1285436217149063168
1285436271154925569
1285436283070881792
1285436284115320833
1285436284199215105
1285436320400019456
1285436354625597440
1285436413203435522
1285436476889526272
1285436484183633920
1285436534204837889
1285436605365252096
1285436613468676097
1285436629197492226
1285436698856509440
1285436718426894337
1285436744481902593
1285436783023419393
1285436807165796352
1285436820159963137
1285436836622417920
1285436845556465664
1285436857233408000
1285436888988258305
1285436904272347139
1285437012636573696
1285437056924241922
1285437091606933511
1285437105129304065
1285437105561206784
1285437138310316032
1285437144085884928
1285437243885330438
1285437305839214592
1285437323690348544
1285437344451923968
1285437365272678401
1285437376387518464
1285437383253557249
1285437399066193921
1285437401108815872
1285437448949047296
1285437495946117120
1285437510961844225
1285437579618213890
1285437586949857280
1285437600094810112
1285437614116536320
1285437637847732224
1285437655514324993
1285437704893681669
1285437759734382593
1285437784161951744
1285437785986363392
1285437823667933185
1285437835189911552
1285437851463749633
1285437855947321344
1285437880626589696
1285437914625839104
1285437939518967808
1285438027590971393
1285438081810800646
1285438087250599936
1285438096993955840
1285438121148968960
1285438124043177985
1285438186945040385
1285438198861062144
1285438200735952896
1285438233791262720
1285438252405657601
1285438262673195008
1285438308940578816
1285438386556358656
1285438411961257989
1285438452473819136
1285438493234049024
1285438623018618885
1285438628194213889
1285438632505995264
1285438632820502529
1285438682607083521
1285438698754981888
1285438699010797568
1285438720024305665
1285438744481263616
1285438795345625088
1285438900769456128
1285438909988528129
1285438972290719744
1285438990015795200
1285439005421563904
1285439042390093824
1285439047951806464
1285439051353530369
1285439056969715715
1285439080705269761
1285439089005797376
1285439098308702209
1285439113366130688
1285439114003705856
1285439130260971520
1285439136552427520
1285439181783588865
1285439190323339264
1285439206714638337
1285439206991360000
1285439243804790784
1285439252864458754
1285439253493817345
1285439290248278019