1283416112487698432
1283416121459105793
1283416146780262401
1283416150383251457
1283416154959011840
1283416161649152001
1283416162861277184
1283416200886857728
1283416204871381000
1283416225956143106
1283416292775665665
1283416310769225733
1283416313751171080
1283416326191681536
1283416347494412288
1283416352909414403
1283416354532454400
1283416407309459457
1283416414645346309
1283416417480712194
1283416427882520576
1283416456663891969
1283416530005491714
1283416530957606913
1283416544299692033
1283416611278462976
1283416637513900038
1283416661580808193
1283416704299806720
1283416710091956224
1283416729511768069
1283416737598312448
1283416742400851969
1283416750751576064
1283416774944464897
1283416807496314883
1283416855424774144
1283416860449558528
1283416876186513410
1283416879227437058
1283416880561233923
1283416893647400961
1283416910286159873
1283416922269376512
1283416930666393601
1283416934554296320
1283416998177910790
1283416998538436608
1283417039936389121
1283417073486626816
1283417119661666304
1283417119946924034
1283417140167675905
1283417140478042112
1283417161978044416
1283417164553347073
1283417253610840064
1283417273252839428
1283417315174944769
1283417337878716416
1283417403968196609
1283417404572196865
1283417408653467650
1283417442535067651
1283417501825593344
1283417503536951296
1283417509782335490
1283417552018976770
1283417584814231552
1283417605777305600
1283417610923773952
1283417627319169024
1283417630108528647
1283417690753961984
1283417698681024512
1283417736115302406
1283417782277804032
1283417788795678720
1283417799336112129
1283417803714953218
1283417815463018498
1283417828716974086
1283417858035326976
1283417870186221568
1283417912506802183
1283417933033680899
1283417944022609925
1283417950930771968
1283417954256855043
1283417958769922050
1283417994329292800
1283417996556288001
1283418080199114753
1283418114038943757
1283418122263973889
1283418146951446529
1283418176341057537
1283418180971638784
1283418184926756864
1283418226710413315
1283418238270033920
1283418261602918401
1283418268850626560
1283418273275695106
1283418390606909440
1283418411528323073
1283418415466717185
1283418424459370496
1283418432499843073
1283418453588815877
1283418458869444608
1283418470235934721
1283418478293078017
1283418488070119425
1283418491169775616
1283418491589017637
1283418556424740864
1283418575223631874
1283418604201885698
1283418629472747523
1283418659294248961
1283418684397150208
1283418687165194240
1283418748213395458
1283418750860001281
1283418772288741376
1283418780891262976
1283418833462722560
1283418839099699200
1283418857638629377
1283418860193030145
1283418869454065665
1283418923170488321
1283419004879515650
1283419027507904514
1283419069849325568
1283419160970530816
1283419183523475456
1283419250426773504
1283419301228220416
1283419320459186177
1283419326121467904
1283419338557591552
1283419349571833856
1283419380051783683
1283419487216078849
1283419498066767872
1283419506451177472
1283419510201102337
1283419510515605504
1283419536075579393
1283419551753883650
1283419611052924929
1283419632213192705
1283419647094566912
1283419665763622913
1283419690589536256
1283419699687174145
1283419755341217792
1283419762299740165
1283419779106316288
1283419779186020355
1283419785326481408
1283419829513474054
1283419844998762499
1283419903396110340
1283419912862670855
1283419913277906945
1283419925927923713
1283419955686330369
1283419982622228481
1283419996811677698
1283420018173190146
1283420043280293896
1283420049940844544
1283420051387842560
1283420080592703495
1283420080848678918
1283420118823899137
1283420161467396097
1283420181679742976
1283420186725486598
1283420200923213824
1283420206765879296
1283420214588256256
1283420215100018689
1283420228131655680
1283420231831093249
1283420248599924736
1283420252886437888
1283420265557512196
1283420278396268546
1283420281969803264
1283420386714148866
1283420420474056708
1283420428669800448
1283420445866209280
1283420449783734277
1283420477394804737
1283420483816263681
1283420487259844609
1283420492452573184
1283420496365846528
1283420504427290630
1283420516859162628
1283420524429758471
1283420525113389056
1283420529093865474
1283420567211847680
1283420567232708609
1283420567404793859
1283420604927029248
1283420613495808000
1283420624405307393
1283420655690690563
1283420659582820352
1283420664100040705
1283420732899328001
1283420747914977281
1283420751790395392
1283420768605556738
1283420768915738624
1283420773319766018
1283420797550432257
1283420814805696512
1283420870380265475
1283420873920319488
1283420920028127232
1283420927884066821
1283420927980535808
1283420935299624960
1283420945248550915
1283421020549009410
1283421032947343360
1283421067046989824
1283421111712088066
1283421123913318401
1283421154808483841
1283421158528954368
1283421271825567750
1283421272328855552
1283421301152129025
1283421335390228481
1283421454831411207
1283421456165220353
1283421490059386881
1283421536502919168
1283421548490231813
1283421611484471302
1283421641658314752
1283421649669287937
1283421673308524545
1283421683215298560
1283421738035027968
1283421741914763264
1283421742485000197
1283421758993899523
1283421779927666689
1283421808398663681
1283421817324154880
1283421834378121216
1283421842791948289
1283421863201234944
1283421875700477952
1283421879949090817
1283421916070588416
1283421997838598144
1283422008374628353
1283422051299188741
1283422079392657409
1283422123319390209
1283422161823293440
1283422207490875393
1283422236335116290
1283422238247579649
1283422329243078657
1283422354094403584
1283422354350256128
1283422392438726662
1283422408318373890
1283422467474808832
1283422475699851265
1283422505429078016
1283422509413601280
1283422513515712519
1283422513612099587
1283422525435924480
1283422568238780416
1283422607380041728
1283422656205914113
1283422672748187653
1283422720835936256
1283422735830589440
1283422761281622017
1283422764112777217
1283422793330233349
1283422794299117574
1283422853568897025
1283422857201102855
1283422966538211328
1283422985165119488
1283422987933360128
1283423042106990592
1283423100823117825
1283423206167261186
1283423209862451200
1283423256003768320
1283423259871064066
1283423270742773766
1283423276966899720
1283423314912981002
1283423348764979201
1283423399960879111
1283423428154765323
1283423428310163456
1283423453429641216
1283423486669492225
1283423511923560450
1283423511990730756
1283423516348551168
1283423528772132868
1283423557897392128
1283423558702694401
1283423563329015809
1283423578151510016
1283423591351160833
1283423600192753667
1283423602755489792
1283423628739190784
1283423629368348677
1283423632635691008
1283423637551415299
1283423663082143746
1283423700403060736
1283423713430392832
1283423717314269185
1283423729897345025
1283423742694027264
1283423747144323075
1283423788374339584
1283423822704762881
1283423884910268418
1283423902270513152
1283423931370799104
1283423960777076737
1283424052867203072
1283424090641006592
1283424123771916288
1283424152326676483
1283424174262951936
1283424203841122304
1283424207897075714
1283424212573548544
1283424214406619136
1283424249844293634
1283424251605848065
1283424262729216001
1283424291703279617
1283424292282089473
1283424292861091841
1283424313136287744
1283424325849231360
1283424329716379657
1283424342215479302
1283424350444630016
1283424354609631233
1283424359219179521
1283424359244324864
1283424388440784899
1283424396821102594
1283424409588510721
1283424430270623744
1283424451057594370
1283424472670834690
1283424484628631553
1283424493294280704
1283424495882121217
1283424526764736513
1283424530531323905
1283424530938109954
1283424531172831232
1283424535770009604
1283424602497196032
1283424610965508097
1283424611632320514
1283424618452324353
1283424652937891840
1283424702128517120
1283424707602194434
1283424720155750407
1283424731128102918
1283424800304758784
1283424832869326850
1283424858311884801
1283424896182292480
1283424904248012801
1283424929787121666
1283424992210948103
1283425030190374913
1283425054953541633
1283425059667947527
1283425097093648385
1283425126608928770
1283425126646775813
1283425135362547712
1283425136918462464
1283425189544505349
1283425197689905156
1283425198138707971
1283425206380507137
1283425255650926595
1283425264777789442
1283425269672562695
1283425281122856960
1283425285996720128
1283425313377210368
1283425340707176454
1283425374014234624
1283425407895773191
1283425441949212673
1283425499914530816
1283425500262731777
1283425519338319873
1283425550191607809
1283425579228958720
1283425590213779457
1283425592411553793
1283425596329152512
1283425646451007491
1283425646618783744
1283425692668092416
1283425701673263104
1283425718026805248
1283425731419283462
1283425747458093056
1283425756077490176
1283425785135628289
1283425785160794117
1283425842706735106
1283425852563177472
1283425877167165440
1283425908850937856
1283425939980943360
1283425940320681984
1283425977796829187
1283425980569120774
1283425990354653185
1283425992317505541
1283426002853666817
1283426003222777859
1283426022390628352
1283426095400919040
1283426099402354689
1283426103223345156
1283426129336872967
1283426131887218690
1283426165235957760
1283426171057840128
1283426208760451075
1283426255149432832
1283426271406497794
1283426276611706881
1283426280008974337
1283426294110142465
1283426297071366147
1283426317631774720
1283426326217662465
1283426343166803974
1283426381226008577
1283426387421016071
1283426443838525440
1283426464591949827
1283426534901112832
1283426594816696321
1283426596922089481
1283426607206739968
1283426607399677952
1283426609819643904
1283426645026705410
1283426649892024321
1283426684327297025
1283426695597289472
1283426699191783425
1283426705202270208
1283426730137583616
1283426737049616385
1283426787867807744
1283426793303801861
1283426808898125831
1283426892297773056
1283426930331713536
1283426946710491138
1283426946878181376
1283426947142496256
1283426976292835329
1283426993334296579
1283427059331670016
1283427184376516609
1283427224100667392
1283427240328527876
1283427265376735234
1283427294913138688
1283427336616984577
1283427366040211456
1283427375506653184
1283427382955847680
1283427391918858242
1283427413402296327
1283427424957497344
1283427429793529861
1283427441109880835
1283427441797730304
1283427463171837952
1283427470880972801
1283427481584914432
1283427495451275264
1283427500480233472
1283427517064511488
1283427530259628039
1283427538631634944
1283427542414831616
1283427562434097154
1283427600841441281
1283427601143549952
1283427622026743808
1283427622362337280
1283427635012481025
1283427640943112193
1283427643581325312
1283427660408991745
1283427697876783106
1283427753602232320
1283427756332781568
1283427781662081025
1283427807033516037
1283427903250759680
1283427928404119552
1283427944904433666
1283427950625529857
1283427970443599872
1283427985849278464
1283428000218910721
1283428012004798464
1283428037422440449
1283428046930878465
1283428050156355585
1283428053004234752
1283428072331649034
1283428083568046085
1283428092409786368
1283428096507621380
1283428109287653382
1283428112777150464
1283428124202541056
1283428130502385665
1283428134591721472
1283428158931259392
1283428166816546817
1283428189256245255
1283428205286883330
1283428225885118464
1283428251344535554
1283428259594743810
1283428279916146689
1283428280436166657
1283428292322684929
1283428339663794176
1283428360237002752
1283428360631259138
1283428398837182474
1283428406131142659
1283428414985142272
1283428473835585537
1283428485986426880
1283428486724689921
1283428507519942657
1283428520866254848
1283428541359624193
1283428549404364800
1283428553279844352
1283428564357058571
1283428565825052677
1283428586569883648
1283428591515193344
1283428603909242882
1283428612528644097
1283428627170963456
1283428628383105031
1283428633298837505
1283428662025519107
1283428662117728256
1283428662893838339
1283428692430028800
1283428712327917568
1283428716572549120
1283428772595798016
1283428801108561920
1283428809023328256
1283428809430257664
1283428811120443392
1283428817432743936
1283428836550598657
1283428868075016192
1283428871333797889
1283428880355819522
1283428886395707392
1283428918330966016
1283428950891548672
1283428951671451648
1283428953261330433
1283428972907442179
1283429012501598208
1283429013730365442
1283429023134121984
1283429031719960580
1283429073293922305
1283429110027624448
1283429118286221316
1283429123587809280
1283429136309137409
1283429144387174400
1283429182152814595
1283429194186317826
1283429195079720961
1283429195083771904
1283429219972849669
1283429249429323777
1283429258422034432
1283429274628886528
1283429317058297856
1283429350705106944
1283429384276377608
1283429404295802891
1283429425657384960
1283429463376748545
1283429476311982080
1283429484276793349
1283429484331446273
1283429526131875840
1283429547120177152
1283429555672215552
1283429568649613314
1283429588086009863
1283429599494496261
1283429606234763264
1283429614510133248
1283429616414273536
1283429631157207042
1283429661842776069
1283429662878728202
1283429664782987265
1283429672882188293
1283429672970334209
1283429698350059520
1283429731803836417
1283429736371429384
1283429748425682944
1283429748710883328
1283429766486470656
1283429778876518401
1283429797662793728
1283429836766081029
1283429848371859460
1283429862015930369
1283429876070924288
1283429878067597313
1283429893951242240
1283429899118813186
1283429940113952776
1283429991615692800
1283429992253272064
1283429996170797059
1283430000289411072
1283430041435725825
1283430070896529408
1283430079742251008
1283430079981387776
1283430135992066048
1283430142849753093
1283430158955880449
1283430168175017986
1283430209824464897
1283430218653368330
1283430268573974528
1283430281442205708
1283430299162931201
1283430318935101443
1283430326510006272
1283430352372080641
1283430355920465920
1283430356830400513
1283430365261070337
1283430383019872261
1283430389915230211
1283430415601070080
1283430416993726466
1283430441110863874
1283430459096137729
1283430474157903874
1283430482487672834
1283430486388416512
1283430491128045568
1283430494504353792
1283430495058104327
1283430524535660555
1283430533591162880
1283430566612865024
1283430596958580736
1283430605116641280
1283430607427637252
1283430608937586688
1283430612100055040
1283430625303646219
1283430625685450752
1283430629112193025
1283430632861896704
1283430637848924160
1283430643892916224
1283430692773335041
1283430696648945669
1283430708992716801
1283430717377187840
1283430717708541952
1283430725816143872
1283430726428495878
1283430734796136450
1283430746926002176
1283430772452593669
1283430809316331526
1283430816685740032
1283430839666130944
1283430841587240960
1283430855290040323
1283430861052968961
1283430876391575556
1283430906166947847
1283430912475246594
1283430916845535232
1283430944356130816
1283430973095333888
1283431019706810368
1283431024081481728
1283431027952648193
1283431032008716288
1283431077999185920
1283431120541904896
1283431120550404097