1278553991131959297
1278554000770633728
1278554050674528258
1278554107754590209
1278554138360647686
1278554151845277697
1278554160527339520
1278554176893497344
1278554239435001856
1278554265020137472
1278554294095015939
1278554335652298761
1278554353339686912
1278554412605222912
1278554425087479808
1278554444972658688
1278554449628332038
1278554453126164481
1278554463620542465
1278554476337598464
1278554500459044864
1278554516393263104
1278554537956163586
1278554570772209670
1278554583799750656
1278554600577085440
1278554630117441536
1278554659318366208
1278554671104225280
1278554707041177600
1278554710056800256
1278554714204975104
1278554767573344256
1278554768554602496
1278554847348842496
1278554886020317184
1278554943788584962
1278554977376452610
1278554977485668354
1278555070385328128
1278555079759532033
1278555141352890368
1278555149762531332
1278555200886841344
1278555217018093569
1278555230205095937
1278555233921011712
1278555286576529408
1278555296349204483
1278555319732449283
1278555322257412096
1278555329098166273
1278555428557852674
1278555493737299968
1278555540612923393
1278555557151100928
1278555582513975296
1278555625887170561
1278555627220942848
1278555637463605249
1278555658204246016
1278555715200827392
1278555804514357250
1278555841616990208
1278555884763754498
1278555936362303488
1278555947384913921
1278555948462866432
1278556030155153409
1278556047695847425
1278556064129052672
1278556094315606016
1278556105409540098
1278556139504820226
1278556148564721667
1278556152049971200
1278556182261772289
1278556198430597120
1278556266575495168
1278556281884807169
1278556299328917511
1278556320891895808
1278556328156295170
1278556346346926081
1278556353418723328
1278556446603595778
1278556516593917952
1278556550429360130
1278556576119431168
1278556592326078464
1278556609296445440
1278556639239364609
1278556697158705153
1278556697993244672
1278556869141729281
1278556928461897730
1278557004470968320
1278557011718750209
1278557021109977090
1278557079473582081
1278557090160603137
1278557163196223493
1278557166777978886
1278557221148938240
1278557259631669248
1278557271811915776
1278557343450640384
1278557378149941249
1278557414309142533
1278557451902738432
1278557456323485696
1278557477873889282
1278557478297440256
1278557498765647872
1278557519150022658
1278557589912064001
1278557620886962176
1278557658468016128
1278557683113754626
1278557683616935936
1278557696153747460
1278557729695596547
1278557734124822528
1278557792027238400
1278557812566528005
1278557876810809345
1278557879759515648
1278557903977234432
1278557918514892810
1278557930309197824
1278557943797932037
1278557947707092992
1278558043622572033
1278558089512280066
1278558122458492928
1278558182487371776
1278558190121222145
1278558201403912192
1278558207624073217
1278558251005677569
1278558266033758209
1278558271197102081
1278558274556592129
1278558302511792128
1278558371709366273
1278558432128233472
1278558442819432448
1278558560142548993
1278558572536909825
1278558648676102144
1278558668519165952
1278558885490688000
1278558939496321026
1278559146564968449
1278559164462235651
1278559164667760640
1278559167603593217
1278559188394799104
1278559225774391298
1278559248297926656
1278559256627863552
1278559268279549953
1278559340400726017
1278559365373612032
1278559382259802114
1278559473565446144
1278559491030687744
1278559522768990208
1278559528632512512
1278559566482092035
1278559574866395136
1278559577106243584
1278559582214709248
1278559596148293633
1278559596689461255
1278559616645967873
1278559646974988290
1278559649835384833
1278559665954025472
1278559679233298432
1278559689236721668
1278559719276199936
1278559747294158853
1278559753183154176
1278559755179405312
1278559764625215493
1278559796652728321
1278559805653860352
1278559805951574016
1278559814277369856
1278559830924357632
1278559852370018305
1278559889611243521
1278559939653283845
1278560053365141504
1278560091017543680
1278560091357147138
1278560174169632769
1278560182474162176
1278560200652455936
1278560260899262467
1278560271666237440
1278560291878469632
1278560308810747905
1278560355271073792
1278560363022344192
1278560400879923201
1278560417489522688
1278560421956538369
1278560476016922626
1278560589262934021
1278560602533888000
1278560665699942400
1278560694225580033
1278560706657431552
1278560766489059328
1278560766531158016
1278560862077362176
1278560878913355776
1278560896013479936
1278560945384689664
1278560959162974209
1278560997087670272
1278561010115325957
1278561023079985152
1278561030566748160
1278561104302489600
1278561108618612737
1278561112292720645
1278561126075244544
1278561148476854272
1278561155577868288
1278561158371278850
1278561160531456005
1278561207281086469
1278561210657472512
1278561223282503680
1278561226998636544
1278561265988878336
1278561294547849221
1278561349463945216
1278561357466685441
1278561433337430016
1278561440949923842
1278561471597809665
1278561524588535808
1278561525037510666
1278561533677785088
1278561537448464384
1278561540011147264
1278561545560170496
1278561555907579904
1278561563809419264
1278561568427573250
1278561622261329920
1278561688766144512
1278561694357184512
1278561752150618113
1278561764666486786
1278561769057812481
1278561790683516930
1278561819074813952
1278561835751538689
1278561844463128576
1278561851958321152
1278561924247101441
1278561937295503360
1278561944824315904
1278561994329612288
1278562003112669190
1278562024495239169
1278562027905179648
1278562083412381696
1278562138110427136
1278562154887745537
1278562163456528384
1278562187842211841
1278562196776255489
1278562222797549568
1278562305391853568
1278562309254926337
1278562309691097090
1278562380276994049
1278562393237446663
1278562422723403776
1278562430000312321
1278562430961037312
1278562489404399616
1278562536388825088
1278562545293570048
1278562620157472770
1278562623718477824
1278562632174370816
1278562637354156032
1278562678626070530
1278562707860385793
1278562732506337280
1278562737652740101
1278562762533122050
1278562775212552195
1278562796553158656
1278562826294923264
1278562959070019584
1278563011389583362
1278563039927623681
1278563102921879554
1278563139504742400
1278563165085761536
1278563178205663233
1278563181984702465
1278563186229338112
1278563245809455104
1278563461748764672
1278563482317647873
1278563484913987584
1278563526139920385
1278563543034593281
1278563547455381504
1278563613167534081
1278563626110996480
1278563637268025345
1278563715332308992
1278563736194879494
1278563739650801664
1278563765252952065
1278563811335651329
1278563869791674368
1278563924703617025
1278563937944891392
1278563939039588353
1278563988285075457
1278564042601308166
1278564055222046721
1278564057944121346
1278564062775914496
1278564067054141440
1278564104903356416
1278564243172814848
1278564291562487961
1278564359778828288
1278564452497940480
1278564558806962176
1278564607536185344
1278564637236056065
1278564712951750656
1278564742844624896
1278564754747846657
1278564764151476224
1278564814260809728
1278564827011653632
1278564859530088448
1278564915188563969
1278564973040418816
1278564989381435392
1278564989968605184
1278565027881127936
1278565078363758592
1278565224484724737
1278565263055749120
1278565283989524480
1278565325030686721
1278565368072675330
1278565442131333120
1278565527120732160
1278565539476992001
1278565555549507584
1278565569374150662
1278565598398726145
1278565688089759751
1278565691013115905
1278565719194525696
1278565727193247745
1278565731911610368
1278565798584307712
1278565798823579651
1278565891840638976
1278565896785715200
1278565941819904001
1278565942092615681
1278565972136378369
1278565977903505408
1278565984861933568
1278566037756080130
1278566105133522944
1278566109554171904
1278566219650437121
1278566289615847425
1278566329595854848
1278566354019221504
1278566369781579778
1278566374563098624
1278566390212055046
1278566398843736065
1278566436429070337
1278566490594324486
1278566491093266433
1278566554158891008
1278566603957784577
1278566604029083648
1278566604033241088
1278566625789251585
1278566650158202881
1278566663307137025
1278566671230197760
1278566714041446401
1278566780072411137
1278566783130185728
1278566785722261505
1278566788947521536
1278566798162460672
1278566827010846723
1278566868299796482
1278566872359866368
1278566907218497536
1278566916232286209
1278566918165692416
1278566923953942528
1278566981738786817
1278567045945229312
1278567082334941184
1278567127952379904
1278567154904895488
1278567187209469953
1278567189864480770
1278567217391599618
1278567222827352066
1278567229571899392
1278567289068150784
1278567318277111808
1278567330356662274
1278567335356317696
1278567368634097665
1278567371381366784
1278567403731824640
1278567409230557184
1278567410233217025
1278567490310848514
1278567545243492353
1278567614894280705
1278567673987768320
1278567699753271296
1278567712214532096
1278567719802032129
1278567724378025986
1278567761984143363
1278567812378669057
1278567813507145728
1278567826928758784
1278567841302810625
1278567883975438337
1278567967630868481
1278568072937259010
1278568151991693312
1278568156538245120
1278568160141049857
1278568160275263488
1278568181624303617
1278568266588475393
1278568333613334531
1278568346020122625
1278568346045145089
1278568436809883648
1278568445244653568
1278568467009069057
1278568479260622848
1278568487615684608
1278568505260953600
1278568554648895489
1278568575653916672
1278568576274665472
1278568579076706304
1278568668641857536
1278568768264826886
1278568768906633216
1278568781112098817
1278568828688117761
1278568849823039488
1278568869699952641
1278568906819424257
1278568914671329280
1278568921331830784
1278568965376282624
1278569066492551168