1279203268674097154
1279203271706624002
1279203274323714049
1279203295245066240
1279203295953924096
1279203301070983175
1279203307706343430
1279203312798035969
1279203323107835904
1279203324823207936
1279203329994784768
1279203342120415232
1279203354082603009
1279203396789075970
1279203425280983040
1279203463998533632
1279203481811705857
1279203560044052483
1279203627240845314
1279203639240863744
1279203656277999617
1279203683427913728
1279203706865684480
1279203744043814912
1279203786196750340
1279203794778296320
1279203807683948544
1279203846036824065
1279203847479705600
1279203853196541952
1279203860603711490
1279203911086161922
1279203939695702016
1279203942388256768
1279203949803909126
1279203978564296704
1279204000995434496
1279204069853351941
1279204104804409344
1279204108851953664
1279204133241749504
1279204153302986752
1279204155286945792
1279204163184984066
1279204166951473153
1279204191013990401
1279204231053017089
1279204235452624896
1279204240112578561
1279204243761741833
1279204268742979588
1279204276775067648
1279204282470973442
1279204282785464322
1279204340662591489
1279204344261423105
1279204353530830850
1279204412045451265
1279204419385647109
1279204483134717952
1279204504345341952
1279204522343137280
1279204528261341184
1279204561614495746
1279204567461265408
1279204570305114112
1279204643000782856
1279204649946529792
1279204655134900231
1279204671748374528
1279204700542427136
1279204709383974913
1279204718460301312
1279204734507847683
1279204763746197505
1279204830330998784
1279204837586952192
1279204846940368902
1279204944571228161
1279205032043278336
1279205103564619779
1279205145046159361
1279205187190771712
1279205229267910656
1279205245369769984
1279205266379149312
1279205267935301637
1279205321437782017
1279205336860131328
1279205380460068866
1279205422914666499
1279205442837721088
1279205447094820865
1279205459686277128
1279205481140170753
1279205493714477058
1279205627743608834
1279205640720637952
1279205648392163328
1279205673352359937
1279205673381826560
1279205711776493568
1279205728327290882
1279205732865519618
1279205770790408193
1279205774380728321
1279205786871197697
1279205858283487233
1279205912377524225
1279205922145959941
1279205954374873089
1279205963220779008
1279205993109389312
1279206000738828293
1279206113456656385
1279206131911491585
1279206134725832707
1279206134788665344
1279206169136029696
1279206206180073472
1279206213939613698
1279206217873842182
1279206244763475975
1279206285964120064
1279206290741436416
1279206294625357824
1279206297687252994
1279206303362101248
1279206307761815553
1279206327944916992
1279206332331986945
1279206399965347842
1279206453593726977
1279206458350096385
1279206494693703680
1279206529011417088
1279206549886586881
1279206559201890304
1279206587614154753
1279206592639008773
1279206596749537280
1279206642442215424
1279206719055368192
1279206727091535872
1279206742820294662
1279206752286842880
1279206752475545602
1279206781386973184
1279206785157562368
1279206919555579904
1279206928162250752
1279206965395234816
1279206994797383680
1279207008416169986
1279207037252108289
1279207041609814017
1279207044315262977
1279207050967302144
1279207052263522308
1279207079945920512
1279207095359897600
1279207107879817217
1279207109268250625
1279207121339351040
1279207155095220224
1279207159222370305
1279207159721455616
1279207159889309697
1279207167715872770
1279207172224757766
1279207200699772929
1279207200930627584
1279207208883011586
1279207219070930944
1279207234250182657
1279207296170520578
1279207317632778241
1279207393767890946
1279207416404508674
1279207440421130246
1279207447857684482
1279207486558539776
1279207497916506113
1279207556884414471
1279207590707126272
1279207612039475201
1279207625096261633
1279207634923642882
1279207636995637248
1279207690766618630
1279207699809370112
1279207753693749248
1279207772320604162
1279207796051976193
1279207820823425024
1279207830109765635
1279207830923476993
1279207854965231617
1279207914507395072
1279207924963905536
1279207948091187200
1279207955892629504
1279207962603655168
1279207963555581952
1279208038637826048
1279208064844005376
1279208077309304837
1279208093625311233
1279208101644771329
1279208102596755456
1279208107063889925
1279208119835357184
1279208123996098560
1279208135874486272
1279208169684729863
1279208173514051586
1279208180224978944
1279208206712090624
1279208274437513219
1279208291663409154
1279208296780619778
1279208311884300292
1279208320151121920
1279208328229531648
1279208341240078336
1279208446034767872
1279208539601301504
1279208542533230593
1279208576540569600
1279208626930937856
1279208668555284486
1279208718773751808
1279208737857843200
1279208752974049280
1279208794342526976
1279208840135835648
1279208848537108480
1279208870905176066
1279208878606110720
1279208886768218115
1279208898755510278
1279208924105838592
1279208937372422144
1279208940996145153
1279209096055529472
1279209129773498369
1279209159871823875
1279209163395039233
1279209172223983617
1279209225978331136
1279209234421485573
1279209243875442691
1279209251487936512
1279209269154459651
1279209306601242624
1279209318328545280
1279209338851274756
1279209342688997378
1279209354235834369
1279209356966453248
1279209378294497292
1279209415825133568
1279209469994348545
1279209470208458764
1279209503486066688
1279209511413317633
1279209515234127872
1279209557336576000
1279209567008808961
1279209574155739137
1279209596083732482
1279209612621819907
1279209612886056960
1279209654330036226
1279209662538285056
1279209716695003137
1279209725750583297
1279209733623296000
1279209738119626752
1279209767483740160
1279209772458348544
1279209784202473472
1279209821502201856
1279209831954550784
1279209855363014656
1279209964767150081
1279210011047198721
1279210073802199041
1279210099341492224
1279210225761783808
1279210229398417413
1279210287145422848
1279210287988539392
1279210313020211201
1279210346335666177
1279210346868174848
1279210400676851712
1279210414471962624
1279210429315760128
1279210430125297665
1279210454900867072
1279210471703314433
1279210473200783360
1279210484936273920
1279210493240987648
1279210497762418688
1279210506222518273
1279210511767396353
1279210566104633349
1279210593505947649
1279210626674388994
1279210647780241409
1279210656919703555
1279210735902564355
1279210740797321220
1279210778688516096
1279210797609041921
1279210819256045568
1279210849589170183
1279210861505077248
1279210874876690437
1279210875887517697
1279210899149127680
1279210908208807940
1279210933706018816
1279210984515796993
1279211004950437890
1279211062022242304
1279211071748931584
1279211084247977986
1279211084898013185
1279211096797097985
1279211104867147778
1279211122009268231
1279211139075837952
1279211179601248256
1279211200044314631
1279211331757932544
1279211365752664064
1279211390142607360
1279211399441313792
1279211419515457536
1279211478776795136
1279211524381454342
1279211537618530304
1279211600600129538
1279211622213525506
1279211638751662086
1279211814635442177
1279211864908369920
1279211877042737154
1279211877277609986
1279211891320029184
1279211898840297472
1279211918406762496
1279211960819757056
1279211969329930240
1279212007653175296
1279212011201662976
1279212053186719745
1279212077865766912
1279212111659298816
1279212112468983808
1279212132685488128
1279212154030370822
1279212174653734920
1279212191409827840
1279212192030691328
1279212288109678593
1279212288755617798
1279212297064296448
1279212313778651137
1279212317083930624
1279212339078877186
1279212410990030848
1279212424571375616
1279212439595298816
1279212443525210118
1279212453256036352
1279212501691969536
1279212501931102213
1279212567139778562
1279212594583105536
1279212668834873344
1279212698392289281
1279212778386083846
1279212829506232325
1279212858656477187
1279212954701856769
1279212955071139841
1279212976164274176
1279212976206159872
1279212988742930433
1279213001011167234
1279213005876727809
1279213047136096257
1279213048515850240
1279213093332021250
1279213109928960002
1279213118028165121
1279213122386083842
1279213126924275712
1279213127792496641
1279213139901497347
1279213140547211265
1279213144640860160
1279213182041628672
1279213240250011648
1279213267227983879
1279213274349871111
1279213317945389056
1279213332679938049
1279213387809869825
1279213388413890560
1279213499961561092
1279213517351116801
1279213517753778176
1279213552826331137
1279213567523336193
1279213575605825539
1279213647059968002
1279213648150441995
1279213656048381954
1279213660280242177
1279213676017471488
1279213739208847361
1279213756560613379
1279213840035528704
1279213911091195904
1279213911221260289
1279213962052149248
1279213982579134468
1279214067287113728
1279214105358983174
1279214119858700288
1279214121729261568
1279214129836953600
1279214167136841729
1279214188762550272
1279214200565489667
1279214201135869952
1279214221679607810
1279214288704548864
1279214308984004608
1279214341506695168
1279214381750841344
1279214393998356491
1279214398305964032
1279214456539615233
1279214477129314305
1279214481764220928
1279214520574115840
1279214557706309633
1279214591269048322
1279214592678223873
1279214600211165184
1279214616254410752
1279214619798704131
1279214633207783424
1279214636517081088
1279214641445433345
1279214649884454917
1279214666301034496
1279214670948294656
1279214674949488641
1279214695489196032
1279214704737398784
1279214730377334786
1279214758256873477
1279214781300379648
1279214808391397378
1279214869372420096
1279214917808078848
1279214934274932736
1279214939182424066
1279214956295012352
1279214972447399936
1279215032107184128
1279215039929618446
1279215048033030144
1279215076310990848
1279215102110154752
1279215107214540801
1279215115523559424
1279215132443316225
1279215164835807232
1279215186839326721
1279215203935301632
1279215219840073729
1279215240501067776
1279215296499404800
1279215340929466369
1279215404401868800
1279215405932961793
1279215487524548608
1279215509133766665
1279215518289985539
1279215518419828736
1279215555841531905
1279215559868022790
1279215610363248640
1279215622191288320
1279215740566990853
1279215743305826304
1279215791066488833
1279215834909597696
1279215904274907142
1279215907265372160
1279215920167243777
1279215953398493184
1279215954401075201
1279215960600305664
1279215992376373255
1279215999737303040
1279216004787290113
1279216012932583425
1279216024743804928
1279216037498507264
1279216046503673856
1279216108625674245
1279216164468486144
1279216247989731329
1279216252104462341
1279216264095784961
1279216264913829888
1279216349160579073
1279216371214114817
1279216395079815169
1279216398112370688
1279216427971547144
1279216487249489920
1279216515837906944
1279216524344078336
1279216533575589888
1279216598868508672
1279216646398316545
1279216655080415232
1279216659526385665
1279216675427020800
1279216754896654337
1279216847850741761
1279216890343297025
1279216893295906816
1279216909586702338
1279216960040034305
1279216986090639360
1279217015211859971
1279217019410190337
1279217057377247236
1279217086049419264
1279217094651809794
1279217094660407296
1279217103443234820
1279217104005160961
1279217116546166786
1279217120056729600
1279217154198511616
1279217157599969281
1279217166512992258
1279217207004639235
1279217232833179648
1279217237623287816
1279217237757440002
1279217306590199814
1279217341868519425
1279217363511115776
1279217380133163010
1279217392455950336
1279217408960606208
1279217418657652736
1279217433383927809
1279217452019261440
1279217485179318272
1279217509971963910
1279217586043904000
1279217627206946817
1279217627450142720
1279217661444976646
1279217693963571201
1279217703732068352
1279217737496178695
1279217744555192320
1279217761466462208
1279217807293648896
1279217867465142273
1279217874641588224
1279217887249526784
1279217887429959686
1279217912239345667
1279217912251854848
1279217912490819585
1279217933357637632
1279217946557132806
1279217955365171200
1279218118783614976
1279218139302105088
1279218140178796544
1279218176652267520
1279218180938854400
1279218249134211072
1279218286866006017
1279218294206193664
1279218312090652672
1279218349109542912