1280169637557256192
1280169641499750401
1280169644058308608
1280169667340972035
1280169667370287104
1280169721854398464
1280169784819306501
1280169797985210379
1280169818315001859
1280169818507771904
1280169827500535809
1280169873969209347
1280169881074163713
1280169906428882944
1280169935973515265
1280169941346418690
1280169945603739649
1280170003778670593
1280170010669993986
1280170027677876226
1280170123505082371
1280170139539906560
1280170172603666434
1280170203767123968
1280170204459302916
1280170208196546561
1280170214315954177
1280170237376245761
1280170242052968449
1280170250307342336
1280170267252338692
1280170283744276482
1280170284218105856
1280170290325192705
1280170305227497479
1280170365810028545
1280170367542157312
1280170384692776961
1280170426661044225
1280170443941515265
1280170476942188544
1280170502502432768
1280170511058812931
1280170514389045250
1280170519233527809
1280170544973991942
1280170606818988032
1280170628268666883
1280170719708688386
1280170732480126977
1280170774826029056
1280170850566770688
1280170875703230467
1280170876109979650
1280170886566461442
1280170896481832960
1280170967290036226
1280171000798285825
1280171009413271552
1280171009539297282
1280171034541522944
1280171059602493445
1280171076639690753
1280171089679626241
1280171135787773954
1280171172613836801
1280171315186597888
1280171337366069248
1280171370769416193
1280171374825426952
1280171419196887041
1280171437270216704
1280171499970838529
1280171575422210050
1280171585425596416
1280171647245271049
1280171659652186115
1280171673522540544
1280171709891559424
1280171733123727362
1280171739025211392
1280171781345558541
1280171809925726215
1280171855442251780
1280171931476475906
1280171948794920962
1280171953047781376
1280172008165253121
1280172019477368833
1280172031703764996
1280172041656774656
1280172053468008448
1280172079455895552
1280172080386859008
1280172091904610310
1280172092147863552
1280172120266485762
1280172155137921024
1280172170484887552
1280172240076709888
1280172243302207494
1280172264869302274
1280172272095907840
1280172287497433088
1280172288365793281
1280172380925673472
1280172414517690377
1280172472948703236
1280172473305239552
1280172477251895300
1280172477600186372
1280172502883487744
1280172529391288324
1280172532348227584
1280172537033433088
1280172574597660673
1280172591530020865
1280172636539162624
1280172641123536901
1280172674476630019
1280172676770742272
1280172678846898180
1280172679312490498
1280172684987510786
1280172724833271818
1280172758656319488
1280172775269961733
1280172776398209026
1280172799273943041
1280172811441537025
1280172817170882560
1280172821960769545
1280172856609878016
1280172868538687490
1280172918371221504
1280172938608742401
1280172942043648000
1280173014668148737
1280173043835449345
1280173048386260998
1280173068472680449
1280173127801110529
1280173133715124225
1280173144049766401
1280173224198799360
1280173282713452554
1280173292301811718
1280173303790030849
1280173309506748425
1280173342813753344
1280173403459076108
1280173429975592960
1280173432227889152
1280173436682276866
1280173467267215360
1280173468823302144
1280173488666484742
1280173498388774912
1280173555552882690
1280173555641126913
1280173589292032001
1280173597185671173
1280173609412104192
1280173609969991680
1280173616408100865
1280173629494505472
1280173631306444802
1280173657529040902
1280173668283355136
1280173716480065536
1280173731072151554
1280173756611256321
1280173785581334534
1280173794036981761
1280173840895631360
1280173863834271750
1280173866099195904
1280173878443212801
1280173882591199236
1280173893437861888
1280173916405633025
1280173983003009024
1280174032961376258
1280174054473859079
1280174062698807298
1280174068289769473
1280174075583836160
1280174112812478465
1280174163940925440
1280174217808445440
1280174230391476224
1280174263681593344
1280174281071169536
1280174284774821890
1280174289594056704
1280174305410781185
1280174327342813186
1280174343977349124
1280174347811016709
1280174359982866432
1280174381440929792
1280174417323208704
1280174423014805506
1280174444586156034
1280174460247724032
1280174465234731012
1280174494078963718
1280174511669690371
1280174523174641664
1280174537410334722
1280174578237493249
1280174621304795136
1280174625171767296
1280174628787286016
1280174629458345986
1280174637645611009
1280174665378529280
1280174667597135872
1280174687667060736
1280174705102782464
1280174717052293122
1280174730134380544
1280174758894678018
1280174816884977664
1280174838771048451
1280174863739768836
1280174865245405185
1280174882131783680
1280174893741441024
1280174901765328898
1280174934539603968
1280174952470196231
1280174958031839234
1280174962368798720
1280174971831140354
1280175006664671234
1280175045365678087
1280175069793140736
1280175101837602816
1280175145328488456
1280175189326733312
1280175190572281856
1280175199544119296
1280175208708489221
1280175242569289728
1280175274940743681
1280175396915482624
1280175425898123272
1280175430662668288
1280175442062786560
1280175449130205184
1280175471024582656
1280175522719444998
1280175538800218112
1280175570467184646
1280175627505721344
1280175652071710725
1280175669247447042
1280175690055323650
1280175723458834432
1280175765854789633
1280175784771059721
1280175807726485506
1280175837422157824
1280175841675182082
1280175849422102539
1280175858448293888
1280175954405580800
1280175971249856514
1280175994540822530
1280175996264763392
1280176025507373056
1280176047300829184
1280176097146134529
1280176139361824769
1280176184924319744
1280176269007650818
1280176290822328320
1280176298749571073
1280176323600748544
1280176440961630212
1280176445424144384
1280176482883645445
1280176502928220160
1280176549925437441
1280176589381275650
1280176630070009856
1280176663159062529
1280176667722502146
1280176687163019264
1280176690489176070
1280176701486612481
1280176722202300419
1280176730204864513
1280176772642934785
1280176785175560194
1280176809980637188
1280176814887927809
1280176856440979456
1280176937164353537
1280176937185370112
1280177024338804736
1280177039891476480
1280177045113192453
1280177127644512263
1280177175250063361
1280177187534979076
1280177189720391695
1280177197051981825
1280177221085380610
1280177224151334917
1280177226785230848
1280177233513132034
1280177249459875845
1280177254404849670
1280177263292579841
1280177299124563969
1280177301192392704
1280177317768318982
1280177330632232960
1280177376635338753
1280177384935706625
1280177397187465222
1280177410110095364
1280177443756806150
1280177477311053840
1280177489365458949
1280177538271068162
1280177543577047040
1280177561209843712
1280177564829601794
1280177577899036676
1280177623457464320
1280177627966443521
1280177669817225216
1280177680235794432
1280177724838027266
1280177732513673216
1280177737253224449
1280177766097444866
1280177783423918080
1280177787509358592
1280177858166611971
1280177875489038339
1280177888428466177
1280177900994560001
1280177906937978883
1280177921290838017
1280177921991327744
1280177922460925961
1280177980883505153
1280178026517594112
1280178060596252673
1280178080741560320
1280178177357340672
1280178211507372032
1280178235943333895
1280178261390049288
1280178374510592003
1280178374804029451
1280178379271143430
1280178403929456641
1280178433671278595
1280178458300162053
1280178460955156481
1280178461378777089
1280178464008667136
1280178508581478400
1280178542517596160
1280178565732941825
1280178573190533121
1280178576097067026
1280178580127985673
1280178601480994830
1280178652248977409
1280178660247388165
1280178753709244416
1280178798349242368
1280178802664943616
1280178806955708417
1280178836014084099
1280178856582770688
1280178860387115009
1280178861662035968
1280178873901240321
1280178883191422982
1280178886513504256
1280178907073912832
1280178937109393409
1280178958219304961
1280178968478400525
1280178974321266689
1280178986149203968
1280179008479678466
1280179020454408193
1280179023977623552
1280179049013231640
1280179051836125185
1280179057917718529
1280179096438349824
1280179109537202176
1280179163454935047
1280179221818728454
1280179259416297476
1280179305985654801
1280179313803845632
1280179318677798913
1280179352383225856
1280179376961847296
1280179385585348609
1280179393667751936
1280179431995174917
1280179439834476544
1280179456221392896
1280179485824909317
1280179531660263426
1280179532771852290
1280179574857441281
1280179578737233921
1280179626770231296
1280179632726253568
1280179662597943296
1280179674895785986
1280179700564983808
1280179742503731200
1280179750598701071
1280179792088891393
1280179812171014145
1280179832463200257
1280179842797973506
1280179884678144005
1280179901514092546
1280179935491981312
1280179943867953153
1280179949723238401
1280179986859651083
1280180001795649539
1280180100915478531
1280180156376780800
1280180187578069003
1280180197854113803
1280180223045021696
1280180229143552005
1280180239658881025
1280180311406583808
1280180336996110336
1280180354385612800
1280180395322023937
1280180425432928256
1280180440100474882
1280180454763659269
1280180511927947264
1280180511969816576
1280180627648675842
1280180668950085634
1280180711484424192
1280180728135852033
1280180744833417216
1280180778320699392
1280180786386305024
1280180798063247371
1280180816321015817
1280180830690701312
1280180874185715712
1280180876429725697
1280180899934437376
1280180920884981760
1280180955047698433
1280180962261790720
1280180966082912256
1280180971397091329
1280180991856762881
1280181008369942529
1280181063214489600
1280181126003335168
1280181244228022272
1280181260854460418
1280181268932628481
1280181298020188162
1280181356597841922
1280181378311761920
1280181390898802694
1280181398721245195
1280181491163639811
1280181503834632192
1280181570742005763
1280181599859027971
1280181637586837504
1280181655131561986
1280181700345999367
1280181721468633089
1280181726334136320
1280181739877515265
1280181755392245766
1280181767899688960
1280181778842628096
1280181793015181312
1280181797293359104
1280181821209300992
1280181826246475776
1280181847784210432
1280181851836088321
1280181931200729091
1280181960946655232
1280181962485858304
1280181965442830336
1280181973533839361
1280182011416674306
1280182086259924992
1280182095332036608
1280182250332729344
1280182262525505537
1280182265838886912
1280182267193831424
1280182283731951616
1280182287817195524
1280182291361345536
1280182300752449536
1280182325586862080
1280182329730904064
1280182335921704960
1280182363599716352
1280182408537673729
1280182417790308352
1280182431014739970
1280182476594429953
1280182493421895680
1280182493673672704
1280182566398709762
1280182585612800001
1280182636766470145
1280182637676691456
1280182660242051073
1280182670182412288
1280182678525022210
1280182699156738048
1280182699249057792
1280182715652988928
1280182728269410308
1280182774331322368
1280182791876087808
1280182807835414528
1280182833143779332
1280182849962946561
1280182857978327044
1280182879939633152
1280182883785887744
1280182908305772545
1280182922847440897
1280182954568941573
1280183013326938114
1280183034369773569
1280183037641338882
1280183057970913285
1280183074987347968
1280183076983881736
1280183092867592195
1280183185574449152
1280183214779162625
1280183261126426638
1280183286308929539
1280183286782967811
1280183317187325952
1280183332010176513
1280183361491763201
1280183369859555335
1280183371314786305
1280183381909663744
1280183437144592386
1280183446048894979
1280183474599522305
1280183480396251137
1280183500730183682
1280183584423378949
1280183650802438144
1280183660394708993
1280183663645212672
1280183722944405512
1280183730405924864
1280183739394424838
1280183766925762560
1280183785238048768
1280183831631462403
1280183839449636865
1280183842821812225
1280183852267450368
1280183890468978688
1280183949013266433
1280183982982746113
1280183999638450176
1280184065757335554
1280184171558842368
1280184179926405120
1280184225656963082
1280184238273331200
1280184251250429957
1280184267335589890
1280184331558957057
1280184385359286273
1280184406657732609
1280184426878701568
1280184431500804098
1280184490476949506
1280184507149271044
1280184552204439552
1280184561050071040
1280184588900478977
1280184611704909825
1280184636329558020
1280184695498686466
1280184720211554305