1280547137303056385
1280547174066118656
1280547191136808960
1280547215379922944
1280547255397875712
1280547263975211008
1280547271872933889
1280547277875052545
1280547292362219522
1280547304315944960
1280547318190739457
1280547339438927872
1280547352109965312
1280547364034486272
1280547379226095617
1280547409274245120
1280547410272452608
1280547418455502853
1280547427108270080
1280547487841992704
1280547502635266049
1280547523493597184
1280547523648724996
1280547525943078913
1280547531718524928
1280547557001711616
1280547557526122501
1280547586546511873
1280547604628213761
1280547605882245121
1280547616049311746
1280547636945145857
1280547670063370240
1280547712295936000
1280547729320673281
1280547741374930944
1280547745577816064
1280547757946626049
1280547779144712194
1280547792713326599
1280547846912192512
1280547854822649857
1280547878482505728
1280547903858257920
1280547918076956672
1280547976847466498
1280547986548940806
1280548005813252102
1280548066932785154
1280548068589436930
1280548081608667137
1280548152798568450
1280548159131914252
1280548178182406144
1280548190371135491
1280548220062629895
1280548224227577856
1280548226505093121
1280548257404538882
1280548270138261509
1280548283920928769
1280548287192403968
1280548320692310017
1280548413004808193
1280548429836369922
1280548437747027968
1280548445837639680
1280548451068100608
1280548467799031808
1280548580508475393
1280548592567099393
1280548601664602113
1280548627530670081
1280548637723037700
1280548698188124161
1280548731469926401
1280548741162979329
1280548741259202560
1280548809051975680
1280548820351410176
1280548874378190848
1280548895643316226
1280548912437362689
1280548924105863172
1280548940891467779
1280548958482251783
1280548968045449217
1280548978925461506
1280549000362504192
1280549033379893249
1280549070348726274
1280549109221462016
1280549144957014020
1280549171838300161
1280549205778538498
1280549209507315712
1280549214376861706
1280549218491363328
1280549230776659969
1280549277031378945
1280549286980268032
1280549309264601089
1280549350163140609
1280549388335661056
1280549389895962625
1280549406425657352
1280549419763589122
1280549482489315330
1280549566593544192
1280549578840760321
1280549679609122817
1280549683346071552
1280549723024371718
1280549746558435328
1280549767441981445
1280549776359112704
1280549779358076930
1280549808063819777
1280549861293789184
1280549888846172162
1280549914787921925
1280549935251812352
1280549994018332675
1280549994525794305
1280550006085255171
1280550070111240197
1280550083893833729
1280550123861229568
1280550132505653248
1280550162067226624
1280550164890083332
1280550266677293056
1280550270376820742
1280550284041715712
1280550300026314753
1280550304728178690
1280550320972627968
1280550329352728577
1280550337846235136
1280550337980493825
1280550352673267713
1280550389696417792
1280550430846545921
1280550434697031685
1280550493379612674
1280550527101816834
1280550531417735169
1280550547947499520
1280550581438947329
1280550610983686146
1280550631560957956
1280550661139070976
1280550671998054400
1280550703572844545
1280550707138105346
1280550745322819584
1280550783763615744
1280550815816724480
1280550820631785473
1280550866370650114
1280550880534605824
1280550892358467586
1280550933718536193
1280550962655121412
1280550967411388417
1280550971165343746
1280551005201940480
1280551030527332354
1280551040132231169
1280551044632592384
1280551055026085888
1280551081903259649
1280551101079515136
1280551114165936129
1280551160844337152
1280551168788307968
1280551192825753600
1280551228649455619
1280551268885377025
1280551273712893952
1280551281468116994
1280551302523695104
1280551303291318272
1280551340452831245
1280551364838543362
1280551384761368576
1280551401500766209
1280551404113817600
1280551464448950278
1280551470518026240
1280551537266352129
1280551554236461058
1280551621475348480
1280551638726516736
1280551698302472192
1280551701477421057
1280551718368038913
1280551812085547008
1280551827176636416
1280551860311666689
1280551862396223488
1280551911096070144
1280552042763862018
1280552049839570944
1280552053664894977
1280552083058556928
1280552115702808576
1280552167078866950
1280552171268956160
1280552179598794753
1280552185806422016
1280552204152250373
1280552218861670400
1280552255008264192
1280552283214938112
1280552288311029761
1280552368313176067
1280552372549357568
1280552393181212677
1280552425531867138
1280552473229275137
1280552498500186114
1280552506464980994
1280552506599313409
1280552527683915776
1280552557484675073
1280552585875914756
1280552611528220672
1280552622378725376
1280552634907320321
1280552691622699010
1280552720974274561
1280552741484605443
1280552775345221635
1280552802721452034
1280552842248454145
1280552842323996672
1280552842433093632
1280552911785910277
1280552962797056001
1280552976671629313
1280552980102725639
1280552980190826496
1280553004379205632
1280553014386884609
1280553047932973058
1280553073086091269
1280553097958264832
1280553098004566037
1280553098092539905
1280553111296368641
1280553135681998849
1280553143483408384
1280553173275611136
1280553177432100864
1280553240954908674
1280553245409189888
1280553291055841282
1280553292502896640
1280553346114428932
1280553357959147521
1280553370302836736
1280553395867324417
1280553424665358336
1280553471465320449
1280553500989153280
1280553504646598656
1280553525391417344
1280553571734351872
1280553613472006145
1280553639107612672
1280553656065163265
1280553664567017472
1280553676936003584
1280553680203329542
1280553698834345984
1280553747660169217
1280553777230209024
1280553807722819585
1280553809035616257
1280553810453319681
1280553820397793281
1280553868854779905
1280553894893027330
1280553940602544128
1280553953772658690
1280553966485585920
1280553988400623616
1280554012312506368
1280554020734730244
1280554024752820225
1280554045824958464
1280554054234574848
1280554092453138439
1280554094600519682
1280554133783707649
1280554138204385280
1280554142415695872
1280554148711280641
1280554255670300675
1280554289430171650
1280554300897288195
1280554305997570048
1280554313350176768
1280554352026046464
1280554376856248322
1280554386201116673
1280554411874488321
1280554444179070977
1280554532036997123
1280554595937333249
1280554641491664897
1280554650064883713
1280554654154227713
1280554663016837120
1280554667035025408
1280554674739834880
1280554708613115904
1280554716284493824
1280554728506527745
1280554742180175874
1280554762275078144
1280554783817031683
1280554817606217729
1280554817941901313
1280554821775482880
1280554838246514691
1280554863995256834
1280554923957026822
1280554931133521924
1280554936112238592
1280555006014427137
1280555021919088641
1280555110859304960
1280555220087562245
1280555234499203072
1280555253419569152
1280555274642718725
1280555274902949890
1280555367202603008
1280555371250118657
1280555408801689600
1280555411301699585
1280555413004402688
1280555438073942016
1280555463407370240
1280555488518664192
1280555552792248320
1280555555501858817
1280555564339257344
1280555603954466816
1280555638335197189
1280555679418167296
1280555685512691719
1280555747097468929
1280555748636925957
1280555765409869824
1280555778303242247
1280555790668103681
1280555841238663168
1280555883244793856
1280555915888951298
1280555916140691457
1280555921081618432
1280555945811034112
1280555954229121025
1280556011758268416
1280556101315047425
1280556121720266752
1280556130868043776
1280556222312181760
1280556234513547274
1280556239332667393
1280556260312653824
1280556281435238402
1280556291782438912
1280556298421993472
1280556325215383561
1280556369687580674
1280556421478744067
1280556432170061824
1280556482988212224
1280556492471427072
1280556507537354752
1280556548813729792
1280556558271819777
1280556586558242817
1280556646159151105
1280556659199348737
1280556696969138176
1280556728925315072
1280556738656206850
1280556738748579840
1280556753180979200
1280556802279485440
1280556827147735050
1280556896563462145
1280556964976746497
1280557011357360128
1280557027496988672
1280557046052478976
1280557074166894592
1280557112154746880
1280557141103988736
1280557166429175808
1280557166718484482
1280557166907265027
1280557199941611520
1280557208279941120
1280557220841828353
1280557242358603776
1280557254887067663
1280557265452445698
1280557267054706688
1280557269571289088
1280557346817822720
1280557392816746498
1280557438714949637
1280557459686506496
1280557463318794240
1280557464283463682
1280557523301531656
1280557535573929985
1280557543320739841
1280557632370049024
1280557647243206656
1280557685222576128
1280557693053304833
1280557698849951746
1280557707511173122
1280557720417062912
1280557749345177600
1280557760002658304
1280557766445199367
1280557803913043969
1280557815548043265
1280557860288634881
1280557871332278280
1280557888801570827
1280557891263631360
1280557921449857024
1280558001561182208
1280558027511300097
1280558034675281921
1280558060218523649
1280558095991791617
1280558135766384641
1280558139847446529
1280558151385964544
1280558190032125952
1280558206037757952
1280558227328045056
1280558231572619264
1280558269904359428
1280558286396325889
1280558362019717125
1280558416054882307
1280558417019576321
1280558448078475264
1280558458077618181
1280558492198338561
1280558500314255366
1280558503870861312
1280558504042827777
1280558537740095488
1280558583952764928
1280558595902488576
1280558596850421760
1280558601015263235
1280558613782835200
1280558659756490754
1280558676412182528
1280558685027053568
1280558693734637572
1280558709698109443
1280558710985830401
1280558714223759366
1280558734788476934
1280558768678453248
1280558856796622851
1280558876241395715
1280558910848540672
1280558925415358466
1280558927743254532
1280558928028332032
1280558936261787649
1280558944604184577
1280558945044770816
1280558965684871169
1280558980951994370
1280559001839628288
1280559024736534531
1280559074682318849
1280559095540404224
1280559111554207744
1280559129023647744
1280559133595447296
1280559146715185154
1280559167330271235
1280559234170707968
1280559259953115136
1280559263581114368
1280559305461284864
1280559351908851714
1280559422494986241
1280559464903438336
1280559473715810307
1280559538899431424
1280559542728884226
1280559553512263681
1280559561720492037
1280559582163742720
1280559605509009409
1280559607191085056
1280559628410146818
1280559632436600832
1280559644595892225
1280559650866257921
1280559699650326529
1280559716561756162
1280559766457257988
1280559774170521600
1280559775105912832
1280559791618715648
1280559866524901376
1280559866877218816
1280559889119539202
1280559893208940544
1280559946908815360
1280559951400878081
1280559955804696578
1280560071991152640
1280560110620815360
1280560169836052487
1280560190589472769
1280560206884114433
1280560208843022337
1280560255341035520
1280560264639844354
1280560281350012928
1280560289918996482
1280560291151900672
1280560308076056577
1280560328934219777
1280560341416640515
1280560438929956864
1280560450304950272
1280560459121397761
1280560510489047040
1280560513387241473
1280560526439874565
1280560530739126272
1280560563542806528
1280560568362041350
1280560593729134593
1280560603669487616
1280560614792785921
1280560630580289539
1280560685408288769
1280560685630570498
1280560697823227904
1280560794825117703
1280560798746755074
1280560807433179136
1280560815200968705
1280560819797757952
1280560820527804416
1280560877838557190
1280560932998045696
1280560963671011328
1280560974462808069
1280560983698739201
1280561003931955201
1280561041278205954
1280561092096339973
1280561168101388289
1280561238938800129
1280561268085186560
1280561315090698241
1280561318219653121
1280561344299896839
1280561364961034240
1280561368958226436
1280561369176309760
1280561373500411905
1280561423593111552
1280561436259954690
1280561473652211722
1280561547991973888
1280561562680360960
1280561692141932544
1280561712899469314
1280561860056682500
1280561861897977856
1280561863651188736
1280561874430390272
1280561876439633921
1280561910304432128
1280561955841798144
1280562010812567559
1280562010997039104
1280562030769065984
1280562061404241927
1280562084036608001
1280562126432514048
1280562168908349440
1280562173979226112
1280562174725931009