1278704987237789696
1278704989960093697
1278704990861680642
1278704993323769861
1278704995236446210
1278704999124684800
1278704999359549440
1278705008423456771
1278705020368715776
1278705024714014734
1278705061896609792
1278705099662143490
1278705129269661696
1278705140602724353
1278705171170811905
1278705188937830408
1278705192662376449
1278705200732295169
1278705213818298370
1278705229870051328
1278705262304677889
1278705267971108865
1278705280495292417
1278705306848108546
1278705314657861633
1278705330667601921
1278705338749988864
1278705356991062021
1278705359952195585
1278705392709591041
1278705427698593798
1278705430366126080
1278705468693757954
1278705490961346562
1278705532216500224
1278705551875158017
1278705566853054471
1278705573438148608
1278705591045640192
1278705595189731329
1278705603674730496
1278705623941570561
1278705687720349696
1278705700676538368
1278705729176850433
1278705733828251653
1278705759417745413
1278705766170603524
1278705781517451270
1278705806750474245
1278705859703406594
1278705884630118400
1278705895438942208
1278705919866490897
1278705949612494849
1278705960186503171
1278705976640589824
1278705981225123840
1278705985582796801
1278705989550780418
1278706019640774656
1278706039441981444
1278706039920234496
1278706039936806913
1278706043774697472
1278706060799475712
1278706111609274369
1278706112796274690
1278706132232671233
1278706140583518210
1278706203816857605
1278706215774752770
1278706333764726785
1278706337447383043
1278706354765664257
1278706362394923008
1278706363317858305
1278706388080918528
1278706404237459456
1278706408926654471
1278706437980655617
1278706450974588928
1278706467441385472
1278706551407218690
1278706559414087680
1278706564011102208
1278706568201109511
1278706588723879936
1278706597754175489
1278706601923411968
1278706626762027008
1278706627152097281
1278706648106897409
1278706676015796226
1278706705119891460
1278706741090217995
1278706744433278977
1278706786082516998
1278706786166595584
1278706790050533382
1278706820262002689
1278706870379859976
1278706888348180481
1278706908246036480
1278706962293719041
1278707004710756352
1278707012814200834
1278707014932275200
1278707033995280387
1278707050193846283
1278707056644632578
1278707079595716614
1278707096993726465
1278707143076720642
1278707179323785216
1278707200794472453
1278707223309549569
1278707249985261571
1278707297850667014
1278707344935923712
1278707348626907138
1278707352758292480
1278707356944273409
1278707386308386817
1278707400070103042
1278707419867222016
1278707428197089280
1278707438946942976
1278707462535811073
1278707462565232640
1278707493229801473
1278707498883653635
1278707529292214273
1278707530747740160
1278707532815642624
1278707536699547648
1278707541351043074
1278707562196504576
1278707567670198272
1278707604261404672
1278707628869378048
1278707671428980736
1278707675224825856
1278707730098855936
1278707746444062720
1278707877033590784
1278707889058664448
1278707905756311555
1278707906037284866
1278707922994954242
1278707929890328577
1278708003303194626
1278708040208912385
1278708057275543554
1278708096085438464
1278708097205272577
1278708119556829185
1278708137936261131
1278708170542723075
1278708204231258114
1278708221235126274
1278708232538726404
1278708263349915649
1278708279145893889
1278708300574527488
1278708342777499648
1278708351191433219
1278708375962951682
1278708380572561410
1278708413401305089
1278708413631877123
1278708422825951233
1278708434490347525
1278708436834770947
1278708460205441024
1278708464370561026
1278708468774510592
1278708484310282246
1278708485178433537
1278708501540413442
1278708510675668992
1278708539234684933
1278708543902945281
1278708543999356928
1278708548000612352
1278708554497757184
1278708568594792448
1278708603252346881
1278708648802488320
1278708650069028864
1278708715680600064
1278708717182226433
1278708724115308545
1278708735901392899
1278708748895174656
1278708767337537537
1278708771141963782
1278708798442569728
1278708798689968129
1278708829035859968
1278708829576818688
1278708857464856578
1278708879820554240
1278708883662483456
1278708913265881088
1278708967611359232
1278708988096458754
1278709008677904392
1278709105696239617
1278709148998344704
1278709168950710272
1278709197430030337
1278709197786484737
1278709235954507782
1278709249045127169
1278709306960068608
1278709385871659008
1278709395082211328
1278709428557156352
1278709428804415488
1278709450950541312
1278709471016095744
1278709473973096448
1278709479090028545
1278709525579812866
1278709546026848256
1278709550162550786
1278709595914096641
1278709619838328842
1278709621851598848
1278709625907380224
1278709634136715272
1278709651387723778
1278709659155738624
1278709668110430209
1278709739082432512
1278709763803697157
1278709806228885504
1278709806887567360
1278709814852571137
1278709819059236864
1278709819713748993
1278709843856175109
1278709852945039360
1278709903033430016
1278709919722737667
1278709940341932032
1278709944804618240
1278709971228786688
1278710003818541057
1278710067760640000
1278710091215233026
1278710091299028992
1278710237978075138
1278710376851357699
1278710384346660866
1278710472842215425
1278710490437349376
1278710515741704195
1278710540714430464
1278710556808052736
1278710578496888832
1278710596892938241
1278710607114637312
1278710615679422465
1278710635820396545
1278710658088013829
1278710711741370368
1278710716095225856
1278710729269555202
1278710762203037698
1278710762924621826
1278710781098504194
1278710783585718272
1278710789461946369
1278710811331092480
1278710858856779776
1278710863407591430
1278710867471859714
1278710897532219392
1278710971629010944
1278711014133919744
1278711022241669121
1278711090017427459
1278711097948807169
1278711106312327169
1278711141124825088
1278711144786599938
1278711152617369600
1278711159491825672
1278711219839524875
1278711257235939328
1278711269852315648
1278711278823866368
1278711315301896194
1278711320855134213
1278711340882956289
1278711349996957696
1278711387691384833
1278711429047160832
1278711471359361028
1278711528028434433
1278711539546161152
1278711571821330433
1278711586065010688
1278711589307383808
1278711597691662336
1278711598560038912
1278711601244274689
1278711634706513922
1278711652020563978
1278711701869740032
1278711710354980865
1278711752851668992
1278711794203328512
1278711819503271937
1278711828265271296
1278711874440183814
1278711899136409602
1278711907218669569
1278711907265007617
1278711909735432192
1278711960188653572
1278711962310815748
1278711962990452737
1278711965922103297
1278711966194900994
1278711976898822146
1278712008926470144
1278712049560928256
1278712058674966528
1278712083874549761
1278712155349671937
1278712165239848963
1278712172336603137
1278712180058271746
1278712242566049793
1278712257677910016
1278712272446201858
1278712279752736768
1278712286723612680
1278712309943357441
1278712327433486337
1278712327760687105
1278712335587303424
1278712372945981440
1278712396509581313
1278712431699808258
1278712453170413569
1278712462267699202
1278712490478546945
1278712534506196997
1278712536058085380
1278712574368874496
1278712599618748416
1278712599962685440
1278712624725798918
1278712692212105221
1278712700172812288
1278712700537843713
1278712727217811458
1278712751347634183
1278712752236830721
1278712800630542336
1278712804606869505
1278712819895144450
1278712826345820160
1278712844628955136
1278712846667313155
1278712875603894272
1278712881052295169
1278712927097405441
1278712981002608646
1278712994105442304
1278713005556011010
1278713039651573760
1278713048358744065
1278713058395934723
1278713061273001984
1278713077446389768
1278713077551120390
1278713077828136960
1278713098652786691
1278713107632840705
1278713111248281603
1278713139102654464
1278713142701408256
1278713186640900097
1278713220090429440
1278713224817291264
1278713225559842817
1278713233885425664
1278713262310404096
1278713289921294342
1278713361732165634
1278713362998792192
1278713366744141826
1278713375338319872
1278713446725496832
1278713452803088384
1278713488689508353
1278713500798500865
1278713538660511751
1278713564614836224
1278713601600167936
1278713610303426561
1278713614820691971
1278713623544844288
1278713627474825216
1278713648538546176
1278713749235544066
1278713749365350401
1278713757678448640
1278713776179564545
1278713796165599232
1278713799206469637
1278713803602046976
1278713808333287425
1278713811382366208
1278713834497290242
1278713862209130497
1278713862691229696
1278713871029530627
1278713887307816965
1278713959881650177
1278713996321980416
1278714016194584581
1278714017389768709
1278714072104656896
1278714079943819265
1278714101280145408
1278714109165535239
1278714126018191360
1278714130116026368
1278714130329792512
1278714148004622336
1278714150567411712
1278714172256120833
1278714227142909952
1278714252182933511
1278714260315688961
1278714273372319747
1278714294167691265
1278714308470247424
1278714310706040835
1278714328036720641
1278714332218642433
1278714344134660102
1278714361746460672
1278714366175698950
1278714461487063043
1278714465224134657
1278714524867198977
1278714528608509952
1278714530852454400
1278714537001312256
1278714554357297156
1278714559335784448
1278714571017138178
1278714596073762819
1278714601681584128
1278714604076572673
1278714606006030342
1278714608950194176
1278714629913542664
1278714634762022912
1278714659168804867
1278714663291826179
1278714701149401088
1278714717486407680
1278714730396430337
1278714735756795904
1278714780560302080
1278714814022316032
1278714872620969985
1278714877163589633
1278714923485446145
1278714932859731968
1278714952380006400
1278714969551523841
1278714973531897857
1278714982025383941
1278714990581686273
1278715012496965632
1278715019459391489
1278715020264853504
1278715061670940672
1278715118721761280
1278715124640030722
1278715137726111745
1278715141824143361
1278715170752167936
1278715187365842946
1278715202444255232
1278715212779134977
1278715215115194369
1278715242277634049
1278715259121893376
1278715267510657024
1278715273642680326
1278715298183593984
1278715313438298115
1278715313501110272
1278715326109224967
1278715351375765506
1278715409747701760
1278715412985925632
1278715418333626369
1278715447903387649
1278715472477933568
1278715498348384257
1278715501544382474
1278715541272899584
1278715555252506625
1278715630137597953
1278715648881934340
1278715674395840512
1278715757464092672
1278715762648027136
1278715765454188546
1278715840985206790
1278715867790929920
1278715869250703373
1278715875114266624
1278715973952892928
1278715988880560131
1278716005167108100
1278716014092365824
1278716026302103552
1278716043918217219
1278716047332442113
1278716060078915584
1278716102332252162
1278716110070861826
1278716164538011651
1278716164722626565
1278716176034443264
1278716186176499712
1278716194695057408
1278716265801146370
1278716270389518336
1278716365730451457
1278716378254639110
1278716378506121224
1278716387029123072
1278716412153016322
1278716445774557187
1278716450358919169
1278716516381478912
1278716521326542849
1278716558370574337
1278716622748839938
1278716642420232193
1278716663630880776
1278716676180185096
1278716698380681216
1278716711236186112
1278716726956314624
1278716727023423493
1278716731318550529
1278716760569507841
1278716790688735239
1278716793645916169
1278716793956249600
1278716814919254017
1278716819369529344
1278716832686448641
1278716894489518080
1278716898981658627
1278716906992619521
1278716907290492935
1278716928039714824
1278716957035057154
1278716957131505665
1278716986768457729
1278717030502412288
1278717062416826369
1278717063067033602
1278717091378532352
1278717095564500993
1278717125398536194
1278717138241572865
1278717145828950016
1278717149842825216
1278717176481013766
1278717179429564418
1278717257741467649
1278717267585519616
1278717292746993664
1278717297524379649
1278717305359400961
1278717343766585345
1278717357146296325
1278717372489031680
1278717376717033472
1278717418580389888
1278717454504603649
1278717457352536064
1278717458472488960
1278717503183761409
1278717508535623684
1278717527317602304
1278717527552659457
1278717540622127104
1278717548914147331
1278717562004660231
1278717582162288646
1278717608162816005
1278717636595945472
1278717662537887745
1278717679055052803
1278717716761903104
1278717729097289730
1278717741998931969
1278717745014554624
1278717754464501761
1278717771841339393
1278717779798040577
1278717796210348033
1278717819811758081
1278717838862061568
1278717842397986823
1278717866406223872
1278717874576728071
1278717892855582721
1278717951923884032
1278718044471164928
1278718048321646592
1278718084950511616
1278718090142986246
1278718100070940673
1278718119708626944
1278718133826719746
1278718136452132865
1278718148754145280
1278718214642577414
1278718245210447872
1278718308028645377
1278718328866029570
1278718386877448194
1278718417026064384
1278718420838645762
1278718426484219904
1278718436047233024
1278718447791173633
1278718462702075906
1278718504749936640
1278718505521680394
1278718520784756739
1278718521535594501
1278718522709942273
1278718625935917060
1278718631266996236
1278718649835061255
1278718731430969344
1278718735499526145
1278718739849109512
1278718767414026240
1278718769733533696
1278718798875578377
1278718806961975297
1278718815241506816
1278718824012025858
1278718832840978433
1278718854634536961
1278718882711207939
1278718929012248576
1278718932619268098
1278718958007316480
1278719005998501888
1278719012319506433
1278719037866999809
1278719046335311872
1278719053335597065
1278719053549334528
1278719059098402818
1278719059358605312
1278719095836377091
1278719096671080448
1278719104778678275
1278719184390799362
1278719221581611008
1278719281807622144
1278719386581270531
1278719387646726146
1278719393061654530
1278719400095485956
1278719427849011200
1278719490583216128
1278719507964411904
1278719524133634053
1278719524368527360
1278719544551301121
1278719549584683008
1278719561437569024
1278719599979253764
1278719603858984961
1278719627988733954
1278719633634320390
1278719682900451329
1278719691037356037
1278719725632135169
1278719815503364097
1278719828115681280
1278719857169580039
1278719914199650304
1278719922579935233
1278719986085900295
1278720044525072384
1278720053157007362
1278720057263165440
1278720069997117440
1278720074040434688