1285212869236273152
1285212874072158209
1285212927407120389
1285212948999233537
1285212999318417408
1285213005035307009
1285213007954489346
1285213070114140162
1285213158987071489
1285213202486370304
1285213213223575553
1285213215337709569
1285213263244951559
1285213280060018689
1285213284199792641
1285213300897325065
1285213302205943811
1285213304584122368
1285213310699237376
1285213334409797633
1285213384552611840
1285213392643522561
1285213418673364993
1285213418790756354
1285213420413792256
1285213430962626561
1285213448234819586
1285213450378018817
1285213477427126280
1285213485526327296
1285213506141184000
1285213515041603585
1285213540987609088
1285213624613720064
1285213628187021313
1285213644901367808
1285213659363332099
1285213766213345281
1285213776812183554
1285213830210039809
1285213870659903489
1285213884027219968
1285213887399227392
1285213896387821572
1285213909306286081
1285213923797499904
1285213947109486593
1285213972258578433
1285213980827451393
1285214026935541762
1285214030945062914
1285214106392420352
1285214110838411264
1285214118794760196
1285214123794538497
1285214169839673346
1285214202592923648
1285214303310708737
1285214353642397697
1285214362504962048
1285214387154882560
1285214483703447554
1285214515320115200
1285214517220311041
1285214538464362496
1285214556055314433
1285214598480760834
1285214605044785153
1285214655586148354
1285214677287354369
1285214765023887360
1285214777367646209
1285214781893378054
1285214819306680324
1285214822578053122
1285214832044593153
1285214894841901058
1285214912269221889
1285214953696305152
1285214989377318912
1285214991344427015
1285215008905924608
1285215024521400323
1285215058767872002
1285215074702041090
1285215076555919361
1285215082042003461
1285215100085784576
1285215112651997184
1285215116854779905
1285215125864099841
1285215175818260483
1285215223293423618
1285215255413612546
1285215270420840450
1285215280524857347
1285215293975875585
1285215302276587523
1285215306290429952
1285215329363218433
1285215344349544448
1285215347780575233
1285215394320584705
1285215406874144768
1285215413522104321
1285215423584059393
1285215425475698691
1285215440269189121
1285215441057656832
1285215452717895682
1285215478231818240
1285215502411853825
1285215553670582273
1285215603314302978
1285215611325493248
1285215645068603393
1285215674801860609
1285215738169569283
1285215742451945473
1285215750379233281
1285215775788171265
1285215800434077697
1285215853525573632
1285215855245172739
1285215892838715393
1285215901768441857
1285215931162079235
1285215964246749184
1285215964439752704
1285215969292496897
1285215972346003458
1285215972391923713
1285215986052788231
1285216040251805696
1285216048346800133
1285216073491591168
1285216082136109057
1285216140705304577
1285216144568147969
1285216161278365696
1285216191770882048
1285216216257310720
1285216237090373633
1285216271370301440
1285216312222986241
1285216325405519874
1285216328807325696
1285216337917210624
1285216422080081922
1285216430246559745
1285216459745038340
1285216473149890561
1285216494138396674
1285216505651703814
1285216526698766338
1285216543622795275
1285216559707951106
1285216621745897472
1285216627370459138
1285216635545022464
1285216642436263936
1285216706663776256
1285216744483753986
1285216790616866820
1285216808186699778
1285216828575318016
1285216886981099525
1285216887295684610
1285216900667060225
1285216903661748226
1285216924779986944
1285216975833243653
1285217017151266816
1285217046276562947
1285217054811918339
1285217055306928129
1285217093768617984
1285217121300086786
1285217122554191872
1285217163717087232
1285217198160719873
1285217252623691776
1285217285557424133
1285217289650860034
1285217306642132993
1285217310287056902
1285217406869217280
1285217450221502465
1285217477618589697
1285217527719587840
1285217583520718850
1285217587325009920
1285217592777625601
1285217626688544768
1285217634124890112
1285217659143872512
1285217672049893377
1285217676055412739
1285217780283904000
1285217780858589186
1285217818506649601
1285217876878794752
1285217885187641344
1285217898395504641
1285217900165554183
1285217900178010113
1285217902954795009
1285217905957732353
1285217907711127552
1285217914463883267
1285217915961139201
1285217922055462918
1285217936081399812
1285217943731699713
1285217948932726785
1285217965579726848
1285218013508243456
1285218015227895816
1285218049918787585
1285218102553251843
1285218103761293312
1285218112384593920
1285218131351412737
1285218136891899904
1285218258082304000
1285218292773330944
1285218342706581505
1285218351279681536
1285218376114110465
1285218380249800709
1285218384439906306
1285218405172338689
1285218414206881792
1285218514236841989
1285218573284192256
1285218577256263681
1285218580506783745
1285218631614451714
1285218632147111936
1285218655958118401
1285218656566128641
1285218669925146624
1285218685536403458
1285218737050783746
1285218787155939328
1285218791153111040
1285218795150245889
1285218833020719105
1285218853530804225
1285218872925147139
1285218895553531904
1285218900603478016
1285218912494379009
1285218946401083392
1285218971642482689
1285218971701006336
1285218988352577537
1285219009143738370
1285219030043889664
1285219034397638656
1285219034838048770
1285219047622299649
1285219065750061056
1285219118115778560
1285219125141409797
1285219173350674437
1285219214832422912
1285219227348226056
1285219236521091073
1285219240522514434
1285219245438038016
1285219256796422145
1285219315499835394
1285219336991506435
1285219337226326017
1285219361540780033
1285219370126336003
1285219382625472512
1285219390531735554
1285219429794471938
1285219437017288705
1285219450376138752
1285219505296117761
1285219534094209025
1285219538477486081
1285219550485786624
1285219554512297984
1285219602721648640
1285219634698911754
1285219655787872258
1285219659785080832
1285219660179353600
1285219722833743872
1285219730731806727
1285219769147437056
1285219842514182152
1285219844573429760
1285219898331787267
1285219936701382658
1285219936789508097
1285219937494032384
1285220053571575809
1285220060072566785
1285220099104940034
1285220184022593537
1285220192549822465
1285220238905225217
1285220284857974791
1285220339375640576
1285220340591976449
1285220364134559744
1285220364453199873
1285220372925669376
1285220375421423617
1285220418551414785
1285220444052819968
1285220452454092800
1285220459081093120
1285220464764137472
1285220478655713282
1285220485630849026
1285220505004511235
1285220515200868354
1285220523505520640
1285220587057614850
1285220611250442240
1285220642426630145
1285220665465942018
1285220668561215488
1285220745753370626
1285220750627151872
1285220771372191748
1285220816884506626
1285220856000643073
1285220863353204738
1285220864682864642
1285220871561519107
1285220920261357576
1285220971960360963
1285221011403812865
1285221025286967296
1285221042210971648
1285221085751975937
1285221093159120898
1285221151288045568
1285221151975911424
1285221171961704452
1285221176457953283
1285221190559305728
1285221203301498880
1285221237124456449
1285221261531021313
1285221274168496131
1285221299841691648
1285221350005551104
1285221387683143680
1285221404263120896
1285221422760173568
1285221425910026240
1285221430469304320
1285221589135642625
1285221612434812929
1285221623159836678
1285221626850807812
1285221656080809985
1285221677589291008
1285221702469849091
1285221710753660929
1285221718806716418
1285221741384564737
1285221772590305280
1285221808627572737
1285221811072970752
1285221827879501825
1285221861949726726
1285221889489596418
1285221891423305730
1285221907462344705
1285221953263906816
1285221988269776897
1285221992656846848
1285222036432986113
1285222055194099715
1285222071363043334
1285222088761057281
1285222096407334913
1285222202342813702
1285222202632294400
1285222208508506117
1285222213734608896
1285222222165139456
1285222222202916864
1285222238820675586
1285222249331646464
1285222256281518082
1285222381368287234
1285222388054056960
1285222394395791360
1285222402587348994
1285222407180091392
1285222420060819460
1285222469725560839
1285222495197507586
1285222507147124738
1285222528357527553
1285222553661759490
1285222587564425217
1285222628899328001
1285222674990608393
1285222679994404864
1285222683295338502
1285222697685995520
1285222762693431299
1285222809652932609
1285222841340829696
1285222893610250241
1285222906004254722
1285222992998551552
1285222998883041280
1285223019456192519
1285223046698033152
1285223048686309376
1285223069502578688
1285223069846568967
1285223098980147200
1285223126448693249
1285223136237981698
1285223153522835457
1285223187022848000
1285223202277543947
1285223227791249409
1285223253779214336
1285223268849336320
1285223279465238528
1285223316769341441
1285223355742904325
1285223375145775106
1285223392505925635
1285223413905272834
1285223421018804224
1285223467609137158
1285223468062015489
1285223478833164288
1285223500219727873
1285223502774181890
1285223506251255808
1285223547812614145
1285223572970057728
1285223630847258626
1285223648358359040
1285223656516456451
1285223661461483523
1285223665341267970
1285223676682567680
1285223687210381315
1285223687277420544
1285223694239969280
1285223694554595333
1285223740435869697
1285223773747113984
1285223826263965697
1285223831645368320
1285223868018446338
1285223893050032129
1285223895507914753
1285223895558090752
1285223921529257987
1285223951006826498
1285224009114640385
1285224013195878401
1285224030144954368
1285224076819210240
1285224080099205120
1285224084595343367
1285224095274209283
1285224121874493441
1285224122453131266
1285224155822997505
1285224169127337985
1285224188794609667
1285224201612398593
1285224217601024008
1285224239566655488
1285224249335193601
1285224289701179392
1285224307900252160
1285224312853626882
1285224329714765829
1285224350916816896
1285224357313290240
1285224357535657987
1285224361046216704
1285224361524252673
1285224391261863936
1285224409301753858
1285224428565958656
1285224439412600838
1285224444722589696
1285224495020679169
1285224528956870657
1285224537714499586
1285224542084968448
1285224554021847040
1285224583403048962
1285224622129139712
1285224678542499841
1285224717847277568
1285224718312890369
1285224727640973319
1285224747631022080
1285224776139759616
1285224782364123137
1285224822159613952
1285224839230500865
1285224843978440707
1285224847950385152
1285224852690030593
1285224864962535426
1285224868875849730
1285224894725156865
1285224898093350912
1285224902228955136
1285224965726511105
1285224973758603264
1285224984953204741
1285224999884713986
1285225024148983808
1285225024182517760
1285225080180572161
1285225140389916672
1285225163827576833
1285225191992426498
1285225200884359168
1285225203992334336
1285225220870201348
1285225237689315334
1285225280232095748
1285225292014014468
1285225322028376065
1285225388793266176
1285225415175479297
1285225431604633600
1285225481315454979
1285225495907520513
1285225506699448323
1285225519168933890
1285225568913354754
1285225586504404992
1285225611137478656
1285225648403800065
1285225657677619202
1285225669375545344
1285225707870793729
1285225711725277190
1285225754234675200
1285225807292575746
1285225817593638917
1285225841882918912
1285225846962176000
1285225875592540162
1285225922140925952
1285225922203799552
1285225943292768256
1285225976356573184
1285225984594239491
1285226026629505027
1285226047143915521
1285226114739306496
1285226115355770880
1285226131616960512
1285226131621388291
1285226144464359426
1285226147974971393
1285226155746840577
1285226219462553600
1285226286953254913
1285226305064251392
1285226312555102208
1285226315549999105
1285226332671090688
1285226349582524418
1285226353680281601
1285226381379600388
1285226387243180032
1285226399557734400
1285226407996674049
1285226416762568707
1285226458797862913
1285226475386548226
1285226492033671173
1285226496001552384
1285226517191163908
1285226559390048256
1285226567346659328
1285226579916881921
1285226605263101954
1285226626834247681
1285226638347628544
1285226655993208832
1285226659654914048
1285226685047148544
1285226697667706889
1285226706278785028
1285226708162019328
1285226743326965760
1285226811161554944
1285226831977738240
1285226837027639296
1285226844204089344
1285226848239026178
1285226848624898048
1285226860968923148
1285226865129660417
1285226895076925446
1285226899296444417
1285226907651518466
1285226915742220288
1285226965696483329
1285226978736590850
1285226979013332992
1285227011527647233
1285227015969349634
1285227050404655105
1285227075088060419
1285227091563347969
1285227091575943170
1285227100652240896
1285227113268891648
1285227175528947712
1285227180209975301
1285227196785672192
1285227197037293568
1285227255225036800
1285227268202274816
1285227272014880770
1285227272660754433
1285227301882548225
1285227318307430400
1285227431842869249
1285227494560366592
1285227569818869760
1285227573908312065
1285227605621379074
1285227641159680000
1285227659686039552
1285227677981585409
1285227782495244288
1285227834366205952
1285227851025920000
1285227888363606017
1285227900531363840
1285227942923116544
1285227943577493506