1285680961489899520
1285680991042969604
1285681020931538944
1285681029731307520
1285681036920332288
1285681058294398976
1285681092209639426
1285681109179813888
1285681129895403521
1285681149679996930
1285681154780266498
1285681175462391813
1285681196312285187
1285681196962381825
1285681242638299137
1285681271767797761
1285681280483565574
1285681280584163331
1285681280760401921
1285681298984534016
1285681306224001025
1285681335114268683
1285681340285952004
1285681364579356674
1285681398712541187
1285681469864673281
1285681485907976193
1285681548931600387
1285681649670336520
1285681657761140737
1285681658348408833
1285681674932625410
1285681678803927043
1285681712241016832
1285681727936004097
1285681797049864193
1285681817572564994
1285681854872522754
1285681910191136768
1285681933373050884
1285681943766601730
1285681956487860225
1285682023697453058
1285682067670536193
1285682072804364288
1285682079284461568
1285682095122259976
1285682097827569664
1285682136075444227
1285682169428480002
1285682186872553472
1285682244858925058
1285682250340851712
1285682338282835970
1285682345857757185
1285682408696815616
1285682412719136769
1285682415701241863
1285682606898663424
1285682618785308673
1285682619288625158
1285682697956982789
1285682740868898816
1285682744106852355
1285682761605484544
1285682799241027586
1285682807927451649
1285682815858868224
1285682820418088961
1285682882586058762
1285682895047331843
1285682936973590529
1285682967281651714
1285682975024324609
1285683025418891264
1285683090485018625
1285683168847290369
1285683176074092547
1285683197372772357
1285683206554034180
1285683219715825665
1285683268315217920
1285683274011082758
1285683285868281858
1285683289483878405
1285683290280800262
1285683302016397312
1285683305585811458
1285683323428376578
1285683344500502528
1285683344680923140
1285683364847063040
1285683365472096257
1285683365706977280
1285683377945935874
1285683390092640258
1285683415115870208
1285683418886438913
1285683457407037440
1285683478651195393
1285683483076067331
1285683489258561536
1285683537157468160
1285683600722100232
1285683607382691843
1285683613598720000
1285683667684282368
1285683730179395587
1285683731907346434
1285683735871008768
1285683738165350400
1285683843262042113
1285683920219123719
1285683936253837313
1285683984777846784
1285684031808561153
1285684119846952960
1285684146224934913
1285684156316487681
1285684179007680512
1285684183394930690
1285684195449241601
1285684212956372994
1285684292379705353
1285684337950826497
1285684376811053058
1285684477314904064
1285684493936992260
1285684522529554432
1285684533061464064
1285684564673929222
1285684582000582658
1285684603030843397
1285684636945911809
1285684652859162624
1285684691245371392
1285684693334208524
1285684698094669829
1285684703840948230
1285684723587719170
1285684728381739008
1285684732358021120
1285684732899008515
1285684754130653186
1285684773202075648
1285684794811187201
1285684860431020034
1285684879351570435
1285684883654836224
1285684929838424064
1285684950214352900
1285684955352367104
1285684959253069827
1285685026336768002
1285685033890652162
1285685055982112771
1285685072696352769
1285685081089212418
1285685082066489349
1285685100403974146
1285685113846665217
1285685114651975692
1285685122608640000
1285685140077912066
1285685143328391182
1285685145270464512
1285685176895406082
1285685231413071878
1285685232415498242
1285685239977840647
1285685251528941570
1285685260995440640
1285685268545179649
1285685278435348482
1285685294776426496
1285685303475351553
1285685320151900167
1285685323863855109
1285685327693258752
1285685352057974785
1285685357061775363
1285685373516091393
1285685386417766402
1285685458245214210
1285685546090663936
1285685548506591233
1285685557813751808
1285685575945682946
1285685583604580353
1285685584086937604
1285685592345452546
1285685595432419331
1285685605276487680
1285685622586449923
1285685626038366208
1285685628101955587
1285685636805144577
1285685647659937793
1285685667780005890
1285685685320646657
1285685700759879680
1285685718619238401
1285685719382589441
1285685731063726080
1285685739200618498
1285685742681894912
1285685767826804736
1285685814165413888
1285685829680209921
1285685840824410113
1285685842393137153
1285685886072639488
1285685893936930818
1285685915428495360
1285685974371106818
1285685987272785920
1285685989026017280
1285685994751234050
1285686006889447424
1285686033829564417
1285686043082133504
1285686055421849602
1285686074262663169
1285686075302780928
1285686091899719680
1285686133989539840
1285686153656643585
1285686161952976897
1285686162502320129
1285686204361584640
1285686217212821505
1285686256316428289
1285686268073054218
1285686363556384779
1285686364214898689
1285686366190407681
1285686372230201345
1285686376638357505
1285686380664950794
1285686415691517957
1285686425585844231
1285686435606134785
1285686452106465285
1285686469659631617
1285686485472161799
1285686490517966852
1285686590547931137
1285686595304267776
1285686611242618881
1285686619824152578
1285686621543837697
1285686633556303874
1285686661804961793
1285686702862999552
1285686757711917057
1285686785960484864
1285686796211367938
1285686821666672645
1285686829921062914
1285686856366067714
1285686913148620800
1285686915526795265
1285686959566917632
1285686968387600389
1285686968425250817
1285686976151269378
1285687001774280707
1285687005746204674
1285687010624249859
1285687013761581067
1285687044644184065
1285687097878294529
1285687116643655681
1285687118233243656
1285687127678824454
1285687140077178882
1285687141469749253
1285687152400044032
1285687189846843394
1285687199078522881
1285687236529455104
1285687249062027264
1285687252237127681
1285687257500921858
1285687287829987328
1285687333463961601
1285687345241624577
1285687370663309313
1285687395472617472
1285687412568588288
1285687421955342342
1285687437621112833
1285687449839165440
1285687450833170442
1285687538808741890
1285687609738629122
1285687633792897024
1285687642970107908
1285687651421618177
1285687660691030022
1285687664138768397
1285687689707216898
1285687709185585152
1285687716722737156
1285687726961025025
1285687735320289281
1285687833315999747
1285687906120720384
1285687911686590464
1285687958289502212
1285687961946697728
1285687984885501953
1285688037104586752
1285688037293395968
1285688068209614863
1285688088409317376
1285688150485065728
1285688163932033026
1285688168314961929
1285688171439816704
1285688185889132548
1285688195804520448
1285688209549205505
1285688226645250056
1285688238468993026
1285688248145186817
1285688281938767872
1285688292193837056
1285688310212558850
1285688356068786176
1285688361366192135
1285688366579822592
1285688371382231040
1285688377640210433
1285688392408272902
1285688393851195394
1285688419235110913
1285688473769447426
1285688490424971269
1285688503024726020
1285688520137420802
1285688521324482561
1285688528580628480
1285688541440282626
1285688547610177536
1285688565150687233
1285688582552924163
1285688586621333505
1285688588433227782
1285688607840272384
1285688623581532160
1285688629315215361
1285688652660695045
1285688658314526726
1285688662739636224
1285688663129698316
1285688674709979136
1285688679143550977
1285688696428257280
1285688738585116672
1285688754599059456
1285688786941292549
1285688830704705538
1285688863957147653
1285688876842049538
1285688905023533056
1285688910002237442
1285688943254671368
1285688965048213505
1285689015333781505
1285689019301593088
1285689033885134848
1285689056454746112
1285689082207764482
1285689082547523585
1285689108271116289
1285689128848424974
1285689140684771340
1285689153083121664
1285689154093940737
1285689161077456897
1285689211673350150
1285689213422317568
1285689215704064001
1285689267184898055
1285689282120867840
1285689325326340098
1285689329231200256
1285689333895376898
1285689346050478082
1285689363481886722
1285689378971496450
1285689379562938371
1285689388459085827
1285689390770073602
1285689442578182150
1285689443291205637
1285689444520079360
1285689446692790276
1285689497049595905
1285689517161287683
1285689522391482368
1285689527638593536
1285689530964750336
1285689535851106306
1285689560224141313
1285689607208804353
1285689620299227137
1285689644521316352
1285689657011974147
1285689685692624897
1285689689849106434
1285689694202875906
1285689699139497991
1285689705934344193
1285689761076776960
1285689764059000832
1285689789396725760
1285689795516207113
1285689828445753344
1285689837157257218
1285689841494171648
1285689849866051585
1285689882191462400
1285689885043691520
1285689937917022208
1285689938059710465
1285689963934289920
1285689975930060801
1285689978815746061
1285689993864847362
1285690013049659394
1285690021698314240
1285690029927469056
1285690063943348231
1285690075779661825
1285690096738537472
1285690097715814405
1285690105060102144
1285690118771277831
1285690130834087937
1285690151784665088
1285690174056390657
1285690197569605636
1285690197649358853
1285690202342723585
1285690235574259713
1285690247578345472
1285690248257822722
1285690281342509057
1285690289760468992
1285690323474284546
1285690348379963396
1285690356655370244
1285690382249074688
1285690394584506370
1285690402616627204
1285690423781003273
1285690444861628416
1285690508958892032
1285690513035845633
1285690520707239938
1285690541368279040
1285690591498690573
1285690612784799749
1285690616907694081
1285690617092349955
1285690633588531200
1285690655310848007
1285690691402833920
1285690713951395843
1285690764241010691
1285690775779586056
1285690792498143238
1285690793450246144
1285690805424922624
1285690806586814464
1285690813419331585
1285690822059491328
1285690844041945093
1285690860240281603
1285690865038614529
1285690894432325636
1285690915508674561
1285690919279374336
1285690923653959686
1285690927026262016
1285690932185243648
1285690957107798025
1285690960798789633
1285690990477692928
1285691057448136706
1285691074200182785
1285691111718170627
1285691141241937920
1285691149831868416
1285691166273536000
1285691167150084103
1285691181968564226
1285691237664784387
1285691258682433537
1285691262767714305
1285691266039250944
1285691267008147457
1285691271412101125
1285691271672193030
1285691275501608968
1285691287904161793
1285691288499757062
1285691317633376257
1285691321408258048
1285691325627731968
1285691350785163267
1285691355319218182
1285691355688304641
1285691367826563072
1285691393449631744
1285691451603550209
1285691460524941312
1285691462034903040
1285691480728903681
1285691489167847425
1285691514719539207
1285691523510804480
1285691540166320128
1285691552099004416
1285691552438931456
1285691565185413120
1285691585120935945
1285691655811735554
1285691682378452992
1285691700162318336
1285691711679758336
1285691727668363264
1285691728503111680
1285691743468490752
1285691748585549826
1285691796098621441
1285691807205068806
1285691813186154497
1285691837374763014
1285691875542917121
1285691896023732224
1285691898901016576
1285691900331266048
1285691912624668673
1285691917343371265
1285691942051942402
1285691967972802561
1285691971290439680
1285691972326494213
1285691984276054018
1285692009437683712
1285692010125557762
1285692051812757505
1285692064383012871
1285692074722041856
1285692115692015616
1285692153092542464
1285692153704873985
1285692179864854528
1285692199972331520
1285692252384264193
1285692274484162567
1285692281480187907
1285692312513851392
1285692341462937602
1285692420752105473
1285692467279540230
1285692479392624647
1285692513454632967
1285692550964219906
1285692551039782918
1285692554223259649
1285692600876445699
1285692655117238272
1285692655360450560
1285692656006377474
1285692673844809729
1285692676948611080
1285692702173036544
1285692751644950533
1285692810570674177
1285692894481993734
1285692923863019521
1285692950232674306
1285692965617307650
1285692966011637762
1285693009716224000
1285693010030796805
1285693016573960194
1285693033149759494
1285693078771302400
1285693082932043780
1285693104125698048
1285693129514000400
1285693147960545287
1285693171217960960
1285693175726735361
1285693178746740737
1285693179480739841
1285693192080433154
1285693217812471808
1285693239983517697
1285693248749686785
1285693268290936839
1285693360162910208
1285693398591180800
1285693419478757381
1285693439837954049
1285693443826683908
1285693478337425408
1285693478916304897
1285693498801487878
1285693523359039493
1285693524172734471
1285693532821487620
1285693590308626433
1285693614459367425
1285693619169570817
1285693624789999616
1285693633673428992
1285693637418983424
1285693653437087745
1285693658130415618
1285693670889533440
1285693691353497601
1285693716401987584
1285693779702362113
1285693781245865984
1285693803622473730
1285693813378428928
1285693817023324161
1285693843384541187
1285693884232798211
1285693926419169280
1285693964721496064
1285693964880838658
1285693994043944960
1285693997659324418
1285694003808210947
1285694043419222019
1285694054752231426
1285694065426694145
1285694073068814337
1285694131562520581
1285694138810273797
1285694144241967104
1285694182326243328
1285694207110393865
1285694238596960256
1285694298906865671
1285694299456315393
1285694299875807233
1285694308331462656
1285694313964470273
1285694325343563776
1285694329424674820
1285694337536450564
1285694346151497728
1285694351490916354
1285694354548494337
1285694358453354496
1285694371472584704
1285694438220664834
1285694467996033027
1285694479693905920
1285694484542640129
1285694488158011395
1285694505459515392
1285694546660253696
1285694551991230465
1285694613710413827
1285694680995434500
1285694702566727687
1285694715145355272
1285694715514494981
1285694715573219334
1285694752499945473
1285694786243100677
1285694803351605248
1285694871341342721
1285694881927778304
1285694899749376001
1285694916014768128
1285694933245009920
1285694937674252290
1285694970574364672
1285694983291404289
1285694992468586496
1285695029638569985
1285695037557309443
1285695050479996928
1285695078397349888
1285695109808508929
1285695114288017411
1285695166725214208
1285695206290067461
1285695222798848002
1285695223490912257
1285695226649157632
1285695294290759680
1285695294508761088
1285695326729494531
1285695331070607362
1285695331095781376
1285695334937583616
1285695419251556352
1285695465951055873
1285695466756362241
1285695474020814856
1285695507973775366
1285695513132703744
1285695528458694661
1285695536901820419
1285695588156276738
1285695594569371649
1285695596297322499
1285695611141083137
1285695629243691010
1285695646469586944
1285695661955067905
1285695714379603970
1285695749485993985
1285695766741299209
1285695767613669382
1285695784051253248
1285695796776706050
1285695809464545290
1285695817014222848
1285695935595651079
1285695948300193792
1285695948442734592
1285695952406413315
1285695964800593921
1285695968604639232
1285695976259424258
1285695995582586880
1285695997696450563
1285696002956165120
1285696007112663042
1285696019276206087
1285696029149585409
1285696031909449731
1285696048959229952