1285756448681668608
1285756448840880128
1285756448987734016
1285756449033990146
1285756449973575681
1285756453228130304
1285756488594661377
1285756592999276545
1285756656043921409
1285756663874621441
1285756693687799818
1285756696254545922
1285756715028418560
1285756719537065985
1285756723383287809
1285756770019938305
1285756774398734338
1285756782032363522
1285756794472550400
1285756799732383750
1285756808242647041
1285756895559430144
1285756991428853763
1285757024287039489
1285757030159060993
1285757075608334337
1285757083795636224
1285757109288579072
1285757109380890625
1285757116184231937
1285757160140550144
1285757180390629376
1285757200384823301
1285757226385367040
1285757290092597248
1285757305271848960
1285757332056453120
1285757390894268421
1285757412557774849
1285757436863721472
1285757444803530752
1285757553616486403
1285757587783286785
1285757596239114242
1285757709116030976
1285757797297160192
1285757837755338752
1285757848480288769
1285757851349258241
1285757860605865984
1285757889043296256
1285757890012348417
1285757894110191616
1285757918286163973
1285757943758151680
1285757961302757376
1285757977413156865
1285758003333955584
1285758014880993280
1285758015627505665
1285758043397992455
1285758074138042374
1285758099857473536
1285758119679635456
1285758124360708097
1285758158355533827
1285758170892079104
1285758220955418625
1285758278933393408
1285758282607390723
1285758326400221184
1285758361762291712
1285758372147376128
1285758377818087426
1285758380062019585
1285758430460829698
1285758459594637314
1285758468549419009
1285758498547150848
1285758501508308994
1285758527185670145
1285758539340931074
1285758552217444352
1285758569522974720
1285758615597518848
1285758655363678210
1285758657230249986
1285758678084263938
1285758699336654849
1285758728885555200
1285758750037549058
1285758812087971840
1285758816890626054
1285758866966351878
1285758875153702914
1285758886029324288
1285758900860583939
1285758901074505728
1285758904673218560
1285758913946804225
1285758940697985024
1285758972386050048
1285759030049161217
1285759030934343680
1285759051553357825
1285759059958706176
1285759177579737089
1285759190015893504
1285759199050375169
1285759207350861824
1285759214879744000
1285759215160745989
1285759231300444161
1285759288254664704
1285759366746927104
1285759370110935043
1285759431926378496
1285759437269917696
1285759513027653635
1285759588420247552
1285759605805477890
1285759764518010883
1285759792112230402
1285759803944349701
1285759810399399937
1285759864636084225
1285759873846857730
1285759902527496193
1285759918184837121
1285759951156248576
1285759961243570176
1285759995171274752
1285760024120381441
1285760037588262912
1285760042994749440
1285760071339778052
1285760083440406529
1285760108086145024
1285760154181435393
1285760205662253056
1285760207046377473
1285760247286521857
1285760247366324230
1285760250923155457
1285760252030271490
1285760255952027651
1285760259336757248
1285760289334591490
1285760294233313280
1285760317751009280
1285760394301075456
1285760398151561219
1285760414916255747
1285760431689052160
1285760443424923649
1285760476652044288
1285760515529216000
1285760595120271360
1285760607577190400
1285760612379713537
1285760624656625665
1285760629798731776
1285760650531176457
1285760685708906496
1285760686514147328
1285760704478277632
1285760726821298176
1285760761994686465
1285760779787079680
1285760789920481281
1285760792466534401
1285760792604835841
1285760881511587841
1285760900842962944
1285760972347412485
1285761023211761670
1285761035983519744
1285761069311356931
1285761093969891328
1285761135967264768
1285761211636883457
1285761229366099968
1285761254355853312
1285761312279146503
1285761320323887104
1285761400619454465
1285761437734809600
1285761438636802048
1285761462531772417
1285761505099751426
1285761605083582465
1285761652328206336
1285761681868521472
1285761698033524737
1285761719269314561
1285761740551200769
1285761777150488577
1285761802526093312
1285761807286591488
1285761807341117441
1285761807634903041
1285761848910831616
1285761879361622018
1285761886953156608
1285761886965731328
1285761903965306881
1285761907685654528
1285761913650130944
1285761924517564416
1285761926690156544
1285762000585404419
1285762004947369984
1285762012409147393
1285762054570348544
1285762062342402048
1285762067342020611
1285762133859250177
1285762229707649024
1285762236858818565
1285762259717779456
1285762276952174592
1285762293666656257
1285762310175199234
1285762319306366976
1285762339963273216
1285762348461031424
1285762415901147136
1285762415984951298
1285762425002786816
1285762427779514375
1285762428555407361
1285762453058527234
1285762469781286912
1285762470489931776
1285762478039658496
1285762494561165312
1285762495307812864
1285762508045705216
1285762521035497472
1285762540887257088
1285762541252116483
1285762554577510408
1285762559082037249
1285762586722676736
1285762603940302848
1285762615596253186
1285762639310749696
1285762642599084033
1285762646688628738
1285762654699651074
1285762655584522240
1285762700044374018
1285762703936585733
1285762708210626561
1285762750795386880
1285762754570334209
1285762821658157057
1285762821830201349
1285762834379481091
1285762847335682048
1285762856118439937
1285762868353413120
1285762934937968646
1285762977317019648
1285762989375848450
1285762998343278593
1285763019184771072
1285763057654915072
1285763069663207426
1285763111199416327
1285763115716472832
1285763119697010690
1285763140945350658
1285763199128817665
1285763203956445187
1285763216899862528
1285763261992849409
1285763288077422594
1285763304955146242
1285763333833084928
1285763359628054529
1285763360873562113
1285763392574238720
1285763430746595330
1285763456289955840
1285763459414548480
1285763461436207104
1285763480709103618
1285763480918855682
1285763496060219392
1285763527546777601
1285763556529434626
1285763564532359170
1285763568365969410
1285763577941569536
1285763585654657024
1285763606588596224
1285763611365908481
1285763656727146496
1285763681888993280
1285763723643084800
1285763753359925249
1285763765623898112
1285763773870100481
1285763787610611713
1285763799211966469
1285763812491132928
1285763819474690048
1285763879063052291
1285763879314681863
1285763944490119169
1285763979797815304
1285763992426876931
1285763997023776772
1285764008809648128
1285764013452918786
1285764116804710405
1285764139747627009
1285764154595446784
1285764161171947521
1285764168209981440
1285764181107642368
1285764218734678023
1285764295729524736
1285764306106277889
1285764320245284865
1285764344832294917
1285764399416975360
1285764440282009603
1285764450763579397
1285764477216911361
1285764507780837376
1285764508456296450
1285764514676260865
1285764525820719116
1285764542404984832
1285764557999427585
1285764558708264962
1285764601565470722
1285764625774993409
1285764688677150722
1285764705588588544
1285764722252537859
1285764754934509568
1285764759518945280
1285764785179631617
1285764817328930816
1285764865068539904
1285764944366047234
1285764961013248002
1285764965073391616
1285765003635720194
1285765032303878146
1285765070694289408
1285765108501819392
1285765108610850817
1285765158011371528
1285765165846274049
1285765165997228032
1285765175006638084
1285765175463890945
1285765178999668736
1285765206933733376
1285765221575987203
1285765222297489408
1285765237728149505
1285765242887208960
1285765266765307905
1285765297203490816
1285765393517174784
1285765414094422018
1285765422600650754
1285765444410970114
1285765455140073476
1285765469165588483
1285765473309732866
1285765507686096898
1285765513113673728
1285765517513379840
1285765561184669696
1285765563063635968
1285765566314065920
1285765594416140290
1285765604826247169
1285765636585590785
1285765666046464000
1285765703275106307
1285765716541505536
1285765787110670336
1285765787672735744
1285765800033488896
1285765834942689281
1285765875883298816
1285765944774549505
1285765967503482880
1285766001318080513
1285766017915002880
1285766018145456129
1285766022058868737
1285766026668515329
1285766033282748416
1285766136424873984
1285766156658241536
1285766189705302018
1285766232571031552
1285766270386712578
1285766286367232000
1285766332328411137
1285766374900596736
1285766404436885504
1285766425001353217
1285766426834460672
1285766429283774465
1285766487546851331
1285766508875046915
1285766517615779841
1285766550423830528
1285766567641456640
1285766571353350145
1285766575526567936
1285766688814903297
1285766691973103617
1285766710008532993
1285766738588524544
1285766739884736512
1285766751620227072
1285766755927814144
1285766768468750336
1285766798621712385
1285766834382344193
1285766892305690627
1285766907912757248
1285766919862325248
1285766962434334720
1285766966469251073
1285766991475691520
1285767066667094017
1285767083616161792
1285767100867452929
1285767104210198529
1285767116071862273
1285767130110017536
1285767143120871430
1285767171398930433
1285767226151198720
1285767255385690112
1285767301820604417
1285767321257205761
1285767322506915840
1285767354635309057
1285767371433684992
1285767374105448448
1285767381147627520
1285767402811043841
1285767419823222784
1285767444460523521
1285767478249807873
1285767489461391361
1285767498911092739
1285767505470820352
1285767513557667842
1285767553126666245
1285767557211811842
1285767562651930625
1285767625318952961
1285767653894782976
1285767679303983108
1285767695523360768
1285767712220893185
1285767725533388802
1285767750636322817
1285767751240421382
1285767771964551175
1285767792474685442
1285767810509967361
1285767842957275136
1285767859424030721
1285767880550875136
1285767897932017664
1285767905615937537
1285767912582594560
1285767930916016129
1285768022611898368
1285768023001968649
1285768027078897669
1285768027443617792
1285768053129572354
1285768149330206720
1285768162273714177
1285768182565761025
1285768228019433473
1285768228887617536
1285768332889776128
1285768366859456512
1285768368394567681
1285768370793656321
1285768386874494976
1285768405157441536
1285768438925926401
1285768492327809027
1285768563869880320
1285768571675607040
1285768611089580038
1285768669381840896
1285768677237956611
1285768702546391044
1285768702974144513
1285768778341584896
1285768794804125696
1285768798906318850
1285768815935139841
1285768827863592961
1285768841411215361
1285768852933095429
1285768870679269376
1285768882842742786
1285768916208427009
1285768924991090688
1285768937809031171
1285768996432871425
1285769016699695104
1285769089072455680
1285769096836112386
1285769108814954496
1285769119464329218
1285769134966337536
1285769155308924931
1285769172534738944
1285769231728914434
1285769248443375616
1285769251786129408
1285769252201324544
1285769313811607553
1285769382677839875
1285769411215757312
1285769534906011653
1285769540559867905
1285769545588699138
1285769558834532354
1285769579541729280
1285769586856595462
1285769675557801984
1285769699528183813
1285769730419306497
1285769734588256258
1285769747410419718
1285769760186105862
1285769788967604224
1285769798325088259
1285769800451596289
1285769860157517825
1285769896664719360
1285769921645903872
1285769960589950976
1285770002746900483
1285770004005302284
1285770007947902983
1285770015350968325
1285770022334296065
1285770065388896257
1285770094971252736
1285770111421255681
1285770112138530817
1285770174659014656
1285770239481978880
1285770241356644352
1285770254128316416
1285770263271895040
1285770311305179137
1285770326371180546
1285770346725965829
1285770376614731777
1285770405328777217
1285770426359189504
1285770464284073985
1285770468306427904
1285770497288892416
1285770519229411332
1285770552309776384
1285770552720994308
1285770590310129664
1285770616155582464
1285770632744046592
1285770633612333056
1285770639681282049
1285770643556823041
1285770711454429185
1285770719469731840
1285770724641103872
1285770727413571585
1285770728701259776
1285770741032591361
1285770800373661700
1285770834301181952
1285770837262512133
1285770843503472643
1285770850197737472
1285770853683130369
1285770858846453761
1285770901120708609
1285770905080094725
1285770947014860805
1285770988681146370
1285771021467783168
1285771055567699968
1285771067886170113
1285771114057277441
1285771118230548480
1285771159452160000
1285771172727095297
1285771177508638721
1285771214271795202
1285771265903599616
1285771296584785921
1285771316402900992
1285771327970967559
1285771378940153856
1285771382609989632
1285771444597686272
1285771449442144257
1285771487413182464
1285771487912304642
1285771495919087616