1287583489320079362
1287583517044543488
1287583525764399104
1287583537995055104
1287583540700356608
1287583560833159169
1287583590235148288
1287583618127351809
1287583619582701575
1287583624250961921
1287583674800771072
1287583729360216065
1287583737916477442
1287583738247778308
1287583758359592960
1287583767352225792
1287583786260201472
1287583808410222592
1287583821689495552
1287583833978572801
1287583871115104257
1287583879834947584
1287583883970654209
1287583889137922050
1287583897119854595
1287584001620758534
1287584011204861953
1287584057056989187
1287584098245115904
1287584105861976064
1287584132428525573
1287584139554615302
1287584157372047360
1287584194101686272
1287584241392418816
1287584248690405376
1287584266080198657
1287584278365298689
1287584292546260993
1287584357633277952
1287584367473315840
1287584410775191553
1287584416794062849
1287584428395462660
1287584497291190272
1287584517050400774
1287584551393533953
1287584551586402304
1287584595693703170
1287584631961923585
1287584643089391617
1287584644418818050
1287584669693669376
1287584708495208448
1287584769170169856
1287584832373940225
1287584832604823552
1287584839340822531
1287584865211297792
1287584927962333194
1287584928750862336
1287584932454371328
1287584958173913088
1287584962032488448
1287584986925858821
1287584995331145728
1287585008375472128
1287585025093963781
1287585079397621760
1287585096766291968
1287585106148941825
1287585117586837504
1287585121055301632
1287585209278271488
1287585265398079489
1287585324768657410
1287585352400732161
1287585373544157184
1287585382478077953
1287585487172050945
1287585491739725831
1287585498903588867
1287585549167890432
1287585600548339714
1287585607988981760
1287585645813207040
1287585688569802754
1287585738167640065
1287585746317127680
1287585788692254720
1287585788859838465
1287585804534120449
1287585842752610304
1287585843541094401
1287585867960184838
1287585884838264833
1287585889338654720
1287585897408421888
1287585981244243968
1287585990241144834
1287586019496394757
1287586023619215360
1287586036353306624
1287586077390385157
1287586077587288065
1287586082276560896
1287586111079014402
1287586174911954944
1287586202162532352
1287586236878774272
1287586236903895040
1287586242021011462
1287586258823155712
1287586262052999168
1287586330684334082
1287586367665405952
1287586368022028288
1287586393758343170
1287586395947700226
1287586404525121542
1287586413387452416
1287586421885358085
1287586426998022144
1287586485445840902
1287586522498322432
1287586530798833670
1287586534477172736
1287586539724328961
1287586551409422336
1287586563443040261
1287586590664077312
1287586602177396741
1287586615188103168
1287586649266958336
1287586669554806785
1287586706816999424
1287586706967932928
1287586718967898113
1287586724340740096
1287586725393555456
1287586798818844672
1287586803843829760
1287586810915364864
1287586883237642241
1287586904809132032
1287586954305892353
1287586973482278912
1287587021758717952
1287587051030937600
1287587109545693185
1287587360591372288
1287587395177549827
1287587424755802112
1287587546835247107
1287587551105228805
1287587562849214464
1287587571896332288
1287587616846753793
1287587659737686017
1287587664699502593
1287587725844062215
1287587767342383106
1287587783813496833
1287587801874067461
1287587819343421440
1287587823160373250
1287587826775871488
1287587844622553088
1287587902139052032
1287587906597478401
1287587911211184128
1287587918907756546
1287587994568781825
1287587999450951680
1287588028744114178
1287588031679967233
1287588049099149313
1287588065490370560
1287588070577987590
1287588118544162817
1287588141067460608
1287588171614687235
1287588192829485057
1287588207924662272
1287588317882720257
1287588333896359936
1287588414343147521
1287588417979797504
1287588436086382592
1287588442960883713
1287588464318386178
1287588561722712064
1287588650180644865
1287588707906621445
1287588732791435265
1287588825535922176
1287588892254842881
1287588946520821760
1287589067798978562
1287589164574216193
1287589321378340866
1287589337786224641
1287589341905039361
1287589408041046017
1287589495651655680
1287589596583415809
1287589597438976006
1287589597451620352
1287589638597738502
1287589663641919488
1287589723515609090
1287589731086278660
1287589748312178689
1287589756898025474
1287589781254234112
1287589822631014402
1287589835390287872
1287589855271120897
1287589924275990528
1287589927538982913
1287589943422976007
1287589953837375489
1287589969662484485
1287589995600125952
1287589995998523392
1287590004630462465
1287590012771545093
1287590050704666624
1287590066488041477
1287590113120264193
1287590145441566720
1287590204551737344
1287590250626179073
1287590338832617472
1287590379856883712
1287590385829793792
1287590425977597954
1287590435565821954
1287590452905082883
1287590478687477764
1287590495506427905
1287590541035630594
1287590591489085440
1287590631930564609
1287590660305047553
1287590691317723137
1287590749920538627
1287590756220383232
1287590854874472449
1287590913443758080
1287590922687938564
1287591014887313409
1287591017873461248
1287591118872416256
1287591127755915264
1287591190234378241
1287591220932419584
1287591358786498561
1287591362255347712
1287591362976776198
1287591370861899776
1287591412960198656
1287591420841398272
1287591421411655680
1287591560650031106
1287591611153764353
1287591650739384321
1287591668846223360
1287591682519728128
1287591686391177221
1287591694821658624
1287591706796466177
1287591733589614595
1287591764723994624
1287591791324258304
1287591807849832448
1287591832558305281
1287591847372742657
1287591853454483462
1287591858714161153
1287591872937041920
1287591887529037826
1287591904029286402
1287591907917361152
1287591915383267328
1287591945452257283
1287591971121295363
1287591975877779460
1287591987533639680
1287591996756881408
1287592033134284801
1287592034933575687
1287592097080414215
1287592117850607616
1287592172162887681
1287592172330479617
1287592270607396864
1287592302177849344
1287592356712050688
1287592381332717569
1287592406666354689
1287592423204454400
1287592425037471744
1287592428216573952
1287592537998397441
1287592557862518784
1287592613332344832
1287592616973012993
1287592639366234112
1287592650925719552
1287592684241264645
1287592700712116224
1287592704927358978
1287592708589199360
1287592797407719424
1287592822330126336
1287592830760701952
1287592852432621568
1287592876889825280
1287592902286143488
1287593034947768321
1287593050307473410
1287593057597218826
1287593073543766016
1287593128439021569
1287593145560109056
1287593233313193984
1287593266901377026
1287593269992534018
1287593343048921088
1287593360203497472
1287593456072720385
1287593468261408770
1287593509705269251
1287593555909804032
1287593569348456448
1287593581482475520
1287593640030871556
1287593665817387008
1287593682179424259
1287593682539909121
1287593694217076736
1287593698239246337
1287593715192799237
1287593745718878208
1287593753914433536
1287593849309855744
1287593882805575683
1287593895560445952
1287593963877093377
1287593967362682881
1287593972098117632
1287594015177814017
1287594055740928001
1287594101840502785
1287594223672463361
1287594252856262656
1287594302231572480
1287594403268354048
1287594419365978113
1287594428949860352
1287594462802313216
1287594482951626753
1287594516061405184
1287594520473767936
1287594542036852737
1287594542678413315
1287594546977792001
1287594554795925504
1287594625608216576
1287594697175621632
1287594719141388288
1287594760937644034
1287594782957531137
1287594790373261312
1287594814930853888
1287594954466893825
1287594995151712257
1287595051795849217
1287595129054715904
1287595191445024768
1287595228065669121
1287595250815574021
1287595337100623872
1287595347322126336
1287595384987164672
1287595462678253568
1287595502872088577
1287595558140608512
1287595594177904642
1287595615745191938
1287595704559362048
1287595712931401731
1287595729595305985
1287595749686022145
1287595783987040257
1287595808385269760
1287595809249386506
1287595823551848449
1287595847081791493
1287595860352733189
1287595888953745410
1287595908952203264
1287595938358452226
1287596052711788545
1287596152330887170
1287596174518689794
1287596181619605505
1287596182148190208
1287596203149066241
1287596218873516038
1287596231531921408
1287596232672608259
1287596312670609409
1287596334707597314
1287596374947659776
1287596386205212672
1287596446074564608
1287596553012514817
1287596576752504834
1287596583446511616
1287596610692820994
1287596640786841603
1287596718863704064
1287596756033626112
1287596807367925760
1287596840737701890
1287596850577469440
1287596903694245888
1287596911923351552
1287597012762779648
1287597041644797957
1287597041883975680
1287597046375972864
1287597095931785218
1287597105209421825
1287597113476395009
1287597209056186369
1287597255348948992
1287597297271033857
1287597331316015105
1287597520466608129
1287597524568518656
1287597544772472832
1287597549155684353
1287597594789601280
1287597688033353728
1287597699777343488
1287597700687581185
1287597701618716673
1287597702696460289
1287597703774588929
1287597704722472967
1287597705712328704
1287597706639269889
1287597707566219264
1287597708493103107
1287597729057841152
1287597779926294528
1287597808472805376
1287597855973289984
1287597884897075203
1287597918443016192
1287597993580015616
1287598010143129601
1287598068972400642
1287598083300237312
1287598144943988738
1287598148748300290
1287598157023440896
1287598191257563136
1287598225420095488
1287598242126008323
1287598266796912640
1287598279799209984
1287598282810646528
1287598413115273216
1287598459047030784
1287598464319336450
1287598477199867904
1287598486226194432
1287598547387523072