1283567021993734144
1283567032756305921
1283567036262764545
1283567124477349889
1283567129200074755
1283567142533652480
1283567182861996035
1283567249849294848
1283567317427912705
1283567337828909056
1283567341511610369
1283567347773710336
1283567351259000832
1283567385593516033
1283567389418778624
1283567389616099329
1283567405780869120
1283567527461707776
1283567576610746368
1283567580234604545
1283567582742671363
1283567620390825984
1283567636677263361
1283567661582974976
1283567716255793155
1283567717086363649
1283567778457362433
1283567782966243328
1283567816919130115
1283567833566179328
1283567854730842112
1283567855003488258
1283567863287156737
1283567893821743107
1283567896799608833
1283567901346275331
1283567908908437504
1283567949140365313
1283567953980477440
1283567971852521473
1283567988189179910
1283567988445241344
1283568009374625792
1283568025191493634
1283568128757239810
1283568135182917633
1283568136030236672
1283568153218424832
1283568157614125060
1283568203034238983
1283568214535004162
1283568251604275201
1283568278150021122
1283568285959753728
1283568289080381440
1283568304016240640
1283568353970466816
1283568370630168577
1283568434102407168
1283568508933042181
1283568513756667904
1283568517292359684
1283568522614968320
1283568542546354178
1283568568362295297
1283568599031058433
1283568614591922176
1283568659978485766
1283568689904791553
1283568697143996416
1283568722607779840
1283568748583157761
1283568752143904768
1283568790538780672
1283568798532947968
1283568806413996034
1283568828329398274
1283568845001809921
1283568869953675264
1283568895043997698
1283568912018407425
1283568949070888960
1283568991466926081
1283569123264548866
1283569189232373761
1283569197658841090
1283569281230409729
1283569289157414913
1283569335986946053
1283569339501875200
1283569381927264258
1283569429775884288
1283569453091950592
1283569469189570560
1283569507143909376
1283569519370342400
1283569524219023362
1283569573913145344
1283569611481534464
1283569612190343168
1283569632738193409
1283569641093165056
1283569653713969154
1283569669404680199
1283569713012969473
1283569767907983362
1283569790229995520
1283569808857063429
1283569914113077254
1283569918781337600
1283569955603132418
1283569960917368832
1283569963941294081
1283569968815017985
1283569985135271937
1283570011773104128
1283570018001674241
1283570026524672000
1283570036049956867
1283570039736676353
1283570086142500864
1283570115351584770
1283570159001784321
1283570166316621824
1283570207341109256
1283570266543710209
1283570283362816003
1283570299871596547
1283570325121314816
1283570342309638146
1283570370713399298
1283570378942623745
1283570387998121985
1283570446437429249
1283570529488662529
1283570535016824832
1283570537978114048
1283570551848607744
1283570569133338625
1283570576469168128
1283570593124823041
1283570593586008064
1283570624984526848
1283570652386140160
1283570658794811392
1283570664624943106
1283570676885073920
1283570677237403653
1283570698351345664
1283570698972270592
1283570722120568837
1283570752491606017
1283570752780935170
1283570798603755520
1283570799048298497
1283570832644534273
1283570837245886465
1283570840588570626
1283570856841695233
1283570862013050881
1283570882879750145
1283570903540957184
1283570952744456193
1283570958519828481
1283570962898788353
1283570980217065472
1283570984025387009
1283571038048198660
1283571038685663232
1283571041646907394
1283571054997315584
1283571071359254528
1283571084894236674
1283571088027516928
1283571134341042177
1283571134978568193
1283571151885807616
1283571189281992704
1283571209666473985
1283571211293859846
1283571214829715456
1283571219103723520
1283571248535080961
1283571272471977989
1283571315358593024
1283571391158255616
1283571412037521408
1283571453531578368
1283571495453593600
1283571511777996803
1283571537543671808
1283571552043376640
1283571587892092932
1283571594061844480
1283571600177102850
1283571638034821120
1283571672998711296
1283571688152735744
1283571709950545920
1283571722009161728
1283571766078525441
1283571815948918784
1283571832281608192
1283571852271472640
1283571863424245761
1283571897905471488
1283571939882278912
1283571943749427202
1283571948111495169
1283571949340368904
1283572027748749312
1283572040478281728
1283572048619540490
1283572055267581952
1283572065279385602
1283572069477814272
1283572086707978242
1283572087337226240
1283572087907655680
1283572124570071042
1283572132446953476
1283572174729568256
1283572227057885187
1283572233319981057
1283572254513782784
1283572279864164355
1283572309345939456
1283572321383583747
1283572321526198273
1283572366870589442
1283572392489435136
1283572414211854336
1283572434830938112
1283572443555258368
1283572464572944384
1283572466275811329
1283572494180315136
1283572510144045056
1283572522563198979
1283572526740918274
1283572544528953348
1283572569317298177
1283572628226285570
1283572628230266880
1283572632202498048
1283572635750862853
1283572665803046913
1283572666448990210
1283572668432875522
1283572769180057601
1283572879104397313
1283572887253929984
1283572929641340929
1283572937656643585
1283572938680270849
1283572959534297088
1283572978471632901
1283573023396646914
1283573055697162242
1283573056171122693
1283573071052509184
1283573118728957953
1283573156398067712
1283573166531645440
1283573182780395520
1283573223129518085
1283573233455968256
1283573341006299137
1283573366084042755
1283573378385735680
1283573407242760196
1283573411743227906
1283573452520206337
1283573466260701184
1283573498947018758
1283573512792399872
1283573529850589184
1283573596884017153
1283573621642817536
1283573638231396353
1283573735161823232
1283573752975044608
1283573811288276992
1283573827738521600
1283573873905029120
1283573882360922112
1283573928603136001
1283573939541651456
1283573982063742984
1283573983003246592
1283574015995584518
1283574039131258880
1283574039315918849
1283574045171212290
1283574075017789441
1283574100590551041
1283574108584906752
1283574149550489602
1283574183255928832
1283574191997038593
1283574212855304195
1283574217146081280
1283574239614787584
1283574271852384257
1283574280614273024
1283574281004359680
1283574385899720704
1283574402290987008
1283574419189673984
1283574448143183873
1283574448419860480
1283574456691175425
1283574473468215296
1283574477595578369
1283574535820922881
1283574536772829184
1283574580121153536
1283574599494631424
1283574616078856197
1283574628540186629
1283574666297323521
1283574688254496768
1283574707787358208
1283574720315760640
1283574753660243968
1283574758618001410
1283574771230408705
1283574804235329537
1283574804512149504
1283574833444352000
1283574833914294272
1283574850410418182
1283574901186727936
1283574918215602178
1283574959302991873
1283574976688394241
1283574977560813568
1283575061274918914
1283575073425637377
1283575076902838272
1283575106720210944
1283575107131252739
1283575111484870660
1283575119718187008
1283575127331012608
1283575131940495363
1283575144456302592
1283575232285102080
1283575238702374914
1283575324681342980
1283575333267087360
1283575345304743937
1283575446513184768
1283575487407718406
1283575501626519552
1283575580986953729
1283575601480306688
1283575627073949697
1283575629330501633
1283575632174157827
1283575643217833985
1283575689786953738
1283575693603860481
1283575702302924800
1283575706786697216
1283575714139172864
1283575786524553216
1283575861472628736
1283575861791412226
1283575918221549568
1283575918838067200
1283575924684800000
1283575958356672513
1283575982436364289
1283575992905347073
1283576000597696512
1283576037947957248
1283576054196645889
1283576092209496066
1283576168453636096
1283576205313220609
1283576227337469952
1283576247113486336
1283576261202173952
1283576264176140291
1283576277220261888
1283576277526622210
1283576319205400583
1283576343519690753
1283576377996906496
1283576421005352960
1283576457130909698
1283576457613250560
1283576477968216064
1283576528157073409
1283576537112088579
1283576541218308102
1283576546054242306
1283576557513007104
1283576587271712771
1283576598759956480
1283576604451639296
1283576608662663169
1283576654095282176
1283576668863561733
1283576671233171456
1283576683723988992
1283576696201936896
1283576718335381504
1283576725448744960
1283576750644113409
1283576750983634945
1283576781178462209
1283576805434306568
1283576821964038146
1283576823335485447
1283576826070093828
1283576839127076865
1283576841299562496
1283576880575254531
1283576884572360714
1283576892898136069
1283576914423226371
1283576922639745026
1283576930894143488
1283576939631071234
1283577015103361025
1283577027476418562
1283577032228532224
1283577052214558720
1283577056601804800
1283577065929834496
1283577131608334337
1283577145298530304
1283577212810059776
1283577228320628736
1283577241755095040
1283577245932584961
1283577287850561538
1283577357349969920
1283577375675092994
1283577418096054272
1283577421992570883
1283577506457456642
1283577518499520512
1283577526120521728
1283577579853815808
1283577590133878785
1283577595028803587
1283577626657984512
1283577629824565250
1283577656290795526
1283577664918491139
1283577677597814787
1283577694299607040
1283577695058587648
1283577715069722625
1283577716395122695
1283577727660879872
1283577748728889344
1283577749269917702
1283577823647735808
1283577828378841088
1283577855134310400
1283577874394615808
1283577913330348040
1283577946251202560
1283577967021613058
1283578007211433984
1283578012835823616
1283578021421764610
1283578038689640461
1283578100995874817
1283578117232025601
1283578118838587393
1283578143060701185
1283578153747849217
1283578173246943237
1283578177462456320
1283578202208628736
1283578207028076544
1283578222785908737
1283578223050330112
1283578256499904513
1283578310748966913
1283578311344451585
1283578332542636035
1283578365232865280
1283578377924993026
1283578386816925696
1283578395087917056
1283578399483731970
1283578403908542464
1283578419414880257
1283578440474603520
1283578441221246977
1283578470883188737
1283578525467975680
1283578529326620675
1283578537979641858
1283578557357158401
1283578598297939975
1283578604220297216
1283578626542309377
1283578651179732992
1283578688823582721
1283578722084429824
1283578766925627394
1283578784483082242
1283578788941565956
1283578805794361345
1283578817571745793
1283578827352858624
1283578835401879554
1283578847426904066
1283578910697979904
1283578926091182080
1283578948656394240
1283578948673327104
1283578970324135936
1283578973864120320
1283579030059524097
1283579070295560193
1283579099303292928
1283579116097347590
1283579117078753285
1283579120253833216
1283579132476116992
1283579158799486977
1283579171466366979
1283579181243170819
1283579187652067328
1283579200071327745
1283579263262904321
1283579263799656448
1283579297832275968
1283579300508307456
1283579308922077185
1283579313690820611
1283579326001065984
1283579329985871872
1283579371572170755
1283579385572990977
1283579386629775360
1283579404069765123
1283579509904683015
1283579540749430785
1283579548760760320
1283579560643174402
1283579611247304704
1283579710916620288
1283579720555085826
1283579721922609152
1283579724300574720
1283579732618022917
1283579741232959494
1283579770966507520
1283579773290196995
1283579785969623040
1283579787798368259
1283579812959989763
1283579854865272832
1283579857738379270
1283579879016075264
1283579879393333248
1283579892618203137
1283579901388500993
1283579925912383488
1283579937795047424
1283579973366931457
1283580009442086913
1283580060251955200
1283580060469993472
1283580093542080512
1283580105617313793
1283580122566721537
1283580137527808001
1283580160990752769
1283580177453395969
1283580177872752641
1283580189436518403
1283580198651396096
1283580217429114880
1283580231773818883
1283580247968030721
1283580249024995328
1283580249033318400
1283580311930953732
1283580333045223424
1283580358395441152
1283580361855963136
1283580362069643265
1283580379551727617
1283580391329345536
1283580445834252288
1283580462783332352
1283580475806801921
1283580498044952577
1283580508816003074
1283580534069891073
1283580538318725120
1283580562624483331
1283580567733374978
1283580579800387584
1283580601891602436
1283580605666660353
1283580629221867521
1283580664135036928
1283580667717025795
1283580714517245955
1283580727381184512
1283580727435710465
1283580743415992321
1283580744221233152
1283580752727355393
1283580785291931648
1283580797908221952
1283580817483038721
1283580824583942146
1283580827851542528
1283580828916875266
1283580844674818049
1283580846637752321
1283580927902388231
1283581015923949568
1283581028787818496
1283581041345728513
1283581064242515971
1283581254185750528
1283581255884259328
1283581385786171393
1283581406350843904
1283581410637279232
1283581424122187777
1283581427855110145
1283581481688936449
1283581486684307456
1283581488408268807
1283581498332000259
1283581530036752384
1283581574123073542
1283581632826544128
1283581644167761920
1283581691924082688
1283581699922595840
1283581708797911041
1283581721200545794
1283581725738663936
1283581759779733506
1283581770944745472
1283581792780517376
1283581821813436417
1283581863555215360
1283581961009856512
1283581973248659458
1283582002072092672
1283582019067404289
1283582057742864384
1283582069524889602
1283582085794603008
1283582094082371584
1283582103037370370
1283582119898488834