1285982943089954816
1285982971879710720
1285982977349103619
1285982995690729474
1285983009502646272
1285983048245350401
1285983055426064385
1285983055681916930
1285983207729491968
1285983232823947264
1285983249353674752
1285983258338045960
1285983261437628425
1285983266282102784
1285983291682824194
1285983297110020096
1285983307591802881
1285983308422230017
1285983353502486528
1285983388558557186
1285983392241156097
1285983437816504320
1285983487908970496
1285983522273013760
1285983534969053184
1285983635745787904
1285983685876027393
1285983719216623616
1285983723532562432
1285983803018579968
1285983810736148481
1285983924641046536
1285983970602233859
1285983991636664322
1285984008715874307
1285984045139017729
1285984048993562624
1285984053938868226
1285984058917507074
1285984109030973441
1285984124780662788
1285984134309965825
1285984166434295809
1285984180032212994
1285984251826122758
1285984260218736640
1285984272759656448
1285984327201947650
1285984335795875840
1285984339994566658
1285984344495005696
1285984368733888513
1285984384856870914
1285984410802642944
1285984424400769024
1285984451906940931
1285984505065541632
1285984508060274696
1285984512439193602
1285984524237668358
1285984529027444738
1285984537143414784
1285984583356305408
1285984633419694081
1285984656958128130
1285984702147563521
1285984776189599744
1285984780786565120
1285984810163482624
1285984826865135618
1285984831306895360
1285984853905879045
1285984935992590337
1285984954489335808
1285984960600403968
1285984972948615168
1285985008478572544
1285985015130730502
1285985145762140160
1285985167253729280
1285985186719707141
1285985200237944833
1285985208320307205
1285985227043672066
1285985242055151617
1285985253140557824
1285985258576449536
1285985262657433600
1285985275395444737
1285985334149304325
1285985339467862016
1285985346992377856
1285985367292891136
1285985413325131782
1285985424658194432
1285985444891553793
1285985450977562625
1285985461220118529
1285985476105641987
1285985514617790472
1285985539808563201
1285985577452531714
1285985597497073664
1285985653008642054
1285985710634237952
1285985722717974530
1285985744029396992
1285985786387746817
1285985795040575493
1285985849063112704
1285985903534583808
1285985910132097024
1285986016655024128
1285986042961633282
1285986085047119872
1285986087727435776
1285986110456422401
1285986134745468929
1285986139069919235
1285986146732748800
1285986179649863680
1285986202051469312
1285986223492788226
1285986235542982658
1285986267759554561
1285986289939034113
1285986289993605122
1285986400203010049
1285986462324805633
1285986468079349761
1285986503911518208
1285986504238669824
1285986516062351361
1285986529718996992
1285986576120643584
1285986593002725378
1285986612959236097
1285986624145444865
1285986626896891904
1285986676800720898
1285986719393878017
1285986748712058880
1285986755200647171
1285986762481971212
1285986791254667266
1285986797839962113
1285986818933104643
1285986860779606021
1285986890269827073
1285986942253846528
1285986942673227777
1285986982431272963
1285986994791813121
1285987120851517442
1285987129806319617
1285987133115846657
1285987195896111107
1285987234227924995
1285987251567067136
1285987254859489280
1285987271611686912
1285987293174562817
1285987332764704778
1285987393384964100
1285987404743155713
1285987418366251010
1285987451828269060
1285987461060014086
1285987469171646464
1285987477346488320
1285987510917771267
1285987572192366593
1285987586087911424
1285987598985498624
1285987612050817024
1285987624222633985
1285987653469351936
1285987657609355264
1285987724445601792
1285987730820870144
1285987741466087424
1285987750039048192
1285987763368624131
1285987794498838531
1285987863293833216
1285987877885743106
1285987942800949253
1285988048019259394
1285988114456956930
1285988168865443840
1285988175207432193
1285988177896001539
1285988181712699393
1285988190080217089
1285988194467459073
1285988206765379591
1285988209533562882
1285988211479674881
1285988236653780992
1285988265539956736
1285988274679320577
1285988324268814341
1285988334012190720
1285988345282256897
1285988355134676993
1285988417109729280
1285988437439520769
1285988471761448960
1285988472067678210
1285988474005397506
1285988530838216705
1285988559829139456
1285988566271655936
1285988582595932161
1285988638447349761
1285988698094542848
1285988723004506113
1285988785885511680
1285988811680280576
1285988819666272256
1285988844488327169
1285988846392487936
1285988870199418880
1285988886229864448
1285988899496566784
1285988920874893319
1285988935152177152
1285988955712872448
1285988978836017152
1285989008196206596
1285989012474179584
1285989025342513152
1285989046544674818
1285989050076168192
1285989058737577986
1285989062948642818
1285989100575580160
1285989217693204486
1285989218444075008
1285989231446368257
1285989232599879687
1285989271065841665
1285989368696573958
1285989373713043456
1285989484446744576
1285989507297415170
1285989561634619395
1285989671495798785
1285989695659413505
1285989737698926597
1285989754689871873
1285989767717552129
1285989792727969792
1285989817378050048
1285989829717618693
1285989830086627328
1285989830862737409
1285989842514440192
1285989855118233600
1285989868041011201
1285989893487964165
1285989897904553990
1285989901662445569
1285989913989492737
1285989927545643008
1285989938236882957
1285989962844954625
1285990022772961286
1285990077575753728
1285990077990965249
1285990107527426051
1285990119917461504
1285990124019318784
1285990132626022401
1285990178398642176
1285990190675382274
1285990258270785537
1285990270719324160
1285990271956615169
1285990275006038021
1285990341795954688
1285990353041068032
1285990379506987008
1285990488764555265
1285990490844721154
1285990492942086152
1285990496846991365
1285990513355694080
1285990546356473856
1285990580472995840
1285990610395111424
1285990619022860289
1285990652812029952
1285990654041034753
1285990656368881664
1285990660726837249
1285990702535540736
1285990732231094272
1285990737121861636
1285990785004056576
1285990786337669121
1285990794713686018
1285990806877278208
1285990824812122113
1285990828763226113
1285990949886271490
1285990967246327819
1285990971231150082
1285990974913744898
1285990991971987456
1285990992718360576
1285991004483407872
1285991016403623936
1285991020182806530
1285991025840926721
1285991042433658881
1285991080362680325
1285991089430724608
1285991094786891779
1285991109450010625
1285991110108573696
1285991113485094917
1285991113862643714
1285991126244175873
1285991151938330624
1285991172566024192
1285991204212166661
1285991277465657346
1285991285585780736
1285991319689736193
1285991357375492098
1285991364556058627
1285991369568399360
1285991406826328070
1285991428301021184
1285991474212020225
1285991500086685702
1285991553698115584
1285991554436550664
1285991558362402817
1285991562665549825
1285991604344496133
1285991610061225985
1285991654944583682
1285991662833942528
1285991703728410624
1285991761266053126
1285991764214665216
1285991793042104326
1285991805989920768
1285991818597818368
1285991826814455808
1285991860041916417
1285991889821478913
1285991955596484608
1285991957253296128
1285991974219243525
1285991986579865600
1285992016304734208
1285992080557449217
1285992084726579205
1285992087175884800
1285992095124258819
1285992110211182598
1285992112102748161
1285992132952588291
1285992204016771077
1285992224996487169
1285992225013403650
1285992237613096962
1285992247058726912
1285992267375939585
1285992292919189505
1285992326079315968
1285992411936763904
1285992445784670208
1285992472816922624
1285992506493227008
1285992514667896838
1285992518119759877
1285992567088144384
1285992569516642304
1285992586168225793
1285992645135872006
1285992699003392003
1285992715952492544
1285992724206948355
1285992734071767040
1285992811989540869
1285992841613803528
1285992858479202306
1285992904985477120
1285992942876930050
1285992955333861376
1285992955380023296
1285992988565475333
1285993026704334849
1285993106727460864
1285993118291066884
1285993139564470274
1285993152743182337
1285993155779858435
1285993157625360385
1285993219021578247
1285993259169452034
1285993269445492738
1285993290500698114
1285993290576261121
1285993291037773824
1285993298151145472
1285993298176294912
1285993298922860547
1285993323921104898
1285993336764076033
1285993353411063808
1285993432792498177
1285993474504916994
1285993487985512448
1285993496734838785
1285993504561225730
1285993513205870592
1285993537406857216
1285993563856281606
1285993634312015872
1285993634312130566
1285993649654857733
1285993672626991104
1285993675684753409
1285993684799029248
1285993731217383424
1285993738079109120
1285993747227049987
1285993827321487366
1285993852386467841
1285993865510637569
1285993894279147520
1285993913296265216
1285993948469760000
1285993966056292352
1285993974558228482
1285993990664445954
1285994007516999682
1285994016908115972
1285994024373850112
1285994048751374336
1285994115893788673
1285994143655829504
1285994145794920457
1285994159581495296
1285994176438509573
1285994183711322112
1285994227898482689
1285994247380860928
1285994339508695041
1285994343719936000
1285994359847100416
1285994368176881670
1285994369720483842
1285994370009911297
1285994406462590976
1285994410702929920
1285994414737952770
1285994489555943425
1285994498762461185
1285994501178351619
1285994528046907392
1285994553833472000
1285994570501836800
1285994585890582528
1285994586582781954
1285994618174218241
1285994632795561985
1285994667000188928
1285994674608644096
1285994682783281154
1285994829625856000
1285994875767230464
1285994875796717573
1285994907946057729
1285994922374561793
1285994930750369794
1285994943190675460
1285994947049660419
1285994957036310530
1285994973192687616
1285995035150999553
1285995072983633926
1285995099982200832
1285995105405431808
1285995107347394560
1285995140142829569
1285995169326735361
1285995199794216962
1285995203254530050
1285995219863969795
1285995237182263296
1285995299421339648
1285995333097451520
1285995337732300800
1285995345462415362
1285995346158432256
1285995346204807168
1285995358175338496
1285995438223523840
1285995463028740099
1285995471476006916
1285995484277022721
1285995488592957440
1285995543148351489
1285995551125917698
1285995610252939264
1285995719879352320
1285995723180384263
1285995731619319813
1285995777802801154
1285995796886966272
1285995828495224832
1285995833775841280
1285995836325785600
1285995846664949761
1285995903749218304
1285995949995720706
1285995966475259906
1285996025384239105
1285996029536501760
1285996034037100546
1285996058808655874
1285996092446785536
1285996096452427781
1285996117616996353
1285996123891437568
1285996129914630149
1285996149783048192
1285996201121210369
1285996226123571200
1285996239603904512
1285996268435771400
1285996289054965762
1285996330855407623
1285996359942918144
1285996377462497280
1285996512397258752
1285996560841498625
1285996575215382528
1285996611756158976
1285996628512366594
1285996750734364672
1285996764923940864
1285996767939526656
1285996830069841921
1285996884876759040
1285996964430012418
1285996992456531970
1285997011288948743
1285997039101390851
1285997069891768321
1285997106168127488
1285997112350498816
1285997123863969797
1285997275278446608
1285997326016937986
1285997333625405441
1285997355116957702
1285997369037733894
1285997394069520385
1285997433193771008
1285997445332246533
1285997456715649026
1285997459471245313
1285997511547727872
1285997547836723200
1285997577763270656
1285997602161528843
1285997606749913088
1285997607442092032
1285997622776430592
1285997633165758465
1285997686332600320
1285997702959030272
1285997774580916230
1285997791672709123
1285997808223424513
1285997837176668166
1285997880017334278
1285997961735016449
1285998030676779009