1279958253426946048
1279958286305947649
1279958291347619841
1279958296393207808
1279958395781623813
1279958396943265792
1279958445584642048
1279958451226128385
1279958458100355072
1279958466979913729
1279958505487847424
1279958589604458496
1279958592410411008
1279958601273131010
1279958613763649536
1279958626661269504
1279958635272187904
1279958652204376064
1279958669782929408
1279958721309933568
1279958740612059138
1279958752935006208
1279958807183978497
1279958810858328069
1279958821646086144
1279958835847991296
1279958849500446720
1279958851996041216
1279958895730008066
1279958916198268928
1279958920203730949
1279958937463218176
1279958945340157952
1279958954869694464
1279958966806577152
1279958970376077313
1279958983084609537
1279959000126193664
1279959017163350017
1279959020372135938
1279959055318974466
1279959096846843905
1279959101112369154
1279959102819651585
1279959110646001664
1279959126143975424
1279959140702380034
1279959159103008769
1279959165826486272
1279959230389407747
1279959235678347264
1279959293492510720
1279959341089652742
1279959408026542085
1279959412707340288
1279959457338818561
1279959457456422912
1279959528222720000
1279959562062159873
1279959578810204161
1279959616667783168
1279959629586411520
1279959633256382464
1279959640013447168
1279959645558378496
1279959660682973185
1279959700268695553
1279959709592813574
1279959759085543424
1279959867864776709
1279959872554119169
1279959885136920576
1279959889196924928
1279959898562928643
1279959931223977986
1279959931723165701
1279959973880107013
1279960027034464256
1279960027424534528
1279960044168249345
1279960064988639232
1279960134333145089
1279960137072025601
1279960140142112768
1279960141572370432
1279960145276125185
1279960166709047296
1279960191304335361
1279960195263795200
1279960195477757958
1279960208291160064
1279960251442364417
1279960266315386880
1279960285835476992
1279960295637757953
1279960316990779392
1279960346543960065
1279960367808962560
1279960372535947266
1279960401602646016
1279960422745993216
1279960463590244354
1279960468749201410
1279960480480743425
1279960501808779266
1279960539263913984
1279960542539546626
1279960542938103815
1279960573183131649
1279960627038113793
1279960627495292928
1279960631492382721
1279960656561819648
1279960720222965762
1279960787516379136
1279960799537057792
1279960834706464768
1279960884102737921
1279960925206990849
1279960958857875457
1279960966084603904
1279960967812493313
1279960987244920832
1279961008681873409
1279961021176614914
1279961042261405699
1279961055943290882
1279961065988608000
1279961114399264768
1279961168409358338
1279961172343652354
1279961177682894854
1279961209714946048
1279961218497892355
1279961225011609607
1279961237741133825
1279961269521416192
1279961332389986307
1279961349045587970
1279961382591574016
1279961386496307203
1279961415424577536
1279961415684685826
1279961437570576390
1279961441135714304
1279961502678687744
1279961562795528192
1279961566834647040
1279961571549011968
1279961587810435075
1279961617078329344
1279961620102500354
1279961634778296320
1279961641837367296
1279961679971917825
1279961705045299203
1279961719184461830
1279961730496561153
1279961751459467264
1279961781528596480
1279961786272362497
1279961794203676674
1279961822502834178
1279961881998917632
1279961940240986115
1279961961157951488
1279961974105915394
1279962030028369920
1279962040866668544
1279962087406657536
1279962094901833728
1279962099356012544
1279962129148317699
1279962137323024384
1279962167849222144
1279962205165936641
1279962208579903488
1279962225508265987
1279962269397311492
1279962280633831424
1279962359122071552
1279962385718091776
1279962393284694016
1279962417892667393
1279962426067292161
1279962496019947522
1279962499744444425
1279962527561121792
1279962528047443968
1279962531231039489
1279962538126594049
1279962601582202880
1279962662063898624
1279962674185543680
1279962679147462656
1279962699422666758
1279962746021277697
1279962800647925760
1279962821288222720
1279962846152056836
1279962854758608896
1279962862341980160
1279962862861971456
1279962874224324609
1279962913210609664
1279962925524869120
1279962930776174592
1279962934739943425
1279962963844235274
1279962971721039872
1279962981242109952
1279963051958185984
1279963066512400384
1279963106257645568
1279963106681159682
1279963111425007618
1279963192802844673
1279963223484174337
1279963227363905536
1279963236494798849
1279963248574509056
1279963248926896129
1279963291301879809
1279963307378606088
1279963355315347463
1279963384084082688
1279963425460776961
1279963529236426756
1279963559066140672
1279963559544320000
1279963567467315200
1279963568289517568
1279963588476706816
1279963593237237762
1279963609054023680
1279963615139897344
1279963616540680192
1279963634358050817
1279963643438915584
1279963701823574016
1279963719657799680
1279963739211661317
1279963739270176768
1279963740109234176
1279963766126456833
1279963768857022464
1279963774598987781
1279963783558049792
1279963798405885952
1279963816386838529
1279963836385288198
1279963850553655296
1279963861156847621
1279963866194153476
1279963886771408896
1279963910158848006
1279963918551715841
1279963946410102784
1279963949534978055
1279963970301018112
1279963991855546373
1279964020263526401
1279964028446670849
1279964049619521536
1279964167965822981
1279964174433636357
1279964225947832323
1279964270210539521
1279964280973033472
1279964295246352384
1279964318298263552
1279964357355503616
1279964402024738816
1279964432194400258
1279964478235226112
1279964478633848834
1279964506991493120
1279964510262947841
1279964541498134533
1279964624536735746
1279964649601986561
1279964675514470400
1279964687812173825
1279964699702947840
1279964713552695300
1279964716635471873
1279964740110946304
1279964770594983938
1279964780086861824
1279964784163786757
1279964821488906240
1279964830741467137
1279964863414992896
1279964863746301955
1279964876958429184
1279964901386133505
1279964930343493638
1279964939424337921
1279965003286810624
1279965010811400194
1279965048333533185
1279965085788708866
1279965097578975232
1279965110711259137
1279965144311902211
1279965170039697409
1279965177689935872
1279965212532076550
1279965228831211520
1279965236519264257
1279965237630861314
1279965254693388288
1279965272720510977
1279965278739161089
1279965290374115328
1279965300511911936
1279965316425175040
1279965363489423361
1279965400059396097
1279965421442084865
1279965424533331973
1279965427007918085
1279965434163408901
1279965436751347712
1279965476131569665
1279965527239274496
1279965531362263041
1279965543311826945
1279965581173645312
1279965584894164994
1279965614967263232
1279965622399533056
1279965635762630656
1279965644528726016
1279965653143654400
1279965728872042496
1279965756977971201
1279965778905911297
1279965792860278793
1279965799193759749
1279965837126963206
1279965866809933826
1279965920551731200
1279965921507934209
1279965960687026177
1279965962205376516
1279965972007395329
1279965986062565379
1279965990458216449
1279966010179760128
1279966050159747072
1279966060037496832
1279966118048907264
1279966126168915974
1279966159861932034
1279966168758042624
1279966187229675526
1279966188622110720
1279966197736448007
1279966208737988611
1279966227520262145
1279966228161970183
1279966230930026498
1279966243353759745
1279966318674886657
1279966357296156674
1279966357337989121
1279966365814644736
1279966381786583042
1279966394243833856
1279966440632836096
1279966453832146944
1279966457544077313
1279966482487627777
1279966488435310593
1279966512900702209
1279966541476433920
1279966574837813248
1279966583629254656
1279966630936825856
1279966646434594822
1279966654814916614
1279966692223918081
1279966701212352514
1279966713937752066
1279966747802689536
1279966771911540736
1279966780136599553
1279966793352634370
1279966818837213184
1279966839510929408
1279966851565568006
1279966851980652544
1279966867407372288
1279966900789940224
1279966918921932801
1279966964618678277
1279966974815154176
1279966994285068288
1279967040367976449
1279967082537537536
1279967088602484738
1279967091282632709
1279967115760611328
1279967116486115328
1279967145800105984
1279967146051809280
1279967149780602882
1279967154918486021
1279967210673303552
1279967279212638208
1279967298477076487
1279967322820808707
1279967338343862278
1279967350872330241
1279967354596790272
1279967397286481921
1279967412750823424
1279967480564203520
1279967493994545154
1279967501737213952
1279967511107133442
1279967513988730880
1279967517037993985
1279967527066460161
1279967590425571329
1279967616451227648
1279967632180031488
1279967635938181123
1279967644628615172
1279967674915643392
1279967720767799296
1279967757719740416
1279967815752192003
1279967816909762561
1279967887738892289
1279967921154822145
1279967926553120768
1279967953446932480
1279967976318361601
1279968005909368835
1279968009831006208
1279968030366355458
1279968080383311873
1279968093607989248
1279968115280031747
1279968151766216706
1279968156270895109
1279968164806193152
1279968180832743424
1279968181696823296
1279968183680630784
1279968187426041857
1279968244086931456
1279968257714327553
1279968298487222272
1279968299539927041
1279968302912110593
1279968307517538307
1279968311485304832
1279968328816250880
1279968341608878086
1279968357647777792
1279968369312247810
1279968370222346240
1279968394809421826
1279968400396087296
1279968424492482571
1279968425285222405
1279968434860830720
1279968475528732673
1279968495720161281
1279968498752655362
1279968505148968960
1279968515030528002
1279968529740189708
1279968553731371010
1279968600502210560
1279968601387208705
1279968605300498437
1279968610090471427
1279968613256933376
1279968671935467521
1279968685562585089
1279968697227059201
1279968697868836864
1279968702314811394
1279968744018567170
1279968746296279041
1279968751450980352
1279968805867925504
1279968819138740224
1279968821923766273
1279968823840473089
1279968832283725824
1279968845046956032
1279968856627273728
1279968873731817472
1279968873752563712
1279968877535887360
1279968881440894976
1279968894929629186
1279968898717233152
1279968940618375170
1279968961300500480
1279968979038220289
1279968990513807360
1279969020586819584
1279969142523654144
1279969158915129344
1279969170663321602
1279969170797604871
1279969213185060864
1279969230381813760
1279969246454460417
1279969250891960320
1279969251604955137
1279969252494041090
1279969272496881664
1279969297067118592
1279969313340997632
1279969351681048576
1279969364083707904
1279969365182406656
1279969410363658243
1279969410719997953
1279969448854728704
1279969452889501701
1279969485437493248
1279969494291619844
1279969498959773696
1279969502927753216
1279969515481243649
1279969548851183617
1279969595583950849
1279969632464646144
1279969649321484290
1279969657244446720
1279969665914200064
1279969700592726016
1279969708121473026
1279969729579540481
1279969779776761856
1279969788035362816
1279969848181866499
1279969854007672834
1279969884852695041
1279969901223055360
1279969930654494721
1279969934672568322
1279969951164628992
1279969964078903301
1279969984526114817
1279970018940223488
1279970021033246722
1279970052998074368
1279970073558441984
1279970108195180546
1279970128420057089
1279970161559298051
1279970174381297665
1279970244308553728
1279970248507232256
1279970265762394112
1279970284380909569
1279970316798705664
1279970366044045312
1279970367642140672
1279970425267556354
1279970459178672128
1279970463121313792
1279970487867711488
1279970512358293509
1279970527784980487
1279970539780571143
1279970556197167106
1279970612828504064
1279970614330241024
1279970614820790272
1279970652536090626
1279970663088955398
1279970677315874816
1279970678813290496
1279970697608081408
1279970702205030400
1279970706860670976
1279970707032748033
1279970764549230592
1279970790545522688
1279970794718801920
1279970815191244801
1279970890755854336
1279970916013916160
1279970970153955328
1279970991905607683
1279971003603566594
1279971027372716032
1279971037640196096
1279971041515696135
1279971045798227969
1279971046431563780
1279971063389212672
1279971080363487232
1279971096117293057
1279971109643919360
1279971144087400449
1279971172180987905
1279971231119400967
1279971261922279425
1279971264279441409
1279971275553730560
1279971302149746688
1279971318679638016
1279971332088901636
1279971394785165313
1279971395884244993
1279971405862326272
1279971424313184261
1279971482404376584
1279971486908985346
1279971490734182401
1279971515585314816
1279971560736997377
1279971566361640961
1279971583411597312
1279971658032447491
1279971670900576258
1279971688017321985
1279971713120256000
1279971719948537857
1279971758695579648
1279971822180593665
1279971843936575488
1279971855470755849
1279971869169459201
1279971889599983617
1279971898202288128
1279971973829931009
1279971994780356610
1279972006352556038
1279972006490976256
1279972022907539458
1279972023549284359
1279972032776716289
1279972039827296263
1279972063885684736
1279972078003736576
1279972078465114112
1279972080679698434
1279972115412893696
1279972128519938049
1279972156781342721
1279972183587074050
1279972187101900800
1279972239874506755
1279972245687816193
1279972261533872130
1279972283583528969
1279972304085082113
1279972338029731842
1279972341775323141
1279972349396152320
1279972363099127814
1279972367423455232
1279972371793772545
1279972392702361601
1279972396548702208
1279972400407379969
1279972400680120320
1279972407512567808
1279972430879096833
1279972451489898500
1279972460234829824
1279972481298649090
1279972483953647618
1279972485291741184
1279972501167255553
1279972501699702784
1279972501758541825
1279972587783639040
1279972630129512448
1279972765785784321
1279972849634213888
1279972861906731008
1279972863076958209
1279972909281431552
1279972966726582272
1279972992559181824
1279973051929694208
1279973126433054721
1279973143176777730
1279973168531243008
1279973171697987584
1279973201733398529
1279973210130280449
1279973261326061568
1279973273615228928
1279973285124616194
1279973328615354368
1279973333761765376