1281906096064659456
1281906122102910979
1281906130529275905
1281906135960817664
1281906143737139201
1281906168160489472
1281906223403671552
1281906243267817472
1281906243594936322
1281906264318939137
1281906326700990464
1281906339648884736
1281906361467625474
1281906382137065478
1281906411895758849
1281906453280952321
1281906500022214661
1281906515889225728
1281906529352941573
1281906533207425024
1281906633489166336
1281906647154253826
1281906676556165120
1281906700572917761
1281906725399023616
1281906742864105473
1281906919280533505
1281906952088543232
1281907032522719232
1281907072989302785
1281907082598514695
1281907112529010690
1281907123551711233
1281907124449271810
1281907125820760065
1281907166677471232
1281907171454844930
1281907180115918850
1281907200575840257
1281907283392372736
1281907306121302016
1281907317370425344
1281907359342891008
1281907360038936576
1281907363381837825
1281907373838422016
1281907431694651392
1281907439235928066
1281907446894735360
1281907455472087041
1281907460232617984
1281907464603160577
1281907477668261888
1281907485494960128
1281907574577799168
1281907612167135232
1281907623667929088
1281907662704312322
1281907716248698880
1281907729657995265
1281907733348913152
1281907745168531456
1281907758439202817
1281907783785472000
1281907786029375488
1281907815955734529
1281907940480503808
1281907953566703616
1281907964492886026
1281907970570440704
1281907985154027524
1281908061406453760
1281908081883054080
1281908127324135424
1281908143858110464
1281908157091061767
1281908177806794752
1281908181522939905
1281908189341134848
1281908260828852225
1281908340608532480
1281908429552906240
1281908434628157441
1281908447118852097
1281908447139770369
1281908460905467904
1281908533890605058
1281908534066782209
1281908580787134464
1281908617332035584
1281908664073420801
1281908726644056064
1281908748769013760
1281908760508805121
1281908765361614848
1281908774509346817
1281908798291152896
1281908802556764163
1281908823436009474
1281908852041093120
1281908939966287874
1281908945779601408
1281908971591303168
1281909008824139782
1281909015623208960
1281909066302799873
1281909108417994753
1281909113149063168
1281909117892857856
1281909175241584645
1281909179037429760
1281909204991848450
1281909208900919296
1281909234360152065
1281909280120152064
1281909281328181248
1281909304753360900
1281909312953122822
1281909317642465285
1281909331777200128
1281909397388619777
1281909451742748673
1281909473574039553
1281909482038202368
1281909515332595717
1281909523008172034
1281909553446162432
1281909587222896646
1281909590083489793
1281909604251770880
1281909623256240129
1281909633628672002
1281909661583708160
1281909728717746178
1281909776557932544
1281909788713062400
1281909796418052096
1281909844442669062
1281909855012286465
1281909855369003009
1281909871143682049
1281909897622441984
1281909910825889792
1281909912650551303
1281909934528049154
1281909985560203264
1281910027004063745
1281910049015689216
1281910064295677952
1281910109967458305
1281910119383662598
1281910157186928640
1281910161582559233
1281910177814413312
1281910198551052289
1281910215017988097
1281910253563641861
1281910254356312078
1281910257426616320
1281910262371508230
1281910262967046145
1281910291115237378
1281910395565780992
1281910395620352000
1281910425844617219
1281910463094235136
1281910479326150657
1281910543050317824
1281910564990722050
1281910572049735681
1281910573312217088
1281910655629627394
1281910766141136897
1281910798160482305
1281910815562620930
1281910835871453196
1281910946659594241
1281911005174472704
1281911069137678338
1281911070957932547
1281911075844349956
1281911084748865537
1281911096971071489
1281911098095042561
1281911105678344193
1281911130672320515
1281911137735409664
1281911209441320961
1281911257885364225
1281911278894821376
1281911323484291072
1281911352496467980
1281911432918040577
1281911449338679296
1281911451628773376
1281911475163013120
1281911498374352896
1281911545073631233
1281911562299682818
1281911599498854402
1281911626946379777
1281911666276368386
1281911670370181120
1281911671817207809
1281911759566249984
1281911763722797056
1281911788037189632
1281911795343593472
1281911806471045120
1281911844613963777
1281911903086940163
1281911906475765760
1281911927376052224
1281911935223635969
1281911939170480132
1281911978294943744
1281912036490915841
1281912039741493249
1281912057001115650
1281912065427480576
1281912070045421569
1281912070238351360
1281912116803514369
1281912129071833089
1281912136596434944
1281912145165398017
1281912249645293568
1281912347574099968
1281912379559862272
1281912408806760448
1281912497855963142
1281912506269814784
1281912514763087872
1281912561160663041
1281912582186643458
1281912597999226882
1281912615313248257
1281912648142147585
1281912653133348869
1281912732862865414
1281912735945629696
1281912736205742080
1281912790509326336
1281912792132526080
1281912808452632576
1281912808574156801
1281912815343804417
1281912819835953153
1281912824026071041
1281912837007384576
1281912845039542273
1281912866300473345
1281912867210633216
1281912895505301505
1281912921149321217
1281912937741840385
1281912951444836352
1281912983900364804
1281913041366523905
1281913152586670080
1281913159603892227
1281913307314741250
1281913332765724673
1281913354303545345
1281913362222383109
1281913379062534149
1281913395973939200
1281913412256227328
1281913419453652992
1281913450315288592
1281913458590703616
1281913478689763329
1281913516404862977
1281913548155817987
1281913563251179520
1281913621728067585
1281913627402833920
1281913628728254464
1281913646554271744
1281913667718709248
1281913738451443712
1281913739189587968
1281913755660673024
1281913760869908480
1281913852364574721
1281913927622815745
1281913931854995458
1281913956496441344
1281913998674259968
1281914010955202560
1281914046061699072
1281914074461360130
1281914141310156800
1281914192811954176
1281914224705449987
1281914234234982400
1281914250328526848
1281914254925406211
1281914259564310529
1281914259589521409
1281914264983347202
1281914283803148298
1281914311376433152
1281914317537972224
1281914335229616129
1281914339218337795
1281914354649182208
1281914381002051588
1281914414216679424
1281914432147292160
1281914503865798656
1281914531099422720
1281914553165590528
1281914553509515264
1281914565165547520
1281914585151344640
1281914594202734592
1281914654156115968
1281914686963949568
1281914705825726465
1281914721642446848
1281914730328854528
1281914791502786563
1281914817058672640
1281914829641572352
1281914846813061120
1281914904694460416
1281914981655678976
1281915010277675008
1281915024634781696
1281915039369383939
1281915047338561536
1281915131065184260
1281915145334272000
1281915206168387589
1281915224468205568
1281915287009243136
1281915287231705089
1281915299785314307
1281915301093945357
1281915404575703040
1281915404869406722
1281915431603838976
1281915479972405248
1281915578756866048
1281915591922679808
1281915603817816069
1281915605046702080
1281915621282844673
1281915640522182656
1281915668091338765
1281915694037311489
1281915798068449280
1281915828301107200
1281915954788630528
1281915966247579648
1281915986736812035
1281916049479303168
1281916066915065857
1281916073172926467
1281916146392936448
1281916158912929793
1281916167200833536
1281916200855846916
1281916218128162817
1281916272695894017
1281916284238790659
1281916318313136128
1281916331378515969
1281916340085886978
1281916389167640578
1281916397426286594
1281916423619715072
1281916425456812032
1281916436651311105
1281916460609277954
1281916506998276098
1281916507371405312
1281916511595245568
1281916565806407681
1281916629203517440
1281916676527849472
1281916691811913728
1281916800494690309
1281916863937683460
1281916867268009984
1281916872011677696
1281916878294745090
1281916940081082368
1281916989221601280
1281917041147076608
1281917057139974146
1281917068657426432
1281917115017166849
1281917216456417282
1281917219824439296
1281917241060032514
1281917244533092352
1281917266842447872
1281917286669078528
1281917287411453952
1281917291458818048
1281917324459683840
1281917324686249985
1281917333993410560
1281917337852153856
1281917374971686912
1281917388057968640
1281917421343903744
1281917446153175044
1281917542399766531
1281917564055105540
1281917672591065089
1281917673136443392
1281917686079946752
1281917690576285709
1281917803247935488
1281917806565568512
1281917816137035778
1281917904489984000
1281917907220471808
1281917944595992582
1281917950761537538
1281917957690527744
1281917957749145600
1281917995741327361
1281917997427367936
1281918013944496128
1281918029643866113
1281918054297894918
1281918083725168640
1281918092680015872
1281918120257626117
1281918121411043328
1281918138062221316
1281918150204887041
1281918155187793922
1281918185298632704
1281918202566475777
1281918213538885632
1281918226490896387
1281918230286733312
1281918260842291200
1281918293901742090
1281918339309350914
1281918461204066304
1281918500299173888
1281918503377928192
1281918511816888320
1281918512970309636
1281918536957530112
1281918537590767617
1281918562035281921
1281918579420434432
1281918588048166914
1281918613520289792
1281918630041726977
1281918650757283840
1281918675063386112
1281918702489919489
1281918705149128705
1281918733758402560
1281918784484319238
1281918798308704260
1281918805736857602
1281918847868637184
1281918882433789952
1281918884732456960
1281918916663672837
1281918961676935168
1281918981436321793
1281918998897143810
1281918999253733382
1281919027603017729
1281919049136578560
1281919054639501312
1281919103293444097
1281919150135402497
1281919161912954881
1281919174302932992
1281919205420531712
1281919254883860485
1281919299960135680
1281919304355766272
1281919312941461505
1281919359120822272
1281919401881731073
1281919405446897664
1281919455543558145
1281919464859070464
1281919490226368513
1281919501718753288
1281919514079367168
1281919557268119552
1281919569788116996
1281919580617805839
1281919602297991168
1281919623982653440
1281919654718590977
1281919778224066560
1281919820347453440
1281919846121447429
1281919913959936002
1281919914715107329
1281919972361437186
1281920063906426881
1281920085540601858
1281920093379874816
1281920093627101186
1281920093958660096
1281920098643652610
1281920173348474881
1281920210048446465
1281920281666129920
1281920307469717505
1281920314562293760
1281920366198378496
1281920399001833473
1281920408489308160
1281920449723666432
1281920467469848577
1281920492224614400
1281920550688960513
1281920567788990464
1281920600370491392
1281920632121434115
1281920678086627328
1281920684596363265
1281920752183369728
1281920761318510592
1281920798496894977
1281920831925489677
1281920835343642629
1281920873797042182
1281920924250517504
1281920927496908800
1281920936141361152
1281921012293152774
1281921036808794118
1281921045881065474
1281921054273941504
1281921054278066176
1281921113191256067
1281921168879112192
1281921170007379979