1282057074013138945
1282057133467418624
1282057134595690496
1282057174236098561
1282057188152934401
1282057205106319366
1282057226665033730
1282057246567014401
1282057263553884160
1282057271896420354
1282057301134733312
1282057346609565696
1282057364422766592
1282057388955181056
1282057394436976640
1282057402108596231
1282057462665941000
1282057481607352321
1282057494358044672
1282057544463036417
1282057545683623936
1282057566244098048
1282057740530196480
1282057741918515200
1282057766702587905
1282057767499386880
1282057804228984835
1282057813339054080
1282057827499028480
1282057855156322304
1282057880364027904
1282057901415301121
1282057934378283009
1282057939033915398
1282057969811808256
1282057972248645633
1282057980175880197
1282058035175849990
1282058040292847616
1282058131879735296
1282058165769703424
1282058194857189377
1282058207901421570
1282058211361722368
1282058254441312256
1282058286452428801
1282058312540815360
1282058317112594432
1282058341280296963
1282058353620004866
1282058358279868417
1282058373349937153
1282058399757344777
1282058422805037061
1282058426994982912
1282058458922180608
1282058480744976384
1282058497094569990
1282058584713498624
1282058593357963264
1282058627252011009
1282058638962626561
1282058669270736896
1282058689868963843
1282058697733222400
1282058706109239297
1282058773578883073
1282058811184832512
1282058870144155648
1282058891120054274
1282058925068754944
1282058957494812672
1282058958249897986
1282058978856509440
1282058979032600579
1282058981909856256
1282059067196874752
1282059120049299458
1282059163342757888
1282059180577259520
1282059184477925376
1282059192866672645
1282059196951932928
1282059214693834752
1282059226211385344
1282059249527529472
1282059251725275137
1282059301415092224
1282059314593579008
1282059319073050624
1282059323917598721
1282059394344087553
1282059410659999744
1282059419149381635
1282059457619517441
1282059461910298626
1282059478721077248
1282059482508537856
1282059501521137664
1282059503387570176
1282059537177030656
1282059554419859457
1282059557410398212
1282059567237459969
1282059569771032577
1282059578478178304
1282059599722549249
1282059620731834369
1282059666990784512
1282059691648901120
1282059692928360448
1282059713488748545
1282059716718465026
1282059724976992256
1282059825937965056
1282059846746025985
1282059853662478337
1282059855835074562
1282059893059530755
1282059906338742278
1282059922104958976
1282059938089635840
1282059961699377153
1282060003030048768
1282060027310690304
1282060030003511302
1282060035003232256
1282060036873883651
1282060061523804160
1282060072433209346
1282060102623797249
1282060124841021440
1282060127831547905
1282060148811411457
1282060171058044928
1282060187193479177
1282060228285038592
1282060228650045441
1282060245368545288
1282060250586050561
1282060259348144131
1282060262661472257
1282060263609401344
1282060279782739968
1282060321092513792
1282060371948380161
1282060380542586880
1282060404223545345
1282060405435781121
1282060417599188993
1282060430526087168
1282060443582894082
1282060464189583362
1282060467557609474
1282060467653967872
1282060523383615488
1282060535970836481
1282060543075979264
1282060564873850881
1282060583907426304
1282060610658680835
1282060615528452097
1282060631625961472
1282060635585613828
1282060636311171073
1282060648826970113
1282060673208348677
1282060680640647168
1282060711619895306
1282060757560172553
1282060821271506944
1282060839214874624
1282060846403923968
1282060870609248256
1282060878615994368
1282060883213025280
1282060933456556032
1282060933473267712
1282060976255307777
1282061008811331584
1282061038431744001
1282061097235820544
1282061114084294656
1282061117829734400
1282061130370883591
1282061134640578561
1282061138767863808
1282061164822892545
1282061177263136773
1282061178290810881
1282061202517037057
1282061206463877125
1282061208930209794
1282061239007326208
1282061261275115521
1282061268690653188
1282061268820664325
1282061303142592512
1282061342908784641
1282061349514862609
1282061349573455872
1282061353507786752
1282061359434391552
1282061373594382339
1282061403180785664
1282061432721272833
1282061438341861385
1282061470130372608
1282061471828992000
1282061483753394176
1282061499771555840
1282061500593524736
1282061507812036610
1282061558298955776
1282061599990218752
1282061604549468161
1282061629606297606
1282061646588858368
1282061650540077057
1282061663458426880
1282061673151582209
1282061680437080064
1282061698246029314
1282061767426871297
1282061789182795777
1282061809961308163
1282061814222557185
1282061822699298816
1282061829519347712
1282061832178434049
1282061839329828868
1282061848670437376
1282061873286975490
1282061911669059584
1282061948142653440
1282061948365025282
1282061970208894976
1282061990500892673
1282062006808444931
1282062075125260290
1282062089037721600
1282062091185082368
1282062099187990530
1282062132910030848
1282062137615998976
1282062157983645696
1282062212920745986
1282062213776384000
1282062218104725505
1282062221430845442
1282062227319791617
1282062233560809473
1282062265135628291
1282062334647832577
1282062360425967619
1282062398090645505
1282062400171073536
1282062401630871553
1282062411198074883
1282062432295358465
1282062439677214720
1282062445226479619
1282062556580982786
1282062573500858373
1282062605398552582
1282062611773886470
1282062615842258945
1282062619180924929
1282062628928487429
1282062636188934150
1282062642719322112
1282062650302763018
1282062708104474624
1282062717440778240
1282062728840937473
1282062760067698688
1282062782997958663
1282062835372052480
1282062838828273667
1282062859493572609
1282062866850316289
1282062866971897856
1282062875532484610
1282062883782787073
1282062946898718721
1282062995670003712
1282062998853627907
1282063001353420801
1282063047478185985
1282063064175718400
1282063072614477824
1282063090062942208
1282063127626911744
1282063150825844739
1282063152956366850
1282063181909827584
1282063185370066944
1282063186565435393
1282063194610114566
1282063231704498177
1282063253519118342
1282063254932672515
1282063257809768448
1282063370938724354
1282063399082434561
1282063408070832128
1282063512898961408
1282063525268070401
1282063525779771393
1282063530137714688
1282063563633369088
1282063579886174208
1282063580502855680
1282063586458836992
1282063588547428353
1282063602242015232
1282063646944878593
1282063651755548673
1282063693191282693
1282063707053404160
1282063719334281217
1282063777517785090
1282063781309407232
1282063783012098049
1282063852666884096
1282063869561540608
1282063899282604032
1282063935127068672
1282063957851648000
1282063966701846528
1282064000147230724
1282064000235208704
1282064020380377088
1282064079444758528
1282064092564459522
1282064098486779905
1282064100697280513
1282064109677223941
1282064110675472384
1282064121723224073
1282064192258936833
1282064193517125633
1282064247044763649
1282064256251367425
1282064272617603072
1282064292825759747
1282064314191552516
1282064314535309313
1282064314602422272
1282064361561960450
1282064375763865604
1282064386757140483
1282064411461443584
1282064445217406976
1282064457536020490
1282064486871052288
1282064507221639168
1282064532672847874
1282064540838932480
1282064565870583808
1282064599873814529
1282064603090808833
1282064608602267648
1282064620748972033
1282064636662226944
1282064652776681472
1282064683822792704
1282064687761436672
1282064693541007360
1282064712449044483
1282064721487822853
1282064742526398471
1282064746276167680
1282064771697659904
1282064771915767808
1282064779390193667
1282064795181539329
1282064805554266114
1282064820720762883
1282064838303326212
1282064842745151489
1282064877918527489
1282064885157953537
1282064984873132033
1282064993400303617
1282065039399088129
1282065044365287427
1282065048421183498
1282065085507211270
1282065089806454785
1282065094600355840
1282065124526891010
1282065127844597761
1282065163441655808
1282065190780112896
1282065212296892416
1282065228818079744
1282065238800707584
1282065275538604033
1282065278617165824
1282065278935785472
1282065316898574338
1282065341527597059
1282065346590134274
1282065350855553024
1282065359470596096
1282065404823769090
1282065425551912960
1282065426369871875
1282065433277927425
1282065433517084672
1282065454807363584
1282065467209846786
1282065481281617920
1282065496708440064
1282065522268483585
1282065531017629696
1282065560327593985
1282065568011390976
1282065572092678146
1282065584004517888
1282065618917748737
1282065640505868288
1282065661053657088
1282065680875941890
1282065685473107968
1282065689872936960
1282065694289428481
1282065694385987585
1282065711591038979
1282065727424323584
1282065728246603776
1282065736593281026
1282065777630167040
1282065789865136130
1282065795237855232
1282065808013885441
1282065811633582086
1282065828234563584
1282065840930557952
1282065888330604550
1282065904482779140
1282066008669216768
1282066016005001217
1282066016940560385
1282066025945546752
1282066030605619201
1282066062809407490
1282066067490140160
1282066072082903040
1282066080362635264
1282066101250203649
1282066158422720513
1282066172972634112
1282066197723394048
1282066222222385157
1282066230069911553
1282066269320155144
1282066272080015372
1282066298755862532
1282066311737233411
1282066331999903745
1282066344666693634
1282066345002250242
1282066348881907714
1282066370360991745
1282066403361796096
1282066419333701633
1282066420939939841
1282066428095594510
1282066461511626753
1282066462094524418
1282066493694455811
1282066519262887939
1282066535763378178
1282066545288581127
1282066546819465217
1282066558462959621
1282066564632555520
1282066567312875521
1282066586837426181
1282066590465495047
1282066633125699589
1282066633666768898
1282066634350395398
1282066641388437504
1282066658652311557
1282066680810807296
1282066695859970048
1282066718102130688
1282066737983188992
1282066747424636929
1282066763736207360
1282066780089966598
1282066792874217476
1282066797714460672
1282066844531265538
1282066873991995397
1282066880707076102
1282066881906708486
1282066924206280704
1282066931999268864
1282066958985375744
1282066977054433280
1282066977113223168
1282066978627358722
1282066979365572613
1282066982439800832
1282067015444967424
1282067032062619648
1282067032213790720
1282067036340916224
1282067074471342080
1282067091105841152
1282067091227631618
1282067100006150144
1282067103735074816
1282067107409092608
1282067111817420801
1282067120617140224
1282067122248654848
1282067149192859648
1282067161368817664
1282067204620640263
1282067216729608194
1282067220663762946
1282067233662013443
1282067286292144129
1282067306202509312
1282067309302079488
1282067333624803329
1282067361596608518
1282067385059545088
1282067385185271808
1282067427287867392
1282067447038844931
1282067455595118594
1282067455867793409
1282067460036759552
1282067468341714944
1282067476768083968
1282067481742454786
1282067493507325952
1282067523005894656
1282067527129079808
1282067539963543559
1282067564923949056
1282067582955266050
1282067607189950471
1282067614810796032
1282067627389657089
1282067627842498560
1282067647035842560
1282067677771685888
1282067682880364544
1282067683853377536
1282067707014201344
1282067707777544193
1282067708239110144
1282067715180695554
1282067730867392513
1282067734424162305
1282067749620121604
1282067753277575168
1282067762312032257
1282067766615433218
1282067786852777984
1282067801096814592
1282067808453447687
1282067824215719938
1282067855140364289
1282067867769409541
1282067879970476032
1282067921766948870
1282067925038399492
1282067938829271041
1282067958689181697
1282067966629011456
1282067987743342593
1282067997067284485
1282068001072742401
1282068001345413130
1282068013550690305
1282068014960005121
1282068027882655744
1282068043351433220
1282068067313426432
1282068080336789509
1282068126499315712
1282068139216375809
1282068148259377157
1282068152034168832
1282068155758784513
1282068165204348929
1282068182836998144
1282068194052542465
1282068194212171777
1282068202206294017
1282068215137476614
1282068223878463495
1282068231705047042
1282068231759355904
1282068235672788996
1282068239984603138
1282068240051720195
1282068244254404608
1282068258569543682
1282068260557656065
1282068295152103424
1282068305671593984
1282068311866474496
1282068322750586880
1282068323988115460
1282068337061695489
1282068341574819840
1282068350315532288
1282068358318489601
1282068375087337473
1282068391117967368
1282068432444432385
1282068441051136003
1282068445832581126
1282068457136312321
1282068499989438465
1282068513499353089
1282068533627752449
1282068555668885506
1282068558755889154
1282068563889659904
1282068566737670144
1282068583766536193
1282068605765640199
1282068609552904192
1282068609926225920
1282068613747355648
1282068659926716417
1282068660211740672
1282068668566962179
1282068676548661249
1282068680524926977
1282068703308374017
1282068713366155264
1282068714951782400
1282068722065313795
1282068738490195968
1282068745146572800
1282068752083963905
1282068789786562560
1282068790231158784
1282068798238003201
1282068799554875392
1282068844916482051
1282068847944663040
1282068856505335809
1282068860804280320
1282068928131330048
1282068943830749188
1282068961497096194
1282068964722577408
1282068972603613184
1282068992925020165
1282068999174488069
1282069031877476359
1282069046071037953
1282069053931126786
1282069057584476163
1282069058112729088
1282069071643779072
1282069084809711618
1282069091277082624
1282069095882448896
1282069113305612289
1282069125007699968
1282069142321762304
1282069151029362689
1282069179953274882
1282069180372733952
1282069181219794944
1282069200966750208
1282069214262636544
1282069217735401472
1282069236047912963
1282069263059165184
1282069276766007299
1282069278708183041
1282069284961882113
1282069288698798080
1282069300719742978
1282069309909590017
1282069317622915079
1282069318675697664
1282069334400143363
1282069389215399946
1282069403886948352
1282069414989504518
1282069456013996035
1282069459730083842
1282069484010962945
1282069494492520450
1282069508207906817
1282069517259202562
1282069572305264642
1282069581876649985
1282069586112917504
1282069596674174978
1282069598876110849
1282069606543306756
1282069612104945664
1282069617645584390
1282069620103364608
1282069645118173185
1282069670150000645
1282069678525870080
1282069682586030086
1282069700244054016
1282069708209033218
1282069716693946368
1282069724642279424
1282069725858729984
1282069729818152973
1282069732015792128
1282069734079426560
1282069775850500097
1282069791579287552
1282069816510119937
1282069825695764481
1282069829546106884
1282069832347811842
1282069850538627073
1282069913369182214
1282069914036166662
1282069928757981184
1282069929995522049
1282069937721430018
1282069947619966976
1282069951516307458
1282069964447518720
1282069968050429963
1282069968293711879
1282069968478261250
1282069971510669312
1282070043438637056
1282070044369879043
1282070059289055249
1282070069942648835
1282070084446552072
1282070132940877824
1282070136581689345
1282070153673359360
1282070214126063617
1282070224934785025
1282070241091059712
1282070258090758144
1282070262851272706
1282070294849622016
1282070295973691392
1282070307423916033
1282070312780169217
1282070320157880320
1282070384012034050
1282070384066457601
1282070385006194688
1282070396490194946
1282070400625770499
1282070428932923392
1282070431458119680
1282070522159742977
1282070526559543296
1282070537565605889
1282070547279429632
1282070548793536512
1282070558138662917
1282070563364765696
1282070571673501697
1282070584789291010
1282070602489176066
1282070605643296768
1282070606356393987
1282070614396694528
1282070616271654913
1282070629433384972
1282070664317288448
1282070664497766401
1282070668536942592
1282070673079152641
1282070677332217856
1282070681765593088
1282070719577415681
1282070731732529153
1282070744810364931
1282070767149232129
1282070776183742464
1282070782169014272
1282070785839042563
1282070786082246662
1282070793376206852
1282070800758079488
1282070807255154688
1282070847457570817
1282070873172668416
1282070882899439621
1282070886351360001
1282070891740962816
1282070901383733251
1282070914088108033
1282070916407742464
1282070933042343948
1282070935810514947
1282070937425371136
1282070940361396225
1282070953372065793
1282070961802502145
1282070965946658816
1282070979494047746
1282070992014192648
1282070995931549696
1282070999987392513
1282071000046358529
1282071003594723329
1282071004429217792
1282071067088105473
1282071077871595520
1282071088143519744
1282071088403558403
1282071091566059521
1282071092249624576
1282071103301660673
1282071107038842882
1282071131219005442
1282071140287098880
1282071162844061698
1282071170305728512
1282071209966997506
1282071214027157507
1282071217453674496
1282071226333179904
1282071240413458434
1282071262844641283
1282071281387610112
1282071289205686272
1282071292292866048
1282071310621970432
1282071315822923779
1282071330750439431
1282071356927074305
1282071378007601153
1282071385825837064
1282071400564523009
1282071410614001664
1282071417870262278
1282071418168061952
1282071432659443712
1282071465215631361
1282071493577498624
1282071499357265924
1282071511159865344
1282071514821595136
1282071526351818758
1282071530264920064
1282071537626025990
1282071541384175622
1282071549365719040
1282071557871820800
1282071565467660288
1282071600041517056
1282071607935213569
1282071616617426947
1282071620182405120
1282071638175920129
1282071658031792128
1282071664553943040
1282071690172915713
1282071696397279234
1282071733734973445
1282071769566842885
1282071771315949568
1282071776122421248
1282071779964526593
1282071792446844929
1282071796594937858
1282071804861972480
1282071817943945217
1282071830040317952
1282071856111972352
1282071859807293441
1282071863892402176
1282071876127383552
1282071876924133376
1282071884608282624
1282071909740544000
1282071913829998592
1282071930967859202
1282071940040200192
1282071940316852225
1282071943680753667
1282071964819927041
1282071968674713605
1282071970721521664
1282072002292076546
1282072011188187136
1282072024005804033
1282072052963450880
1282072070411739142
1282072083766349825
1282072098827956224
1282072100111618049
1282072103378800640
1282072105266413574
1282072160618635266