1278403005662949376
1278403031923597316
1278403035346210824
1278403068594356224
1278403080720089093
1278403102060797952
1278403122755403777
1278403135073972224
1278403147925524481
1278403177017225218
1278403179433144320
1278403185728774147
1278403194154913792
1278403206964543488
1278403214942121984
1278403223158743040
1278403245908660226
1278403247749894145
1278403248823681024
1278403298307919873
1278403379253960704
1278403382898757633
1278403387332190209
1278403391891181569
1278403407632424960
1278403424493731842
1278403433158987776
1278403458111090689
1278403559843823617
1278403573601239047
1278403588037853185
1278403638587723781
1278403647538429953
1278403662923137035
1278403682594324481
1278403688533504007
1278403701728858117
1278403706619334662
1278403772788637703
1278403802148847618
1278403806267506688
1278403811250524160
1278403832305774592
1278403836101738497
1278403874026450945
1278403877600182278
1278403894977142796
1278403899003531264
1278403944796938241
1278403982520545280
1278404020529360898
1278404045854539778
1278404058731229190
1278404059142078464
1278404062854082562
1278404070596849664
1278404071142174720
1278404123906449408
1278404137391136774
1278404137449689088
1278404158492639232
1278404251358760962
1278404253577629698
1278404253724311560
1278404255133679618
1278404259906646017
1278404272653303808
1278404279666192385
1278404313874915330
1278404314579361794
1278404318287163392
1278404326587842562
1278404327044857856
1278404364487581698
1278404409039486983
1278404473560367105
1278404499040763907
1278404506263355392
1278404523502043136
1278404552778289154
1278404577931530241
1278404591311376385
1278404633170452481
1278404637209563138
1278404641571704832
1278404653567205376
1278404653835747329
1278404674878607363
1278404729052131329
1278404756168478720
1278404787499868161
1278404787692847105
1278404791568232449
1278404847520358400
1278404867673829376
1278405002382454786
1278405006643863552
1278405013606264832
1278405058821009408
1278405136264556544
1278405136407236621
1278405145265614848
1278405178102865920
1278405186415767558
1278405204736688135
1278405237011812354
1278405290715680768
1278405295367217155
1278405312031207424
1278405312421203970
1278405343668776960
1278405377747496961
1278405458118795264
1278405525856825344
1278405546823962629
1278405584363102208
1278405593917784064
1278405601480134656
1278405602142760960
1278405618211196930
1278405618886496256
1278405631360155648
1278405635768541185
1278405660078530562
1278405727435046912
1278405773664505856
1278405781092798464
1278405790068551681
1278405807030370311
1278405807395176451
1278405915943854081
1278405916212236294
1278405920284766208
1278405983816081414
1278406024915910656
1278406058860519424
1278406069623107585
1278406075482550275
1278406104389648390
1278406151608995841
1278406171230076930
1278406201227702272
1278406209612271616
1278406217921171458
1278406222949920768
1278406227672748032
1278406259662901248
1278406293028401152
1278406294525947904
1278406309541527553
1278406373395570690
1278406407390404609
1278406407453212673
1278406409588289542
1278406430140313600
1278406442865668096
1278406477724766209
1278406486410981376
1278406499891589126
1278406592367431680
1278406619357839360
1278406620935061505
1278406638081314816
1278406695962714114
1278406701037899776
1278406709636067329
1278406712316375041
1278406712530137089
1278406751541358592
1278406755429412864
1278406769832673285
1278406781954392064
1278406786387791874
1278406789361516545
1278406830105001984
1278406843015081988
1278406858458296320
1278407015405105153
1278407016415997954
1278407065992658945
1278407081989734405
1278407094715265026
1278407094949908480
1278407134464499712
1278407135596908544
1278407143004266497
1278407158187491328
1278407177959546888
1278407195290451968
1278407204463312897
1278407250403422208
1278407276001460226
1278407308507320329
1278407349389144064
1278407405546745860
1278407426564382725
1278407456037584901
1278407460802514944
1278407493614534656
1278407520130863107
1278407522735362048
1278407544092766208
1278407544222826497
1278407574094860289
1278407586098921473
1278407615161253896
1278407628251521024
1278407653060939777
1278407657045590018
1278407724414443521
1278407745431941120
1278407753908838406
1278407762985222146
1278407770220359680
1278407816395579397
1278407824691912704
1278407833902604288
1278407917969051649
1278407934167470080
1278407946377052162
1278407950592180224
1278408016333766657
1278408052786507777
1278408068095713286
1278408093399949312
1278408105903230977
1278408109678047233
1278408110655315970
1278408120725798916
1278408138568466439
1278408193484288000
1278408218562015235
1278408248861827074
1278408291526344706
1278408300783185921
1278408302494470144
1278408329094561792
1278408344634568705
1278408369502654464
1278408386988498944
1278408413899132928
1278408453271302145
1278408462284791811
1278408471025573888
1278408508338139136
1278408516865318912
1278408521483202560
1278408571361857544
1278408583919669249
1278408605448966144
1278408646473527296
1278408650978201600
1278408658595065858
1278408676454404097
1278408677414834177
1278408685329567744
1278408726609870856
1278408730594459650
1278408743550681091
1278408747489079298
1278408760915099654
1278408827101229058
1278408869027274752
1278408878087114755
1278408895598231552
1278408927596564480
1278408936761237509
1278408956830982144
1278408971435597825
1278409048941924352
1278409058052169728
1278409062179315713
1278409083360432129
1278409092294418434
1278409103770030082
1278409153741021184
1278409156353982469
1278409163211710464
1278409163664764928
1278409171281428480
1278409192265539584
1278409200226443264
1278409226100981761
1278409230085693441
1278409233785126913
1278409246393188353
1278409246963650560
1278409301623746563
1278409326831587329
1278409339561099269
1278409380501676032
1278409404321316865
1278409430875471872
1278409449389031430
1278409473510584322
1278409485384593409
1278409511271829507
1278409511615770624
1278409552761847809
1278409565906833408
1278409578342801408
1278409591240318982
1278409610098020353
1278409617664434176
1278409641014317057
1278409645095153664
1278409648845066246
1278409661440339968
1278409674476400641
1278409678544928770
1278409678586871810
1278409680608309253
1278409687235309569
1278409724703145984
1278409726649184256
1278409747889360896
1278409804470419458
1278409828973441024
1278409834543616002
1278409848338726915
1278409850943410176
1278409859017433089
1278409893158903808
1278409921747472389
1278409947206778880
1278410001741037568
1278410018983948288
1278410041385717761
1278410085266386944
1278410085363048448
1278410087803961344
1278410117571018752
1278410169832165377
1278410177843257344
1278410232981598208
1278410242657828870
1278410245333831683
1278410257581010945
1278410270361214976
1278410307463864320
1278410322064412672
1278410383192195073
1278410395749924866
1278410420659904522
1278410442101137415
1278410478255960065
1278410492025823232
1278410505263202305
1278410546405089281
1278410555527659520
1278410563505315840
1278410571793207297
1278410616101695488
1278410664122482693
1278410698209574912
1278410719097217027
1278410747870093313
1278410760138481664
1278410777280610305
1278410802869854210
1278410831969968128
1278410840010420224
1278410862986850304
1278410870800949248
1278410872486952960
1278410882545057793
1278410916351086599
1278410946009075713
1278410949989289984
1278410953361678336
1278410965311201283
1278410966825230336
1278410985733263362
1278410995619241984
1278411005320671235
1278411012279078912
1278411071053877248
1278411083414302720
1278411098643808256
1278411109234610179
1278411109314236425
1278411121146433542
1278411125961437191
1278411156634210304
1278411217745272833
1278411217841926145
1278411217971929088
1278411219796443136
1278411239228661761
1278411242927865856
1278411243867570177
1278411276675436545
1278411294589300746
1278411305800675329
1278411344002207744
1278411347709931520
1278411394501824513
1278411413011206146
1278411419801866240
1278411453712793605
1278411470234148864
1278411499032248326
1278411561862864897
1278411611968016388
1278411614115561472
1278411650140377088
1278411663167741952
1278411678833672195
1278411705568169985
1278411717421252615
1278411717534289920
1278411737918844928
1278411750526730240
1278411750887567360
1278411761486610434
1278411775600287744
1278411789777227776
1278411808492212226
1278411822266228737
1278411831183204352
1278411834718949376
1278411875420684290
1278411884836925440
1278411906257215492
1278411962783879175
1278411984522764288
1278411998448009216
1278412002138996739
1278412003653160960
1278412010279952384
1278412015506259970
1278412018756620290
1278412018861531136
1278412027145445377
1278412060985036801
1278412099014856705
1278412111379599361
1278412146855075841
1278412169869242371
1278412170003439616
1278412228165660672
1278412232540540928
1278412233043738628
1278412266346631168
1278412266610671618
1278412275125309446
1278412292447666176
1278412295438303234
1278412307496726529
1278412309484969986
1278412313092067330
1278412333086396417
1278412338245271553
1278412361603248133
1278412379479396352
1278412417526005763
1278412417764962304
1278412476149837826
1278412480876818432
1278412486866284546
1278412501152137216
1278412503068708864
1278412513852489733
1278412520852774916
1278412521838309376
1278412548019302406
1278412607846637568
1278412664608378880
1278412669331091462
1278412677555998720
1278412690009055234
1278412702579175431
1278412703015542784
1278412715321462786
1278412746464231424
1278412811308134400
1278412820682616838
1278412829293342720
1278412849178705921
1278412874004803585
1278412899619344390
1278412908003811336
1278412942040535046
1278412995962568711
1278413027679879170
1278413042359902210
1278413062962212864
1278413126321541120
1278413134412251137
1278413147838259200
1278413160332967936
1278413160375111682
1278413189559058433
1278413243434721281
1278413246987468800
1278413263198355458
1278413273013067778
1278413273273036800
1278413302427762694
1278413302578774016
1278413303220330496
1278413306445914112
1278413317472567296
1278413322883174401
1278413345834577922
1278413352197373954
1278413356924203008
1278413398833840129
1278413399546888192
1278413465967681537
1278413484376625154
1278413487107178498
1278413606758072320
1278413608150462464
1278413638370541569
1278413643026219009
1278413668410101761
1278413671744647173
1278413692313329664
1278413704531345408
1278413709547732992
1278413742007451648
1278413772520996865
1278413804418871297
1278413839210614787
1278413847406182401
1278413904813711361
1278413922836480000
1278413978868363264
1278413981833707523
1278414002482184193
1278414007574151168
1278414027580940295
1278414028138635264
1278414042382680064
1278414044525821952
1278414049022283778
1278414070199185408
1278414095188779008
1278414137425448962
1278414167884652546
1278414187115544578
1278414187761414147
1278414204211470337
1278414233877782533
1278414271022596098
1278414292128116737
1278414292216414209
1278414301120905223
1278414309316538376
1278414318036553728
1278414325363982337
1278414335228866560
1278414396637790214
1278414401712779265
1278414406854930434
1278414410306871297
1278414452560404482
1278414477311041538
1278414481371000832
1278414519325405184
1278414519329579008
1278414553198374913
1278414607640657921
1278414627660062720
1278414631577571335
1278414639924015104
1278414665685635072
1278414678205575168
1278414706072412160
1278414730990780417
1278414749152223233
1278414763056340992
1278414783650451457
1278414787211378690
1278414787550932993
1278414825492709383
1278414858652749824
1278414859001114626
1278414863300263943
1278414925308866561
1278414997224402951
1278415013380853760
1278415021215711238
1278415026420764673
1278415059933229056
1278415072986116097
1278415093982773248
1278415106431504386
1278415177835327489
1278415190321704960
1278415244889591808
1278415248538521600
1278415265382969344
1278415301600632832
1278415350799966208
1278415374246006784
1278415389521784838
1278415397235154944
1278415420903641091
1278415441778536448
1278415443506728964
1278415464809598978
1278415481175773186
1278415510766596097
1278415527212285952
1278415531398311936
1278415554978754560
1278415559382765568
1278415592073179140
1278415614713962496
1278415647433728000
1278415663552487425
1278415669864943618
1278415737468706817
1278415806242619392
1278415806846636032
1278415825012166657
1278415840178851841
1278415889185017859
1278415915558846465
1278415922374598656
1278415940334616576
1278415948538576897
1278415987520438272
1278416010140192768
1278416037176766464
1278416040305651714
1278416066876780544
1278416071050121217
1278416079434526721
1278416108006105088
1278416125508935682
1278416126259724289
1278416133662670850
1278416141422075915
1278416146123743232
1278416166801858560
1278416171457343488
1278416200658309127
1278416280807235584
1278416297693495303
1278416456930275328
1278416471702376449
1278416474592468992
1278416507278589952
1278416509568573440
1278416519135924225
1278416524164739072
1278416527763615744
1278416532029288450
1278416541688741888
1278416544586887168
1278416558998663174
1278416590715772928
1278416640116355072
1278416720710053890
1278416735448838145
1278416758437797890
1278416767367380994
1278416782953525248
1278416792088711168
1278416792235450370
1278416796979101696
1278416825596796929
1278416838620217344
1278416880139554816
1278416896858046464
1278416897260892160
1278416900456763392
1278416909151678465
1278416922032439296
1278416955347570688
1278416997374742529
1278417052496265223
1278417077389295617
1278417098461646850
1278417101577994240
1278417119147724800
1278417128203390976
1278417136151478272
1278417140123500544
1278417144150134784
1278417148281585665
1278417149019566081
1278417173099229187
1278417174051332096
1278417182360244227
1278417190836776960
1278417199624044551
1278417203197435904
1278417269526331393
1278417274668490758
1278417282713243649
1278417320327536640
1278417413109768192
1278417413315481600
1278417429673189376
1278417446525952001
1278417466985795584
1278417480113958914
1278417486044712961
1278417488112467968
1278417525806641152
1278417576486371328
1278417580148080640
1278417580521291781
1278417613933215745
1278417635177185280
1278417647714082818
1278417668597362688
1278417696997195780
1278417748750561280
1278417753011924993
1278417768812023808
1278417769445437441
1278417836935806977
1278417848910532610
1278417879965278208
1278417882628722689
1278417883022925824
1278417891042430978
1278417898822758400
1278417925326561280
1278417961120927746
1278417996227252226
1278418008239558656