1280939716255404033
1280939727739211776
1280939788577779713
1280939810199408642
1280939826649448450
1280939829728096256
1280939850062082049
1280939874279985152
1280939875303403521
1280939900217561090
1280939903799496705
1280939913240735744
1280939913299390464
1280939914331402242
1280939931028905984
1280939960535855105
1280939974226042880
1280939997735145474
1280940020602372099
1280940052080549889
1280940069298360322
1280940078907428864
1280940085735616513
1280940115293089793
1280940126307262472
1280940127011909632
1280940151640928257
1280940173883211776
1280940226068824068
1280940260860534785
1280940315004764163
1280940333430460417
1280940433816850438
1280940444776640516
1280940458231959554
1280940460807258114
1280940466469552128
1280940487143231492
1280940487571013632
1280940488795832322
1280940529740509184
1280940584434163714
1280940597482868736
1280940651966795778
1280940715657363466
1280940755599659008
1280940880644329477
1280940911422251009
1280940915721482241
1280940949431074817
1280941074073059328
1280941079043473411
1280941090921762821
1280941120936083456
1280941125289869313
1280941151575392256
1280941152527507457
1280941154981330946
1280941162740711424
1280941209171775488
1280941234413076483
1280941274862772224
1280941302222336002
1280941360040652800
1280941364432248835
1280941471550500864
1280941481717612548
1280941508267556865
1280941559752486912
1280941573631598597
1280941603088207872
1280941620242919424
1280941657320554496
1280941678916927495
1280941708788805635
1280941779056025603
1280941845044854785
1280941868512169992
1280941914217426951
1280941935188946949
1280941964410654724
1280942045323046912
1280942083319246848
1280942094635405313
1280942161337257985
1280942165494042625
1280942194619228160
1280942224763748354
1280942247136067586
1280942248520224770
1280942257873358848
1280942258880081921
1280942266736132097
1280942270250803200
1280942278727606272
1280942295530045440
1280942302098329600
1280942320507129856
1280942341570924546
1280942375783686144
1280942405273808897
1280942413343793153
1280942499872284673
1280942517450674178
1280942534772977666
1280942568159600640
1280942576732966912
1280942589642973188
1280942610379681797
1280942614599081986
1280942660451102720
1280942677572243456
1280942698451685377
1280942724091428865
1280942731074981890
1280942765686296585
1280942790189494274
1280942883235926016
1280942895361593349
1280942895793487872
1280942903678959621
1280942953352114180
1280942962856386560
1280942979079757824
1280943008565821440
1280943009354285057
1280943030049046531
1280943058922672132
1280943067848232961
1280943084243738632
1280943113847046146
1280943140640305152
1280943169258086400
1280943193484386304
1280943205278781441
1280943206285234176
1280943210328711169
1280943222429306881
1280943252712103936
1280943256231202819
1280943262400798720
1280943289412304902
1280943294307016704
1280943300661268480
1280943319560982529
1280943332282204161
1280943453820633089
1280943473907191808
1280943503665762306
1280943507671330816
1280943528462422027
1280943562729885698
1280943570162257920
1280943575241494529
1280943576092991488
1280943604631056384
1280943616697831424
1280943652626485248
1280943658280329217
1280943743290441729
1280943772285755392
1280943791617105920
1280943835133161472
1280943847535792128
1280943856247361536
1280943897930334208
1280943901994450945
1280943910248951808
1280943927537868802
1280943931405086725
1280943990741794818
1280944015156928512
1280944044462538754
1280944084358770689
1280944086996987905
1280944114813501451
1280944170463567875
1280944284179496969
1280944292257599488
1280944304727474177
1280944400781021185
1280944401477300226
1280944460537294849
1280944494234353665
1280944580246900736
1280944678074974208
1280944732752019456
1280944747419484163
1280944748254171142
1280944763147923458
1280944778834669568
1280944824993091584
1280944917011890177
1280945033311670272
1280945034703982593
1280945052102131712
1280945071446274048
1280945085098496003
1280945088940642304
1280945093789257731
1280945097262223362
1280945121983414274
1280945125703770112
1280945126689341440
1280945126810906624
1280945239927201792
1280945255043514368
1280945282163904513
1280945319870697479
1280945320134955008
1280945320210231298
1280945324073324545
1280945349335478272
1280945379400351744
1280945395502321665
1280945412069867521
1280945412224974849
1280945421708193793
1280945435885084672
1280945488490086400
1280945521956392963
1280945588259807232
1280945591909040129
1280945605263712258
1280945609097256961
1280945618815463425
1280945648397770752
1280945657654636544
1280945667674984449
1280945697873936385
1280945727095451649
1280945740416720905
1280945748025147394
1280945763162488832
1280945801733246977
1280945814915989510
1280945827175976962
1280945856653463554
1280945881777397760
1280945881836068864
1280945890656731138
1280945915784646656
1280945940644454402
1280945961469124608
1280946029106511874
1280946033204363266
1280946049721315328
1280946100367585280
1280946104729833473
1280946108554899458
1280946162581803010
1280946187470766080
1280946212850589704
1280946213630750720
1280946242525298689
1280946451665821696
1280946472998109185
1280946494359523328
1280946607333277700
1280946641349087237
1280946665466273797
1280946670478508043
1280946683757711363
1280946694947893248
1280946741546795008
1280946777546506241
1280946809192366080
1280946817266520067
1280946821624365056
1280946840498778114
1280946867350593536
1280946871515545600
1280946876330598400
1280946951186460674
1280947006261932032
1280947022883766273
1280947026792873984
1280947055645593601
1280947090273820672
1280947115263311872
1280947115674365952
1280947118505517056
1280947136159457282
1280947269429231617
1280947270507270144
1280947416993275906
1280947417110757376
1280947421296689152
1280947429773369345
1280947482546102272
1280947488497729536
1280947544994897920
1280947584765493249
1280947597302272018
1280947672640368641
1280947702604410883
1280947719490674694
1280947744539099137
1280947752378171392
1280947763270819842
1280947773739843595
1280947777523023874
1280947781792866305
1280947815322181643
1280947815708049409
1280947844745064448
1280947878660202496
1280947891390070785
1280947920624185345
1280947962651303936
1280947974613413888
1280947987817148416
1280947992871071744
1280948008943828993
1280948128087257090
1280948135519350784
1280948221980762112
1280948226380660736
1280948260610375687
1280948268793552897
1280948272237031424
1280948301169332225
1280948339895406595
1280948419750588416
1280948495592165376
1280948511253557248
1280948524343943168
1280948564055724032
1280948594523230208
1280948650173018112
1280948679109738496
1280948796848050176
1280948819149152258
1280948847016099841
1280948884408356864
1280948906038366219
1280948911109296142
1280948935587065856
1280949065681903618
1280949095239041024
1280949110279979008
1280949182442987520
1280949213401174017
1280949220271427585
1280949220686458880
1280949220686598144
1280949224981426177
1280949259110621189
1280949267029544960
1280949308959973376
1280949312634204161
1280949316928991232
1280949387921895424
1280949406464798720
1280949421765730304
1280949425943318538
1280949450073157632
1280949486328483841
1280949493769351169
1280949514468237313
1280949556415520768
1280949568088178695
1280949606373703680
1280949631824822274
1280949669380620288
1280949698807894022
1280949723940225029
1280949770614239232
1280949787081220097
1280949787102113792
1280949800142159872
1280949807448829952
1280949814767898626
1280949824251146241
1280949845314985985
1280949849656111105
1280949861316063233
1280949865229492227
1280949874691891200
1280949912482480128
1280949962713505792
1280949992622968832
1280950053012733953
1280950063284568065
1280950072289775617
1280950107047780354
1280950114052452358
1280950118087159809
1280950139532820481
1280950143576137729
1280950147304656897
1280950227835510784
1280950261209423872
1280950290209026048
1280950306663251969
1280950324090425344
1280950328272265217
1280950352951390208
1280950353106817024
1280950407255035904
1280950457607884804
1280950533382008834
1280950575467642880
1280950593469767685
1280950655432220672
1280950722276790273
1280950751779528704
1280950781697540098
1280950792372060160
1280950805667840000
1280950817449635840
1280950823145660416
1280950843462819842
1280950852497399823
1280950872831377420
1280950914837147648
1280950920289845252
1280950944033890304
1280950957585698823
1280951014980571136
1280951074615185408
1280951078444584960
1280951111881498624
1280951125236224004
1280951175307767818
1280951179254599680
1280951201798881281
1280951216898486272
1280951300667191303
1280951309349224448
1280951416102756353
1280951442992398337
1280951464676823040
1280951501850996736
1280951533442654213
1280951547359363073
1280951556469395457
1280951556511199233
1280951581987528708
1280951586508791810
1280951615546163200
1280951644960829444
1280951664871124992
1280951675478392833
1280951688187109376
1280951812724588544
1280951829824712705
1280951888448491524
1280951894895144960
1280951895968960515
1280951967687168000
1280951972548526080
1280951986687524865
1280952014537723904
1280952026529218562
1280952030534787080
1280952031063289856
1280952048268107776
1280952081055088645
1280952104161546243
1280952127343472641
1280952129449066497
1280952131189604354
1280952228057055232
1280952306742280193
1280952311519629312
1280952358449618949
1280952366574055430
1280952379358117888
1280952399692062721
1280952414703702023
1280952416393969676
1280952427123027970
1280952500254920706
1280952521494855680
1280952529874976769
1280952538276257795
1280952542680268803
1280952579502026752
1280952601165455360
1280952605158641664
1280952627849768961
1280952630399971329
1280952630789967879
1280952645910507522
1280952672800169984
1280952697567535107
1280952722565496832
1280952765058072576
1280952831789408256
1280952865842839552
1280952919068684300
1280952957773778946
1280952966707507201
1280952982260121600
1280952995669323787
1280953025297866752
1280953122345582596
1280953130121859072
1280953146718580736
1280953205342363649
1280953208488300548
1280953254860460040
1280953342282412032
1280953356933115910
1280953379326492674
1280953393503014912
1280953397844344833
1280953408590094342
1280953461056495618
1280953507240185857
1280953532653469697
1280953595152658432
1280953618108203010
1280953620708691972
1280953675075203073
1280953683719655425
1280953695992197121
1280953754850693120
1280953787696455687
1280953808877649922
1280953813130567680
1280953835071168513
1280953838867005441
1280953854083903493
1280953943342768128
1280953947688075264
1280953955934035968
1280953958425489408
1280953976972861454
1280953997164269568
1280954023017885697
1280954048158609408
1280954090495676416
1280954109449744386
1280954157298524160
1280954188441063424
1280954193080131585
1280954203473612805
1280954224592015367
1280954254858084352
1280954287858704384
1280954431031226369
1280954450975358976
1280954466775240706
1280954471795822594
1280954482638172160
1280954509972430848
1280954526321782788
1280954600275804168
1280954635700834304
1280954677056671750
1280954688335155201
1280954732086005761
1280954790600536064
1280954796485173248