1280803814178783232
1280803816024219649
1280803817009840129
1280803838614810625
1280803960115339265
1280803972501176325
1280804077463646208
1280804145683853313
1280804178088976384
1280804245151899649
1280804259748077568
1280804332766666753
1280804450899296256
1280804457991766016
1280804539235471360
1280804585834262530
1280804663965765633
1280804693007052806
1280804722656468992
1280804744286605312
1280804778558345216
1280804992430018560
1280805006560694272
1280805009366691845
1280805021374767105
1280805033211281408
1280805033651474432
1280805071953985542
1280805109476229120
1280805138517630976
1280805142800076800
1280805171086282754
1280805192905093121
1280805221338398722
1280805226568658944
1280805235179483136
1280805239730421760
1280805294042423297
1280805324287545344
1280805339412287488
1280805352104177665
1280805456810848258
1280805473319616512
1280805521918959616
1280805562897166336
1280805591074639872
1280805604156755968
1280805614407413761
1280805624947904512
1280805674671316992
1280805784088182784
1280805863419191297
1280805965332385792
1280805999146868736
1280806077978808325
1280806114485993475
1280806190558130177
1280806194337198081
1280806224108363776
1280806224129339393
1280806350591844353
1280806410062909440
1280806450147717122
1280806480850141184
1280806521702506496
1280806527545290752
1280806669895610370
1280806761176469509
1280806811931680768
1280806870836547584
1280806874124820481
1280806875290898432
1280806892680470529
1280806912309649408
1280806937916051456
1280807051367677952
1280807085006114816
1280807155726237696
1280807165029048323
1280807201641246730
1280807226828079105
1280807232259657728
1280807300744138752
1280807385930649606
1280807411905974272
1280807432386740224
1280807444856410113
1280807458815062016
1280807499332030466
1280807580382740481
1280807586967760896
1280807603459756033
1280807609298227200
1280807616789336065
1280807626578812928
1280807662645633024
1280807687945515008
1280807784158814210
1280807877112889344
1280807891088351232
1280807948009103361
1280807948634198018
1280808031672954881
1280808082227036160
1280808086769414151
1280808250464546817
1280808254172471296
1280808266075910144
1280808288276246528
1280808300452470789
1280808338381402113
1280808372175015937
1280808388692267010
1280808405100302337
1280808603063136256
1280808653369618433
1280808733073965056
1280808740342632450
1280808964100423682
1280808967610851328
1280809017238003712
1280809047541846016
1280809077313019905
1280809099383504896
1280809105679138816
1280809122431152128
1280809146799931392
1280809159831752704
1280809315755085824
1280809324856688641
1280809382381383680
1280809403650846726
1280809415793311745
1280809428862853122
1280809441781309448
1280809462983507972
1280809474660478976
1280809559737712640
1280809715124101122
1280809764918898689
1280809840097538049
1280809852827316224
1280809857231265793
1280809871374516225
1280809971635171329
1280810027377459201
1280810040916508672
1280810045811417089
1280810082499006464
1280810129361944576
1280810141755961344
1280810162731745281
1280810380751765505
1280810440508035072
1280810451136217088
1280810451916525568
1280810510770999297
1280810644300681216
1280810759463809024
1280810770335318016
1280810774936662016
1280810820948066304
1280810884709920768
1280810943484760065
1280810969766248449
1280810985830268929
1280810998962716672
1280811036346638337
1280811101853270016
1280811183596089344
1280811202256482304
1280811278337015808
1280811338244083713
1280811354669158402
1280811358330765312
1280811375296688128
1280811376940900355
1280811384952012800
1280811400668033025
1280811416988143616
1280811420196564994
1280811475632820225
1280811478136881152
1280811572835897346
1280811588786835456
1280811597368303616
1280811617723256834
1280811651445358593
1280811672257441792
1280811739429437440
1280811790063075328
1280811869960364034
1280812026005082112
1280812060218142720
1280812128857985025
1280812133287165952
1280812146486476802
1280812191604596737
1280812214841049088
1280812310416838656
1280812314384650240
1280812372513390592
1280812376917446656
1280812551425732610
1280812574125305856
1280812586913509377
1280812622762274817
1280812663371714560
1280812758636941312
1280812827377315840
1280812868066213889
1280812893416624129
1280812901197066240
1280812930850787329
1280812942506762240
1280812951545487361
1280813021305208833
1280813056558346240
1280813094655197184
1280813174917263360
1280813199659433984
1280813224586289152
1280813253254316032
1280813279611412480
1280813280647233536
1280813305242796032
1280813341661945857
1280813402064072710
1280813417880793088
1280813452521541635
1280813471987306496
1280813571371233280
1280813655903236102
1280813669706858496
1280813723616194560
1280813765592825856
1280813799268892672
1280813801189892096
1280813870819553280
1280813900695588865
1280813933780242432
1280813968374870016
1280814067729473536
1280814116484063232
1280814138919354368
1280814259878932481
1280814261082587137
1280814274760396802
1280814303193546752
1280814314627137537
1280814344561926145
1280814424044044290
1280814461293432832
1280814521167347713
1280814600829706241
1280814605141340162
1280814756216090624
1280814784569585667
1280814789950758913
1280814806375845890
1280814959300149248
1280814965843206145
1280814968934449152
1280814993999425536
1280815276402106368
1280815288477499392
1280815317636300800
1280815331007741952
1280815339899502592
1280815355263422472
1280815355418628097
1280815465061912576
1280815472582123521
1280815485664161792
1280815489522864129
1280815490055757824
1280815518618877952
1280815536860016645
1280815579075694592
1280815612558749697
1280815619709874177
1280815624441212930
1280815670922366976
1280815683287175168
1280815742607392768
1280815770482679808
1280815780188180480
1280815801189228544
1280815833883836416
1280815858953056259
1280815871540310016
1280815883884126211
1280815967279316992
1280816001500745728
1280816048443441153
1280816064025288704
1280816102289944576
1280816107079827457
1280816131524055042
1280816202546208768
1280816236436258816
1280816253070913536
1280816265540644865
1280816286038097921
1280816324818669570
1280816362420678657
1280816398034505728
1280816425112764416
1280816492456693761
1280816534970150913
1280816550765789185
1280816551210496005
1280816588237737984
1280816606013259778
1280816618625515521
1280816642931515393
1280816658546864128
1280816664314105856
1280816676158783489
1280816748342636544
1280816774200520705
1280816776679501824
1280816806119301120
1280816820388315136
1280816920468566017
1280816929335398400
1280816994988761088
1280817004316897281
1280817011681972224
1280817072008822785
1280817112865439745
1280817141877551104
1280817150287101952
1280817188308488193
1280817221497876480
1280817230171815936
1280817386610987008
1280817427991924738
1280817432425377792
1280817520061153282
1280817537286987776
1280817540323782663
1280817586402451457
1280817598909865985
1280817600486952961
1280817671471235076
1280817691499147266
1280817699925504001
1280817711396859907
1280817750148030465
1280817809392570368
1280817809946263552
1280817854431010816
1280817890048872449
1280817922114498561
1280817947003494401
1280818150427115521
1280818199555014658
1280818208556138496
1280818237907877888
1280818286834393088
1280818346016100352
1280818353762906112
1280818358896689153
1280818401993203712
1280818425212919808
1280818426185908224
1280818460398727169
1280818463888605185
1280818509413584896
1280818555555131393
1280818581685624833
1280818591584182272
1280818623263768576
1280818631987822592
1280818632692563968
1280818657212469250
1280818710215888902
1280818717010649090
1280818744164483072
1280818753341620224
1280818790415110144
1280818798992424960
1280818820274241539
1280818854231302144
1280818899743801344