1287794883001032704
1287794956241969153
1287794978920501248
1287794982930259968
1287794996205281281
1287795041549901826
1287795096776310785
1287795121824702464
1287795142481633281
1287795167072645120
1287795205161328641
1287795206084071424
1287795217953824769
1287795260186415104
1287795273964687361
1287795277127192576
1287795281547862016
1287795327769092096
1287795402666840064
1287795427866054658
1287795437479501825
1287795498896764929
1287795507918598152
1287795583596531714
1287795649908441090
1287795683517489153
1287795686310842369
1287795717516529670
1287795734239154176
1287795736382525442
1287795763179925507
1287795771480379393
1287795900803362816
1287795998304145409
1287796006822858756
1287796015131529216
1287796027391717376
1287796052704231424
1287796053077614603
1287796053178286080
1287796062665822211
1287796115388141568
1287796133402640385
1287796153422053390
1287796183231070214
1287796223848652805
1287796337849835520
1287796366962548736
1287796401011920896
1287796457400160259
1287796468250636288
1287796480275705856
1287796489356337152
1287796497384235008
1287796527251861505
1287796548156502017
1287796551499362304
1287796577248194560
1287796665433198593
1287796681933590528
1287796741371289600
1287796799101599745
1287796854260998152
1287796866197979137
1287796887836332033
1287796893729329152
1287796929171197952
1287797027930345474
1287797101255110656
1287797101313892352
1287797109819924481
1287797127637274627
1287797135241613313
1287797160101031937
1287797172575055872
1287797181081059328
1287797260760133632
1287797268742115330
1287797328435392513
1287797352674328577
1287797398874578949
1287797403605708800
1287797445460549632
1287797483020615683
1287797575094083585
1287797588280913924
1287797604953264135
1287797613836869632
1287797680299749376
1287797709425053697
1287797780363325441
1287797789125222401
1287797861061660673
1287797919547043842
1287797940740816902
1287797953042685952
1287798024144662531
1287798061155192833
1287798115857240064
1287798120160604160
1287798162376335360
1287798181514948609
1287798275714809863
1287798288377417734
1287798299966267392
1287798350889156609
1287798397567672324
1287798415284408320
1287798468841476096
1287798477058080770
1287798532028628992
1287798572998696961
1287798585627557888
1287798665147486210
1287798680423223297
1287798741337079808
1287798745489276931
1287798816452702210
1287798821968326656
1287798875110154241
1287798880004911105
1287798883956006912
1287798888238325762
1287798905128681477
1287798975748218883
1287799004215083010
1287799058569076736
1287799089866977286
1287799097785647109
1287799102554746882
1287799148868177921
1287799156308762624
1287799169697157120
1287799181868969984
1287799286978076672
1287799365537542144
1287799374391779329
1287799395828850689
1287799537936080899
1287799562594385920
1287799580789215233
1287799654684299266
1287799785462743040
1287799811199184896
1287799818845331456
1287799828077051904
1287799903561764865
1287799907861094405
1287799953733988354
1287799983597662215
1287799999624024066
1287800033287446530
1287800051230793733
1287800063000023040
1287800067278217221
1287800075746410497
1287800095761674242
1287800205853810691
1287800220844208129
1287800240536539136
1287800246899077121
1287800251869540352
1287800287827243013
1287800373319802885
1287800431427629057
1287800502684733441
1287800506891476992
1287800549774168066
1287800557617459202
1287800579054608387
1287800620439740416
1287800624487321606
1287800662286270466
1287800692007002113
1287800712987107332
1287800722638229504
1287800729776852993
1287800818054430720
1287800826577248263
1287800850660888583
1287800855975145482
1287800863352926209
1287800876372041729
1287800973012828161
1287801047889653760
1287801199987699712
1287801232460058624
1287801237375791104
1287801240861044736
1287801265896873985
1287801273878749186
1287801323782459393
1287801341117693961
1287801341872689155
1287801346138218496
1287801358758879233
1287801384251863042
1287801387816902656
1287801408599670784
1287801422348574720
1287801489075900425
1287801492649451521
1287801496827035649
1287801521829109760
1287801537570447362
1287801601340702724
1287801601835405312
1287801677777518594
1287801698493386752
1287801740033576962
1287801765585391619
1287801820606324737
1287801824599248896
1287801971072806913
1287802000265154560
1287802008972537858
1287802026571845632
1287802093055569920
1287802108968919047
1287802111732912129
1287802139318685696
1287802168116834304
1287802260572057604
1287802315072708608
1287802323364974593
1287802369821020168
1287802384803155968
1287802390582886400
1287802391014682625
1287802453023436804
1287802460841611264
1287802466311045121
1287802553644851206
1287802616928505857
1287802673861926914
1287802692769808391
1287802717751009280
1287802729734328320
1287802733962186756
1287802801263988737
1287802805344845826
1287802809576910848
1287802847183110145
1287802869081669632
1287802897279795200
1287802900652015623
1287802900761149446
1287802902552092672
1287802990758420481
1287802999146975236
1287803011054673921
1287803061184925696
1287803136845979651
1287803145372995588
1287803174406033408
1287803174779330564
1287803262624825345
1287803305490612224
1287803306799226892
1287803325816008704
1287803372721053699
1287803488483913733
1287803514152873984
1287803560609157121
1287803589994393602
1287803648169443328
1287803689038733315
1287803699327377408
1287803762438897664
1287803791631355905
1287803799332102144
1287803819070554114
1287803824673968133
1287803832882388992
1287803842365661184
1287803888037396481
1287803963190976516
1287803997127155715
1287804051279630336
1287804080451137537
1287804093742759937
1287804122721406979
1287804131772694529
1287804139708321792
1287804140232609792
1287804164525953024
1287804193701584898
1287804206678593538
1287804240233209856
1287804261053739010
1287804354175664134
1287804382696808448
1287804382898270208
1287804383447654401
1287804407485272064
1287804412195479552
1287804428796473345
1287804499797712898
1287804499957035009
1287804508878364676
1287804521444327424
1287804530072129538
1287804567137038336
1287804609365327873
1287804646711427073
1287804654764654592
1287804693775699969
1287804710188007424
1287804722695614465
1287804898323685381
1287804940820324355
1287804970998419456
1287804985934217220
1287805077382733830
1287805154289278977
1287805154733879297
1287805158982852610
1287805163491725318
1287805167488860161
1287805178767450112
1287805179824238595
1287805183947415553
1287805191887237120
1287805259499307010
1287805289308327937
1287805305800347653
1287805347504234497
1287805351979560960
1287805359755792384
1287805359852326912
1287805397990924290
1287805457705426944
1287805459928420352
1287805474793033729
1287805477145862144
1287805494137106432
1287805510713061382
1287805532229603328
1287805611401519105
1287805665805840386
1287805671224668161
1287805673535766528
1287805682968866822
1287805687267983360
1287805704678649856
1287805725339717632
1287805745988161536
1287805779093991427
1287805795749392384
1287805821234098176
1287805837709398016
1287805890175946752
1287805947352616960
1287806010166595584
1287806049542639616
1287806065027973120
1287806077560434688
1287806081826205696
1287806123597279237
1287806127313494022
1287806136201216000
1287806236503744514
1287806261287886849
1287806261623508992
1287806270230147077
1287806282657722368
1287806312529551361
1287806320410652672
1287806379076407296
1287806383291691009
1287806385858764806
1287806410970062848
1287806433791225857
1287806447267454977
1287806467412828162
1287806471569379329
1287806492633178113
1287806524438523904
1287806580558385155
1287806581334331392
1287806598023454720
1287806605480820736
1287806606084841472
1287806648111763458
1287806651228184581
1287806651567726594
1287806653358841857
1287806702293786627
1287806738788474886
1287806773408100352
1287806773659828225
1287806882636115969
1287806949988458499
1287806987871322114
1287807008591302658
1287807067055689728
1287807101021102081
1287807119622840323
1287807142469210113
1287807146621534210
1287807205157134336
1287807205413134336
1287807255069548546
1287807260195016705
1287807306441269249
1287807373373923328
1287807402360950785
1287807410959265794
1287807418789896194
1287807511878238208
1287807574499368961
1287807583261204483
1287807663271600128
1287807700798234624
1287807738731429890
1287807753646419975
1287807766992691206
1287807900317110274
1287807926556532737
1287807931090710528
1287807944080470016
1287807968722006017
1287807985188732930
1287807998438580224
1287808002116984832
1287808036103426049
1287808081674395648
1287808082660061184
1287808091484876802
1287808094307864576
1287808136200560640
1287808165795569665
1287808204659765254
1287808221072093184
1287808227816747017
1287808267196874753
1287808279033327620
1287808463750533121
1287808489411227649
1287808492686974978
1287808502149320705
1287808514417729537
1287808617391955968
1287808694328197126
1287808706634227713
1287808736627654657
1287808795092094984
1287808882937679872
1287808907738587139
1287808955024936961
1287809000310837248
1287809038244356098
1287809075942576128
1287809084490579968
1287809201545199616
1287809213952032776
1287809214585462792
1287809235628093440
1287809344537534470
1287809374120038400
1287809382877671425
1287809395502526464
1287809449365852164
1287809462066020353
1287809487152263169
1287809621525254152
1287809633801793536
1287809702877966337
1287809708842274818
1287809738579873793
1287809738650968066
1287809772805410818
1287809798176739328
1287809840002347008
1287809847619190785
1287809877943840768
1287809934755848193