1282842246153412609
1282842248816635905
1282842269414981638
1282842311513300993
1282842311840301057
1282842382858432513
1282842386914213888
1282842436914511872
1282842457730883585
1282842498180755458
1282842529252220928
1282842541361070080
1282842567466520582
1282842575473434625
1282842587972288513
1282842604443402240
1282842608960667650
1282842622105735169
1282842626883031041
1282842662224232448
1282842680867745792
1282842684718284800
1282842710525784064
1282842823742484480
1282842885906464768
1282842906169090053
1282842908811579393
1282842911667900418
1282842915207880704
1282842935952846849
1282842938960162820
1282842990470291456
1282843003607027712
1282843003690917889
1282843016005406721
1282843045042454528
1282843049609949184
1282843066416627713
1282843108313567234
1282843122083520512
1282843163070087169
1282843163330306048
1282843187581788163
1282843225104027650
1282843229658857472
1282843230254530560
1282843230623674368
1282843234448941056
1282843251754635264
1282843288639172610
1282843343182082049
1282843389155774465
1282843393387827205
1282843430134177794
1282843435364315136
1282843444818219008
1282843456340197377
1282843495611367426
1282843500959211520
1282843503261822977
1282843527366533123
1282843565039783941
1282843574447398912
1282843577781850113
1282843583255461888
1282843607762898949
1282843614452867079
1282843642592260096
1282843644832239618
1282843666332225537
1282843667338854400
1282843733885681665
1282843758820818947
1282843776449306625
1282843780765429760
1282843813317193728
1282843863615524869
1282843876353433600
1282843887967625219
1282843892748959744
1282843935291867137
1282843964245073920
1282843967730655232
1282843968607223808
1282843969307553793
1282843984717656071
1282843985338200064
1282844001779855361
1282844010042675200
1282844018938961921
1282844043177754624
1282844063402614784
1282844124123725824
1282844157887705088
1282844169359306753
1282844193820479488
1282844259494662144
1282844262325878785
1282844279946108928
1282844310053027842
1282844345901527041
1282844350011985920
1282844350427299845
1282844373701492736
1282844388125806596
1282844395772026880
1282844399496572930
1282844408887627776
1282844413136384001
1282844471332179970
1282844483831296001
1282844488956891138
1282844504622608385
1282844508477165569
1282844509135605760
1282844576982675456
1282844609400299522
1282844618246234112
1282844622830657536
1282844642506084355
1282844663762780171
1282844669085458434
1282844680833695744
1282844714849443840
1282844731597152256
1282844799628914688
1282844819161743369
1282844853483667457
1282844856843268096
1282844882923671562
1282844887432310784
1282844891400359936
1282844912061419521
1282844933314027520
1282844962154053633
1282844978608128002
1282844987856650241
1282844990444408833
1282844991929425925
1282845024858845184
1282845037609484290
1282845054990786560
1282845072178855936
1282845104475115520
1282845186163433472
1282845229842927618
1282845257395298307
1282845297320828933
1282845344330440704
1282845360583368704
1282845397673811968
1282845452736626688
1282845474521624577
1282845474572001280
1282845503009501184
1282845517731581954
1282845520147382272
1282845524438261760
1282845582776836098
1282845604104802306
1282845609431572481
1282845612287963136
1282845616045912065
1282845645603139584
1282845649160019968
1282845675596775424
1282845696408920064
1282845704743014400
1282845754910965761
1282845759222812672
1282845767581999110
1282845783981686789
1282845784229076993
1282845808937885696
1282845834414039044
1282845846841819139
1282845847332499456
1282845888839204866
1282845889497755649
1282845908921532416
1282845926579724290
1282845935844851715
1282845960163463170
1282845964328407045
1282845981072150528
1282846010742583298
1282846065557831680
1282846090161684482
1282846162517516288
1282846169740320769
1282846195824590848
1282846232235446272
1282846233078435840
1282846236962197504
1282846242226102272
1282846270772727808
1282846283430981632
1282846296076845056
1282846300522917888
1282846316599664640
1282846359935242242
1282846421813800961
1282846494299693056
1282846497034338309
1282846532040101892
1282846539535093761
1282846559844143115
1282846576659095552
1282846581587312641
1282846592794611712
1282846633928151043
1282846664907251719
1282846681957007360
1282846691897597954
1282846720003502082
1282846753495162880
1282846769617854464
1282846778421739520
1282846815767785473
1282846844960280577
1282846845828390912
1282846862370840576
1282846908268998657
1282846915755900929
1282846929689309185
1282846969388572672
1282847021737496581
1282847030424080384
1282847063349383169
1282847110371540993
1282847114662297600
1282847156391612416
1282847189065060352
1282847189107179521
1282847189387972610
1282847247789629441
1282847265426755585
1282847277627904001
1282847298461011970
1282847302336630785
1282847307428433920
1282847314655281158
1282847349161648128
1282847353150615552
1282847365473476619
1282847407206567936
1282847411757395968
1282847419885998080
1282847424206135297
1282847433425330182
1282847444745834496
1282847449141387279
1282847457479667712
1282847487707869185
1282847507849138176
1282847508415291394
1282847528740745217
1282847537804840960
1282847558084096001
1282847567689154562
1282847580263780352
1282847642893144068
1282847663164018694
1282847706143059969
1282847717853560833
1282847726556917760
1282847814544916480
1282847816197582853
1282847839832297475
1282847846044065792
1282847848145596418
1282847860107685890
1282847864197013504
1282847873940492289
1282847883155447809
1282847886561153026
1282847898619846656
1282847906198884353
1282847910795911169
1282847932329406464
1282847948619960322
1282847952982204424
1282847956702502917
1282847961484058626
1282847977812484097
1282848023643598849
1282848129134534656
1282848142010929152
1282848145907396608
1282848157462921216
1282848158440194048
1282848208947994627
1282848291873386496
1282848296575344640
1282848308759859200
1282848338757464068
1282848372613775361
1282848423142551553
1282848439508725761
1282848447385743361
1282848518843953152
1282848539614351360
1282848541447262211
1282848556332666880
1282848581322334210
1282848585797611520
1282848599093719040
1282848623680577536
1282848644996255750
1282848686729383936
1282848732921372673
1282848783831793667
1282848799551938560
1282848800328081408
1282848849946718208
1282848896906137605
1282848926140444673
1282848963549224961
1282848966468440065
1282848993362489346
1282849017672560641
1282849027067916288
1282849034936385536
1282849041101930498
1282849043782270978
1282849052892119040
1282849068759359488
1282849068956319745
1282849090980716563
1282849102313558016
1282849144952979457
1282849172853424129
1282849173553831937
1282849287009972224
1282849287148236800
1282849303719903235
1282849324049633280
1282849382673588231
1282849392223940608
1282849429171474432
1282849440554979330
1282849459131555840
1282849467776020483
1282849487795433476
1282849523979755525
1282849540748357633
1282849574764371969
1282849579566678016
1282849605214810112
1282849642003275776
1282849701339910144
1282849702019502081
1282849706255802370
1282849773628715009
1282849785867833345
1282849793128136704
1282849802552836096
1282849806122131459
1282849819426320385
1282849822731534337
1282849823050223616
1282849827689201667
1282849827714408451
1282849836233105410
1282849842281287682
1282849877597097984
1282849898765774848
1282849915425771529
1282849935487098880
1282849948774682624
1282849987194490882
1282850013350174721
1282850032702550016
1282850053908914178
1282850096888061952
1282850112805441536
1282850146590445568
1282850163732606976
1282850164840046593
1282850195818999813
1282850209807171585
1282850310684381186
1282850314710810629
1282850317978263559
1282850338165465088
1282850373737361408
1282850380334981121
1282850420512219137
1282850427692883969
1282850502523228160
1282850506914889728
1282850519271108608
1282850523746631682
1282850585302237184
1282850607653519367
1282850611738767361
1282850654440939521
1282850662179471360
1282850662917836801
1282850716143497217
1282850729049223169
1282850736498450433
1282850790953160705
1282850797013934080
1282850814281867266
1282850844979810304
1282850879310376962
1282850926097833986
1282850939469213698
1282850964781891584
1282850967906590727
1282850990182608897
1282851035510214657
1282851035804045314
1282851056083505159
1282851076887072768
1282851077893885952
1282851098601181184
1282851102287900673
1282851105945161728
1282851111200862209
1282851148404121600
1282851148433707008
1282851169405218818
1282851178175332352
1282851203550978051
1282851274220855297
1282851303639539712
1282851304486899712
1282851333121376256
1282851376738041858
1282851379778920448
1282851413803053057
1282851421059153922
1282851425932976135
1282851443020636161
1282851463010504704
1282851475555667968
1282851480551084032
1282851482337869824
1282851500809752577
1282851501334044674
1282851502932070400
1282851504987222016
1282851535790080000
1282851559777468417
1282851573270368258
1282851656250597378
1282851677423439873
1282851686113931264
1282851698491318279
1282851707299528704
1282851711699365891
1282851744825741313
1282851744872005640
1282851761154187264
1282851793962229760
1282851795245641728
1282851811217625093
1282851823829815297
1282851853298880519
1282851874941448193
1282851936392433665
1282851938971705344
1282851963193954305
1282851987902664705
1282852004335726593
1282852046924742656
1282852063148494862
1282852072061362184
1282852084262621187
1282852096363175936
1282852100431634434
1282852101274640385
1282852113287192576
1282852113907949571
1282852184632295425
1282852222645071873
1282852229679112192
1282852313846218752
1282852415889383424
1282852442925944833
1282852445480087552
1282852445626851330
1282852470432182274
1282852487339274246
1282852498924023809
1282852507266449410
1282852507459432449
1282852516733112322
1282852528686641152
1282852532813836288
1282852549121454085
1282852575570563074
1282852616368721920
1282852645976313856
1282852696396046341
1282852709415055360
1282852713571598336
1282852722211987459
1282852747016941568
1282852755271344133
1282852797222813696
1282852851274838017
1282852860670234624
1282852893557690368
1282852893624803329
1282852921122660352
1282852952089284609
1282852989657464832
1282852990223867904
1282853015733624832
1282853015846871041
1282853049682157570
1282853065679343617
1282853067545698304
1282853086822715392
1282853128123977728
1282853130435059712
1282853158184771584
1282853182855675906
1282853183920971778
1282853224752570374
1282853227717746688
1282853242058297345
1282853275365183490
1282853281824415746
1282853375260884992
1282853384127762432
1282853385591496705
1282853393099141120
1282853422350299136
1282853422362955776
1282853430780768258
1282853434048352258
1282853477614604289
1282853509935828992
1282853518072786950
1282853527061237760
1282853543532204032
1282853547361669121
1282853548355657728
1282853552852029440
1282853570908434434
1282853618882883584
1282853631545544707
1282853690924122112
1282853719348875264
1282853741516005378
1282853753448734722
1282853879496028160
1282853892062089221
1282853892229718016
1282853975356846082
1282853988291895297
1282854004733743104
1282854009087365127
1282854017484259329
1282854039084871680
1282854043078008834
1282854053404217346
1282854064179621888
1282854072396271617
1282854076351307777
1282854126632804355
1282854169695490048
1282854186313494529
1282854234216632322
1282854248011767813
1282854294190985217
1282854298360127488
1282854302709624832
1282854303208812546
1282854315082776576
1282854328534007810
1282854370728697859
1282854373572227072
1282854399002337280
1282854458620358661
1282854492531118080
1282854499376336899
1282854592108097537
1282854617634635776
1282854633975582721
1282854684231979013
1282854684324241408
1282854751642714114
1282854806789386240
1282854823164026882
1282854827299610624
1282854865312665600
1282854885629853697
1282854889685766147
1282854894517358593
1282854907054379011
1282854924070653954
1282854935848030208
1282854943464947713
1282854981914304512
1282854986670649345
1282855008116113416
1282855032430292993
1282855070930014208
1282855108238348288
1282855120347320320
1282855133265760262
1282855133513158661
1282855223724093440
1282855247224897537
1282855250894848000
1282855262869692417
1282855294297673731
1282855304909201409
1282855318922420226
1282855344708952067
1282855355458957315
1282855414338482176
1282855467866365956
1282855509775851522
1282855532097933314
1282855544437510144
1282855688436248576
1282855696078381062
1282855708430663680
1282855717926469632
1282855720707166208
1282855737484546053
1282855767008325636
1282855789699317760
1282855812835053568
1282855825933864960
1282855850743230465
1282855854614679553
1282855885476212736
1282855908905816064
1282855918192001024
1282855929839448064
1282855934016909312
1282855950987087872
1282856051654762498
1282856072600907776
1282856114946637829
1282856148681453568
1282856244752121857
1282856342013612033
1282856361932591104
1282856366315638784
1282856415879507968
1282856423051816961
1282856522268188674
1282856534603632640
1282856584457129985
1282856605487423489
1282856609400655872
1282856693882396672
1282856752028016642
1282856764732391425
1282856771489497088
1282856773448335362
1282856789600542722
1282856819304456192
1282856827689013248
1282856882424745987
1282856903542886400
1282856939484045313
1282856971247517697
1282856975081123840
1282856999932305411
1282857146401665026
1282857176621551616
1282857196905267201
1282857235299749890
1282857292959027206
1282857301766889472