1279142876769910789
1279142878162419714
1279142889818382338
1279142910949195777
1279142911137980417
1279142943232794624
1279142979312259072
1279143008630214656
1279143016133877761
1279143024627343360
1279143059813515266
1279143096660430848
1279143107481616384
1279143153396662277
1279143160292216833
1279143161030418438
1279143166176718848
1279143199316074496
1279143232283332609
1279143237740122113
1279143238079635457
1279143266991161349
1279143287127973891
1279143304429518851
1279143329414942731
1279143346833850369
1279143361333649409
1279143421387534337
1279143423069618188
1279143439506915330
1279143442929659906
1279143477570224128
1279143477930909696
1279143491377991684
1279143509119897605
1279143562647613440
1279143593186332672
1279143697066586112
1279143736606429184
1279143744529367041
1279143757800235009
1279143799470485504
1279143812204564484
1279143829745082369
1279143837542293504
1279143849865154560
1279143865505677319
1279143879116292096
1279143913429712896
1279143925656227842
1279143954445996035
1279143979813089281
1279144004513419271
1279144021580005378
1279144025602260995
1279144042937253888
1279144054257848322
1279144058762473474
1279144076311437314
1279144084175716361
1279144089250787328
1279144113946783744
1279144118149660672
1279144134150967303
1279144193152163840
1279144214224240640
1279144220909920256
1279144233534984193
1279144300631273474
1279144307291635712
1279144321120382976
1279144340007329793
1279144396663844864
1279144412438843392
1279144417836830722
1279144551320629250
1279144583369121792
1279144651178508288
1279144657281331201
1279144671743262720
1279144696732884992
1279144696732889095
1279144701052977152
1279144705197039617
1279144714323677186
1279144726491430912
1279144742287278080
1279144754190712835
1279144763963215872
1279144771982778368
1279144818539737090
1279144864702234624
1279144877440110592
1279144890811641856
1279144923447521280
1279145087142895619
1279145106394603520
1279145108017942528
1279145124975575047
1279145130562371585
1279145168390647808
1279145208526057472
1279145236913172480
1279145245888954375
1279145268005474304
1279145292890288130
1279145314113503232
1279145318353981441
1279145328185311236
1279145353900589061
1279145355800608768
1279145367347564544
1279145372858961921
1279145380647763968
1279145384955088896
1279145388851658752
1279145430891130880
1279145446997360642
1279145452013789185
1279145456149262336
1279145473278767104
1279145477515227137
1279145486029447168
1279145493516304384
1279145506619502593
1279145519047114758
1279145525846192133
1279145548046532610
1279145628266721281
1279145643248844807
1279145728820969473
1279145733178810368
1279145733481017347
1279145737599643648
1279145762409119744
1279145781056819200
1279145791651790849
1279145827647225859
1279145828674912264
1279145831195705351
1279145850191720448
1279145875307032576
1279145950750150658
1279146001123602432
1279146011232010241
1279146022166564866
1279146046896181251
1279146047437234181
1279146114789158912
1279146117721194496
1279146125413494784
1279146161102884868
1279146162868584448
1279146165343305728
1279146176735035393
1279146177569501185
1279146193822638085
1279146198926934016
1279146303801475075
1279146307622440960
1279146324135378945
1279146345371242503
1279146349628321792
1279146360135192580
1279146366724378624
1279146370268626944
1279146382788399104
1279146414862471171
1279146433640189952
1279146452690886658
1279146462627139584
1279146463642243072
1279146513260740615
1279146536098836480
1279146551965868033
1279146571670659076
1279146601110540290
1279146638708224004
1279146668567527424
1279146697847963648
1279146708652474368
1279146734065762307
1279146768794615809
1279146780941266948
1279146810733400067
1279146849065029632
1279146855343915008
1279146870598762497
1279146874113409024
1279146878525997058
1279146904475979776
1279146921857351682
1279146937455788032
1279146945467080709
1279146957848612871
1279146991075782657
1279146997820186624
1279147033459396608
1279147042045034497
1279147062626582537
1279147108671590405
1279147137750773771
1279147141710184450
1279147146558619648
1279147153529597953
1279147192427491328
1279147238950866946
1279147243367522306
1279147250732720128
1279147259779833856
1279147278691753984
1279147300972085257
1279147314586640384
1279147322409181184
1279147395612381190
1279147432111030272
1279147452579434499
1279147456404631554
1279147464138854400
1279147498276192257
1279147511308058625
1279147520275480578
1279147569705185280
1279147583588282368
1279147593021390850
1279147595114430466
1279147620443795457
1279147641025236996
1279147653713080324
1279147654136557570
1279147659203239936
1279147683429715968
1279147692006965249
1279147724995129344
1279147730766610438
1279147740627218432
1279147768825516032
1279147771094806529
1279147822797983755
1279147868213989378
1279147875902148615
1279147888526925824
1279147903492280320
1279147913419960320
1279147922446340097
1279147934613815297
1279147950917275648
1279147968109539328
1279147968659107841
1279147976720633861
1279147985344045056
1279148014360244225
1279148021603844096
1279148027589136384
1279148068932325376
1279148077379510273
1279148090231074816
1279148115790925824
1279148123106021376
1279148157117566977
1279148161437782018
1279148190625923077
1279148198683201538
1279148211454828546
1279148211886751746
1279148212356558849
1279148291276627968
1279148324558458880
1279148375078768640
1279148396733841409
1279148396968845312
1279148416539426816
1279148417067835393
1279148455252725760
1279148463914016768
1279148472311050241
1279148500970876928
1279148501499330560
1279148509401399297
1279148512740065285
1279148521854308354
1279148526853816320
1279148555266072578
1279148564631793670
1279148610693722113
1279148617790558210
1279148638300631041
1279148668990500866
1279148675105722369
1279148677823639559
1279148682001043456
1279148694021996553
1279148744223514624
1279148748430553088
1279148757276168192
1279148757506879488
1279148766013120513
1279148798200156163
1279148840973668353
1279148868987478022
1279148921122586625
1279148932975726592
1279148971487715333
1279149029859835906
1279149031852212225
1279149059274498048
1279149079596085248
1279149079801577472
1279149099967819778
1279149101414825984
1279149104610885632
1279149104820629504
1279149117407662081
1279149154955137030
1279149176534831104
1279149180573880326
1279149227055001600
1279149246730698760
1279149251021418496
1279149268939558912
1279149311456997376
1279149319300448256
1279149356575264768
1279149360266256384
1279149369040736256
1279149422115512320
1279149457083269120
1279149500813193218
1279149534036111361
1279149541460258818
1279149546531098628
1279149553451782146
1279149576159559680
1279149587907788800
1279149617314217989
1279149640697262080
1279149658837827584
1279149679586967552
1279149696347332610
1279149726156406784
1279149743093006338
1279149818867318784
1279149872550215680
1279149876908036096
1279149893467230209
1279149898152185858
1279149920243421184
1279149932184813570
1279149961112891393
1279149994855952384
1279150006692311041
1279150019048857600
1279150044302716933
1279150065731469313
1279150107976482817
1279150111847636992
1279150124703178752
1279150158706610176
1279150183268450304
1279150213006077952
1279150216223043584
1279150274943336449
1279150308669734913
1279150338247766017
1279150345080369152
1279150398822125569
1279150409576091649
1279150434616213506
1279150476668387331
1279150479692435456
1279150480606756864
1279150481252761605
1279150602937917443
1279150622273609732
1279150640229265408
1279150690305060864
1279150736237002752
1279150749700755458
1279150773281177601
1279150804402929669
1279150805375836161
1279150816159465474
1279150821297414144
1279150829245620224
1279150866336034817
1279150866398711808
1279150866491211778
1279150984036446208
1279151026621349888
1279151070376312832
1279151076894109697
1279151105889492993
1279151113812443141
1279151114529787904
1279151168703397888
1279151173342117888
1279151199455981572
1279151228002304000
1279151265759612931
1279151281945210880
1279151327856037888
1279151357597847552
1279151365269397513
1279151370688487425
1279151395053207553
1279151426665512960
1279151454339706880
1279151463974023174
1279151507967864834
1279151508639092737
1279151512497926144
1279151520794185732
1279151541698650115
1279151546098384897
1279151567183073280
1279151588590977025
1279151596203659270
1279151613383450625
1279151621977538560
1279151626029109248
1279151685043212291
1279151698389450756
1279151740974235649
1279151751392833536
1279151755989827596
1279151763950616576
1279151768136491011
1279151794287861760
1279151806552121344
1279151826672197635
1279151827515252737
1279151833777307650
1279151837329981440
1279151856468602880
1279151874151641089
1279151919311847427
1279151923397083136
1279151935648665601
1279151953143103490
1279151960856367106
1279151995052412928
1279151998831677444
1279152065860612096
1279152089466392576
1279152121502486529
1279152138090885123
1279152175239716865
1279152187684327427
1279152216952070144
1279152275173380100
1279152290964877312
1279152292424552450
1279152305779212288
1279152313798520832
1279152321822248961
1279152331330859014
1279152359768276992
1279152399282774022
1279152511476211717
1279152519915212800
1279152545475121152
1279152552563445760
1279152569592340480
1279152611141222401
1279152686257053703
1279152691038445568
1279152703558479874
1279152770805837825
1279152896605515777
1279152914112495616
1279152922442338304
1279152925802024960
1279152930738728960
1279152941497110534
1279152947167985669
1279152993682755590
1279152997738655744
1279153018466971648
1279153041300570112
1279153043360165894
1279153094039912448
1279153182111916032
1279153186390056962
1279153194950709249
1279153202571575296
1279153223601778689
1279153247769505793
1279153270737580034
1279153273853837314
1279153284771692547
1279153299325886465
1279153329562509312
1279153336940236800
1279153343026409473
1279153358444679174
1279153459191783424
1279153471938113538
1279153539298865155
1279153553660014593
1279153555925012480
1279153567983702016
1279153572622589953
1279153597440114688
1279153603962429440
1279153634731753478
1279153702268366848
1279153714549403650
1279153722463891457
1279153748212736000
1279153777992519684
1279153815120379905
1279153840751689728
1279153890307366912
1279153890911555591
1279153961560354817
1279153965851181056
1279154000714227718
1279154004308746241
1279154041327464448
1279154049950945280
1279154075028742144
1279154107534598144
1279154154762579970
1279154155052044289
1279154173334806533
1279154231581302786
1279154251709599744
1279154285758910464
1279154335130288133
1279154356286152704
1279154360753074176
1279154369460604928
1279154402490630144
1279154406630490113
1279154406718464000
1279154412485783552
1279154414687830019
1279154418848595968
1279154423936229377
1279154440705126406
1279154453195694086
1279154457754951687
1279154490340306944
1279154490873085952
1279154495705022465
1279154509638402049
1279154522338795520
1279154532652584962
1279154545311059969
1279154569369530368
1279154570451509248
1279154594946396165
1279154632703516674
1279154632728571905
1279154691042148352
1279154734176391170
1279154754107531264
1279154759430217728
1279154793475379201
1279154797082480641
1279154809954680832
1279154811691241473
1279154830603251713
1279154834499723264
1279154865298685953
1279154901243686912
1279154914279796736
1279154949754982401
1279154968591810560
1279154976695226368
1279154985595518976
1279154989387177985
1279155031850143744
1279155070387531778
1279155107079180288
1279155133000155136
1279155145268289536
1279155149064339457
1279155195063103489
1279155258434805760
1279155262901891072
1279155301791432706
1279155333945057280
1279155394246565889
1279155442736906247
1279155462919852032
1279155518263767042
1279155551700688900
1279155556192845830
1279155583891968000
1279155607724068866
1279155618843176966
1279155623343448064
1279155627055394816
1279155729291771907
1279155731938279424
1279155777890971649
1279155798803918851
1279155837693501446
1279155838637268994
1279155845092331521
1279155866235740166
1279155870375518208
1279155916177313794
1279155928181415937
1279155928739336193
1279155950277058561
1279155955251412995
1279155958703259648
1279155963279347713
1279155968673304576
1279155979335032832
1279155983881768960
1279155984359923716
1279155992308187136
1279155992547164167
1279155993016844288
1279156004391976961
1279156025703055361
1279156104455487488
1279156104904290305
1279156106468700162
1279156138618077185
1279156164798803970
1279156180682706946
1279156233656766467
1279156235288248320
1279156239608537088
1279156273649340416
1279156281362616321
1279156327579742210
1279156362417602561
1279156382747377665
1279156385897484294
1279156432772960262
1279156436547690496
1279156441723604993
1279156451794202625
1279156482492305419
1279156508316569608
1279156511374299136
1279156546820280325
1279156609009233923
1279156646019768320
1279156653322100737
1279156697924132865
1279156721735233536
1279156759945412610
1279156801771102209
1279156815561981955
1279156823057195009
1279156840173985793
1279156843907035136
1279156881013960704
1279156892833587200
1279156893601148929
1279156894469218305
1279156897959022595
1279156903772389377
1279156906767142921
1279156911321968640
1279156915608543232
1279156918238527491
1279156918653763585
1279156926899576833
1279156956415111182
1279157007879028736
1279157007958913024
1279157026573041664
1279157045149696001
1279157086581067778
1279157091438145538
1279157107774742528
1279157136656945153
1279157140934946817
1279157149331906560
1279157176167063552
1279157187055685633
1279157204319449088
1279157318073147394
1279157321936011265
1279157334971998208
1279157346455805952
1279157401627897856
1279157423958224896
1279157431281414144
1279157444556386304
1279157497899683847
1279157527280857089
1279157531026358272
1279157531160440832
1279157540576780291
1279157556959682561
1279157564765351936
1279157603596070915
1279157686890872832
1279157745871093761
1279157758290518017
1279157759284408320
1279157766796521474
1279157782630076416
1279157791937253376
1279157799201632257
1279157841970905090
1279157858345422848
1279157896161435648
1279157902176129027
1279157912930152449
1279157925915885569
1279157933956358150
1279157951157145601
1279157962649620482
1279157962695680002
1279157963811405832