1281588989108146176
1281588990315921409
1281588993226932225
1281588998561869826
1281589008041226240
1281589014609498115
1281589028182056962
1281589040748339203
1281589045152436224
1281589062168698881
1281589072256008192
1281589086344683527
1281589090656411648
1281589124340813826
1281589127557926914
1281589141260640259
1281589141302587393
1281589145169797121
1281589166845964290
1281589200639451138
1281589223561334784
1281589229424906243
1281589233191460865
1281589250123857920
1281589262857768960
1281589367388045315
1281589385108967426
1281589406084759553
1281589434199179266
1281589488670695424
1281589517476978691
1281589526645870592
1281589565531262977
1281589637371363329
1281589649220214784
1281589649744572417
1281589664122654720
1281589719999172608
1281589720120799232
1281589727733460993
1281589741217910785
1281589749807972352
1281589754111430663
1281589796289347585
1281589804594016258
1281589825355673601
1281589829113982976
1281589862911610880
1281589883933466627
1281589931182366723
1281589971925766144
1281589972617895938
1281590005505429506
1281590072895254529
1281590077089554433
1281590104906248193
1281590106361659393
1281590119875608580
1281590171822174208
1281590181183750144
1281590200175493120
1281590232538849280
1281590247009038338
1281590253346791425
1281590253388783619
1281590255716573187
1281590271281700864
1281590295054802949
1281590324033462273
1281590349173907457
1281590349685809152
1281590365959720960
1281590419021692928
1281590453188558849
1281590504044388353
1281590563150737413
1281590571258306562
1281590593085304832
1281590605173231616
1281590697481531392
1281590713860395008
1281590714443476995
1281590794160308226
1281590845255319554
1281590852347990017
1281590942420664320
1281590945583001601
1281590978437165057
1281591020698980352
1281591041469157377
1281591050906337280
1281591065737400320
1281591099795091457
1281591217076293633
1281591246922940417
1281591285372133377
1281591314166022145
1281591324295266305
1281591503123550210
1281591521507147776
1281591521679155200
1281591536279584768
1281591553023193088
1281591573432672262
1281591615727919104
1281591700029308931
1281591700549402626
1281591736830238723
1281591745986334720
1281591762159452160
1281591784309698560
1281591843264708608
1281591903671255040
1281591914513305601
1281591918405857282
1281591926647451650
1281592008327475200
1281592056348135424
1281592121737256960
1281592128049643520
1281592144965165058
1281592152888356864
1281592196181954562
1281592236925321218
1281592241610543109
1281592264679059457
1281592270635008006
1281592274569363456
1281592279023656960
1281592308023123969
1281592326494867456
1281592328709439488
1281592337139929093
1281592339497132033
1281592370811867136
1281592381595250692
1281592382958571522
1281592404890583040
1281592501191802882
1281592522339487748
1281592532133183488
1281592571022790656
1281592580417847301
1281592606103830529
1281592609815711746
1281592681077121024
1281592744490807297
1281592761062436866
1281592761167355914
1281592782184947714
1281592799125798913
1281592820160028673
1281592823834226693
1281592828737527808
1281592857338548226
1281592886946074626
1281592887181008897
1281592920366288898
1281592954155565058
1281592979208060928
1281592991417798656
1281593033478340608
1281593066558816258
1281593088482451456
1281593092492136448
1281593105175785473
1281593172292964352
1281593221940822016
1281593238978084865
1281593336604876803
1281593381492154369
1281593390778523650
1281593411292864512
1281593457098792966
1281593466158342148
1281593469333647365
1281593499142496257
1281593512056836098
1281593528368476161
1281593532646658048
1281593541739905025
1281593574300229633
1281593596047765504
1281593620995416066
1281593626670141448
1281593658282672128
1281593683016589313
1281593688192417792
1281593700892770304
1281593708866142208
1281593744538718208
1281593784111968257
1281593797521145857
1281593812129808402
1281593813773869059
1281593830517678081
1281593839405264896
1281593843822059520
1281593855729704960
1281593868258025472
1281593884997541888
1281593897794170882
1281593935970828290
1281593968380133376
1281593972885016580
1281593977117069313
1281593982070513664
1281594015146811393
1281594044536111105
1281594065453289473
1281594070205231104
1281594078279471111
1281594103944421376
1281594107337625600
1281594183183106049
1281594186693836800
1281594187658530818
1281594198710538241
1281594200186912768
1281594207929610241
1281594219849756673
1281594259574001665
1281594295003250689
1281594322778042368
1281594337806225408
1281594346471657472
1281594376091770882
1281594493402316800
1281594514411532290
1281594539266973696
1281594547676557313
1281594564759953408
1281594606350671873
1281594615209046017
1281594631772405760
1281594665439858689
1281594679461580800
1281594681101516800
1281594719643086848
1281594740853690368
1281594769525714945
1281594782100250624
1281594791650750467
1281594820977479681
1281594850480205825
1281594854187900928
1281594879072702471
1281594891919929345
1281594904540479488
1281594983821303809
1281595016180387841
1281595020600938496
1281595030407245824
1281595060090527747
1281595122572910593
1281595151346012161
1281595182912159746
1281595189803413505
1281595231272566785
1281595306929467393
1281595352462827521
1281595398713417728
1281595399363596288
1281595482888982529
1281595486961496064
1281595558436777985
1281595562572369921
1281595563130200065
1281595588124061697
1281595600891514880
1281595681849958407
1281595739131596800
1281595759876550659
1281595881624678400
1281595915518849024
1281595916231806976
1281595919335555072
1281595982220857345
1281595990961721346
1281596049992421377
1281596050109796355
1281596078647906305
1281596137380687875
1281596138093674499
1281596142061592576
1281596150127235073
1281596161535574016
1281596197048922114
1281596221279395845
1281596228623454211
1281596258927378437
1281596259447582720
1281596308852281344
1281596338971594755
1281596343014875138
1281596363722174465
1281596381266944005
1281596426942844928
1281596448140922881
1281596456332169216
1281596460845404160
1281596502918549504
1281596513949368320
1281596527757144064
1281596552352600064
1281596554759946242
1281596556777586689
1281596569456742401
1281596586968006664
1281596645256376320
1281596670568955906
1281596683768520704
1281596746041298947
1281596750747389953
1281596754882953222
1281596766442274818
1281596799921381376
1281596813833842689
1281596820825747457
1281596897073999872
1281596931664482307
1281597000321040384
1281597005546975234
1281597035431579648
1281597043157467137
1281597045141274624
1281597144005251072
1281597161319407616
1281597190448615424
1281597269914025985
1281597311714578432
1281597349169487873
1281597374863835141
1281597425665417219
1281597439082930180
1281597480375922690
1281597518195953665
1281597521387827200
1281597535363248131
1281597563620270081
1281597575385284609
1281597595585056771
1281597673137741824
1281597748249153537
1281597777416511489
1281597890796949505
1281597905384747009
1281597907381043207
1281597907934883840
1281597915778158592
1281597928814108672
1281597940990185473
1281597946354716674
1281597957670830081
1281597961240289281
1281598016546316288
1281598054739648517
1281598174352769035
1281598208930648065
1281598225582100481
1281598226215456768
1281598239372972034
1281598256712052742
1281598258427629568
1281598327658655744
1281598331571994625
1281598331588878337
1281598332331122692
1281598376971304961
1281598414896209921
1281598435804827653
1281598443723665409
1281598477861105665
1281598486048395270
1281598575026339840
1281598583289118722
1281598658623016960
1281598662217433088
1281598674922086402
1281598687903248384
1281598695935549440
1281598698968031232
1281598701836828674
1281598702046588928
1281598746829168642
1281598762977132544
1281598788558360576
1281598826906816512
1281598850696982536
1281598868203986947
1281598888697200642
1281598917948387335
1281598960684212226
1281599107165876224
1281599123930648576
1281599191626551296
1281599304763764736
1281599376905973761
1281599382241107968
1281599399328485376
1281599401203511297
1281599404710014977
1281599455326810112
1281599488453341185
1281599490546229248
1281599492970573824
1281599513552199682
1281599522255208449
1281599530421620737
1281599534603423744
1281599627331084289
1281599652580724736
1281599656883978241
1281599669370597376
1281599669836091393
1281599669945212934
1281599694628626433
1281599712173289474
1281599757241196545
1281599774073008134
1281599808139079682
1281599818142380037
1281599819656523776
1281599824777879553
1281599945582182400
1281599946240729089
1281600042218987522
1281600084178763776
1281600144945770496
1281600159495921664
1281600172510896132
1281600248310308865
1281600260142362625
1281600273509580801
1281600332213166081
1281600349086707718
1281600360864505856
1281600384289538054
1281600419572199424
1281600474693550086
1281600479030587394
1281600507736449025
1281600524853358592
1281600533141360640
1281600550216388608
1281600553852850177
1281600555526299656
1281600562727772162
1281600589617434624
1281600617350225921
1281600667572985857
1281600675885887488
1281600693011451910
1281600696110940160
1281600698866638848
1281600751018672128
1281600751844786177
1281600759365275649
1281600779560812550
1281600835223531520
1281600901845782529
1281600918832713731
1281600947437830144
1281600956703092742
1281600981516656640
1281600991142567942
1281601015553363968
1281601019672223744
1281601062265335813
1281601099212840960
1281601115654696961
1281601124911452160
1281601166367952896
1281601191244259328
1281601198106148865
1281601262484631552
1281601279454740481
1281601283770724352
1281601284798394368
1281601296022343682
1281601342574858240
1281601359448551424
1281601384786403330
1281601389169344514
1281601393384722432
1281601502214316033
1281601527380049928
1281601565581770752
1281601580760997889
1281601611832463362
1281601648247201792
1281601665259511808
1281601682217066497
1281601691234766849
1281601713791787008
1281601744879980545
1281601791696805889
1281601846549925888
1281601858226622465
1281601871241781248
1281601876253958144
1281601900123693060
1281602017694285825
1281602035658391557
1281602046513356800
1281602047771639808
1281602126171471874
1281602186028281859
1281602203422081024
1281602261597265922
1281602282237329410
1281602333403746313
1281602363443286016
1281602366790344704
1281602370309324807
1281602395219394561
1281602411199631360
1281602450063912960
1281602458922315782
1281602504338407424
1281602504753582080
1281602504963350528
1281602511724371970
1281602524034760704
1281602525058093057
1281602538362601473
1281602539109130243
1281602621808054273
1281602725688627200
1281602726367858689
1281602751814868992
1281602764246863873
1281602772639440897
1281602780277420032
1281602806860746753
1281602818672136193
1281602823008878592
1281602823617159168
1281602864800952320
1281602889505439744
1281602923538067457
1281602977929854976
1281603029205221381
1281603046053605389
1281603104505507840
1281603124793274372
1281603158943424514
1281603171329040384
1281603205533708290
1281603217449611264
1281603234344448001
1281603246906396673
1281603249808838656
1281603259715608577
1281603267743682560
1281603276157399042
1281603282696380421
1281603346722361344
1281603347791982592
1281603368461492224
1281603376828936192
1281603381107335168
1281603402074451973
1281603420978372608
1281603473298128898
1281603499030183936
1281603502247215105
1281603544211226624
1281603544999702529
1281603577828397058
1281603591078199296
1281603641141538816
1281603652466233346
1281603656580599808
1281603737342013445
1281603771034816512
1281603867587862529
1281603884100792320
1281603956289024001
1281604001247764480
1281604010596802560
1281604056604119040
1281604064741134336
1281604085641285632
1281604086647988224