1286405729470095364
1286405731495948296
1286405737682366464
1286405738655436800
1286405754010972160
1286405791885320194
1286405808725602304
1286405821514088449
1286405824596910081
1286405825767051265
1286405848034508801
1286405859438931969
1286405859996766210
1286405867341074442
1286405867454074880
1286405888291594243
1286405895832735745
1286405913243508737
1286405925830397952
1286405930813468678
1286405956746612736
1286405958726549504
1286406001734889473
1286406004725424129
1286406005895684096
1286406008831651841
1286406073243533313
1286406123495489537
1286406148111970305
1286406153392414720
1286406157674799106
1286406186498240512
1286406219347853312
1286406266831671306
1286406308112072704
1286406336947814401
1286406337887375360
1286406345017655297
1286406458884661248
1286406522009014272
1286406529072209922
1286406551922774018
1286406588765548550
1286406601721761794
1286406609812373506
1286406622655414272
1286406652292411395
1286406661565972480
1286406663864557569
1286406679605714945
1286406759586783232
1286406761646141445
1286406840243421191
1286406852847251456
1286406871365099524
1286406891271315459
1286406894865784833
1286406900100280320
1286406907633250305
1286406945717420032
1286406970367508480
1286406995470364679
1286407029012279298
1286407050369675264
1286407088470622214
1286407108963909633
1286407193135382534
1286407259422064640
1286407310127046662
1286407329173385217
1286407361121394688
1286407377986740224
1286407385649537024
1286407403232264192
1286407420139503621
1286407424585478145
1286407444751462400
1286407456105598981
1286407467279306753
1286407478893252608
1286407490381344768
1286407508387659776
1286407515681562631
1286407549831598081
1286407649412562946
1286407650834550784
1286407650914304000
1286407667234242564
1286407667628597248
1286407679154372608
1286407708783054848
1286407755163631616
1286407755591540736
1286407763808092161
1286407775501848576
1286407804962648065
1286407806850150402
1286407813036564481
1286407827507027973
1286407838701518849
1286407850986631168
1286407851036925952
1286407881332363264
1286407944159080455
1286407944268124161
1286407972311175168
1286407976614494210
1286407977113735170
1286407990451605510
1286408023389462531
1286408032226889729
1286408061305925636
1286408095661535234
1286408107585875969
1286408116075192320
1286408127517208576
1286408132395229189
1286408156785135620
1286408203975237634
1286408207641059336
1286408215983542274
1286408229031829509
1286408229883457542
1286408246626942976
1286408249558745088
1286408262603149312
1286408274716303361
1286408279116132355
1286408279707357184
1286408283184664576
1286408288410701829
1286408312578355202
1286408334703091713
1286408337706319872
1286408350603923466
1286408438277439488
1286408484800667648
1286408501116338176
1286408521207209990
1286408522696138758
1286408534930923520
1286408664069238784
1286408668645339136
1286408682553643026
1286408737243176962
1286408779102212096
1286408785456660482
1286408840867713026
1286408870534041602
1286408887718084608
1286408913571766272
1286408933066919937
1286408946664824832
1286408983222398981
1286408984673415168
1286409008736329728
1286409009386401799
1286409018454364161
1286409034753597440
1286409055142137857
1286409055351734272
1286409068152791046
1286409113484877836
1286409114147385344
1286409129557479429
1286409130866073604
1286409171521478659
1286409193595994112
1286409210838876160
1286409214630363136
1286409230887641092
1286409238827405313
1286409256359493633
1286409281336639488
1286409302987747334
1286409317688782848
1286409353348538370
1286409402728296453
1286409416124829698
1286409428883906560
1286409446047064064
1286409454322192384
1286409471254843393
1286409486853447682
1286409491521720322
1286409542457151488
1286409569263132677
1286409571687424000
1286409659717427207
1286409670572142593
1286409686833561600
1286409705003405313
1286409722308960257
1286409753548201990
1286409923434176512
1286409951632646155
1286409953197133826
1286409957894549504
1286409961782812672
1286410028895932417
1286410040375738373
1286410124060434434
1286410163717582851
1286410171011522562
1286410184450088961
1286410212811902980
1286410225944231938
1286410250812153856
1286410259725275136
1286410292377931776
1286410301601185793
1286410360317190145
1286410401677111296
1286410435969855488
1286410456144502784
1286410460183425026
1286410477229285376
1286410477375877120
1286410506685882369
1286410590886465536
1286410607789592578
1286410623560175618
1286410632947011586
1286410641788375040
1286410673967308803
1286410695047880704
1286410716258344960
1286410731496148992
1286410732968574976
1286410757261930497
1286410762332798982
1286410779663556608
1286410783513931777
1286410800677007360
1286410892477730817
1286411102142619651
1286411115065413634
1286411138025041920
1286411206400581633
1286411206861955073
1286411219432361986
1286411249505439748
1286411252105912320
1286411253443854336
1286411332582092807
1286411393256656902
1286411412110225411
1286411429923479553
1286411442472837120
1286411454518878209
1286411478933938179
1286411480255074304
1286411483606208512
1286411496751337474
1286411528862924801
1286411542829899781
1286411546944507908
1286411551331831809
1286411554070695937
1286411605748731906
1286411641828057088
1286411668013092865
1286411715748466694
1286411756575719425
1286411786560954368
1286411790499356673
1286411886028759040
1286411918794792961
1286411980555902977
1286412053675032576
1286412092376055808
1286412113137799170
1286412143009693699
1286412158763446274
1286412200534585348
1286412209606799362
1286412217877897216
1286412246999080961
1286412260106219520
1286412306654433281
1286412336836669440
1286412351411859458
1286412381095112707
1286412435583381506
1286412494102290439
1286412518928330753
1286412525890830336
1286412541292249093
1286412553422348288
1286412633785106436
1286412653594845184
1286412716542853120
1286412722729553920
1286412754497277954
1286412780103507974
1286412783719002117
1286412834113454082
1286412851075264512
1286412855655317505
1286412897799884802
1286412909715759105
1286412922349129730
1286412939533197313
1286412947577806851
1286412964220882946
1286412986903605249
1286412987167846402
1286413044361433092
1286413044822794240
1286413048555671552
1286413072815489024
1286413081325830145
1286413093929652226
1286413094042980352
1286413102913744896
1286413103220105219
1286413148417908737
1286413165857665026
1286413178981818370
1286413228856078337
1286413237291032576
1286413237618192385
1286413253946626053
1286413302617251840
1286413320623456256
1286413325690187785
1286413358984564745
1286413375245897732
1286413383080636417
1286413401476956160
1286413426336686080
1286413505420308481
1286413509375537161
1286413509794787328
1286413515855663109
1286413593450180611
1286413603470487552
1286413611406000128
1286413625083801600
1286413644377530369
1286413685485981697
1286413735637155840
1286413753400033280
1286413763999158272
1286413768201629696
1286413799420043271
1286413840406794241
1286413859625021442
1286413872430276608
1286413920257835009
1286413921100787712
1286413949462818818
1286413978021888005
1286414005355999232
1286414063908433920
1286414093432360964
1286414126542024705
1286414151162748931
1286414159282950144
1286414202232623104
1286414224827330560
1286414243282259970
1286414269270102021
1286414280129163267
1286414291256709125
1286414315344494592
1286414357983891457
1286414387088183297
1286414436035694592
1286414466003992579
1286414515832336387
1286414537353318400
1286414565664870402
1286414592218996743
1286414595075252225
1286414599676407810
1286414608543047680
1286414649987080192
1286414731260157952
1286414822544945152
1286414876374532101
1286414877280612352
1286414901695655936
1286414957370912769
1286414977729871873
1286414994469531649
1286414998340866049
1286415003499864065
1286415010197934081
1286415027692433413
1286415141786066947
1286415154104729608
1286415157544062977
1286415178569936896
1286415224791236608
1286415246370967553
1286415276234477569
1286415313425371137
1286415325303582722
1286415376465530881
1286415426021281792
1286415556325892098
1286415556342452224
1286415597396529153
1286415602979045376
1286415639897346048
1286415644330790917
1286415660696862720
1286415686466641920
1286415691407663104
1286415695115411457
1286415765906890754
1286415787046113280
1286415789776449536
1286415833665658881
1286415850602467328
1286415854553489409
1286415908672606209
1286415950703669249
1286415967556456451
1286415984509825024
1286415988469248002
1286415992835518465
1286416063769567242
1286416085231775744
1286416114579275777
1286416176025747456
1286416189200244737
1286416202567495681
1286416210968621068
1286416231168385025
1286416265012273153
1286416268124397568
1286416282410196994
1286416298470072320
1286416336864911360
1286416403793350657
1286416418821607425
1286416420503339008
1286416482696667136
1286416487591419904
1286416491429199872
1286416534399782915
1286416558793711617
1286416584244891650
1286416598342021123
1286416616595611650
1286416671759097857
1286416684824309762
1286416701047726080
1286416798070562818
1286416819260215306
1286416831385931784
1286416844258070528
1286416869575069696
1286416881461624833
1286416914827419648
1286416914982543360
1286416936075591680
1286416940433645568
1286416957697220610
1286417013884125185
1286417028081954816
1286417066292125696
1286417066535407616
1286417078166183936
1286417082926669825
1286417086919725064
1286417095270567942
1286417117181431808
1286417146449256450
1286417201218457600
1286417290645258240
1286417334371069953
1286417335507488769
1286417368370085889
1286417376829939713
1286417426817486848
1286417431326601218
1286417448275791874
1286417490558488577
1286417501681782785
1286417502793129984
1286417515430719488
1286417523353632768
1286417548871970816
1286417574473990145
1286417614642638848
1286417623060811781
1286417648964706304
1286417721157013509
1286417725695365120
1286417729596067840
1286417737263194112
1286417754392731648
1286417774848376845
1286417779416072193
1286417804833497091
1286417824576086017
1286417830687027200
1286417834269081600
1286417905265958912
1286417908864651266
1286417938908504064
1286417954389753856
1286418002292936705
1286418010643685376
1286418060333576192
1286418075777224705
1286418081624002562
1286418083607789568
1286418085835149313
1286418087097630720
1286418093577732098
1286418102175973377
1286418106701709312
1286418110254383104
1286418114436046848
1286418119053828096
1286418157213753344
1286418190835372033
1286418211110436864
1286418235026374656
1286418236704083968
1286418249387667457
1286418261580623873
1286418297613955073
1286418299715166209
1286418299778080768
1286418408959905792
1286418412277829639
1286418417805864962
1286418425225662468
1286418437405904903
1286418450185777152
1286418450831876096
1286418484159602688
1286418505378623488
1286418513767235584
1286418593211719681
1286418622202740737
1286418665840300032
1286418677194203136
1286418848359555073
1286418858438545414
1286418937064939523
1286418997148291076
1286419008552603648
1286419021030719490
1286419049874968585
1286419054664617984
1286419057911017472
1286419109278699520
1286419142648586240
1286419146717175808
1286419148935962625
1286419158993973249
1286419188395806722
1286419222659305473
1286419260114264064
1286419260437401602
1286419276539273225
1286419336668864514
1286419339093192704
1286419356197552129
1286419376351129601
1286419406839525376
1286419509453217792
1286419516059246592
1286419523835314176
1286419570425651201
1286419589031538689
1286419591556669442
1286419595625000960
1286419601513996295
1286419637643685888
1286419658749468673
1286419687966990336
1286419709353762818
1286419738977898496
1286419742371217409
1286419746490068992
1286419764135387137
1286419766425669632
1286419780086517762
1286419830648709120
1286419840425693193
1286419889092268034
1286419918938750976
1286419939293827072
1286419994406985730
1286419999087906822
1286420010433298432
1286420010823557121
1286420073343856641
1286420102850674689
1286420107120578560
1286420119728599040
1286420127836250113
1286420149755666433
1286420153471770625
1286420163756036096
1286420169338822665
1286420325865906176
1286420371067944960
1286420425602412546
1286420447274229760
1286420486109372416
1286420506187636740
1286420506225319939
1286420515842859020
1286420556745777157
1286420596604186624
1286420597489115144
1286420622634102786
1286420623753990150
1286420668901478402
1286420677399130112
1286420749213995009