1280486726876704769
1280486728361488386
1280486730366431232
1280486730458521601
1280486849518206978
1280486865867546624
1280486950282104832
1280486952974856199
1280487012294955009
1280487036437368832
1280487042628104196
1280487083690414085
1280487138459635712
1280487143002050562
1280487184517267456
1280487199507714054
1280487209284571136
1280487218734174208
1280487243577262082
1280487292734525440
1280487293313220608
1280487331405926400
1280487360841605121
1280487377144819712
1280487423336607744
1280487490428833792
1280487515636539394
1280487583437512704
1280487595714191364
1280487606975938560
1280487611711119362
1280487666388209664
1280487683035463686
1280487684067262464
1280487731836194816
1280487740283510784
1280487779760254977
1280487822462521344
1280487855803052032
1280487876313124869
1280487914040852486
1280487955946143744
1280487960253775873
1280487960647839745
1280488019192098816
1280488035050758145
1280488035591880704
1280488040327241729
1280488077090107393
1280488112699977735
1280488127900106752
1280488157960642567
1280488164721864704
1280488166474932226
1280488182950264836
1280488187660509184
1280488216269852683
1280488220753629190
1280488225753219072
1280488288520818689
1280488358897053696
1280488374634024961
1280488421258137602
1280488438412836864
1280488445736103938
1280488510831591425
1280488518175907840
1280488518951804929
1280488544033804289
1280488570810036225
1280488585901289474
1280488592721285120
1280488614762332161
1280488685994217473
1280488748933840901
1280488766872924160
1280488833038106627
1280488853929943042
1280488883210399744
1280488950407315457
1280488959156654083
1280488971919929344
1280489013569187843
1280489017558142978
1280489034406662145
1280489037220978689
1280489156024688643
1280489210303197185
1280489214228877315
1280489223087366144
1280489239457775618
1280489241944838145
1280489241961795584
1280489265047224320
1280489298471641089
1280489306474328064
1280489331585671168
1280489340066361345
1280489390243004417
1280489415366766593
1280489441556000768
1280489446505316355
1280489454466203655
1280489456118558720
1280489486732931073
1280489486997245953
1280489504290353154
1280489542362038272
1280489562368860160
1280489563203526656
1280489577346719745
1280489605603655681
1280489613606498307
1280489621290397698
1280489663258595329
1280489747102736384
1280489753268367366
1280489805466333187
1280489822637953025
1280489843831660546
1280489881060413440
1280489881941262338
1280489885976137728
1280489890396979200
1280489893962055681
1280489919123558401
1280489928208650240
1280489936651780103
1280489977424609280
1280490003127250944
1280490013378183168
1280490015617880064
1280490095548796928
1280490104184811520
1280490187764781062
1280490220996177922
1280490234128609280
1280490263039946753
1280490279766761481
1280490326378110987
1280490336792477696
1280490371563151360
1280490392836640769
1280490435450933259
1280490452416856065
1280490487091167232
1280490490316697605
1280490498503950339
1280490500902891523
1280490519043338240
1280490572105613314
1280490606284996608
1280490660940771329
1280490662480265218
1280490662580928516
1280490665470763008
1280490678288613377
1280490720491601920
1280490724979597314
1280490740708265991
1280490746882093061
1280490829354881025
1280490838141870081
1280490854596165635
1280490867376209921
1280490896824455170
1280490942903042048
1280490955154395136
1280490963765547009
1280490981322821633
1280491000977227777
1280491017838497792
1280491085446483975
1280491110532632577
1280491123442581515
1280491128144437250
1280491169273839616
1280491227335413762
1280491274034974721
1280491294603821059
1280491333275222022
1280491341458354182
1280491366078976004
1280491428943028224
1280491467367223296
1280491479513935872
1280491534304018433
1280491587613503488
1280491588020568066
1280491592646832128
1280491630026526720
1280491643259371520
1280491659965259777
1280491660959461379
1280491722657550337
1280491727854452739
1280491782040625153
1280491810373144577
1280491835253612550
1280491849602514950
1280491936596590592
1280491954225074177
1280492041147953154
1280492057874792455
1280492062039662592
1280492079525879816
1280492131459780610
1280492150418034690
1280492175248195584
1280492175361560577
1280492184446304258
1280492196437700609
1280492196836151301
1280492213957464064
1280492247029551104
1280492288855113728
1280492309931413504
1280492393981259776
1280492426977841152
1280492440630280193
1280492461182324737
1280492494619381762
1280492590954143745
1280492808625721344
1280492841559642114
1280492908412633089
1280492939278462977
1280492943175036928
1280493063945756677
1280493072963571714
1280493077707272193
1280493084652994560
1280493103154106385
1280493110796193795
1280493135735463936
1280493186721464321
1280493268514623493
1280493277658177536
1280493308222091264
1280493346407043072
1280493348676079618
1280493375377063936
1280493422613336065
1280493492402130944
1280493513898065921
1280493521955426311
1280493600569274372
1280493651769122818
1280493693477089281
1280493767078879240
1280493775744307203
1280493778089005057
1280493780899115009
1280493807675604997
1280493857705254912
1280493865900953600
1280493937510277127
1280493981693087746
1280494021987700737
1280494125628915712
1280494185372622848
1280494222341279745
1280494275369803778
1280494277131468807
1280494277403934720
1280494315073146881
1280494315156811776
1280494319183572993
1280494344739459075
1280494357263589377
1280494402608271360
1280494474112753665
1280494481113047040
1280494503732957185
1280494504026542080
1280494511702061057
1280494545747111937
1280494549572280320
1280494600285827073
1280494612306591752
1280494616438063104
1280494617352339457
1280494648797036544
1280494700714221569
1280494726106537985
1280494826899812355
1280494830410502146
1280494830943117314
1280494864447266816
1280494918666985474
1280494922899095553
1280494931287527424
1280494939424636932
1280494939969855489
1280494994978156549
1280495057376874501
1280495090251816961
1280495112871649280
1280495113941245952
1280495174435475456
1280495181926547457
1280495187312156672
1280495191971860480
1280495208505970689
1280495228932304901
1280495262906146817
1280495320472961026
1280495350843916288
1280495359266037770
1280495402089930753
1280495409933287426
1280495422667186177
1280495536227975168
1280495539327578114
1280495546545983493
1280495556142514176
1280495572861018112
1280495643077644289
1280495643400773634
1280495644063477760
1280495661079834638
1280495711918993408
1280495738708000769
1280495752041639936
1280495832178069504
1280495833071443972
1280495850893070338
1280495875291308039
1280495887576432641
1280495892739563520
1280495904475295744
1280495929481662464
1280495950847520768
1280496000738537472
1280496004417105921
1280496034683199490
1280496042639753216
1280496049996652547
1280496075682525186
1280496122306465792
1280496146767663110
1280496147895709696
1280496256553492487
1280496269270683649
1280496340464787457
1280496340779372544
1280496385134153730
1280496386748923905
1280496431015452672
1280496433377030150
1280496454256201729
1280496475420659714
1280496479665360900
1280496549957533697
1280496562892931075
1280496567242424320
1280496667914051584
1280496694317256706
1280496727011864576
1280496773174308864
1280496789645213696
1280496793520922629
1280496851851018245
1280496853377855490
1280496872919126018
1280496894762979330
1280496952979922946
1280497040749887492
1280497042008219648
1280497082974035974
1280497096190308352
1280497150984675328
1280497191849807872
1280497227899822087
1280497255305355266
1280497289094672384
1280497296065662976
1280497334368063493
1280497362222415874
1280497468732571649
1280497477422989312
1280497485581103106
1280497549401612291
1280497556783497216
1280497601142546434
1280497615642267648
1280497659158188033
1280497666393346053
1280497666464665602
1280497682797264898
1280497691391414278
1280497707845640200
1280497733170839552
1280497746189996034
1280497825151934464
1280497826561048576
1280497861592047616
1280497867292135424
1280497959340294148
1280497968580374530
1280497974632644608
1280497976754884608
1280497993746169856
1280498039329783816
1280498039506034701
1280498060506943490
1280498060762677249
1280498064717950979
1280498123413037060
1280498156317347840
1280498192958861312
1280498240413143042
1280498266640187392
1280498299116621824
1280498328237678595
1280498332725645313
1280498358810017798
1280498375092252674
1280498378170871810
1280498470898589696
1280498479954092036
1280498482172788746
1280498515517550593
1280498542373744648
1280498568546136074
1280498595033202692
1280498599273607171
1280498639199141890
1280498672728526851
1280498672837500929
1280498676666978304
1280498731046121473
1280498748301459457
1280498942631989249
1280498945001693185
1280498948524978176
1280498962076663808
1280498962630414336
1280498963670618112
1280498978711318529
1280499020280913920
1280499045757325317
1280499054095540226
1280499108835459079
1280499168092532736
1280499185779867650
1280499186983677953
1280499243237740544
1280499255262638080
1280499328994496518
1280499377774231562
1280499389493129218
1280499397948846082
1280499427795513345
1280499461433720839
1280499473819373568
1280499510884683783
1280499520242167809
1280499526336421888
1280499548671152130
1280499623560347648
1280499648709492743
1280499737888768002
1280499742758318081
1280499758679932934
1280499767479590913
1280499793270374400
1280499830100504578
1280499846974189576
1280499851197890561
1280499865555021824
1280499876405665796
1280499910333403136
1280499918726201349
1280499931455856651
1280499933569835008
1280499934211563523
1280500015430057986
1280500032249225216
1280500039627014144
1280500049060024322
1280500052864176139
1280500076603998210
1280500098829619203
1280500111693557769
1280500116194025474
1280500119532720129
1280500127795470336
1280500195432767491
1280500212293931008
1280500213715787776
1280500228328689664
1280500289947291648
1280500304946122754
1280500317285646337
1280500362848481281
1280500390484738051
1280500392581894149
1280500459405488134
1280500505291227139
1280500510567661571
1280500530595475458
1280500547607580673
1280500593312911360
1280500606222958592
1280500664645439494
1280500682253008898
1280500734031732744
1280500794895335434
1280500812968574988
1280500828755943427
1280500843696046082
1280500890856837121
1280500899874574336
1280500950311059457
1280500950650826755
1280500958204657668
1280500964433289217
1280500969713872896
1280501013108207622
1280501041201582083
1280501051087630338
1280501067415990274
1280501071543238657
1280501103092695041
1280501193177997317
1280501252833579009
1280501289693175811
1280501331837554691
1280501340406534145
1280501369330372608
1280501384023019524
1280501504311529473
1280501632833388546
1280501637807775750
1280501641872060417
1280501698239369216
1280501704681758722
1280501742577352707
1280501759627218947
1280501764358393859
1280501789499023360