1279912944881381376
1279912946445869056
1279912947465281536
1279912963109986304
1279912967270739970
1279912972375162885
1279912996710612993
1279913005548015619
1279913056252952576
1279913074242342919
1279913101928923141
1279913105573793793
1279913114289520640
1279913131322507266
1279913173655728134
1279913219285569536
1279913219482673152
1279913244757549056
1279913249022939136
1279913274302218240
1279913310922641415
1279913323950194689
1279913329167826944
1279913332330434562
1279913337627840513
1279913395467235328
1279913397337931777
1279913437540356096
1279913447728140290
1279913482641649664
1279913538245529600
1279913551415644160
1279913597083230210
1279913672559808513
1279913744651284481
1279913751387529217
1279913776733720576
1279913777450954759
1279913864822493184
1279913881784074240
1279913882266619905
1279913957461983233
1279913961496948736
1279914037267005445
1279914062504062976
1279914080145420294
1279914159203811330
1279914180871688192
1279914225671049222
1279914268410941440
1279914293538897925
1279914314728484872
1279914319002689537
1279914320634101761
1279914326128615426
1279914342796984323
1279914342977286146
1279914369426632704
1279914411314909191
1279914418424381445
1279914423080058881
1279914423306588160
1279914449030115335
1279914469225881603
1279914477752737792
1279914498044891137
1279914536942755843
1279914569423560705
1279914617486086144
1279914636314361856
1279914638642118659
1279914644950278144
1279914674574839808
1279914679331102720
1279914708561088512
1279914750617452544
1279914831370313728
1279914846667014146
1279914916858732545
1279914947070345218
1279914989885837312
1279914989919191040
1279915005354311681
1279915010324488193
1279915010454683648
1279915078200983554
1279915107427012608
1279915135545544705
1279915136870789125
1279915164712697857
1279915178839150592
1279915266047201281
1279915270069338112
1279915304399843333
1279915304429056005
1279915361094127617
1279915387308642306
1279915425552367616
1279915464060174336
1279915476244590593
1279915504786796545
1279915517571203072
1279915521480241153
1279915539536764928
1279915577356824579
1279915577985970176
1279915599913611267
1279915606091890688
1279915639277264899
1279915650144702465
1279915686257713153
1279915714988605442
1279915722886397952
1279915778364583936
1279915820311691264
1279915868646973442
1279915878977585153
1279915924301152256
1279916017863528448
1279916025908211712
1279916104639545344
1279916113019756546
1279916142534983682
1279916142786682881
1279916146423148546
1279916151099670530
1279916160365010944
1279916167767953409
1279916184507301889
1279916225146040320
1279916231965851654
1279916264966680580
1279916268745748480
1279916306079395840
1279916310298791937
1279916343601573889
1279916356805279746
1279916423431598080
1279916436060884992
1279916452557004800
1279916474576953344
1279916490867777537
1279916515928629248
1279916570727321600
1279916571268460544
1279916595800752128
1279916616483065856
1279916629439242241
1279916638461022208
1279916638473801730
1279916663131922438
1279916663559860224
1279916709705445376
1279916851972235265
1279916852848652288
1279916876991287296
1279916889838432257
1279916914588946435
1279916952169910276
1279916960306905089
1279916982058565639
1279917011611594752
1279917044348092416
1279917066577903618
1279917102682394625
1279917116561346561
1279917132533215232
1279917161272705024
1279917203849084929
1279917207028264962
1279917246844792838
1279917253627166721
1279917263366180865
1279917270182121472
1279917279631769600
1279917296794959872
1279917325681070080
1279917338322563072
1279917346220621824
1279917350435741696
1279917354412056576
1279917405611782145
1279917426117939200
1279917426495242240
1279917442760925184
1279917447471038465
1279917448205004800
1279917478114549760
1279917518170337281
1279917531214602240
1279917535018856448
1279917543168315393
1279917562671882241
1279917600613392385
1279917617415888897
1279917668829519877
1279917693991129088
1279917694121316352
1279917698273722368
1279917715197657088
1279917736429342720
1279917740384555008
1279917740938190848
1279917752526962689
1279917753692979201
1279917783640354816
1279917795552174080
1279917805295583232
1279917899839426561
1279917940322603013
1279917952016560131
1279917955262885888
1279917984635670528
1279918047848017921
1279918072564834305
1279918075811258370
1279918105146335233
1279918113367048192
1279918113954373634
1279918173823758336
1279918215301173249
1279918219717992449
1279918227884310529
1279918302844694528
1279918318342856704
1279918319433158656
1279918335208103936
1279918395144597506
1279918420914589696
1279918482776371201
1279918529450475521
1279918533166718976
1279918549947961344
1279918553966264324
1279918575051067392
1279918633884491777
1279918640469434373
1279918681267605505
1279918684786524161
1279918789619040256
1279918919583752192
1279918928429547521
1279918932493602817
1279918937245958144
1279918939653496833
1279918953830264832
1279918963103842304
1279918973815939073
1279919007055970304
1279919008267956226
1279919036491608069
1279919041801531392
1279919053235240962
1279919114853781504
1279919130041372674
1279919171338473472
1279919222273916928
1279919226791301120
1279919247465107457
1279919281040482304
1279919288837713921
1279919293615026177
1279919317065388034
1279919338158424065
1279919338498199552
1279919367996801024
1279919369578037248
1279919375093547008
1279919404814413824
1279919414352232448
1279919437492224000
1279919464608399360
1279919468437803011
1279919469557698560
1279919497521102850
1279919552223227907
1279919611635470337
1279919626827292672
1279919750093705218
1279919758708793345
1279919762705956865
1279919770612011010
1279919775972569088
1279919795694166016
1279919803109486592
1279919804502040576
1279919826299957249
1279919829655453696
1279919833212235776
1279919855156617216
1279919862509379585
1279919876077785099
1279919888740388864
1279919892142206978
1279919935146229761
1279919950296203264
1279919971607273472
1279919989454065664
1279919989672329216
1279920013734969344
1279920032152031233
1279920043325829120
1279920058504970241
1279920093946802178
1279920110652674048
1279920169196957696
1279920173428998144
1279920186481537025
1279920223865405441
1279920253951266816
1279920313048825857
1279920341616177157
1279920345668104196
1279920370729058304
1279920404266614784
1279920476681355265
1279920496285343745
1279920513104707584
1279920513591193601
1279920532780130305
1279920554263396352
1279920563234865155
1279920613927399424
1279920681702973440
1279920684886405120
1279920691840782336
1279920761155792896
1279920772614684672
1279920772836921344
1279920782404091904
1279920789517668352
1279920845524283394
1279920853552160768
1279920857444278274
1279920857859739649
1279920873336537088
1279920911936712704
1279920939019321345
1279920993805324293
1279921050227261440
1279921058531901441
1279921118984495104
1279921134516011009
1279921139171463168
1279921168154193927
1279921188907757568
1279921230813036545
1279921244322725890
1279921260093485056
1279921268410777603
1279921272638578693
1279921315600691210
1279921335368421376
1279921347863461888
1279921357300654080
1279921386404884480
1279921423398518784
1279921444873367553
1279921462212734978
1279921482819227651
1279921503304323072
1279921536137334785
1279921586938630144
1279921603518894080
1279921607666999296
1279921636918116353
1279921704785989632
1279921708288409600
1279921719554093058
1279921733722611713
1279921754618675201
1279921762608705537
1279921883652198400
1279921893571612672
1279921948538155008
1279921973389393920
1279921997917667328
1279922002078416897
1279922024371101698
1279922025394507776
1279922040145956867
1279922081292005376
1279922107233841152
1279922110463455234
1279922119107842048
1279922144382562304
1279922153731821568
1279922165454909442
1279922194760429570
1279922224665952256
1279922295675383812
1279922304038961153
1279922325912276992
1279922342848802816
1279922397970337792
1279922442937544704
1279922449228980224
1279922476269441026
1279922481344675843
1279922481860673536
1279922526332780544
1279922585132826626
1279922606200762368
1279922611124875264
1279922647854391296
1279922661083267072
1279922664501645313
1279922670168150018
1279922694448971778
1279922715256926208
1279922719748952066
1279922744872759296
1279922824170201088
1279922870462939136
1279922874829213696
1279922897667031041
1279923000436035586
1279923010040999936
1279923033147207680
1279923055138086913
1279923063686156289
1279923085144096769
1279923106233139202
1279923127124758528
1279923129880584192
1279923164726714368
1279923181935968256
1279923260302426114
1279923265239166976
1279923267646693378
1279923306074968064
1279923323191902209
1279923358180622336
1279923407971397634
1279923412455034880
1279923415240134658
1279923475415736322
1279923478494404608
1279923515597230080
1279923516972961792
1279923558475542528
1279923562405601280
1279923566440517633
1279923568348782593
1279923570815037441
1279923583008018442
1279923595679072256
1279923595863441409
1279923621155278849
1279923633188675585
1279923709353091073
1279923715778592768
1279923730651795457
1279923756618723328
1279923810146213888
1279923838835257344
1279923856912908290
1279923860180066305
1279923878198943745
1279923931009282048
1279923953260208129
1279923977415282689
1279924053055164417
1279924112027254786
1279924145594273793
1279924216696094721
1279924246194634752
1279924254058971138
1279924262778830848
1279924279426134016
1279924283351928832
1279924304944095234
1279924405402025984
1279924419977261058
1279924442366427137
1279924451891691520
1279924456534622209
1279924472674504706
1279924484619845633
1279924498452615169
1279924501610762241
1279924502042902529
1279924620628422656
1279924635983769605
1279924636164198400
1279924657366331396
1279924661984231424
1279924707224150016
1279924712118693888
1279924712601239554
1279924729776922626
1279924749133656064
1279924750169636864
1279924756452716547
1279924757702430720
1279924841370402817
1279924862761357312
1279924871666040833
1279924921582354433
1279924923293671427
1279924946664337408
1279924947721183233
1279924949751336962
1279924980973735936
1279924980977938434
1279924985340006400
1279925006034763776
1279925059851673600
1279925068169048065
1279925068483760130
1279925084522795008
1279925089027358720
1279925122489479170
1279925123928252416
1279925127417868289
1279925198360363008
1279925223437950981
1279925227837931521
1279925240089411584
1279925240999657474
1279925257747542017
1279925266396020736
1279925274847727616
1279925320456552448
1279925445757190145
1279925545963343873
1279925575537160195
1279925583988887552
1279925642453188608
1279925660203601920
1279925676552925185
1279925689471447040
1279925697981689857
1279925722065190916
1279925755649183745
1279925777245638656
1279925785277726720
1279925882224861184
1279925884783394816
1279925886427504641
1279925895138906112
1279925906744754176
1279925936402636800
1279925999883280384
1279926024596324354
1279926037527347200
1279926053994000385
1279926100106317824
1279926117437243393
1279926176149094400
1279926197485367297
1279926213902024704
1279926238937788416
1279926247217197058
1279926276627759106
1279926292381663232
1279926292549382146
1279926320194035712
1279926330340106240
1279926361394569216
1279926369187758080
1279926381841973248
1279926427358343169
1279926427991732224
1279926430764335104
1279926435499606016
1279926478445019136
1279926498393305090
1279926557507645450
1279926623618445312
1279926675560640512
1279926697240850439
1279926712839680000
1279926750185533441
1279926821795086338
1279926837091729410
1279926841843896323
1279926846461743105
1279926872420184066
1279926937809489923
1279926973196894210
1279926992952078339
1279927014401511425
1279927039701716992
1279927056512348160
1279927064951500801
1279927066641797120
1279927115467669504
1279927124242071552
1279927139379417088
1279927157079318528
1279927169645457408
1279927215678017536
1279927229439291393
1279927245973446658
1279927266206572544
1279927304144269312
1279927345634332672
1279927354584940544
1279927397039693824
1279927400973950977
1279927452027011074
1279927458972626944
1279927502073409536
1279927523040735233
1279927589872820225
1279927609401520128
1279927618402484224
1279927635712319488
1279927639185162242
1279927639327879169
1279927690347282432
1279927702343110656
1279927757229584384
1279927769988825090
1279927797511831552
1279927816163930112
1279927816172253185
1279927840776032260
1279927876217905152
1279927882895286273
1279927910489559040
1279927941921734656
1279927950067073024
1279927954353655808
1279927983826968578
1279928016479682560
1279928021651243008