1282102371166949376
1282102373058576385
1282102373192806405
1282102375679963139
1282102377563250695
1282102377760382977
1282102381728145408
1282102411075649537
1282102415752400896
1282102416016646144
1282102419703369728
1282102432273543168
1282102432697331715
1282102453819912192
1282102487185383425
1282102505632083971
1282102514385596420
1282102525202767872
1282102536804225025
1282102539924758528
1282102549148041223
1282102549345112064
1282102549613600773
1282102554147651584
1282102564293468160
1282102579044814849
1282102583230857222
1282102590721974273
1282102592210903041
1282102599949393926
1282102603938062336
1282102609210417152
1282102622854447105
1282102633726189571
1282102645398929408
1282102671575601152
1282102675245428736
1282102687669071873
1282102692668682241
1282102708921491459
1282102721085165569
1282102737975611397
1282102738977984512
1282102739250667520
1282102742455136256
1282102742899732481
1282102760004030475
1282102768703070213
1282102772494733313
1282102772649865216
1282102786138624000
1282102788542140417
1282102789053833216
1282102838466772992
1282102846985400320
1282102855407738883
1282102859920629761
1282102863435628544
1282102868015812614
1282102872293941254
1282102887443656704
1282102918544384000
1282102918720651272
1282102922587729920
1282102927893630976
1282102934864445440
1282102956087640064
1282102961192067073
1282102973175402502
1282102977487134721
1282102977931739139
1282102983036207104
1282102985238163456
1282102990803996675
1282102997674164224
1282103008369598464
1282103029769134081
1282103032013094912
1282103044985913345
1282103090322145280
1282103098123550722
1282103112145104897
1282103119715999753
1282103166075572226
1282103184752861191
1282103187315453952
1282103198757593088
1282103205082443776
1282103240750964736
1282103245310177280
1282103262838128640
1282103274842267653
1282103276125683712
1282103284602269696
1282103292009406464
1282103292588199936
1282103293724909570
1282103296665309185
1282103300112945152
1282103310808494081
1282103314822422528
1282103316214804480
1282103321877192705
1282103350650179585
1282103358782935040
1282103360045355009
1282103371873136641
1282103375300091904
1282103376013033472
1282103378852614144
1282103388713283585
1282103422045519873
1282103438461988865
1282103447375040512
1282103452299071488
1282103464626028545
1282103481281785857
1282103522297892864
1282103522398310400
1282103523065438208
1282103525204348929
1282103545299439616
1282103552014516224
1282103556913405952
1282103561032134656
1282103568581836800
1282103576920195072
1282103598164307969
1282103601872150533
1282103619437854721
1282103631291064320
1282103641265049600
1282103656939229184
1282103673363939328
1282103681719185409
1282103688190758912
1282103715453980677
1282103720000360448
1282103728657637377
1282103733296476161
1282103740439375872
1282103748345634816
1282103753009590273
1282103787616952321
1282103803865489408
1282103828440133633
1282103843451555841
1282103854436319232
1282103862795608064
1282103876909490176
1282103878905995265
1282103879568523265
1282103881527431169
1282103884056596480
1282103922027573248
1282103925613748224
1282103959520522247
1282103975353954305
1282104010011553792
1282104017070575617
1282104017204764674
1282104034212450304
1282104054877913088
1282104068664692739
1282104080786046976
1282104084909174785
1282104099727646720
1282104101812211713
1282104103313825792
1282104105364668416
1282104131394703361
1282104138411790340
1282104143612649478
1282104152579960832
1282104164487700480
1282104172779900928
1282104180371525634
1282104190391681024
1282104220968202240
1282104226861035520
1282104252286898176
1282104271895486471
1282104278279090176
1282104287024123904
1282104291000451074
1282104291449286658
1282104302635384832
1282104303516135425
1282104317432954883
1282104323988697088
1282104328526991361
1282104337095778304
1282104338224238592
1282104344280801283
1282104358293970952
1282104366225215490
1282104373628121088
1282104379676348419
1282104411607773184
1282104427273428993
1282104430041522176
1282104437859737600
1282104450434252800
1282104477034729473
1282104482646626306
1282104504217776128
1282104514535989248
1282104520223322112
1282104527928217600
1282104538133147650
1282104541291393024
1282104552427261952
1282104555023372288
1282104559352127488
1282104562808049664
1282104579036008448
1282104624888139778
1282104638364409857
1282104644085440512
1282104654692642817
1282104663408508928
1282104663756677121
1282104664260071426
1282104675907465216
1282104688847065088
1282104689056600065
1282104721830932480
1282104734527229952
1282104742924050432
1282104743729467392
1282104747663806464
1282104755670650881
1282104759957295111
1282104766362005506
1282104785911590913
1282104788994400258
1282104793515864064
1282104798851018752
1282104812646076418
1282104823752675330
1282104856082296832
1282104865154572289
1282104890211401729
1282104910855778304
1282104918883676161
1282104919135330304
1282104923706949632
1282104928282918913
1282104935799300097
1282104947308466176
1282104987070283776
1282104988324462592
1282105026316587008
1282105032473812992
1282105049959723008
1282105069014364161
1282105069253648384
1282105070667075585
1282105071463993345
1282105078388789248
1282105103269404672
1282105112182177793
1282105137482403840
1282105142192549891
1282105166985072641
1282105171431096320
1282105174539014145
1282105200698892288
1282105201600733184
1282105218507976705
1282105221993369603
1282105233276010497
1282105233607467008
1282105249889574914
1282105268487192588
1282105275449655296
1282105279249874945
1282105280726274048
1282105292436709377
1282105300108161024
1282105305757822979
1282105314326781953
1282105326230216707
1282105338238509060
1282105356408233986
1282105359608483846
1282105360497537024
1282105380516974592
1282105381452427265
1282105393716633602
1282105397357281290
1282105405435412482
1282105409818341377
1282105413517934593
1282105418395910147
1282105421310853122
1282105421713625088
1282105431897378817
1282105443473674247
1282105447470817287
1282105447655366657
1282105447831556096
1282105457423736833
1282105460523319296
1282105464176603138
1282105468639305728
1282105473248964613
1282105507210199042
1282105507369627648
1282105514319650817
1282105540538241031
1282105540898959362
1282105568950472704
1282105581487054848
1282105582338617346
1282105590559526919
1282105593994633219
1282105598272835587
1282105603070889985
1282105623933591559
1282105623950299137
1282105624046821379
1282105632011640834
1282105651024457728
1282105657026543618
1282105657856937984
1282105658096009216
1282105658133929984
1282105658649845760
1282105661392924672
1282105704346718210
1282105716225069056
1282105720113111041
1282105729210634246
1282105736789516289
1282105741592199169
1282105761125085185
1282105775771521029
1282105777398964230
1282105786903166976
1282105800006213632
1282105812534480896
1282105825784475648
1282105835737411585
1282105846386905089
1282105846856667139
1282105872399781888
1282105888237477888
1282105917060808704
1282105926279929856
1282105930717384706
1282105963286331393
1282105972979367943
1282106009323020288
1282106047226929154
1282106076440129537
1282106086070407170
1282106089992065025
1282106103652921344
1282106148347359245
1282106161039212544
1282106169910321159
1282106182547591168
1282106195059204097
1282106216362074113
1282106223433625600
1282106232157986818
1282106235853078529
1282106236830388225
1282106240622112770
1282106262130286593
1282106288906936320
1282106291461263360
1282106303566028800
1282106303876399105
1282106315507208197
1282106320703959042
1282106341864214533
1282106345492275200
1282106348767809536
1282106349107793921
1282106354044473345
1282106354459652097
1282106357974552576
1282106370230116352
1282106399976239104
1282106416392798208
1282106422902362116
1282106428820459521
1282106429168652294
1282106429646802946
1282106432960307206
1282106438282809346
1282106455139680256
1282106458381914112
1282106459648663558
1282106466732736517
1282106478275567617
1282106481505165314
1282106505404219394
1282106537369010187
1282106539009028101
1282106546114060288
1282106563260329985
1282106568872538117
1282106572500418560
1282106580268462082
1282106580385882112
1282106611083993089
1282106630142861313
1282106634765041666
1282106635306045440
1282106664041283584
1282106697578840065
1282106706487541763
1282106719406096391
1282106723138973697
1282106733540900865
1282106735105208320
1282106743342936064
1282106761017806848
1282106769444163585
1282106777081991174
1282106794739822593
1282106796853911553
1282106806224003075
1282106825446285313
1282106853292310528
1282106870023380992
1282106882362990592
1282106890319728645
1282106899228319744
1282106902252486657
1282106931637821442
1282106945877540865
1282106949455282178
1282106953959866369
1282106961723559936
1282106974268776448
1282107000084672514
1282107037795512321
1282107041994211328
1282107049598492677
1282107054954553344
1282107058653851651
1282107074697199617
1282107087330443265
1282107095781974021
1282107103075807233
1282107105705680896
1282107109249814528
1282107111250567168
1282107112039079936
1282107116715757568
1282107126039683072
1282107138559496194
1282107141776498688
1282107147128434688
1282107152245694465
1282107175498907649
1282107189293801473
1282107192636837890
1282107217437581312
1282107250425946115
1282107276946558976
1282107293530591233
1282107318822481920
1282107322135871495
1282107327441711105
1282107339470848001
1282107339730857984
1282107347419058177
1282107351600857089
1282107365437968386
1282107373503442944
1282107401982877702
1282107428532711425
1282107457712435200
1282107493645049856
1282107494198923266
1282107494865616896
1282107495381696513
1282107503145345032
1282107536720592897
1282107544169848833
1282107554039037953
1282107557809721349
1282107561538355201
1282107569662648321
1282107570199519232
1282107575161565184
1282107575614320641
1282107578642624513
1282107582086144000
1282107588616699904
1282107589946413058
1282107604244795393
1282107650243731458
1282107653636845568
1282107653716680704
1282107658313465857
1282107683097772032
1282107683223437313
1282107716895416321
1282107730266853376
1282107741851602949
1282107762122448896
1282107805088903168
1282107805240090624
1282107809409073153
1282107816350638081
1282107851876466689
1282107859376001026
1282107884705374208
1282107894037651456
1282107897300881410
1282107922051477508
1282107935104131077
1282107941966028800
1282107951310794757
1282107960064389120
1282107963872702465
1282107968272637953
1282107977617625090
1282107990573711366
1282107992041824259
1282107998148669449
1282108026074234880
1282108030838927363
1282108035981283330
1282108040418754560
1282108065626468352
1282108065886740481
1282108069535719426
1282108085566427136
1282108089659990016
1282108090356133888
1282108113382969345
1282108115849281536
1282108124497874946
1282108131590516741
1282108137164599297
1282108153279152130
1282108160971505665
1282108164788256768
1282108173722292224
1282108200129425408
1282108222141198337
1282108237089775622
1282108243775381504
1282108246090821632
1282108253376147456
1282108254126923776
1282108264268861440
1282108274624561152
1282108282908422144
1282108283076190209
1282108296074276864
1282108312419360768
1282108328714240000
1282108335290847232
1282108340668178442
1282108341972602880
1282108359710302208
1282108364651147268
1282108378186002434
1282108379922653184
1282108383865249792
1282108400952909827
1282108405281415168
1282108425611153408
1282108426512990211
1282108466044141568
1282108497333714944
1282108500710023168
1282108514064830465
1282108517986390016
1282108530275876869
1282108543345127424
1282108552232960000
1282108552295768065
1282108560810430464
1282108565306695680
1282108567445811200
1282108571958861830
1282108581224087553
1282108593567924229
1282108602103115776
1282108605832011777
1282108609879576576
1282108619832668163
1282108627483058177
1282108657119846400
1282108659812581377
1282108665454112769
1282108669157507072
1282108672928342021
1282108681912561674
1282108743845580800
1282108744625774592
1282108757930061824
1282108760895434752
1282108769019797504
1282108773885239296
1282108789341159425
1282108795456499712
1282108799839543301
1282108816130142208
1282108874204446720
1282108883046215680
1282108884031766529
1282108904470532096
1282108907607867392
1282108907968765955
1282108912469237768
1282108916239753218
1282108916416106496
1282108937588924416
1282108941292285952
1282108945927229441
1282108954559025153
1282108966755950592
1282108983537475585
1282109000646000646
1282109004949274625
1282109010032852993
1282109015846248448
1282109025719652353
1282109034812891136
1282109038608576512
1282109041938853888
1282109097265905664
1282109097425244160
1282109114781511683
1282109159358427138
1282109180816396288
1282109197241507840
1282109214543032320
1282109214857535489
1282109215117647872
1282109218368217090
1282109244188262401
1282109244297420807
1282109252258209792
1282109264065175555
1282109293987196928
1282109331991744514
1282109332142907392
1282109340305043456
1282109348563447809
1282109364992528385
1282109377097478145
1282109377537769472
1282109377722421249
1282109381887193088
1282109395002961922
1282109398479859712
1282109399104806912
1282109399666954241
1282109410874138625
1282109411897438208
1282109432374034432
1282109436673183744
1282109462011162624
1282109478553497601
1282109478989701120
1282109504310534144
1282109506181267456
1282109515920531457
1282109532647436290
1282109541132296192
1282109550624112646
1282109562322124800
1282109568605192192
1282109595515748353
1282109595570167813
1282109597830897664
1282109605217218561
1282109616915206149
1282109629409918976
1282109636766728192
1282109654512873473
1282109655154675712
1282109673349365761
1282109684237758464
1282109738428309506
1282109740953174017
1282109747223654400
1282109817637744646
1282109850948972544
1282109860360978432
1282109869181394944
1282109877100277760
1282109904220807174
1282109910285778945
1282109910663168000
1282109915897532416
1282109919483662338
1282109920750559235
1282109939998130178
1282109944033153026
1282109947505934342
1282109952568459265
1282109956775227392
1282109969219948544
1282110003516760065
1282110011112656896
1282110016468611072
1282110020285534209
1282110040749400064
1282110041248526337
1282110050962755585
1282110074211774465
1282110091244822529
1282110095858577408
1282110096307367941
1282110099830562818
1282110137587707904
1282110138837499904
1282110142935425026
1282110158253035520
1282110170751856641
1282110193241714689
1282110203110907904
1282110225223258113
1282110253983846400
1282110255808360448
1282110270865801224
1282110271159500802
1282110290562297856
1282110309814218753
1282110317468753923
1282110322401325057
1282110346384347136
1282110351266459648
1282110351799136257
1282110362918191105
1282110392316112898
1282110397881954312
1282110414348746758
1282110427435085825
1282110439141396481
1282110493495361536
1282110515267997703
1282110519344877568
1282110546922344448
1282110561040375810
1282110562860580864
1282110564404273154
1282110617587941376
1282110619047604224
1282110633610117120
1282110636399484929
1282110658713194496
1282110665264635905
1282110720247836678
1282110750383734786
1282110767009943554
1282110767362445313
1282110771267284992
1282110774303952896
1282110784080719873
1282110796726546432
1282110800153411589
1282110800199593984
1282110820835627008
1282110829006073857
1282110835825864704
1282110839496024072
1282110845644935168
1282110877043482625
1282110883750125568
1282110884513320960
1282110891786407936
1282110941988106241
1282110946517807107
1282110958958071818
1282110965698396160
1282110975282425860
1282110976314220545
1282110992386854913
1282111005091229699
1282111026566176768
1282111043053989888
1282111055104217088
1282111059713826816
1282111063723577344
1282111063731965953
1282111064079884288
1282111081603891205
1282111094065180674
1282111122993078273
1282111134267514885
1282111137073463297
1282111152613470215
1282111184842493952
1282111235601899521
1282111245051670528
1282111269529694215
1282111285858099200
1282111291830697984
1282111299678347264
1282111303503556608
1282111312223514631
1282111331945062402
1282111363729498113
1282111366703329280
1282111386819219456
1282111391672029186
1282111399020212224
1282111400014483456
1282111421346717696
1282111441177202688
1282111441630302210
1282111452673912832
1282111462022868993
1282111470457753600
1282111478665900034
1282111484051496960
1282111540494323713
1282111551483379712
1282111569833402368
1282111571368579072
1282111579715063808
1282111583502598146
1282111584748269568
1282111586719719424
1282111608651567105
1282111651357945856
1282111660040364034
1282111677044072448
1282111679975821314
1282111693137383424
1282111697583579136
1282111710493581313
1282111722178752512
1282111722967281664
1282111733876887552
1282111767590707200
1282111783323480065
1282111785018032129
1282111785194196993
1282111786121072642
1282111789682118656
1282111796757725186
1282111814587658241
1282111814936023042
1282111819772043266
1282111827103617024
1282111885039620098
1282111885912014851
1282111886155304960
1282111910813462528
1282111953230495744
1282111965339570176
1282111990723313664
1282111995144175618
1282112032301408256
1282112046084038658
1282112054308990976
1282112062710181889
1282112070201290753
1282112100563705856
1282112104326205440
1282112108453404672
1282112132994207747
1282112179953688576
1282112188556218368
1282112200564518912
1282112201956835329
1282112209544286210
1282112212773949440
1282112213990375425
1282112221636628480
1282112243430236161
1282112267748810753
1282112284697825281
1282112286736257025
1282112301970186242
1282112306835488769
1282112318067752961
1282112318151593984
1282112326615760896
1282112329346408448
1282112335528841216
1282112358761013250
1282112366449057792
1282112368517025792
1282112372904255495
1282112373176795137
1282112397650677763
1282112397747146752
1282112414687752192
1282112419209203712
1282112437941133315
1282112441422213120
1282112441686487041
1282112448326074368
1282112452361101314
1282112460783222792
1282112461999611906
1282112485072547845
1282112522741518338
1282112536138178560
1282112550214217728
1282112553867456512
1282112557306634240
1282112557508104193
1282112581885472770
1282112588277526528
1282112607806091264
1282112611421757440
1282112617620725760
1282112629276893185
1282112678954061825
1282112699896406017
1282112704413601792
1282112714656096257
1282112716661022720
1282112720700092416
1282112734201409536
1282112745622519808
1282112757760954369
1282112758708875264
1282112785556668416
1282112792959619073
1282112820998541312
1282112842741747714
1282112856985665537
1282112860617940993
1282112869312626690
1282112894927286277
1282112897108320257
1282112897301307393
1282112930931191811
1282112934311792652
1282112948429873153
1282112964653395969
1282112967245471751
1282113008089563137
1282113014670544897
1282113015400337410
1282113035520401409
1282113036581363712
1282113064528228358
1282113090490970112
1282113090713120769
1282113093800275974
1282113102608203777
1282113107276398592
1282113116743127040
1282113119368642561
1282113127719546880
1282113138582790144
1282113153564844037
1282113173752086528
1282113174628687872
1282113178118369280
1282113216328466433
1282113220430516224
1282113235244777472
1282113258086957063
1282113287958790145
1282113291280510976
1282113295273668610
1282113307235803138
1282113324675665920
1282113387439239168
1282113392166277120
1282113395391639552
1282113399732736001
1282113428904189958
1282113429948555264
1282113432469282817
1282113442816589824
1282113450446028800
1282113458335617024
1282113481001635842
1282113503915122688
1282113509397061634
1282113525528137732
1282113538077712384
1282113539000487937
1282113546944487424
1282113567546847232
1282113580419231745
1282113592809197569
1282113594407043072
1282113605861888000
1282113606864080897
1282113614028169217
1282113623100358657
1282113635205054464
1282113636614447106
1282113638141239298
1282113643350556672
1282113647716769804
1282113651571392520
1282113666851262466
1282113681392914433
1282113697402380289
1282113706554523648
1282113706596466693
1282113752419012608
1282113757087510528
1282113759893487622
1282113778113409024
1282113781292601345
1282113785717616640
1282113802297733121
1282113819490373637
1282113860707770368
1282113870786629636
1282113924377133058
1282113927711686656
1282113954064416768
1282113980174077954
1282113982980030465
1282113991494574082
1282114030060974080
1282114030195347456
1282114030212177922
1282114034150658048
1282114038005145600
1282114039351406592
1282114055151538178
1282114058334896129
1282114063280091138
1282114088483553280
1282114093005123584
1282114108997939201
1282114117109551104
1282114172952739840
1282114175519653901
1282114191739039747
1282114205399707648
1282114226560147457
1282114229412265985
1282114242712305664
1282114260340899840
1282114264522723329
1282114280754753536
1282114285468962816
1282114289583697921
1282114323301597186
1282114368902053888
1282114415295377410
1282114423344201734
1282114424116060162
1282114424254455810
1282114428373274624
1282114444139479040
1282114452863815681
1282114456609157121
1282114469531979777
1282114484463472640
1282114486296616960
1282114490918731786
1282114494655651840
1282114500242493440
1282114503849607169
1282114504038309894
1282114524389072896
1282114533503442950
1282114546090606593
1282114547629752320
1282114548971995136
1282114574263566337
1282114596204089346
1282114596740923392
1282114604362010626
1282114616546525185
1282114616789794817
1282114622435102720
1282114646632280064
1282114666706145281
1282114670774628355
1282114678236356610
1282114683462397958
1282114688650600449
1282114745768775680
1282114757416411138
1282114758464942080
1282114779918655488
1282114792602456065
1282114817487015936
1282114817856339968
1282114821626814465
1282114831143833600
1282114834105094144
1282114845958197249
1282114855114342400
1282114859367198720
1282114871878803457
1282114889742528512
1282114892816740352
1282114940061401088
1282114943844835328
1282114962828206080
1282114964581490688
1282114968364580865
1282115022676729856
1282115028674461696
1282115029496733699
1282115044063444993
1282115052749729792
1282115061876695041
1282115095770931200
1282115120433434625
1282115123314749442
1282115153606012928
1282115170320490496
1282115174573408256
1282115186787262465
1282115222703157248
1282115232547119104
1282115254764404737
1282115262611894278
1282115278139207680
1282115300628893697
1282115309319725057
1282115309382414336
1282115341599092737
1282115366962049025
1282115368149024768
1282115395298701313
1282115400356913152
1282115442899849216
1282115451435266048
1282115459349979142
1282115459647787010
1282115463846166528
1282115468170539008
1282115472893382656
1282115474436890625
1282115478878597120
1282115489527812097
1282115513124978690
1282115560789032960
1282115567776935937
1282115584310702082
1282115584327655424
1282115593290821633
1282115606003830785
1282115610906972162
1282115660944826370
1282115669631393792
1282115673804673025
1282115689826770950
1282115710748184576
1282115723590905856
1282115727923781633
1282115740183732224
1282115748601757696
1282115769552207875
1282115770303078401
1282115783267700737
1282115788518850567
1282115790846607361
1282115807573573632
1282115832949112832
1282115837202182144
1282115853266219008
1282115858484080646
1282115907939164166
1282115912175214593
1282115912691339264
1282115923155927041
1282115925756567553
1282115930278039558
1282115933688004608
1282115943104225281
1282115946627452928
1282115963496869893
1282115964931158017
1282115975454875649
1282115980185841664
1282116010129059840
1282116048293171205
1282116064067887105
1282116097886416896
1282116108972163074
1282116123962548224
1282116135140438023
1282116139431145472
1282116155461664769
1282116155524751360
1282116160855498752
1282116164177592322
1282116202253385730
1282116222767656960
1282116223543762945
1282116269299257344
1282116269437640704
1282116272986091526
1282116278237278208
1282116289931218946
1282116320176164865
1282116332398534656
1282116365697114115
1282116378032369664
1282116378070310914
1282116378812649473
1282116424631296002
1282116438501859334
1282116441303588865
1282116469925597184
1282116487281549314
1282116546559500288
1282116558781911040
1282116583758987265
1282116595804966913
1282116602142523394
1282116656140095489
1282116671218515976
1282116675777843202
1282116684216700928
1282116688696111105
1282116696623452160
1282116754806898689
1282116769113497600
1282116785093742592
1282116785333035010
1282116806707224578
1282116810167537665
1282116814869274631
1282116822754643973
1282116824214253568
1282116834729189376
1282116835748585472
1282116849669304321
1282116853490475013
1282116860213727232
1282116872737939457
1282116873853829121
1282116889926238208
1282116902282723328
1282116906388983808
1282116910587547648
1282116958096224256
1282116961078513664
1282116961573302273
1282116969953497088
1282116970381553664
1282116978518437888
1282116993471123457
1282116994968555522
1282116995408891904
1282117015424073728
1282117015625281536
1282117019718959104
1282117020461539328
1282117041516736512
1282117057497235456
1282117058214293504
1282117058336038913
1282117113168171008
1282117120848003072
1282117124920676353
1282117128741629953
1282117129588953088
1282117133359513600
1282117192549457920
1282117193581211648
1282117196475510784
1282117210509586433
1282117232466841601
1282117245876002816
1282117246349795329
1282117259671068672
1282117267527012360
1282117281988960257
1282117298980032512
1282117304000679941
1282117304612839426
1282117321390264323
1282117333977313281
1282117338779852800
1282117343259197440
1282117360166592512
1282117368697597952
1282117368706146304
1282117384711688192
1282117418375143424
1282117451199787009
1282117458409795586
1282117460938887169
1282117467943301120