1287810031589765122
1287810032030097408
1287810038279610369
1287810040565387265
1287810053177843718
1287810087348658176
1287810099612876800
1287810112875302912
1287810120240357377
1287810133318201346
1287810162145845248
1287810171104788484
1287810183939448834
1287810187919790082
1287810196392247297
1287810225710473216
1287810262817320961
1287810280001437696
1287810363539501056
1287810376034385926
1287810505822941184
1287810514504921088
1287810532108578816
1287810556896800768
1287810565511905280
1287810646705344512
1287810666242494466
1287810666292707329
1287810683191488513
1287810808513286151
1287810841572782080
1287810893221433345
1287810921457422338
1287810926306045952
1287810968274313217
1287810996858486790
1287811056342052864
1287811059315806208
1287811110188519429
1287811126642855936
1287811156128735232
1287811156833382400
1287811215650164737
1287811236432949249
1287811249279889415
1287811266099257345
1287811294578475008
1287811295572623365
1287811403605250048
1287811407849967617
1287811412656443393
1287811452796047361
1287811567757791237
1287811685370085379
1287811735701790720
1287811789678350336
1287811840404316161
1287811886579318786
1287811944733462528
1287811949313634308
1287811962206920705
1287811975314104322
1287811991730438144
1287812050345959425
1287812070306586624
1287812070558380034
1287812083757862914
1287812183972130816
1287812192235139078
1287812230482931714
1287812230902407172
1287812385231769601
1287812397567180800
1287812415493726212
1287812419742466048
1287812499119710212
1287812532070162434
1287812599480893440
1287812658067120130
1287812699691331594
1287812729697378313
1287812761217531910
1287812767450312704
1287812834269814791
1287812876082860038
1287812876825174016
1287813023932047360
1287813089782636545
1287813119729950721
1287813123219456000
1287813161781833728
1287813216337240064
1287813320309903366
1287813341461843968
1287813362017947648
1287813400496660486
1287813426425630722
1287813433556115456
1287813467441958912
1287813484189609984
1287813514053156865