1284080408389316610
1284080409526116352
1284080423744618497
1284080450177323011
1284080474252509187
1284080478706896896
1284080495408668672
1284080512827633665
1284080517110018048
1284080546725888001
1284080549204758529
1284080566502129667
1284080608088674305
1284080675683999744
1284080680557780992
1284080730126123009
1284080746651619328
1284080761453400064
1284080764590546945
1284080785369202688
1284080786602364928
1284080843837890560
1284080851848921089
1284080852742426624
1284080864402513922
1284080897688588288
1284080898225270784
1284080956383666177
1284080963954397185
1284080993926893568
1284081006182641666
1284081034968080384
1284081049283301381
1284081129671340038
1284081137334321154
1284081170796482561
1284081187548540928
1284081195366653952
1284081226551300096
1284081254086914048
1284081279210868738
1284081351180922880
1284081356092235777
1284081367333113857
1284081383346970626
1284081421682958341
1284081497381773312
1284081548795555844
1284081551643308032
1284081593989173250
1284081615258431493
1284081615547830278
1284081619289223168
1284081651526574080
1284081723790069760
1284081733042831360
1284081749677481984
1284081761572360193
1284081793994555392
1284081841906032640
1284081849611018240
1284081950911688704
1284081988522119168
1284082027285737473
1284082038388203522
1284082047846416384
1284082051822440451
1284082088422125568
1284082109418663937
1284082118176497671
1284082126921650177
1284082170097696770
1284082189357985792
1284082223101153280
1284082269070561280
1284082278382145538
1284082297877278722
1284082303342444544
1284082323458228235
1284082361290895361
1284082404123009026
1284082408166481921
1284082491725418496
1284082513787465729
1284082621794983936
1284082629420044289
1284082648760102912
1284082668246839298
1284082668645355520
1284082675951767553
1284082738732171264
1284082755752656896
1284082802175160320
1284082840057999361
1284082844629786624
1284082886384246784
1284082902972731392
1284082906617577473
1284082909448507392
1284082932894883840
1284082936703119361
1284082940868263939
1284082953102987265
1284082968026324995
1284083008845148160
1284083016592232449
1284083020564033537
1284083024188059648
1284083032438308865
1284083062339440642
1284083074230153216
1284083075631190022
1284083154014416896
1284083175250157568
1284083213091196928
1284083242078015488
1284083289385504771
1284083347040415744
1284083376979349504
1284083390053064704
1284083401440530433
1284083406406430720
1284083420671422465
1284083434923720710
1284083435636690945
1284083443786186752
1284083469765804032
1284083486761136129
1284083497502728195
1284083553320534018
1284083556852076545
1284083569715863552
1284083570424897538
1284083637261041665
1284083653258047489
1284083676469436416
1284083693091540992
1284083784783065090
1284083786137952257
1284083800096505856
1284083812532723713
1284083812603920385
1284083867377377283
1284083876495753216
1284083897114873856
1284083934557503490
1284083947379535872
1284083964119068672
1284083972541222914
1284083977347903490
1284083980736790530
1284084005780873216
1284084014236786690
1284084015000059905
1284084023036444674
1284084044129464321
1284084059732422657
1284084088773791745
1284084114342260736
1284084155467264000
1284084216083472394
1284084224245596162
1284084231552086016
1284084232680288256
1284084268000518144
1284084282386862082
1284084337558712320
1284084344542261248
1284084489052971009
1284084489963081728
1284084523005816833
1284084538025455616
1284084546200363009
1284084559328444419
1284084564336562176
1284084577900863489
1284084606258622464
1284084618153656328
1284084621903302658
1284084630057111553
1284084651464593409
1284084668091060224
1284084695026688000
1284084699992924160
1284084700265549824
1284084718598852609
1284084728166068224
1284084736114094081
1284084774731210753
1284084823104118787
1284084839491137536
1284084886265974784
1284084897527848960
1284084920831348737
1284084933485645828
1284084974937874433
1284084982957342720
1284085016239251457
1284085027945328641
1284085055137120257
1284085063072784387
1284085125702189058
1284085146308812800
1284085226126245888
1284085300705333249
1284085365100253186
1284085373581180929
1284085402719199235
1284085469576388608
1284085482662563840
1284085504032505857
1284085514098941953
1284085554653597696
1284085558315188224
1284085578779295744
1284085586538770433
1284085591219503104
1284085607908556800
1284085620881551360
1284085628230131714
1284085675223121922
1284085700581830658
1284085722249605123
1284085754524827650
1284085759801274368
1284085839652360193
1284085916110409728
1284085951866822656
1284085967742291968
1284085994401280001
1284086015997730816
1284086073656664065
1284086103692251136
1284086123342565377
1284086129055223811
1284086141222711296
1284086191613149193
1284086299637485568
1284086300468011017
1284086300539265026
1284086317639512065
1284086321494056960
1284086380633759744
1284086392243531777
1284086417694613504
1284086418189492224
1284086451106439168
1284086451140009985
1284086484367298561
1284086488548937729
1284086502343860227
1284086532790538240
1284086572544143360
1284086586100133895
1284086627342577664
1284086632589807618
1284086649379594241
1284086690622124034
1284086691196805128
1284086696796213249
1284086707361648642
1284086714852691968
1284086727435530242
1284086733446041602
1284086736457539586
1284086740978933760
1284086775393275906
1284086817386455041
1284086821723484162
1284086824009375746
1284086834885271554
1284086845740134401
1284086862450171909
1284086903982129153
1284086934466330624
1284086976220553216
1284086980037562370
1284086991794118656
1284087005668954113
1284087063541960704
1284087135646162956
1284087161743187968
1284087164540784640
1284087216227180546
1284087248942751744
1284087289140969473
1284087290122436609
1284087306505379841
1284087340890193920
1284087368983515136
1284087373995933696
1284087394858340357
1284087412621221888
1284087423056707586
1284087423744475139
1284087491021111296
1284087516254150656
1284087521626992640
1284087534159634432
1284087537427001344
1284087558335426562
1284087587741683712
1284087587842306049
1284087605148160002
1284087626316894214
1284087629219340294
1284087734282461184
1284087734416662534
1284087744059383808
1284087772450443264
1284087772610007041
1284087868466528256
1284087901953732608
1284087905946939399
1284087948422443016
1284087955980578822
1284087956802658304
1284087960858656773
1284088023819456514
1284088034561073154
1284088066169139200
1284088083017801729
1284088132342882304
1284088162437013504
1284088187393114118
1284088220855209986
1284088284373823489
1284088292745465856
1284088300916088834
1284088373653778433
1284088401113882625
1284088413826637824
1284088425986088960
1284088434165010432
1284088456369434624
1284088464804372482
1284088473511702528
1284088510425772032
1284088548304384000
1284088583100522498
1284088661630496771
1284088673525522433
1284088704231972864
1284088737488609280
1284088747806597123
1284088754102308864
1284088772758573056
1284088775614689280
1284088796674494464
1284088828546945030
1284088838130765829
1284088844141449217
1284088867373670404
1284088884721324032
1284088884998045696
1284088888261255170
1284088904644063237
1284088913766776834
1284088929877098497
1284088936751562753
1284088947979812864
1284088972742815745
1284088981999833094
1284088988865880064
1284088988899454976
1284089031865835520
1284089097947144193
1284089149230772224
1284089173394305024
1284089190083366917
1284089257376845831
1284089282085486593
1284089286288179201
1284089361718489089
1284089377585614848
1284089378449559554
1284089387664445446
1284089416928067585
1284089475262447618
1284089533517135874
1284089542560157697
1284089651997757446
1284089685267161095
1284089706360315905
1284089803215167489
1284089803231895555
1284089857577562113
1284089860916158466
1284089878745997313
1284089887117979648
1284089907380707328
1284089907955273729
1284090012930318336
1284090044379209729
1284090154446131201
1284090171219009536
1284090222125301760
1284090230316904448
1284090318669979648
1284090322599899137
1284090376278675456
1284090385543954432
1284090390015021056
1284090390455492611
1284090398755913728
1284090426929152002
1284090427319164929
1284090439839219718
1284090471250186240
1284090507807916032
1284090511624679431
1284090515231846407
1284090637013389313
1284090637353091073
1284090642671587329
1284090662502256641
1284090683381309440
1284090711399370753
1284090758874771458
1284090771398893570
1284090800440147968
1284090808958885890
1284090812146556928
1284090851853991938
1284090872561315842
1284090904026812416
1284090922465198082
1284090993571135488
1284090993806114821
1284091022226731009
1284091099007594496
1284091158247940100
1284091198802554881
1284091240326275072
1284091280100921345
1284091354717585408
1284091387013664770
1284091414247346176
1284091425332895746
1284091437974519810
1284091459361214466
1284091462557282304
1284091471352627201
1284091489988026370
1284091492173262848
1284091505582514176
1284091525950058502
1284091554383224832
1284091569256181762
1284091572603310081
1284091580744228865
1284091597722923009
1284091603456536583
1284091622502871040
1284091624293892098
1284091644057251840
1284091694049185794
1284091717830967296
1284091719278104577
1284091739616292866
1284091739867938818
1284091776681140224
1284091800760745986
1284091806716747781
1284091819849060352
1284091821170319360
1284091842183794688
1284091887549329418
1284091895883468800
1284091920348852224
1284091929752469507
1284091996605472768
1284092000661385216
1284092033783795715
1284092063722741773
1284092096077606912
1284092138150432771
1284092139488645120
1284092185584054272
1284092196812206080
1284092201337839616
1284092215866740737
1284092218513317894
1284092266605432832
1284092297605378048
1284092352370561030
1284092365196726272
1284092407030611970
1284092411887722499
1284092457463033859
1284092491348811777
1284092495132012546
1284092512584564742
1284092566112280576
1284092578791653377
1284092595317215232
1284092616762687488
1284092624677351427
1284092649838751744
1284092701084987392
1284092751794053125
1284092817908936704
1284092867980546048
1284092884996718593
1284092907222441984
1284092914197426176
1284092923273977858
1284092944362938375
1284092951967260679
1284093006665187328
1284093019713499136
1284093052370530311
1284093076735053825
1284093090685485056
1284093149661495296
1284093153897742336
1284093161787109378
1284093175003598848
1284093216967598082
1284093225628622854
1284093256851230722
1284093263343804416
1284093358907023360
1284093369065656320
1284093425898278914
1284093439349592065
1284093467933777920
1284093497721663490
1284093548711702533
1284093564121755651
1284093564239011840
1284093569763020800
1284093598871572480
1284093599475470336
1284093656945893377
1284093661026947075
1284093673739898880
1284093690529509376
1284093707017498624
1284093749044355079
1284093761560227840
1284093774814158848
1284093780635922434
1284093813737369600
1284093839251316737
1284093854539493377
1284093863066513410
1284093866577137665
1284093866803691522
1284093904376287233
1284093918506778624
1284093984231444480
1284093988652318721
1284093997422714883
1284094009250648065
1284094018356482049
1284094055983480832
1284094067668856835
1284094067727650820
1284094086484422657
1284094122685542400
1284094126896697344
1284094164645412867
1284094214188539904
1284094232177848321
1284094245440311296
1284094265153355777
1284094284027895811
1284094340260921344
1284094343918186496
1284094344354574336
1284094365716099072
1284094387031552000
1284094416899264514
1284094432648794114
1284094441276551169
1284094462571020290
1284094462977769472
1284094466018738182
1284094466194726912
1284094482473005056
1284094489741713408
1284094504023326720
1284094637871968258
1284094680670580736
1284094688966909953
1284094747838210050
1284094755312410624
1284094764325928960
1284094776808267777
1284094827748040704
1284094873239465984
1284094876317958144
1284094897981710342
1284094899277750272
1284094948623757313
1284094990419996675
1284094998707933184
1284095044350337032
1284095049400233984
1284095066617843712
1284095070686208001
1284095090894557184
1284095116651700230
1284095124843245568
1284095124956274693
1284095130337714176
1284095162893967361
1284095175153909760
1284095180296134656
1284095189884309505
1284095194363760640
1284095243151970304
1284095243583922177
1284095267583791107
1284095297401114626
1284095312513183744
1284095317986750465
1284095322835296256
1284095371585691648
1284095376375656449
1284095384764252160
1284095394465669121
1284095444021370881
1284095444105265152
1284095481858060291
1284095485985218561
1284095498396336128