1285847046814040064
1285847047380234242
1285847048479223808
1285847048525361153
1285847051800997888
1285847052639973381
1285847115059605504
1285847122533912576
1285847124454682625
1285847149972865026
1285847172341211136
1285847183842054149
1285847190691213312
1285847212782739456
1285847233343225857
1285847235121438720
1285847309872488451
1285847323826847744
1285847333582905345
1285847392244375558
1285847401631227904
1285847406718877696
1285847439505870851
1285847496254582789
1285847532464029697
1285847638646984704
1285847664051929088
1285847719987294209
1285847770247593984
1285847787565912064
1285847841018015744
1285847862652239872
1285847892326969347
1285847935880695808
1285847971590889472
1285848043544211462
1285848062771056641
1285848093573996544
1285848184032378883
1285848207541456897
1285848239930048515
1285848289699680256
1285848295550734337
1285848359991947264
1285848466418106368
1285848487364448256
1285848553173082112
1285848556511940608
1285848571028414464
1285848580041748485
1285848663156125696
1285848684224065538
1285848692273143809
1285848696211505152
1285848725932380160
1285848742634168322
1285848814193184768
1285848839757291520
1285848843637202944
1285848861446230022
1285848911689785345
1285848968052781062
1285848969348812800
1285849032036737024
1285849033450217473
1285849115276894208
1285849124646957056
1285849179391176705
1285849205819543552
1285849246525042688
1285849422501490688
1285849439307878401
1285849451651829760
1285849463786016768
1285849516156096512
1285849525576294400
1285849536431349761
1285849548502396929
1285849565409628161
1285849577799598083
1285849610494152704
1285849614550282240
1285849631004536833
1285849635588919296
1285849670523248640
1285849689854705665
1285849711572852736
1285849791365185536
1285849804245839875
1285849805814718464
1285849847011004417
1285849895564345345
1285849913516056576
1285849950551769088
1285849962513924097
1285849995468513281
1285850089785905152
1285850106101719040
1285850165299957762
1285850190268624896
1285850197621379075
1285850198942588930
1285850277921214464
1285850302709719041
1285850340794007552
1285850357743128577
1285850470599335937
1285850499892178945
1285850551008272386
1285850592733265923
1285850621334024193
1285850671925821440
1285850725784805376
1285850726053404672
1285850747410710530
1285850773411135488
1285850831166812161
1285850843724410881
1285850855951007744
1285850865191059456
1285850873562726401
1285850897642393601
1285850915371704320
1285850916357320704
1285850924041359361
1285850936384974848
1285850941925789696
1285850944601829377
1285851074105085952
1285851078475513856
1285851159643648000
1285851162768539648
1285851199875346432
1285851213129486336
1285851237926273025
1285851246755184641
1285851280502484992
1285851281752338432
1285851298651426816
1285851306331185154
1285851331161403393
1285851398148677632
1285851418927042560
1285851448388063233
1285851599303131137
1285851611269603331
1285851612800413696
1285851705683447808
1285851775778652166
1285851792199172098
1285851809974677504
1285852007413227520
1285852051893706752
1285852077344743424
1285852110853222401
1285852147976994817
1285852162338193409
1285852198111514625
1285852225210683394
1285852240604024832
1285852249776771072
1285852315463880704
1285852349517488128
1285852442492637184
1285852483940573184
1285852509181968384
1285852509790232577
1285852543311138816
1285852548339912705
1285852576777469952
1285852702300344325
1285852740313382912
1285852741445709824
1285852797997445123
1285852820806213637
1285852898996506624
1285852972551831554
1285853025140170752
1285853025266008064
1285853046128414720
1285853054416363520
1285853083361255424
1285853083742789633
1285853096560734211
1285853106043908096
1285853134645006336
1285853201590181889
1285853227565699073
1285853230321348608
1285853243504054281
1285853339956260866
1285853348587925504
1285853364601753600
1285853411791917056
1285853424332836864
1285853478699651072
1285853545707651073
1285853591492866048
1285853599407513601
1285853638519382016
1285853666587619329
1285853742416293888
1285853770610548744
1285853797424574464
1285853825501327360
1285853830115196928
1285853847550783489
1285853880916611072
1285853882380283904
1285853906279501825
1285853914756153346
1285853930719715335
1285854004011061248
1285854027868241921
1285854057127706626
1285854083719458816
1285854085661569029
1285854087309701129
1285854194964983808
1285854199172005888
1285854271917846528
1285854333003722752
1285854333981143040
1285854376943386625
1285854394035187712
1285854505024794624
1285854530366627846
1285854602194288640
1285854609903427585
1285854613783015424
1285854616261976064
1285854682326470656
1285854724890046464
1285854739171815426
1285854779361521664
1285854786068393985
1285854878317916166
1285854883707383808
1285854904897220608
1285855019430866944
1285855021750456327
1285855060522491905
1285855063391559680
1285855146887352321
1285855190755577857
1285855203082690560
1285855214852018176
1285855236163358721
1285855238289715200
1285855256170115072
1285855314001223680
1285855316702265347
1285855323924856833
1285855400651358208
1285855429176639490
1285855465801424898
1285855508218486785
1285855520562147328
1285855571497934848
1285855583359381504
1285855605773578240
1285855609670324225
1285855663340445696
1285855676204376064
1285855704784474112
1285855746538627072
1285855752096276481
1285855864079953920
1285855881071071234
1285855906064928769
1285855923219640320
1285855969616879617
1285855986104897536
1285856037606760448
1285856054992080896
1285856059173646336
1285856066136182784
1285856154153816064
1285856162055745538
1285856163456638986
1285856174403989511
1285856192212938753
1285856203650695168
1285856242502492160
1285856260617838593
1285856344042541056
1285856385784254464
1285856568832122881
1285856577610809351
1285856589950287873
1285856604282392577
1285856733680799744
1285856754052616192
1285856754199191552
1285856766614437888
1285856834864078853
1285856922227183618
1285857101080858629
1285857142801563649
1285857157628469248
1285857219741913089
1285857258077913091
1285857312570257409
1285857320644337665
1285857363677908992
1285857396569432064
1285857397223886850
1285857400004710400
1285857424285380608
1285857434318311427
1285857487581839360
1285857521614258176
1285857547782512640
1285857575737733126
1285857587070676993
1285857622122549251
1285857771259297794
1285857789609422849
1285857920337326080
1285857922828795905
1285857944110632960
1285858017729294336
1285858032472268800
1285858087765635072
1285858222088376320
1285858256846336001
1285858270956183552
1285858314627067904
1285858342984921090
1285858408348950528
1285858440959664128
1285858443358883841
1285858489080975361
1285858494243995648
1285858524610912258
1285858709827129344
1285858738155511808
1285858814076608513
1285858816131833856
1285858875586105344
1285858935719829505
1285858952316465152
1285858963704221697
1285858975678947330
1285858981303345152
1285859022516740096
1285859030481633281
1285859048743514113
1285859071996788736
1285859116498350080
1285859118238986241
1285859140749922305
1285859144143179776
1285859169271263235
1285859182114230272
1285859225793703942
1285859324493885440
1285859346245578752
1285859351513583616
1285859520846213122
1285859542555926528
1285859547421134848
1285859558167117824
1285859585744486400
1285859636285853697
1285859644309737474
1285859731446390784
1285859797355593728
1285859812228706304
1285859824811597827
1285859893300416513
1285859937185411073
1285859958706376705
1285860055334760449
1285860074951446528
1285860143339642884
1285860207365480448
1285860246116851712
1285860252643196928
1285860284570247169
1285860310969131008
1285860326584573956
1285860338286473216
1285860352450793473
1285860368791875584
1285860383568220160
1285860393773158401
1285860416552202241
1285860429579915264
1285860439805562880
1285860493207334913
1285860521216901120
1285860604696199174
1285860637260886017
1285860660409241603
1285860786762510337
1285860793607548929
1285860797462114304
1285860847684775936
1285860880480120834
1285860891490086912
1285860906828693504
1285860999392878597
1285861000756047872
1285861004170199040
1285861016270585856
1285861028438441985
1285861065482399745
1285861086973976577
1285861094540447744
1285861225176403968
1285861260421214210
1285861278934863873
1285861279001915392
1285861293321224193
1285861324916809728
1285861392915017731
1285861426536554497
1285861443020238849
1285861450817384448
1285861501237166080
1285861514486747136
1285861636033646592
1285861678085804032
1285861715905843200
1285861731940438016
1285861816346673152
1285861828610805760
1285861879991029760
1285861916305272832
1285861952183504896
1285861995661541377
1285862001386967040
1285862013139206145
1285862019418206208
1285862098572963846