1279293880542941185
1279293887971016705
1279293930308173825
1279293935223844864
1279293971454398464
1279294005382123520
1279294011337998336
1279294056233762818
1279294118099849216
1279294127109259264
1279294178246012929
1279294229236387841
1279294240514650112
1279294249398267904
1279294324807614470
1279294355568648193
1279294363596738561
1279294401697611776
1279294404960845825
1279294464029347841
1279294481288663043
1279294488360316930
1279294488578383872
1279294497906741251
1279294517212934149
1279294589027876865
1279294618765594625
1279294631960870912
1279294651422453760
1279294693247983616
1279294755289985024
1279294757429264384
1279294798365691904
1279294832012222465
1279294840539398146
1279294849418768385
1279294869576445953
1279294910546563072
1279294946684567558
1279294958264922112
1279295008835854336
1279295042444840960
1279295081057521664
1279295159864360961
1279295278110117889
1279295286050000896
1279295309852536832
1279295369214640128
1279295406342656006
1279295427393830917
1279295452181958656
1279295557094293505
1279295674652274688
1279295738825060353
1279295796861710336
1279295822832820225
1279295849609048064
1279295865375666177
1279295947449618433
1279295966299000833
1279296011165265920
1279296019650367488
1279296040496066560
1279296044703105025
1279296052106059776
1279296162072154112
1279296267047317504
1279296267731025920
1279296274542415873
1279296338346180609
1279296422098153473
1279296422597124096
1279296426355363840
1279296459146436608
1279296480147156996
1279296488355565569
1279296489748082688
1279296598049124353
1279296710611779584
1279296754186203136
1279296757319401472
1279296819944517632
1279296921627230209
1279296929256669184
1279296955256991749
1279297001662943232
1279297046596530177
1279297055031246848
1279297109469118464
1279297176087203841
1279297202553143296
1279297241317093377
1279297266457722880
1279297298472697856
1279297391653384192
1279297420086530048
1279297452856627200
1279297520951164929
1279297542753263617
1279297562491727873
1279297634071711744
1279297675406348288
1279297738291777537
1279297860375207937
1279297886812090368
1279298003866509313
1279298020006170626
1279298056702263296
1279298061240463362
1279298062603571200
1279298062683377665
1279298069549338624
1279298137681809408
1279298179293310976
1279298252656041984
1279298268413825025
1279298338622341120
1279298351536787457
1279298476572999681
1279298481249812480
1279298506814078976
1279298557657395200
1279298628008292352
1279298653711196160
1279298788117622784
1279298866966171649
1279298898243121153
1279298898310250498
1279299082419232774
1279299102790938624
1279299161146494976
1279299182419902465
1279299215923924995
1279299363467145216
1279299379485003780
1279299425366491142
1279299475001892864
1279299482589573120
1279299580560117761
1279299677259784193
1279299680040443904
1279299786697400327
1279299874308177921
1279299945619771392
1279300024627847168
1279300071708921859
1279300101228421123
1279300168320536576
1279300171764051969
1279300191569485825
1279300237618819072
1279300244195311616
1279300348427988992
1279300428535156742
1279300461183602690
1279300543723245569
1279300599540932609
1279300665735622656
1279300679215935488
1279300691673088000
1279300706655076357
1279300730034122753
1279300828768210945
1279300833721507840
1279300895889657856
1279300896271319040
1279300901555941378
1279300935110582272
1279300964638482438
1279300989565231109
1279301038827343872
1279301039620001792
1279301043441086464
1279301073333862401
1279301199800475649
1279301309242343427
1279301429505609728
1279301471281053696
1279301471394238464
1279301496719302657
1279301552155443200
1279301560401637376
1279301585005314049
1279301598880174081
1279301653124923393
1279301689774764032
1279301706111545344
1279301745018011653
1279301770603364354
1279301794032541696
1279301794405838850
1279301797572567041
1279301891919355904
1279301937976930304
1279301988312743936
1279301991290683397
1279302007996600320
1279302031488937984
1279302133905420289
1279302197780627458
1279302235621654528
1279302247868821504
1279302316118556675
1279302318614294528
1279302345021513728
1279302357692669952
1279302394418003972
1279302402525413376
1279302430421848065
1279302480820670464
1279302528543240192
1279302537296744448
1279302588194787330
1279302600303804416
1279302603285975040
1279302617533952001
1279302624832086018
1279302634604605440
1279302645371465729
1279302684869304320
1279302755803451392
1279302798564360192
1279302810341957632
1279302845401989120
1279302845863350272
1279302865606127617
1279302873357090817
1279302968660111360
1279303017259384839
1279303027136987136
1279303027627884544
1279303078257111040
1279303082082537474
1279303103909519361
1279303134997864449
1279303153113071618
1279303166740140032
1279303199397040130
1279303224860659713
1279303234549698561
1279303346365530113
1279303365764108289
1279303435611848704
1279303598334046209
1279303601421090817
1279303665216610304
1279303684334202881
1279303686095806464
1279303706966724609
1279303787845427200
1279303795848200193
1279303917885521921
1279303930644750338
1279303934461579264
1279303962898784256
1279303971018960901
1279303989452931072
1279303996910432257
1279304015071805440
1279304017240154114
1279304068398104578
1279304076342124546
1279304094188961792
1279304144247906304
1279304173310394368
1279304273180995585
1279304286044925954
1279304303602106368
1279304311575478272
1279304383637979136
1279304399471276033
1279304458590191617
1279304480274690050
1279304499581108224
1279304520263020544
1279304529863831552
1279304576362053632
1279304634876772357
1279304671107051520
1279304709958819842
1279304831195217920
1279304868948250624
1279304869438910468
1279304893514297349
1279304945603432448
1279304995116994561
1279305075408678912
1279305083239321600
1279305086917730316
1279305117162975232
1279305208669954048
1279305391265009664
1279305399250767873
1279305479395487745
1279305490414141440
1279305513201778689
1279305574295863297
1279305600393007107
1279305611642122240
1279305632810762240
1279305683163402242
1279305698367680513
1279305708660387841
1279305751127887872
1279305797877415937
1279305816584192000
1279305867674845184
1279305872422780930
1279305949002547200
1279305953754693632
1279306009702330368
1279306023921225728
1279306116116221952
1279306168842608641
1279306228712210432
1279306248626700288
1279306261666947072
1279306295904894977
1279306409109188608
1279306422069669888
1279306525324922885
1279306534338482177
1279306576759668736
1279306580526346241
1279306583738998786
1279306589741121536
1279306639460282368
1279306644820647937
1279306701020094464
1279306709844910082
1279306741373710336
1279306757471383558
1279306849569787905
1279306882427916288
1279306974123999234
1279306986757083137
1279307004457054210
1279307084891336704
1279307189329571841
1279307217179533312
1279307218739814401
1279307223173402625
1279307230915919873
1279307230966251520
1279307315066236929
1279307316865753094
1279307536705875968
1279307553092993025
1279307621074259968
1279307687834996736
1279307720626077696
1279307747910189057
1279307880081080320
1279307884657094656
1279307885139439616
1279307905586601986
1279307923009572864
1279307952168427520
1279307953464651776
1279307998075056134
1279308019654950912
1279308086457454592
1279308173954805760
1279308218632560640
1279308220956151808
1279308291311534081
1279308358328242176
1279308360161153025
1279308412686233600
1279308442352717825
1279308480743182336
1279308500774973440
1279308565191315456
1279308585344937985
1279308602029699072
1279308602755264512
1279308682606583810
1279308691162857472
1279308697823596544
1279308730895482880
1279308740802383872
1279308787489345537
1279308807122927616
1279308815901614085
1279308819558850567
1279308854740824065
1279308887066214401
1279308918326530050