1287387194076753922
1287387195213373442
1287387196329275392
1287387197130194945
1287387230097543168
1287387263891054600
1287387292659855360
1287387339011088386
1287387350226657280
1287387369545424898
1287387385563676674
1287387396783452161
1287387417805193217
1287387453037383687
1287387460746514432
1287387481734893568
1287387494275780608
1287387512055279620
1287387518812528640
1287387523401035776
1287387553310670849
1287387589989761028
1287387599175286786
1287387686760841216
1287387711893110787
1287387766788153347
1287387787969343493
1287387792021032962
1287387806973562880
1287387825504165888
1287387912934326274
1287387998129139714
1287388023064150017
1287388027304714240
1287388034778816512
1287388055670677509
1287388072884056064
1287388077137301504
1287388092626853893
1287388110544928768
1287388119529119744
1287388173824397312
1287388190702174209
1287388203230658560
1287388215297683457
1287388276450562048
1287388283127894017
1287388299280211970
1287388300257505280
1287388383195660291
1287388383858298880
1287388425725915136
1287388454649815042
1287388496139882497
1287388521502846979
1287388522094051329
1287388634774228995
1287388656806879232
1287388668668370944
1287388748783783941
1287388768916377601
1287388769553973248
1287388779020349440
1287388803439755265
1287388803825623041
1287388808678342656
1287388832267083776
1287388835861729286
1287388861602181121
1287388874449268738
1287388893952835584
1287388913695260675
1287388924269256705
1287388932745854977
1287388933173567493
1287388970113019904
1287388971002204162
1287388979030040576
1287389105676931073
1287389108919140352
1287389112014495746
1287389122974437376
1287389125667151872
1287389126505922562
1287389193048662016
1287389205149122561
1287389230105206784
1287389248144859139
1287389254218326016
1287389255770152961
1287389297532952576
1287389314821677056
1287389330781216768
1287389369003778049
1287389377375678465
1287389381209145344
1287389444295794689
1287389482354761728
1287389548868239361
1287389582548377606
1287389612479000576
1287389620200706048
1287389633517686784
1287389645374984200
1287389678052745216
1287389704527257601
1287389727214178305
1287389793756884997
1287389807887491078
1287389856138776576
1287389873075376135
1287389893803552769
1287389973604380673
1287389977760989187
1287390006898765825
1287390010690252802
1287390023768301573
1287390056664227841
1287390098858926080
1287390124435800070
1287390134019788801
1287390216236363776
1287390229041733633
1287390245445603330
1287390249237254145
1287390270334656513
1287390274566500353
1287390304987951106
1287390342657052672
1287390434159996928
1287390434470383616
1287390446789042176
1287390471833231361
1287390497594540032
1287390504351666176
1287390510508675072
1287390572370694144
1287390736581885952
1287390761361825792
1287390774880018433
1287390790134706176
1287390793720893440
1287390808174403584
1287390824121212928
1287390887438295041
1287390941519605760
1287390941909680129
1287390946343227394
1287390969038397442
1287390970791833607
1287390978844823552
1287391057181777921
1287391105470746625
1287391118481653760
1287391138555531267
1287391139084017666
1287391173905186816
1287391223720734721
1287391239495716866
1287391292088033280
1287391369116487680
1287391386640289794
1287391410988158976
1287391423944445956
1287391427861843969
1287391437521408000
1287391449290596354
1287391499638931457
1287391574989639680
1287391575627243521
1287391604811194372
1287391674516242432
1287391695471104000
1287391780317478913
1287391798155857921
1287391805512638464
1287391806196457472
1287391811024179201
1287391814337597442
1287391822294245377
1287391826304008193
1287391839855636486
1287391902078242817
1287391916443807746
1287391927726309377
1287391975843323906
1287391995132915712
1287392030734331904
1287392040121237506
1287392074510282754
1287392080273129474
1287392098665275392
1287392104432300032
1287392108131815424
1287392158857781252
1287392166294298624
1287392171314864128
1287392215019528193
1287392251027640320
1287392300880891904
1287392334779482114
1287392350927560705
1287392359702028288
1287392405839388674
1287392421693624321
1287392434599731200
1287392442896064512
1287392459803308034
1287392459991916551
1287392477582942208
1287392510810234882
1287392531211141121
1287392577247944712
1287392581534527489
1287392590199914499
1287392662090375169
1287392673071009792
1287392712585609218
1287392713328009222
1287392733875720194
1287392733963915264
1287392751315820544
1287392766545276928
1287392766650195973
1287392782848491520
1287392833364725760
1287392867191787520
1287392913241055233
1287392935323918343
1287393001405325312
1287393004920147969
1287393007742803976
1287393014118117376
1287393031084269568
1287393122499035138
1287393126865416193
1287393138026393603
1287393139267973121
1287393198739005443
1287393198793543681
1287393203314982912
1287393236668100609
1287393282327281665
1287393284478967809
1287393315827191808
1287393324647809030
1287393358479069184
1287393387629469696
1287393395145609216
1287393399218286594
1287393400245739520
1287393420932259840
1287393446337150976
1287393454444539904
1287393458802561025
1287393461528911872
1287393483217686528
1287393484710842368
1287393516822433794
1287393572166283264
1287393595599749126
1287393611865300994
1287393630550974464
1287393634480984065
1287393710037250050
1287393785362645004
1287393785853423617
1287393810612461572
1287393827058331648
1287393860897972225
1287393902643748868
1287393919576109058
1287393965541556224
1287393974605484032
1287393982708879368
1287394059959578624
1287394062874505217
1287394071774887938
1287394079777726464
1287394100661178368
1287394130251984898
1287394133766742018
1287394176443719680
1287394183565672449
1287394208979070978
1287394209109024768
1287394213777244161
1287394216553992192
1287394221591273474
1287394289346109441
1287394301140500485
1287394364176687110
1287394368341540864
1287394376503701504
1287394381410918401
1287394457244098562
1287394460683255814
1287394492652240898
1287394506640363522
1287394515821703169
1287394552081518592
1287394553163546625
1287394561933758465
1287394575326179329
1287394587640623106
1287394595668664324
1287394607584751616
1287394632712761345
1287394633325182976
1287394633568460802
1287394666158096394
1287394708910727168
1287394737390002176
1287394742632714240
1287394763159871490
1287394763252039688
1287394780419436549
1287394784382869509
1287394812979826690
1287394843036135424
1287394888992952322
1287394904558247936
1287394910354595841
1287394910375743496
1287394955577655297
1287394956143996930
1287394964452802560
1287395061471289345
1287395064897867777
1287395068937211904
1287395122817032192
1287395148607954944
1287395190421020673
1287395220745859073
1287395226005512192
1287395242862419976
1287395257294958595
1287395258372849669
1287395304468348928
1287395349716439040
1287395384277565440
1287395397032267784
1287395408696823808
1287395425306247172
1287395429978533896
1287395434114228229
1287395434315411458
1287395458982141955
1287395479760797697
1287395492389957633
1287395505467584513
1287395522588758017
1287395618948816896
1287395685919346688
1287395753208328193
1287395819973271557
1287395904299970561
1287395933148385286
1287395936830881792
1287395937183248386
1287395942333853698
1287395974499966976
1287395974722322433
1287395988676792320
1287396013083262978
1287396016686170113
1287396027864096768
1287396092586401793
1287396093093982209
1287396112387706880
1287396172127178753
1287396172567642113
1287396188895887365
1287396218063257600
1287396269292285952
1287396285302046720
1287396331632373763
1287396331724578818
1287396332148269056
1287396410741215232
1287396448494129152
1287396595613540357
1287396645693304833
1287396650378559488
1287396679994552322
1287396725917982720
1287396743567626241
1287396793580388354
1287396810433200135
1287396835502497792
1287396839877226496
1287396890821169154
1287396952028540929
1287397028704681992
1287397032399781888
1287397044878036993
1287397082739990533
1287397162008051712
1287397200218263554
1287397208757862401
1287397263979864066
1287397287811899398
1287397296183873536
1287397309052071938
1287397333928419330
1287397366161604609
1287397396662476800
1287397396926861313
1287397400567586817
1287397417462059009
1287397428967149573
1287397455403728896
1287397456108490752
1287397476572573696
1287397500060667904
1287397502543593472
1287397548286599168
1287397556247560193
1287397565021990913
1287397578875838465
1287397611415068672
1287397614690893829
1287397689240489987
1287397694688944130
1287397724023918592
1287397758694023168
1287397800968421377
1287397812938866690
1287397824968232970
1287397861936726016
1287397879418519552
1287397882811777026
1287397904286715905
1287397924947845122
1287397941519540225
1287397959127175168
1287398005864370176
1287398021295153152
1287398039259316226
1287398078270578688
1287398105785278465
1287398135023755264
1287398151612174340
1287398185158103040
1287398189780414465
1287398223347429378
1287398230607552514
1287398256423698437
1287398274450829313
1287398281514033152
1287398288006828032
1287398307526893568
1287398331614785537
1287398377437700098
1287398408236306437
1287398416239276033
1287398457767010305
1287398518727028738
1287398521553989632
1287398524594855941
1287398617494495234
1287398630257721344
1287398643163713538
1287398655671050240
1287398676177072128
1287398706979975168
1287398722272407553
1287398738101563394
1287398747819843584
1287398768514674690
1287398785103147008
1287398797576941569
1287398822881177600
1287398835191336960
1287398923758272512
1287398933271019522
1287398974421336064
1287398986576535552
1287399012358688768
1287399016330940417
1287399020646694912
1287399058928271360
1287399070571433984
1287399099583492096
1287399159004385283
1287399196816027648
1287399217061797895
1287399292953669632
1287399351107584000
1287399369722003458
1287399372406157312
1287399388902498304
1287399439079026688
1287399439804575744
1287399459912065029
1287399501909626881
1287399535921246208
1287399556494364672
1287399628602834945
1287399686681382913
1287399703617953792
1287399720566972417
1287399792176316416
1287399817182711808
1287399849227366405
1287399888137777152
1287399896685793280
1287399902079787008
1287399948602896384
1287399993515614217
1287400045822840832
1287400059169120257
1287400065280008192
1287400202882646023
1287400215025192960
1287400257446346752
1287400290568871936
1287400312291106821
1287400479824187393
1287400511092731905
1287400546744188932
1287400584635711488
1287400597466079232
1287400600158629888
1287400609541324802
1287400625953599489
1287400641699225600
1287400656068894720
1287400697219223553
1287400698670440449
1287400706400452611
1287400744211984386
1287400746682421248
1287400787677573120
1287400802273853442
1287400819575279618
1287400849283723264
1287400856837591048
1287400878383669252
1287400899183288326
1287400903595757568
1287400919886438403
1287400936550227974
1287400957601488898
1287401117035331584
1287401188992966656
1287401205275082756
1287401222861987840
1287401353954959361
1287401402168414208
1287401410385121280
1287401421118242825
1287401431884951557
1287401528836468736
1287401532078448642
1287401533043281921
1287401557731016704
1287401577599447043
1287401578811531264
1287401666132807680
1287401705190182915
1287401724173381633
1287401730355888131
1287401733707255808
1287401758575099904
1287401759317676033
1287401910576640000
1287401936451338241
1287401940515790848
1287402028247859201
1287402077703016448
1287402116244484096
1287402124041580547
1287402195697020929
1287402216303845376
1287402224700858373
1287402232598601729
1287402258632769536
1287402262541799425
1287402262600601600
1287402266224295936
1287402266580975616
1287402279096725504
1287402279499444227
1287402291180515331