1287432495391113217
1287432536684101634
1287432541444571136
1287432549338415106
1287432549745274882
1287432551544623104
1287432586562875393
1287432595165392901
1287432608427778048
1287432609903984642
1287432641592152072
1287432657941528576
1287432666590187520
1287432682067001344
1287432719186776066
1287432726103183371
1287432743564050433
1287432767911886848
1287432780079538177
1287432788061245440
1287432792528302080
1287432842897752065
1287432847461158912
1287432863764291584
1287432881422426112
1287432884534546437
1287432967254675457
1287432973373935616
1287433018068664322
1287433039765811206
1287433053363732485
1287433073382928384
1287433120246046720
1287433137417605124
1287433178593075200
1287433185492471810
1287433190739718144
1287433229499326465
1287433241494880256
1287433266132332546
1287433270288932864
1287433333635534848
1287433338282815489
1287433342971867139
1287433349628403713
1287433354468560900
1287433365335846912
1287433371509956608
1287433397284098050
1287433438665080832
1287433469627334657
1287433476912885762
1287433481123897344
1287433499914493952
1287433513780809728
1287433560648028163
1287433564938633216
1287433567908306944
1287433590071058435
1287433669695508481
1287433669834022912
1287433690570776576
1287433690964951047
1287433707566125057
1287433795419938818
1287433824733990913
1287433837224628228
1287433886625038339
1287433903691587584
1287433908817141760
1287433915444219906
1287433924713439232
1287433941398564865
1287433950152003589
1287433950693134336
1287433959274614784
1287434005596446720
1287434025628565504
1287434043135492103
1287434050731417601
1287434117680947200
1287434160101974016
1287434177294610432
1287434264838012929
1287434291547271168
1287434302565711872
1287434305761730562
1287434348971655170
1287434389496922112
1287434457708888065
1287434558799900672
1287434558946848768
1287434629927010306
1287434659731734531
1287434700861120513
1287434742476898307
1287434768397881345
1287434772118151168
1287434780561125378
1287434797032210432
1287434852938252289
1287434861351968769
1287434894193254400
1287434948908113928
1287435008156684289
1287435011025592320
1287435015672954882
1287435019649155072
1287435049365917697
1287435062087168004
1287435070224171013
1287435070496743425
1287435112351780864
1287435124334891008
1287435128843755520
1287435130722811910
1287435132840878082
1287435133419692038
1287435141820882945
1287435154097688576
1287435170967158788
1287435178957107201
1287435184262979584
1287435221470781440
1287435271768875014
1287435283961655298
1287435287954587651
1287435295588261893
1287435296859205632
1287435354996260864
1287435376911474689
1287435397346230272
1287435478636126208
1287435498122878979
1287435548471078912
1287435557208035329
1287435581274890241
1287435593610215431
1287435780512776194
1287435783645741072
1287435795285118978
1287435800221753344
1287435804223053824
1287435849773137920
1287435863207673856
1287436015469236224
1287436035182469120
1287436068355223552
1287436097874726912
1287436160906620928
1287436231912161286
1287436274203348993
1287436274308190208
1287436391761289218
1287436404755034112
1287436415563964417
1287436425084964867
1287436434199269378
1287436453094490112
1287436471436107776
1287436482249015296
1287436537433600002
1287436543074775042
1287436550658240512
1287436567649361920
1287436614210408448
1287436626688454656
1287436658674225158
1287436660637147136
1287436663736676355
1287436667889098752
1287436676977975296
1287436726441402368
1287436730384162816
1287436740853104641
1287436768661237761
1287436781101690883
1287436794028412929
1287436843537989632
1287436844288811009
1287436852673339392
1287436867005296641
1287436917642936320
1287436919798996992
1287436928191782919
1287436979219693569
1287437003378884610
1287437053811195905
1287437078821666816
1287437091480117249
1287437126515261440
1287437183876567041
1287437205254934529
1287437205519179777
1287437209172414466
1287437236477329410
1287437276843085825
1287437279146004481
1287437280668520449
1287437284086812672
1287437360871833600
1287437443592052736
1287437477121331216
1287437485434449922
1287437494619975680
1287437495072886787
1287437536340606976
1287437657744773125
1287437704028811264
1287437732667699201
1287437741677064193
1287437771024433152
1287437776141660161
1287437829887401986
1287437921423888385
1287437960477057025
1287437976188801024
1287437984846020608
1287437990025994241
1287438014294249473
1287438031427735552
1287438047949271040
1287438048456736768
1287438068337840131
1287438090332643329
1287438098234834952
1287438102865178624
1287438108988968961
1287438169604886528
1287438262655684609
1287438271145021440
1287438282679177216
1287438324215373824
1287438361863622657
1287438362320736256
1287438462807756801
1287438466058457090
1287438471850844161
1287438530403344385
1287438597889626114
1287438623101423616
1287438699207196672
1287438703049216001
1287438736683409408
1287438778064281600
1287438783973974016
1287438798595543041
1287438799346311169
1287438807764283393
1287438832862822402
1287438861266690048
1287438868736868354
1287438895051923459
1287438908083654657
1287438966732525575
1287438996868562945
1287439017341005831
1287439021220728834
1287439046877356037
1287439101977939970
1287439121812578304
1287439138883375104
1287439139521134599
1287439151495811077
1287439158294740993
1287439171829870592
1287439176095412231
1287439201617588224
1287439227169513472
1287439235088252928
1287439273269039107
1287439289337491457
1287439317846106112
1287439365841596416
1287439394232832001
1287439399110823944
1287439407683788801
1287439431259926528
1287439444937601024
1287439461492588544
1287439466085449728
1287439466144161792
1287439474255896577
1287439490626326528
1287439491532300288
1287439586084388864
1287439594993135616
1287439600672215040
1287439615645941763
1287439621597679617
1287439651045888005
1287439685053083649
1287439707081707527
1287439796848037888
1287439809586302976
1287439818218180608
1287439850740879361
1287439863776784386
1287439873041993735
1287439906474725381
1287439931275538432
1287439955799814144
1287439959893344258
1287439973545734146
1287439990490898435
1287440003350421504
1287440007565778950
1287440022325649410
1287440023910936577
1287440049081135105
1287440056928657408
1287440073995116544
1287440111882313728
1287440119629090816
1287440169864314882
1287440208598831104
1287440215251050500
1287440233022267397
1287440233097596928
1287440239561019392
1287440298122125313
1287440342774624262
1287440388253417474
1287440392749809671
1287440405433167872
1287440406108499969
1287440514917302272
1287440523402383366
1287440578410553344
1287440606327902214
1287440648757374977
1287440649227309057
1287440673394888705
1287440746027659264
1287440808535371784
1287440812637380608
1287440819671175168
1287440845025579008
1287440951141490688
1287440962839601152
1287441042401366016
1287441043504406529
1287441051544944641
1287441059467767808
1287441126194962437
1287441130343333888
1287441151654592513
1287441152447324160
1287441166078681094
1287441172848422912
1287441185414537223
1287441215072460800
1287441235238694912
1287441244428201984
1287441306571153410
1287441313995137025
1287441377572208641
1287441385201836032
1287441388532047875
1287441400032894976
1287441447642263553
1287441491112022016
1287441517523730433
1287441538016976897
1287441566907297793
1287441663871389699
1287441680505896960
1287441706263228416
1287441709375397889
1287441764639313925
1287441765394415616
1287441768942903303
1287441777214083076
1287441802543472640
1287441890930053121
1287441915445743617
1287441923561725952
1287441994776748033
1287442006978035713
1287442020005445632
1287442044718329856
1287442074225131521
1287442099751854080
1287442111432994816
1287442133415337984
1287442162381017089
1287442204793995267
1287442233478844418
1287442288868765696
1287442297907486724
1287442355218452484
1287442392451358726
1287442434922864641
1287442451775606789
1287442465394311170
1287442502568439808
1287442510524997632
1287442540703211521
1287442573104160768
1287442586458890240
1287442615483478016
1287442644860203009
1287442656629596162
1287442669363507200
1287442674484641792
1287442678603550724
1287442699633778688
1287442729430065153
1287442737692909568
1287442754000257024
1287442799986716673
1287442837576048640
1287442846837071872
1287442854692835328
1287442871893753858
1287442931327160322
1287442938491031553
1287442959697313792
1287443001745330177
1287443006887530498
1287443009621995520
1287443027246669824
1287443062281637889
1287443106690932736
1287443119064190976
1287443133798678534
1287443152912228353
1287443168951181312
1287443190266630146
1287443199011753988
1287443249951645698
1287443281580888066
1287443291504427009
1287443308227289089
1287443345116209153
1287443375399018499
1287443409171550214
1287443412828987392
1287443450825252864
1287443513035169792
1287443540822429696
1287443556022530049
1287443596979974153
1287443601560162305
1287443609709617153
1287443777746014208
1287443795043405830
1287443827977060354
1287443861472714755
1287443874013753345
1287443906716557312
1287443911439392768
1287443921631576065
1287443944796598272
1287443970432339971
1287443978154053632
1287444013314789376
1287444083045146624
1287444152268054531
1287444174971731982
1287444230139346944
1287444234287697921
1287444263966572544
1287444307985731585
1287444381805490178
1287444418799296512
1287444427963805696
1287444448205471745
1287444465821429760
1287444510734086146
1287444579214602240
1287444637410623488
1287444646071738368
1287444648978350080
1287444670495125504
1287444700304211969
1287444720919216137
1287444788321628161
1287444796269834240
1287444951828172802
1287445042869809153
1287445073689489408
1287445097735491584
1287445149589659648
1287445271610306562
1287445325687422977
1287445391835910144
1287445446990925828
1287445484882337792
1287445539903217666
1287445556013473794
1287445610753294339
1287445661152051203
1287445685961465861
1287445711139876865
1287445744945954816
1287445781881008141
1287445827766620164
1287445829230505984
1287445830316654592
1287445832191692800
1287445853838467072
1287445857131008005
1287445861723709446
1287445944112488449
1287445946242985984
1287445992888041474
1287445995966652416
1287446017084882946
1287446046365245444
1287446068129562624
1287446071707394051
1287446078124699648
1287446122093408256
1287446142389833731
1287446143014547456
1287446148400254976
1287446168876670976
1287446222777720832
1287446232705536000
1287446251840196611
1287446256990781442
1287446327702573057
1287446328075788291
1287446337483546625
1287446337492049920
1287446356898922498
1287446370891304960
1287446420086304768
1287446424091844611
1287446468249505792
1287446503930437634
1287446508065951745
1287446540752166912
1287446584121229320
1287446621286998016
1287446628463448072
1287446638617858048
1287446665524400131
1287446679646613508
1287446696931340288
1287446700609527808
1287446725070856194
1287446726266236928
1287446735183327232
1287446763356356608
1287446780569956354
1287446805500887041
1287446818931068930
1287446826468212745
1287446943938093056
1287446990805139458
1287447023738855431
1287447032316264454
1287447043846410241
1287447077233057793
1287447078268854277
1287447149777752069
1287447153380663296
1287447177116168193
1287447183965519873
1287447195394940928
1287447276416376832
1287447305113796609
1287447312348790785
1287447341604179968
1287447349996875776
1287447352601542657
1287447384524455936
1287447481391996928
1287447502409605123
1287447519555997698
1287447527332012035
1287447531245502465
1287447560328744960
1287447568855728134
1287447580876648451
1287447591064612865