1282993247518892032
1282993281761185792
1282993298395856903
1282993310781628416
1282993348547051523
1282993356675612672
1282993390502674432
1282993402708189189
1282993453865922560
1282993542386909185
1282993579330342913
1282993591007219713
1282993591971979265
1282993600012226567
1282993641397641217
1282993641569517568
1282993650373480449
1282993688122142720
1282993713543884802
1282993717826158592
1282993751003205632
1282993754731732992
1282993763447721984
1282993859585282049
1282993888832245760
1282993905643016194
1282993922705223680
1282993930783645696
1282993931278524416
1282993939906166793
1282993944574537731
1282993969778110466
1282993973750095872
1282993978300825601
1282993985510932480
1282993996651008002
1282994002321711104
1282994014044774400
1282994019006590976
1282994024522158080
1282994053261344768
1282994061331312644
1282994073687580673
1282994082541961217
1282994086136500224
1282994102599127040
1282994107124678663
1282994161759772674
1282994172564316160
1282994203648315392
1282994216210239489
1282994222258360320
1282994224930193408
1282994237458518022
1282994248200134656
1282994254206439424
1282994258677571585
1282994266491559938
1282994280043356165
1282994283243601921
1282994291971960834
1282994304680464386
1282994317225873409
1282994334904848387
1282994380333187073
1282994384364089345
1282994400717688833
1282994417436155904
1282994422305615872
1282994422628614144
1282994473912459265
1282994509543022592
1282994516509810689
1282994539322585088
1282994548130689024
1282994548243865601
1282994562470993920
1282994568116436992
1282994572130304000
1282994576517738496
1282994577964597249
1282994589507387393
1282994602593656833
1282994649280532480
1282994666049282048
1282994684525191170
1282994686605561858
1282994702745251841
1282994702950830082
1282994728187854851
1282994732231208962
1282994736907849730
1282994741559296000
1282994745107718146
1282994765953478656
1282994774031634433
1282994774409191426
1282994779245207559
1282994791484203014
1282994817627291650
1282994846916018176
1282994867124068352
1282994891442786304
1282994897210019843
1282994922614853632
1282994976062832643
1282994979384823809
1282995022208675840
1282995036523835394
1282995076382306306
1282995076927455238
1282995089233641472
1282995105729785856
1282995115087323137
1282995126789275648
1282995156577222656
1282995167990099968
1282995176995278850
1282995197941604352
1282995231718281216
1282995315872800770
1282995337142165504
1282995403978354688
1282995406977335296
1282995421070139394
1282995441219645440
1282995459225722880
1282995467140231169
1282995492419493888
1282995520332537858
1282995541798944769
1282995566893506560
1282995572039917568
1282995585780535300
1282995592692736001
1282995638066610177
1282995651052216327
1282995680009650183
1282995692668149762
1282995744090329091
1282995763694505984
1282995772737413120
1282995779100192768
1282995781075718144
1282995904459440133
1282995927503048704
1282995957794316293
1282995966019350529
1282995969488019457
1282995981907156993
1282996053353082883
1282996074492432385
1282996091043094532
1282996108638199809
1282996116569706497
1282996146244218880
1282996177408057345
1282996187868483584
1282996214192050178
1282996242260336642
1282996253266247680
1282996280717987840
1282996288271855617
1282996309637632000
1282996317795627008
1282996354277683202
1282996376306098176
1282996385218953217
1282996385437102080
1282996423433347073
1282996425484378116
1282996455976964099
1282996514852405248
1282996519096836096
1282996526445285377
1282996561983807488
1282996565238362112
1282996566110932996
1282996607613460480
1282996641356828672
1282996671320915969
1282996674240090112
1282996683345928195
1282996699900915713
1282996708171972609
1282996779806609410
1282996795526778880
1282996832717725696
1282996834051469313
1282996838908358656
1282996846491828224
1282996892264288257
1282996914104000512
1282996926623789056
1282996930516340741
1282996941232771072
1282996974581690368
1282996982815100931
1282996986740985863
1282997005841817600
1282997009482424320
1282997009541206016
1282997016054894598
1282997017975947266
1282997037890449411
1282997043825446912
1282997068265664513
1282997085311250432
1282997098393350146
1282997160582148096
1282997161169498112
1282997164885651457
1282997219570982917
1282997236947988480
1282997282334560256
1282997308225998850
1282997319961649154
1282997325514891265
1282997339485900801
1282997349955108869
1282997359128055809
1282997387145945089
1282997400303435778
1282997407614001152
1282997425708425216
1282997442741366790
1282997462546997249
1282997472013541378
1282997488564101121
1282997503667953667
1282997505135968258
1282997520994533378
1282997576325832711
1282997580301991938
1282997585511415810
1282997585628848130
1282997590158647296
1282997597414842368
1282997601021894656
1282997619095040004
1282997622341607427
1282997660006453248
1282997660132282369
1282997681707782145
1282997689010081797
1282997731129266185
1282997731368329216
1282997732836347909
1282997734291767298
1282997773260992512
1282997777086152704
1282997789560102914
1282997827858239489
1282997829766647811
1282997853758128128
1282997865430876160
1282997866672332808
1282997869331480576
1282997870275317760
1282997882400849921
1282997908271329280
1282997914445524992
1282997920179130368
1282997949820174336
1282997962843598848
1282998004081807360
1282998011908546560
1282998062634479617
1282998100710350849
1282998121128239104
1282998183929548802
1282998230972633088
1282998232969351169
1282998293560254464
1282998306289876992
1282998314615607296
1282998382127206400
1282998385566461952
1282998426683285506
1282998477585354756
1282998489916596224
1282998491279753216
1282998494601580545
1282998528252555264
1282998548678705152
1282998556031238145
1282998608095256577
1282998616936927232
1282998621550653441
1282998628987080707
1282998654769549312
1282998658464612352
1282998685811515392
1282998704379703303
1282998730002706433
1282998736050966529
1282998787842039809
1282998817130938370
1282998868448284673
1282998913818124289
1282998922500243457
1282998977038868480
1282999005933383683
1282999023549345794
1282999039303323650
1282999052401930241
1282999064041267201
1282999065354133504
1282999085952372737
1282999094986891270
1282999103480356864
1282999112019976195
1282999136640475136
1282999154210476038
1282999157091901440
1282999161328029697
1282999165740605440
1282999174930325504
1282999182496690176
1282999227191263232
1282999237098315780
1282999244060872704
1282999249978961920
1282999324494856192
1282999333298884608
1282999354760982529
1282999358783475712
1282999401636601858
1282999404434259969
1282999498030092289
1282999505181454341
1282999514375348226
1282999538966462464
1282999547480899584
1282999573422780416
1282999602724184071
1282999606847078400
1282999611196608512
1282999652489531392
1282999657149407233
1282999668989923328
1282999702355619841
1282999705467850752
1282999774669688842
1282999803421569024
1282999861764395008
1282999866151571461
1282999874510884865
1282999921176727552
1282999941976272896
1282999945566523392
1282999985550823424
1282999992236617728
1283000004358090753
1283000012893351936
1283000043189018624
1283000075950551041
1283000084943310848
1283000088911020034
1283000155860541440
1283000160776343558
1283000205193994241
1283000243714494464
1283000277172445188
1283000310924029953
1283000330972733441
1283000332126162944
1283000335955632128
1283000348601389056
1283000352665743360
1283000376199970818
1283000445007429632
1283000470483677184
1283000483163058176
1283000488812830720
1283000491656376320
1283000495595020288
1283000499936034816
1283000500020023297
1283000504155615232
1283000520190373891
1283000532957827072
1283000544483778562
1283000566369533952
1283000585965494272
1283000587358019584
1283000604542074882
1283000613362597896
1283000624909619200
1283000625933025280
1283000662729592832
1283000688893726720
1283000692551102464
1283000719696699393
1283000726172717056
1283000756963028994
1283000776374333441
1283000794762149890
1283000814299160576
1283000818938060807
1283000821874135040
1283000852169609221
1283000855915110400
1283000859828396032
1283000901318443008
1283000927218135041
1283000931764916225
1283000935657111553
1283000938807132162
1283000973053526016
1283001011225923584
1283001023632744449
1283001062149042176
1283001065798078464
1283001091228160002
1283001116175880192
1283001233717026823
1283001273281851393
1283001293603254272
1283001355985182721
1283001359130927105
1283001388402987008
1283001397072531458
1283001438969487360
1283001460637278208
1283001484439937025
1283001526965895170
1283001532955402240
1283001539930423297
1283001540010299393
1283001552039555072
1283001569206833154
1283001624777154564
1283001633283231744
1283001636877729794
1283001661749727232
1283001758172815362
1283001762593542144
1283001770726301696
1283001787671339008
1283001798043688962
1283001800120041472
1283001803278295041
1283001804087689216
1283001829677322240
1283001850606821377
1283001860199251968
1283001860660637696
1283001879211851777
1283001955846164483
1283001971222482945
1283001999886356480
1283002017640779776
1283002026566119424
1283002059374166016
1283002068043620353
1283002101220638725
1283002147416809472
1283002147702013953
1283002154060525568
1283002164726706176
1283002174117748737
1283002177682911237
1283002190542655488
1283002228517765120
1283002243969617920
1283002252593111040
1283002273308655617
1283002274458013696
1283002276479741952
1283002296696221696
1283002328942030848
1283002345001848832
1283002346038005762
1283002367189884928
1283002370058784769
1283002388169854976
1283002433493401600
1283002442939019265
1283002458533441538
1283002458554458113
1283002462966812672
1283002466523643904
1283002500493258755
1283002532046962688
1283002550921371650
1283002572417228800
1283002597100724224
1283002622581014531
1283002688901349382
1283002693645025284
1283002710481133569
1283002723869192192
1283002734900281350
1283002759516545024
1283002778126876672
1283002810179690496
1283002810418814976
1283002823987298305
1283002824255840257
1283002826994532353
1283002848431800321
1283002894489251840
1283002903293317128
1283002907173036032
1283002961963233280
1283002969991122944
1283002986822762497
1283002991797317633
1283003043609481220
1283003058218307584
1283003079105957893
1283003079416336387
1283003099230109699
1283003129886384128
1283003145686323200
1283003175616872449
1283003221678727179
1283003226460225537
1283003233951195137
1283003234735529985
1283003243052892160
1283003255321223169
1283003275827130368
1283003276900933633
1283003284626833408
1283003288913412097
1283003322991915008
1283003326720880646
1283003348078276609
1283003348107526144
1283003352633221120
1283003397713678338
1283003463148998657
1283003469327196161
1283003498498527232
1283003503322046465
1283003536536739841
1283003549404794881
1283003573962498048
1283003578953719809
1283003581994536965
1283003624591851520
1283003674197987328
1283003674684424194
1283003817085345793
1283003842054029314
1283003843035504640
1283003846072111106
1283003872521453568
1283003886228381696
1283003952896733184
1283004006307180546
1283004035948257282
1283004107276656641
1283004168106582017
1283004215657406464
1283004299908440064
1283004329952186369
1283004337598464000
1283004370833956865
1283004390769676289
1283004408280866818
1283004446839132161
1283004446885076994
1283004471409348609
1283004471795212289
1283004480800292865
1283004503114108928
1283004522168639488
1283004526346358785
1283004584475197440
1283004588422029321
1283004592805031936
1283004593203552258
1283004596948877312
1283004605471883269
1283004630629220355
1283004631170322432
1283004692302368769
1283004695561338880
1283004706265202692
1283004715513581568
1283004723793207298
1283004723826655232
1283004727865806850
1283004736388640768
1283004752184451072
1283004756395462657
1283004786368020480
1283004817368121346
1283004832610164736
1283004916731174915
1283004954769326080
1283004957214613507
1283004983437336577
1283004988038565888
1283004988134952961
1283005008418570241
1283005042451259392
1283005046376919041
1283005063766708225
1283005089121210373
1283005096666726400
1283005109794996224
1283005125460660226
1283005130464538626
1283005136344932352
1283005156137861120
1283005167680598018
1283005201310527488
1283005214350544896
1283005251851821057
1283005272592715776
1283005305522094081
1283005336870424579
1283005354490683398
1283005381929775114
1283005419879829505
1283005453719334914
1283005478247837696
1283005483192913921
1283005486980268032
1283005487236157440
1283005503157624832
1283005507259826176
1283005512678879232
1283005528399056897
1283005544954028032
1283005583524798464
1283005586888589313
1283005607994208256
1283005620854153216
1283005633843720192
1283005640961654784
1283005646183505921
1283005671651323907
1283005712680071169
1283005725455851520
1283005738021982208
1283005751313784832
1283005789079298050
1283005789158944768
1283005805072195586
1283005814328963073
1283005830665838592
1283005855185743877
1283005922726555648
1283005939671535616
1283005973645463552
1283005985632784386
1283005989919297542
1283006023779979267
1283006078087831553
1283006086748889089
1283006124766253056
1283006138150158341
1283006149944647681
1283006215950393350
1283006221709123585
1283006250628849664
1283006255779504129
1283006267536048131
1283006279355686913
1283006325287456768
1283006363506016260
1283006379998040064
1283006403980951559
1283006581815283712
1283006589448982529
1283006597321695234
1283006599565504512
1283006607090159621
1283006613666902021
1283006657266581510
1283006690443628545
1283006723352125440
1283006723628949504
1283006737117786113
1283006748408688640
1283006778431725569
1283006786249920512
1283006808240644096
1283006819066097664
1283006845418790912
1283006877253668865
1283006904789274624
1283006920677302280
1283006926154895360
1283006942231900160
1283006951010508803
1283006959076233217
1283006965522862080
1283006965598302209
1283006973013827585
1283007000935309314
1283007063732269058
1283007076571262983
1283007091599462401
1283007092744495106
1283007126093406213
1283007140064632832
1283007173015089153
1283007173300232192
1283007181776773120
1283007218460360704
1283007248667602946
1283007252497039363
1283007285791461377
1283007299422949376
1283007326580903936
1283007374597464064
1283007394876985344
1283007411389894656
1283007411922456581
1283007436283052032
1283007440972394501
1283007445799964673
1283007449943945216
1283007479501271040
1283007482764369920
1283007482907025409
1283007499608551425
1283007504373501954
1283007529757347840
1283007549198000128
1283007575483711493
1283007639186821120
1283007667896832001
1283007692160806914
1283007713786490880
1283007751447285761
1283007788810145792
1283007788864561153
1283007789065998341
1283007831025696768
1283007843776581632
1283007863674339329
1283007890089848832
1283007915226533888
1283007930384748545
1283007970192887810
1283007982989500426
1283007990895910915
1283008003592138753
1283008034869051392
1283008036462825472
1283008041185685504
1283008049540673536
1283008076434612225
1283008149637693441
1283008167220256769
1283008179148779521
1283008179358494722
1283008205103288329
1283008212111958016
1283008221616234496
1283008238062051328
1283008271855636480
1283008283918442496
1283008284639793154
1283008288448229378
1283008334723985409
1283008339430068224