1278478494154948608
1278478494649815041
1278478495031623681
1278478496097058816
1278478530720956422
1278478553172963328
1278478558327787520
1278478608600711168
1278478611671060480
1278478616834310145
1278478634622218240
1278478666482270210
1278478692033970178
1278478695582269440
1278478738389417984
1278478745737867266
1278478746715140096
1278478747042295808
1278478780118401024
1278478787840102400
1278478792051298304
1278478845675360256
1278478880442126342
1278478896980275203
1278478901530918912
1278478918660452356
1278478977342910466
1278478984817360898
1278478989846290433
1278479009697927169
1278479022935203846
1278479043990564864
1278479094989164545
1278479124097572868
1278479141025669120
1278479141138989058
1278479153524699137
1278479161938464768
1278479203172671489
1278479212341456898
1278479267232272384
1278479271078608897
1278479346131505160
1278479413672206336
1278479446836523008
1278479476012220417
1278479484799389696
1278479493712101376
1278479527065387008
1278479528755675138
1278479565841731585
1278479585236021251
1278479593528332288
1278479618295713793
1278479635819331585
1278479677112201216
1278479685823811584
1278479735564185606
1278479736537255938
1278479742933573632
1278479769286262784
1278479799342772224
1278479808368979969
1278479818573484034
1278479823502028801
1278479853155737601
1278479857815609344
1278479865877082112
1278479866262966277
1278479890937810944
1278479891709587456
1278479957774282753
1278480004935028738
1278480012950278149
1278480026208477185
1278480067279097857
1278480088074510336
1278480092910497792
1278480113584099329
1278480129866547200
1278480130093056002
1278480148980019200
1278480156957409285
1278480167967567873
1278480172547702784
1278480180248371200
1278480205607251969
1278480210892029953
1278480243733520386
1278480259973873664
1278480264298184704
1278480271784861696
1278480298070675457
1278480298599165952
1278480309043048452
1278480318593404928
1278480329179828228
1278480374755024896
1278480382451728385
1278480389229559813
1278480390915715072
1278480394770427906
1278480411262283776
1278480420661686273
1278480420695347201
1278480475200327681
1278480486449295360
1278480491444756480
1278480495295283201
1278480524638474241
1278480525171228677
1278480578820612096
1278480584365481984
1278480591210647552
1278480591642656773
1278480616481345536
1278480630376873985
1278480671367761920
1278480677659426817
1278480713998835712
1278480718058962944
1278480775206170625
1278480780281417729
1278480785402716162
1278480847495213056
1278480855531315200
1278480856215162882
1278480868948840449
1278480894446141440
1278480915715559424
1278480943863513094
1278480944895123456
1278480956773392384
1278481070803922944
1278481111778308096
1278481129461420042
1278481158087401472
1278481182938841088
1278481182951268352
1278481237498347522
1278481254674059264
1278481254732623872
1278481265759588352
1278481271245725696
1278481275641311234
1278481313352253442
1278481333719912450
1278481376904273920
1278481471737479170
1278481476494020608
1278481484760805376
1278481493090799621
1278481501655613440
1278481566084157440
1278481569418706945
1278481590180511751
1278481597432360960
1278481598154002432
1278481628491247616
1278481644958121984
1278481686423121920
1278481796485783553
1278481799182680069
1278481804022906885
1278481806371799041
1278481812033953792
1278481819743203329
1278481837312995328
1278481867109359616
1278481887787433984
1278481942451814402
1278481976098504705
1278481992905101312
1278482000601546752
1278482005777399809
1278482013100470272
1278482013658505219
1278482059342811145
1278482059606978562
1278482060773122048
1278482076313030658
1278482172676935681
1278482202490212352
1278482236447297536
1278482289945710597
1278482315656736768
1278482319783927809
1278482341141213185
1278482366709805056
1278482401383968769
1278482403724574720
1278482441838178310
1278482447441768448
1278482485832151040
1278482487786823681
1278482508418555905
1278482550470647814
1278482584159367174
1278482621773893632
1278482650479509505
1278482680125050880
1278482690774360066
1278482713767534594
1278482748999716864
1278482802426560512
1278482815248674816
1278482836610338816
1278482848270426114
1278482856034041857
1278482865672654850
1278482881682132992
1278482895242506241
1278482903668649985
1278482920177635328
1278482932588580864
1278482973700980736
1278482990893543424
1278482995259641856
1278483003124125697
1278483003644227584
1278483007540801536
1278483025131601922
1278483041002848257
1278483051908149248
1278483100553494528
1278483171038973959
1278483180220276737
1278483188390727680
1278483189200072704
1278483191746215938
1278483217486659584
1278483235073404928
1278483270422781954
1278483298495467521
1278483372474425344
1278483389478305794
1278483389872562178
1278483393194401793
1278483439881076736
1278483447976247301
1278483453013446656
1278483469669146625
1278483481950117889
1278483506549739521
1278483511335424002
1278483514686533632
1278483536295727105
1278483566008172546
1278483583879966721
1278483588195835905
1278483624103419909
1278483642306740224
1278483645502590976
1278483692202196994
1278483712234131456
1278483722027884545
1278483728944074752
1278483729443364869
1278483733847269377
1278483746325360645
1278483791971905536
1278483818501079041
1278483821650825221
1278483834464501766
1278483834883858432
1278483839069949952
1278483842584567808
1278483844849639424
1278483867788247047
1278483868123889668
1278483918346485762
1278483935215751168
1278483951225434112
1278483951892549633
1278483958259486721
1278483961174544384
1278483987447627778
1278484023384276992
1278484027339669506
1278484048441077760
1278484089327226880
1278484092967739397
1278484216183951360
1278484229022769152
1278484229169524739
1278484232772476928
1278484262702874624
1278484324321357830
1278484333075091456
1278484375441739777
1278484379904307201
1278484396622970880
1278484418928218112
1278484421763649536
1278484438154952704
1278484484166316032
1278484505590890496
1278484547034808320
1278484560385175553
1278484585559490561
1278484600436768771
1278484623098511361
1278484652794265600
1278484715016556545
1278484722797117441
1278484769395834880
1278484797359259649
1278484814375485440
1278484823657648128
1278484832725712896
1278484907380166656
1278484915219136512
1278484970445701125
1278485012732473345
1278485040490516492
1278485054352617472
1278485063835873280
1278485083494776832
1278485138716975105
1278485138989633539
1278485159411580934
1278485180169084928
1278485186007764994
1278485196770344960
1278485218316427264
1278485224083599360
1278485234451914752
1278485271076618241
1278485322708520960
1278485324943855616
1278485327649239040
1278485365242900480
1278485377632755713
1278485389280309248
1278485396603764739
1278485453310590976
1278485475536375810
1278485482599526401
1278485490384154630
1278485553617477633
1278485663147573248
1278485668537098240
1278485680507797504
1278485691702423552
1278485696152580098
1278485717325213696
1278485755761840129
1278485784740462593
1278485784887205888
1278485792822833152
1278485809566322688
1278485822430470148
1278485827018821632
1278485838830149634
1278485888750751744
1278485897571373057
1278485943863988224
1278485960892661761
1278485968564224002
1278485977443512321
1278485989527298048
1278486027661832192
1278486030342139910
1278486031256309760
1278486042799214592
1278486043289808896
1278486060193001473
1278486067155472384
1278486069965664260
1278486094263185408
1278486098759479297
1278486099229204480
1278486106833588224
1278486118909034496
1278486132418727936
1278486166795423744
1278486229491658752
1278486257954426881
1278486258583404544
1278486304825565184
1278486311121424384
1278486324857630722
1278486330184359936
1278486347561476097
1278486350690283520
1278486358068064256
1278486358995189761
1278486388279848960
1278486389135458307
1278486422228434945
1278486438238212096
1278486492881367040
1278486497390399488
1278486502310215680
1278486557343789056
1278486558346055680
1278486559893778432
1278486565380071424
1278486573533638656
1278486584459956224
1278486637257863168
1278486643729711105
1278486651938000896
1278486689015631872
1278486719436857346
1278486732535709703
1278486761203806215
1278486761388142598
1278486774491332609
1278486774591954944
1278486779767767043
1278486791339880448
1278486819898683392
1278486846381662211
1278486857043623936
1278486877125967872
1278486895731720192
1278486925133766656
1278486961569792000
1278486997540065280
1278487034697527298
1278487067358564357
1278487080776204288
1278487101508431872
1278487115031076865
1278487122396221442
1278487126695456768
1278487129530777601
1278487131644555264
1278487154096734210
1278487155447382016
1278487199336579075
1278487202968854533
1278487231590694912
1278487236015726594
1278487248376340480
1278487260472782855
1278487286422929410
1278487290583506945
1278487327514324993
1278487332497182720
1278487335542415360
1278487374121635840
1278487428836331521
1278487443130507265
1278487449728176129
1278487506795798529
1278487550093668354
1278487563909693440
1278487603843665920
1278487617701634049
1278487618456616964
1278487675977166848
1278487689424183298
1278487745413906432
1278487756407275520
1278487818462023681
1278487823058952192
1278487843564851201
1278487876972371973
1278487906617712640
1278487928910557185
1278487957666779136
1278487973437206529
1278488005402124288
1278488016391032832
1278488083386769409
1278488095147659267
1278488107986423809
1278488150285987841
1278488170796068864
1278488204270764033
1278488217097027584
1278488224122335232
1278488263133708289
1278488284084211713
1278488289285214208
1278488300848898048
1278488377172484097
1278488485196783616
1278488495955292162
1278488536505823240
1278488544324050945
1278488556974022657
1278488580906717184
1278488612074651648
1278488636460326918
1278488657628930048
1278488665681993728
1278488700075118592
1278488711739527168
1278488766957547520
1278488909706559489
1278488913200517123
1278488934625017856
1278488946767527936
1278488946826260482
1278488951884570626
1278488984432177152
1278489030900854784
1278489043773292544
1278489060823248897
1278489065134972931
1278489068440076289
1278489093526089729
1278489098441850880
1278489127734972416
1278489135074824192
1278489159548710914
1278489185498746880
1278489189919543297
1278489220105990144
1278489252855033856
1278489332748365826
1278489334488928258
1278489336988733440
1278489340834910208
1278489403975966722
1278489404659716096
1278489423630471170
1278489425618616326
1278489428634329089
1278489512138559488
1278489596603621379
1278489668187820034
1278489681164976130
1278489724018188296
1278489768527945728
1278489768721027074
1278489779584335877
1278489807203811329
1278489809426710529
1278489817072844800
1278489819296026625
1278489845489258496
1278489864380592131
1278489897976975361
1278489907263164416
1278489938271432705
1278489957682892800
1278489979207942149
1278489990897504261
1278489991182778369
1278489995389448197
1278490013026488321
1278490024842067968
1278490028709154817
1278490071105183744
1278490108283551745
1278490125744271360
1278490134401302529
1278490135374462978
1278490159051272192
1278490163140857856
1278490234213281793
1278490238369837058
1278490247576211457
1278490264382967810
1278490280300171266
1278490280560222209
1278490285471866884
1278490293323673600
1278490427977580544
1278490462681133061
1278490511716671488
1278490553123028992
1278490611839049728
1278490620252823553
1278490625181020160
1278490637130702854
1278490671096225792
1278490687135244289
1278490687579869192
1278490728486895617
1278490738473525249
1278490746325274626
1278490749915394049
1278490750276288512
1278490780135329793
1278490784757624834
1278490809185079296
1278490855184257024
1278490867573993472
1278490905155076096
1278490935727468546
1278490939745599490
1278490986260422657
1278491032326492160
1278491056716296192
1278491056758087680
1278491078015025153
1278491090140696582
1278491110017511424
1278491119613956096
1278491143899136002
1278491144196812806
1278491170394591235
1278491194343993355
1278491200048242688
1278491228544344066
1278491228984815617
1278491241571856386
1278491250203770880
1278491276053065728
1278491296160776194
1278491320818872320
1278491326900629505
1278491337998962689
1278491379497340928
1278491383980949504
1278491385708986368
1278491388695306240
1278491391912542208
1278491396186402816
1278491434316775424
1278491455628234758
1278491455657578496
1278491458891403265
1278491473013551105
1278491492764524547
1278491492785553408
1278491497885622272
1278491498456236033
1278491546829180931
1278491589959180288
1278491606396448769
1278491635756806146
1278491647605694464
1278491659001569280
1278491690463047680
1278491806959722496
1278491832435896320
1278491845228544000
1278491866862776320
1278491900060659712
1278491915831463936
1278491967199084545
1278492018029637632
1278492034169520131
1278492105179103233
1278492109448740864
1278492163991453697
1278492167602913280
1278492170304081920
1278492176746496006
1278492265267302401
1278492276868571137
1278492277925609473
1278492285056016387
1278492298398097408
1278492348687712256
1278492348771700737
1278492360519946240
1278492369172774912
1278492394615422977
1278492398700703744
1278492439884394496
1278492450168770562
1278492453058809856
1278492460101107717
1278492466719723525
1278492474282061825
1278492478136442881
1278492486802046976
1278492511623942146
1278492529076256769
1278492533329235969
1278492546222743552
1278492580741812233
1278492600438325249
1278492616481337344
1278492738397392896
1278492747079483392
1278492764381106181
1278492772664619008
1278492793523056640
1278492801274130441
1278492810232991744
1278492831254896640
1278492834564378628
1278492863974846464
1278492864888987648
1278492888230326272
1278492914822402050
1278492956572430336
1278492985957597184
1278492986024824838
1278493023790391297
1278493076735037446
1278493088420433920
1278493129931358208
1278493137002872832
1278493296931864576
1278493325289455618
1278493334391132166
1278493344100831232
1278493350211932162
1278493417551441920
1278493418398744576
1278493435289354240
1278493442927181824
1278493447981334534
1278493456030023680
1278493464460767234
1278493476494233600
1278493484652118016
1278493485516173319
1278493506760310784
1278493519523569664
1278493531946926080
1278493561344966656