1278886181216935936
1278886181309210626
1278886213718429696
1278886231636619265
1278886248950743041
1278886272816332801
1278886290268712960
1278886310728462336
1278886322875387905
1278886357885243392
1278886407105216513
1278886465317920769
1278886487069790208
1278886508716490752
1278886520661749760
1278886536985980929
1278886537409822721
1278886562625880065
1278886595891015680
1278886624869453828
1278886667768774656
1278886680682991616
1278886709912981504
1278886731010445312
1278886743236849666
1278886772307488769
1278886819917070337
1278886843971330048
1278886975454371841
1278886981787955206
1278886982719062016
1278887051107106816
1278887096091099143
1278887104165015553
1278887133650935809
1278887153288781824
1278887203892891648
1278887204564025346
1278887212382380032
1278887279310680065
1278887342980423681
1278887393102356480
1278887405261553666
1278887426652614657
1278887436932861952
1278887476178776064
1278887498542874625
1278887519300575233
1278887564850724865
1278887565702115330
1278887569724407809
1278887589081202693
1278887590708547584
1278887607254962176
1278887611205955584
1278887663773286401
1278887695142584322
1278887700167307264
1278887825753202689
1278887863468404739
1278887892044189696
1278887896951533569
1278887950458195969
1278887967675813888
1278887975728766976
1278888001054150656
1278888004866715649
1278888018254929921
1278888068057927682
1278888080779300864
1278888136605663232
1278888163835105281
1278888168406859778
1278888169019039744
1278888203840151552
1278888236157472768
1278888269883850752
1278888273704890369
1278888282722451457
1278888328016703494
1278888349743210496
1278888365908283392
1278888386321960966
1278888407050174465
1278888558866993154
1278888576164540417
1278888622566014979
1278888630505914369
1278888706221326336
1278888776232767490
1278888848240660480
1278888848806699008
1278888865399549952
1278888869631455234
1278888886211665920
1278888894734491649
1278888907946496000
1278888914330071040
1278888920651051014
1278888928540610561
1278888957472882690
1278888961759277059
1278888962443014144
1278889016637579270
1278889020727218178
1278889024212606976
1278889074644967424
1278889109621100544
1278889113337331714
1278889117401530369
1278889125123416065
1278889125144297475
1278889140831031297
1278889146837282816
1278889150129848320
1278889158782488576
1278889218438299648
1278889221273477120
1278889229918109696
1278889229943218176
1278889243511750656
1278889285035450368
1278889293801496581
1278889306153779205
1278889306581422081
1278889336604250112
1278889337807986688
1278889351108276224
1278889402295517185
1278889428052840450
1278889435602358273
1278889444611960832
1278889449032564737
1278889477650493456
1278889483782557697
1278889488417124352
1278889498013609985
1278889507404894208
1278889507576860673
1278889528451829760
1278889529445941250
1278889577340600321
1278889583770390530
1278889703857467393
1278889743267368960
1278889767040671744
1278889777572515840
1278889797122174976
1278889816965419008
1278889817556672515
1278889864264482818
1278889985408503809
1278889988675866624
1278890047903797251
1278890069286420480
1278890072998318080
1278890094578077699
1278890101532213249
1278890103147057152
1278890120062496770
1278890127197118469
1278890136583852032
1278890203432837120
1278890228720316418
1278890232826470401
1278890235808669697
1278890270394900480
1278890279089537026
1278890312752967683
1278890350501920768
1278890418063544321
1278890438221377536
1278890446568083457
1278890450422816773
1278890493145944064
1278890501211635712
1278890532819873793
1278890557444587520
1278890576658616320
1278890588746678272
1278890598192361472
1278890610255110144
1278890618295549957
1278890648091983872
1278890664172937216
1278890686088187905
1278890712336150534
1278890742585479168
1278890803381899267
1278890870398427141
1278890875616182274
1278890886466863110
1278890904649117696
1278890912643457024
1278890929735307266
1278890950807285760
1278890958508167168
1278890997938819073
1278891008340738048
1278891045653225473
1278891113533845504
1278891119762378752
1278891168336539648
1278891198044831746
1278891230357749760
1278891247789207552
1278891268215582721
1278891311052009472
1278891356749004800
1278891365825462273
1278891368966950913
1278891380413100032
1278891382048829441
1278891419994816512
1278891431889981441
1278891444879667210
1278891486545764352
1278891499258707968
1278891511933923328
1278891550089580550
1278891554694991872
1278891563079413765
1278891574500323328
1278891595123830784
1278891612668452866
1278891646285996033
1278891663339872257
1278891663591641098
1278891680091869184
1278891683678244866
1278891734001422336
1278891830822739968
1278891860518453249
1278891863768997889
1278891865543245825
1278891889069096963
1278891911319707648
1278891922694606848
1278891960393228288
1278891970019168256
1278891977556348929
1278891978004901889
1278891978139348992
1278891982178455552
1278892094774480897
1278892095894368256
1278892113921482756
1278892157324181504
1278892158469070851
1278892161958731776
1278892187971915777
1278892195324575745
1278892211921248257
1278892216795136000
1278892300215529475
1278892317336690689
1278892326622920708
1278892327658979329
1278892338111275009
1278892354527690753
1278892359757987840
1278892380079509504
1278892399767552004
1278892423033257990
1278892426351042561
1278892509859635200
1278892514846674944
1278892543573450753
1278892578679787521
1278892581657739264
1278892605472829442
1278892615111446532
1278892639819952129
1278892640168300545
1278892669704572930
1278892690973904896
1278892718282981376
1278892732669235200
1278892734183542785
1278892776147554304
1278892801652973570
1278892854551760908
1278892866421567489
1278892867260276736
1278892883429306369
1278892888009646083
1278892891918798848
1278892908796575744
1278892925640937473
1278892955055652865
1278892966870802434
1278893002187038723
1278893009136807937
1278893027155759104
1278893039117795329
1278893059481251841
1278893072265469952
1278893109678501889
1278893110777589762
1278893148568158215
1278893155702669318
1278893167014744064
1278893215408705536
1278893260287602688
1278893282026717184
1278893315656736768
1278893315954479105
1278893344337223680
1278893393326878721
1278893395188920320
1278893416072372225
1278893436771405824
1278893466462810113
1278893470887936000
1278893479586861056
1278893483042824192
1278893568543690752
1278893576429043712
1278893594783481856
1278893604841242626
1278893683287310336
1278893689000124417
1278893693542465536
1278893701817872385
1278893705777340416
1278893706024640512
1278893709581565952
1278893718058270720
1278893765051265025
1278893789990420480
1278893793350160386
1278893843501518851
1278893855744692224
1278893894361583616
1278893903484157952
1278893910807449600
1278893964200943616
1278893965639585792
1278893969829695499
1278893999177138176
1278894003312824322
1278894007817515011
1278894016457826305
1278894017628049408
1278894049450242048
1278894058044358657
1278894078650802177
1278894091628142594
1278894099328905217
1278894103757860864
1278894142001569793
1278894150037929985
1278894166450339840
1278894309488463873
1278894339356332034
1278894376261840896
1278894406872051712
1278894436001501184
1278894486156959750
1278894515135234049
1278894531224776706
1278894553009803266
1278894578456596480
1278894580818206722
1278894636833009664
1278894644974309378
1278894683205382144
1278894725911756801
1278894741380165632
1278894754466422784
1278894783398916096
1278894789052645377
1278894796166193152
1278894832518217728
1278894842676826113
1278894872087445504
1278894888331837441
1278894911882792960
1278894925669699584
1278894931004645376
1278895009899700225
1278895031311450120
1278895031550726144
1278895081269968896
1278895111334531074
1278895114480504833
1278895227751796737
1278895232768192512
1278895258500321280
1278895287105466369
1278895303215767553
1278895303777755139
1278895328767422464
1278895336564469762
1278895387839877120
1278895399521173504
1278895404520665088
1278895404847857665
1278895441929744385
1278895496233234434
1278895500905844736
1278895502231252998
1278895508703137793
1278895517389504512
1278895517955575808
1278895575442657281
1278895672641466368
1278895685174063104
1278895685920796680
1278895701804474369
1278895739372834817
1278895740228530176
1278895798181195776
1278895849708441605
1278895891118612481
1278895903584260096
1278895903986855936
1278895904058155009
1278895919363170304
1278895924131946497
1278895933279756288
1278895958210666498
1278895974849499137
1278896062959218688
1278896065756794884
1278896075735273474
1278896079216553985
1278896084178268162
1278896096278835202
1278896105195880450
1278896108622639104
1278896109012713472
1278896117174788096
1278896125643120640
1278896129564971009
1278896129573179392
1278896130093277185
1278896201543401472
1278896267997753346
1278896280475844609
1278896292534661120
1278896318870630400
1278896323576475650
1278896406590341122
1278896444368281600
1278896461841825793
1278896479470366720
1278896490530983937
1278896499129233410
1278896503612940289
1278896527931355136
1278896528145276929
1278896532423446530
1278896540791320578
1278896545740591104
1278896563163521025
1278896591651422210
1278896599419232257
1278896615982415872
1278896632931610625
1278896662128349184
1278896704830357506
1278896716943589376
1278896738284318725
1278896755350941697
1278896819607490560
1278896847679942656
1278896851085692929
1278896860346961922
1278896864704598016
1278896876033581056
1278896897898340352
1278896930525978625
1278896931725426688
1278896952604647424
1278896981855870981
1278896982019489792
1278896986171867136
1278897060117221376
1278897102798585857
1278897103478145024
1278897115318583299
1278897145643319296
1278897145681149952
1278897241432915968
1278897292813242372
1278897438007255048
1278897464544686081
1278897505539960834
1278897540050694144
1278897555959578624
1278897569418973184
1278897597344886785
1278897657013035013
1278897669574885376
1278897672972369920
1278897685525905417
1278897784331141121
1278897799149608960
1278897829017268226
1278897837019992064
1278897844842348544
1278897853763653633
1278897866073923585
1278897882683277315
1278897902539194369
1278897937716776970
1278897989600174080
1278898021892317184
1278898025952358400
1278898051386613760
1278898054544801792
1278898127056011264
1278898130902114304
1278898189706330112
1278898240008617988
1278898242013536256
1278898259038273536
1278898259994357760
1278898264947949573
1278898321705168897
1278898323378835456
1278898403963961344
1278898445508644864
1278898461287612416
1278898483903131648
1278898492346257409
1278898520687329280
1278898545500839937
1278898563439878145
1278898575095721984
1278898596365176832
1278898623107956736
1278898626127855616
1278898638673108993
1278898645690208256
1278898662203064320
1278898683908698120
1278898717182083072
1278898746278006784
1278898746663874560
1278898776632156173
1278898791953821696
1278898883095957505
1278898898254336002
1278898907142029312
1278898910241656834
1278899019901595649
1278899061240799232
1278899061257580545
1278899107755552768
1278899178916151303
1278899184209244161
1278899204463697920
1278899208494313473
1278899241654661120
1278899249703460864
1278899250798059520
1278899251020468224
1278899283589283840
1278899291722002433
1278899317198123008
1278899322076176384
1278899338408636416
1278899355378954240
1278899376165777408
1278899384197971969
1278899396982321153
1278899405723222017
1278899464221097984
1278899472517513219
1278899490527772672
1278899502586327040
1278899535746666497
1278899582152433664
1278899589765115904
1278899612112293890
1278899640516124673
1278899644458659843
1278899649202421760
1278899703145521158
1278899707364941824
1278899729108099072
1278899761626693632
1278899765975977985
1278899774398386178
1278899787467829249
1278899792849121281
1278899832992804864
1278899838499934208
1278899858317864966
1278899858984796161
1278899867507662848
1278899888265342979
1278899921421303809
1278899946847195136
1278899997136699395
1278900010218778624
1278900072403464192
1278900114698809344
1278900119098789888
1278900120583471106
1278900122471084032
1278900159250944002
1278900161826025472
1278900181421797382
1278900190439772160
1278900193992347648
1278900223205572608
1278900261889536000
1278900263781232640
1278900290729717760
1278900299403386886
1278900303098773504
1278900327027220515
1278900332710387712
1278900336640614401
1278900336858669058
1278900371297984512
1278900391346872320
1278900412007907328
1278900424498655232
1278900447068270594
1278900470531207169
1278900504119193602
1278900542480105473
1278900592132440066
1278900608964182018
1278900609656258561
1278900655122456576
1278900659698499586
1278900667856412672
1278900727188983808
1278900727461617664
1278900769148874754
1278900857057062912
1278900910974832640
1278900911738404866
1278900920408068097
1278900948505591809
1278900960979369985
1278900962111832064
1278900999684415488
1278901011961257986
1278901032916062209
1278901033192824833
1278901113249427456
1278901126155427840
1278901150314639360
1278901158661074944
1278901192148516864
1278901204509249536
1278901222393536512
1278901226109841409
1278901226252521478
1278901234636746752
1278901240311644160
1278901255016873984