1281030313313996800
1281030359526920192
1281030394058616832
1281030423863193600
1281030438987988993
1281030513197821953
1281030518516006912
1281030544172736513
1281030606802092033
1281030615039725570
1281030661403365376
1281030669854965761
1281030704202211329
1281030729036677121
1281030775152967680
1281030803854692353
1281030842207404032
1281030845717979137
1281030858560823296
1281030892576821248
1281030917960740865
1281030930048614400
1281030955344461824
1281030962512568320
1281030976618082304
1281030984641757190
1281031002324897800
1281031010440949760
1281031091558678528
1281031102883381256
1281031131652120577
1281031180796788740
1281031190133321729
1281031198857404418
1281031246202667008
1281031256646418432
1281031278255648768
1281031282051502080
1281031323809808384
1281031340830289920
1281031462515617798
1281031463568379915
1281031485881905152
1281031504173371392
1281031504198582280
1281031613745266688
1281031624948400128
1281031630199689227
1281031639070466048
1281031647018745857
1281031648906285059
1281031650932031494
1281031701897117696
1281031743664017409
1281031743869456384
1281031755965726721
1281031764954116096
1281031785820938240
1281031820029681664
1281031880389713920
1281031923620548609
1281031936446738432
1281031994915409921
1281031999566671878
1281032018114068485
1281032029665140736
1281032078935511040
1281032209596510208
1281032250583285764
1281032323073486851
1281032373686145024
1281032393034543104
1281032393596469251
1281032410625454081
1281032423040565249
1281032468968075270
1281032486357733382
1281032497955065858
1281032531719204865
1281032586563686400
1281032604112883712
1281032641228222465
1281032653689565184
1281032726401945601
1281032745247006722
1281032747952332800
1281032750464720905
1281032823470723072
1281032829695123457
1281032830152175616
1281032866642739200
1281032899681230850
1281032935148158976
1281032943004258309
1281032956027559941
1281032966290894848
1281032972661960704
1281032980664852480
1281032994334146560
1281033132267864064
1281033211787657216
1281033240585940995
1281033278506643461
1281033329660354560
1281033421620297729
1281033500955742208
1281033509713465345
1281033513383407616
1281033581469380608
1281033597898588163
1281033622368055296
1281033647521501184
1281033673270276097
1281033677397544960
1281033690462765060
1281033702504628231
1281033714521092096
1281033737564819459
1281033781047111680
1281033803943665664
1281033829562499073
1281033832574193664
1281033874496270336
1281033878099066881
1281033886684729344
1281033928745406471
1281033942716448768
1281033957048561665
1281033963822292993
1281033970965196800
1281034000174387200
1281034021166673921
1281034071838261248
1281034082214752256
1281034082948964352
1281034091995922432
1281034095548497920
1281034096420941830
1281034097335300096
1281034100640493568
1281034111126208513
1281034209109262338
1281034209499455488
1281034222463934465
1281034265157918722
1281034297575530496
1281034298070573056
1281034320426270721
1281034323358081026
1281034326961008640
1281034339908640769
1281034360376811521
1281034415213293575
1281034415381131269
1281034427045470210
1281034452907356160
1281034455759704070
1281034500911349760
1281034532519505920
1281034550123134976
1281034641949024272
1281034645694566401
1281034649729286149
1281034690942640128
1281034709229764610
1281034714703228929
1281034729681088513
1281034750099181568
1281034762761768961
1281034771896791040
1281034813613498375
1281034847759163392
1281034863584436224
1281034863718645760
1281034893477072896
1281034909801345024
1281034915069530115
1281034934732365830
1281034955531997187
1281034966210678784
1281034993922441223
1281035069847674880
1281035170464829440
1281035200131039232
1281035212126859273
1281035229310967808
1281035267412025344
1281035356100538370
1281035375545323526
1281035434445996032
1281035489378787341
1281035579073990658
1281035585763901440
1281035602293555201
1281035606592761860
1281035615392239616
1281035638565826560
1281035640025604096
1281035649068531712
1281035665719939077
1281035682182582278
1281035729519341568
1281035749501083648
1281035753099796481
1281035766227808256
1281035807516577792
1281035812092678145
1281035887997063168
1281035987921981441
1281036026304176140
1281036027830755328
1281036046600269825
1281036052157870085
1281036068205334528
1281036093337591823
1281036116775309318
1281036126585790464
1281036239714619396
1281036241291665408
1281036272883171329
1281036285952634880
1281036319473520640
1281036346472054784
1281036382421635074
1281036420229062657
1281036466982797314
1281036474851274753
1281036487144816640
1281036513996873729
1281036559127662593
1281036567524642818
1281036567595741184
1281036583735615496
1281036591985614848
1281036596024918016
1281036608997916693
1281036700869816321
1281036726677450753
1281036739654692870
1281036751083958273
1281036759799787520
1281036766103904259
1281036768490348545
1281036785699696644
1281036877567410176
1281036918852124672
1281036935901745152
1281036948728098817
1281036961537568768
1281037006429138944
1281037007389691905
1281037024049463296
1281037045083889664
1281037062502846464
1281037070580973568
1281037095428120576
1281037107855716353
1281037123068375040
1281037145684221953
1281037156299898880
1281037199958474759
1281037221559242752
1281037225568821248
1281037237661171715
1281037249287577600
1281037267839127558
1281037283995471873
1281037284092100610
1281037305021714434
1281037368179466241
1281037448542334977
1281037507141021697
1281037531421835265
1281037560710606848
1281037607347118082
1281037611654680576
1281037631674073088
1281037716164169728
1281037743947046912
1281037762783612928
1281037795830771712
1281037796241629185
1281037812490358784
1281037851216363524
1281037858925617152
1281037866995535874
1281037888449204225
1281037891423088641
1281037909219405824
1281037942811754496
1281037963489673216
1281037963573342213
1281038001510821888
1281038005357236225
1281038028186812416
1281038094888820736
1281038123552497664
1281038180649775104
1281038228208975873
1281038266167447552
1281038274216198154
1281038308257259520
1281038349407522819
1281038403430084608
1281038454491578371
1281038496795209728
1281038504517083137
1281038539413733376
1281038554966233091
1281038557205925893
1281038601820798980
1281038609714274304
1281038651762196480
1281038674151510020
1281038680606609408
1281038680677707776
1281038696565796864
1281038739855355912
1281038764505088003
1281038802178498562
1281038840476532736
1281038849318109185
1281038889227034625
1281038903236050946
1281038928787542016
1281038928867282945
1281038953898967042
1281038959993225216
1281038961868226561
1281038999608422400
1281038999797133312
1281039004243197953
1281039045913505793
1281039059062669312
1281039070647537665
1281039104323604480
1281039106529583104
1281039150926516224
1281039163026857984
1281039167355416577
1281039167779209219
1281039168102117382
1281039247806541829
1281039280958144512
1281039293100720134
1281039348234891266
1281039351447728128
1281039357923733504
1281039393763934209
1281039415377264646
1281039415578521601
1281039553122484227
1281039595438825472
1281039599746203648
1281039600157327361
1281039607862194176
1281039633963380742
1281039641597153281
1281039712489222144
1281039716675133441
1281039726707740673
1281039746697846785
1281039813160960012
1281039838481874945
1281039851060674560
1281039851416989697
1281039855884042240
1281039859218432001
1281039874053877760
1281039897495732225
1281039918626738176
1281039921822695429
1281039927300575233
1281039947395477504
1281039956576780288
1281039985378881536
1281040014646927361
1281040077984894976
1281040081940340739
1281040111615033347
1281040124466397184
1281040142333906944
1281040158087884801
1281040207567970304
1281040228896182272
1281040229093322757
1281040236760297473
1281040283359215616
1281040317135728640
1281040358915235841
1281040370759946241
1281040412946251776
1281040413072089088
1281040467925360640
1281040498166165504
1281040517229355009
1281040518840008704
1281040522279292929
1281040538884550657
1281040589518077957
1281040606001631232
1281040698305740800
1281040773547528192
1281040819110260736
1281040820594868226
1281040838966083584
1281040945392365568
1281041059229900800
1281041128247050240
1281041166033539072
1281041201832120321
1281041253728022528
1281041285336399879
1281041290252222464
1281041357625327617
1281041361266003974
1281041365766303745
1281041390240067585
1281041405628911617
1281041415280132096
1281041444753551367
1281041445772840961
1281041486537162753
1281041515381501952
1281041537770627073
1281041546033467393
1281041553717420032
1281041565591334912
1281041621694296064
1281041637750300675
1281041755195015168
1281041831401263104
1281041843380195329
1281041843417989122
1281041885235118084
1281041889785978881
1281041891404857344
1281041939815636994
1281041965086388224
1281041982484148224
1281041986317717504
1281042019620700160
1281042052847767552
1281042137639841792
1281042170758209538
1281042170850562051
1281042191423438848
1281042271463526400
1281042288299442177
1281042310445387778
1281042314702528512
1281042363725549568
1281042389147062272
1281042389176594433
1281042413541142528
1281042421414010880
1281042519308988417
1281042522547118080
1281042531803959302
1281042586719879169
1281042657217777664
1281042670253674496
1281042732824186880
1281042758233468928
1281042770371792897
1281042770719846400
1281042933253206018
1281042968946913286
1281042989150846976
1281043018359861248
1281043026702467073
1281043030343135240
1281043055429255168
1281043128225538050
1281043187457548289
1281043223478231046
1281043302582607873
1281043366382166016
1281043377610354688
1281043395830562816
1281043428940414976
1281043488776179714
1281043492379127808
1281043516257382400
1281043525753286656
1281043533420429312
1281043567331303424
1281043571651444736
1281043580057006080
1281043596980948998
1281043603314401280
1281043714056638464
1281043731009978368
1281043734881161216
1281043739033636876
1281043752102985728
1281043772835541000
1281043836190457856
1281043836308000769
1281043853072531457
1281043861171773440
1281043873477701633
1281043966268444672
1281043990180007936
1281044007393476608
1281044032861474816
1281044108153442304
1281044137517764608
1281044151841284096
1281044196913225728
1281044205020819457
1281044213162029056
1281044214286094338
1281044293008756736
1281044318799769601
1281044411334483970
1281044457614462977
1281044460256800771
1281044477377986561
1281044482155114501
1281044485837914119
1281044502636122112
1281044502862422016
1281044519597805568
1281044524484251649
1281044532365148160
1281044594881368066
1281044675789373446
1281044684161323008
1281044692117762048
1281044696047980545
1281044712003194880
1281044802092634114
1281044816999198720
1281044839488839680
1281044927044976640
1281044942698147840
1281044976302829568
1281044984909594624
1281045010205589506
1281045022876381185
1281045023375503362
1281045127897796608
1281045165537402881
1281045190724157445
1281045191147823106
1281045211817431047
1281045220830912513
1281045260953628673
1281045379631378434