1284140805616263168
1284140805712560128
1284140815363833856
1284140826151604226
1284140826587574275
1284140834137559041
1284140867842867200
1284140905793036288
1284140918333898755
1284140934607900672
1284140943109693440
1284140947488432131
1284140956049190913
1284141030523252741
1284141039750483978
1284141060659109889
1284141060856446976
1284141085757849601
1284141104825344005
1284141106775687168
1284141149175898112
1284141165244297216
1284141165470797824
1284141168452874241
1284141190905049088
1284141228796399619
1284141232562728960
1284141258022297601
1284141265890742275
1284141290796523521
1284141295859044354
1284141314385121280
1284141337282056197
1284141362686889991
1284141417976266753
1284141447168565255
1284141450595307520
1284141453673926656
1284141457843146752
1284141467452297218
1284141476318859272
1284141484036567047
1284141488629329920
1284141541024571397
1284141547735461890
1284141565426970637
1284141587543490560
1284141602047512581
1284141620007440384
1284141629809582080
1284141631105638403
1284141642425839619
1284141660268625921
1284141664609669120
1284141686302535683
1284141694363959296
1284141711657062400
1284141725779468289
1284141727629156357
1284141748436992001
1284141752446857220
1284141757056204800
1284141761087012864
1284141777943961607
1284141777998548993
1284141799217532935
1284141837045956610
1284141841294778369
1284141874232602627
1284141924685946882
1284141964376584193
1284141987336265729
1284142008219688961
1284142029316993025
1284142058618466304
1284142062322024448
1284142084044267520
1284142096618668034
1284142104818733057
1284142121528832000
1284142121897918471
1284142127165902850
1284142138935119874
1284142143859236864
1284142146178691074
1284142153028055045
1284142159428452360
1284142172460085250
1284142175198932994
1284142175723364353
1284142206077542400
1284142206127931392
1284142218651942913
1284142218802941952
1284142222955479040
1284142259362045952
1284142281193336834
1284142297601507329
1284142327062310913
1284142333366280192
1284142340639084544
1284142364899119104
1284142369315721217
1284142371043778561
1284142374000701441
1284142398902349825
1284142399145607170
1284142401070731264
1284142416115593221
1284142419772993536
1284142444620075011
1284142470171783168
1284142473963601920
1284142520897884160
1284142523611598848
1284142546738970625
1284142551860039688
1284142557786779654
1284142594717556736
1284142595443167234
1284142614795767808
1284142642868162560
1284142712980213760
1284142714913726466
1284142776012222464
1284142780940517376
1284142813865824256
1284142838616399872
1284142845834792961
1284142847437025280
1284142852189102083
1284142862309847045
1284142966005805062
1284142970439110657
1284142972464959489
1284143027980849157
1284143035975000064
1284143089653739521
1284143098424107011
1284143103927095297
1284143128488882177
1284143129248051203
1284143145228394496
1284143174567563270
1284143183694356481
1284143209292206084
1284143224219738113
1284143229051580418
1284143229051580425
1284143246013276160
1284143287805382657
1284143296818946048
1284143342310371328
1284143342826270720
1284143364682723328
1284143380591591424
1284143413625884672
1284143418751414272
1284143422224371714
1284143430944391170
1284143451164913664
1284143475714404356
1284143532513603588
1284143534614904833
1284143614982008834
1284143618870128641
1284143640072171520
1284143648586645506
1284143673857449985
1284143724176580609
1284143744678330369
1284143782477336578
1284143786747138049
1284143786747146243
1284143790899580929
1284143790962483200
1284143791415472132
1284143799338438656
1284143831525490689
1284143858272604166
1284143858394128384
1284143869962194948
1284143884189208582
1284143954640777217
1284143962698035200
1284143991420846081
1284143992616222720
1284144030658560001
1284144032332091392
1284144068423974913
1284144068575076353
1284144084957843456
1284144142956847104
1284144156953255936
1284144164251336705
1284144165014712320
1284144193703682057
1284144211776999427
1284144244332978177
1284144297013653506
1284144302814363648
1284144302877097984
1284144302956871680
1284144360658018304
1284144444623646720
1284144487187578881
1284144504618901506
1284144520813334530
1284144521148678145
1284144554719899649
1284144562777268224
1284144599703969794
1284144600412717056
1284144605001285633
1284144625440165889
1284144629936422912
1284144634780946448
1284144647128977410
1284144650727460864
1284144672013680641
1284144680213463040
1284144713319059458
1284144730440454145
1284144756071825409
1284144785020813312
1284144801944920065
1284144812745089024
1284144836631764993
1284144898351005696
1284144914545012736
1284144937865482240
1284144950515503105
1284144956999860229
1284144973940756482
1284144994966700033
1284145003858726913
1284145010934415360
1284145015892172801
1284145016009633792
1284145032837189634
1284145076348870658
1284145091842420742
1284145122725310465
1284145129129947136
1284145129649876994
1284145130400878594
1284145158481686528
1284145221807140865
1284145227184267265
1284145229814267904
1284145238127321089
1284145271824424965
1284145274508771330
1284145276463255552
1284145308495224833
1284145368406593537
1284145397586329607
1284145405828055041
1284145414292353025
1284145460886855684
1284145477341122562
1284145519414173698
1284145569376735235
1284145624129114114
1284145674796371970
1284145686896881672
1284145714449260545
1284145724947660800
1284145733755645952
1284145737136300032
1284145771059859456
1284145780387766277
1284145808766431235
1284145838126579712
1284145846573989891
1284145854551666689
1284145909027282946
1284145909228384256
1284145926366539776
1284145934725718016
1284145947065245697
1284145968544456706
1284145994532364288
1284146009828802560
1284146014031540224
1284146022017634304
1284146022797778944
1284146026656468999
1284146076849778690
1284146077499891713
1284146085678559233
1284146092125429767
1284146111138209793
1284146140288557057
1284146155882938370
1284146161079783425
1284146182529392642
1284146194692714497
1284146203177836545
1284146219388997641
1284146222396317696
1284146227974754305
1284146254319149058
1284146255795560453
1284146279036194817
1284146281422573568
1284146284409102339
1284146307691687937
1284146362808860672
1284146379061972993
1284146388981485571
1284146421214507008
1284146435844268032
1284146445910769671
1284146455226257410
1284146459126923270
1284146475774156800
1284146492354121728
1284146496934379522
1284146521756381184
1284146579910414337
1284146592656785411
1284146600726552576
1284146660055019521
1284146673803919361
1284146675842514947
1284146706381037569
1284146756431884288
1284146764329611265
1284146777546010625
1284146777797558273
1284146794394525698
1284146794419511296
1284146802669871106
1284146808604819458
1284146840443617282
1284146865244647430
1284146882604929024
1284146907380580353
1284146914028597250
1284146924644454400
1284146927848714240
1284146932483600391
1284146982844608512
1284146982886481921
1284146983096074241
1284147002742317058
1284147021134217216
1284147021197303808
1284147037328609280
1284147037693411328
1284147057964363776
1284147058719387650
1284147067120611328
1284147076696281089
1284147088142540800
1284147092601143297
1284147101329272832
1284147117590806528
1284147130232438784
1284147133713649665
1284147145642303488
1284147218732199936
1284147247215771656
1284147251338764289
1284147276173148165
1284147276735184896
1284147276974297088
1284147297534849024
1284147302685388800
1284147323426222081
1284147342028021760
1284147356745846784
1284147359316946950
1284147364941434885
1284147444469698560
1284147449427185665
1284147457212010497
1284147467190140933
1284147482411311112
1284147510101946368
1284147511905726464
1284147570630111232
1284147580784594944
1284147654637715457
1284147673910607874
1284147675131260928
1284147679778336768
1284147683377254400
1284147695934943232
1284147713303556096
1284147742672125952
1284147754722299906
1284147762951487490
1284147763614289920
1284147788713021440
1284147853879914496
1284147854320205825
1284147876252311552
1284147935509446657
1284147947593248768
1284147947937169409
1284147952533909505
1284148007244636162
1284148023551983617
1284148040710979585
1284148057286770688
1284148075150352386
1284148094402207746
1284148103227019264
1284148120620863490
1284148140610904064
1284148178573496320
1284148187129937921
1284148199675002880
1284148199691882496
1284148234311446529
1284148288183250945
1284148318650748929
1284148325483241474
1284148353639444481
1284148356521000967
1284148369825443840
1284148378134142981
1284148403686068225
1284148489358921729
1284148504223461377
1284148519998312449
1284148570916925444
1284148593415389185
1284148605977333762
1284148622880387080
1284148663867105280
1284148702584565761
1284148715259924480
1284148719542169600
1284148738517131264
1284148791164260358
1284148820687892480
1284148829139369986
1284148882922930177
1284148882944020482
1284148887238909956
1284148891806564352
1284148904485892103
1284148924333391873
1284148933854461954
1284148963721936897
1284148977982636032
1284148989596700672
1284148996361998342
1284149019330121728
1284149021741731841
1284149042235224070
1284149088431349763
1284149130735099904
1284149155385016321
1284149160653000705
1284149168039231491
1284149189706907648
1284149193699930112
1284149248062140416
1284149260779487232
1284149268979363845
1284149297957662720
1284149311534702593
1284149319898034177
1284149333663703041
1284149344162193409
1284149415708696576
1284149453549707265
1284149465826435073
1284149512878075910
1284149563092275205
1284149580616138752
1284149583694757888
1284149584130973698
1284149609145786368
1284149625813860352
1284149633262866439
1284149658168721408
1284149658944548864
1284149676300623873
1284149686861828097
1284149755279544321
1284149780713811972
1284149787151998976
1284149796752809991
1284149800984817665
1284149842978242563
1284149843997470720
1284149869939228674
1284149898108116993
1284149911118917632
1284149925027237889
1284149927208202241
1284149935873687553
1284149940525191169
1284149963111325698
1284150015901011971
1284150023995879425
1284150031726059520
1284150071567675393
1284150083278106624
1284150083336802304
1284150083374718984
1284150170607812608
1284150175813062657
1284150184897806336
1284150185262821376
1284150189297512449
1284150204183334912
1284150219719024644
1284150253491499009
1284150262748385283
1284150285783519239
1284150287763042305
1284150313168052227
1284150321913098241
1284150329551065088
1284150370848190469
1284150389336616962
1284150401449762816
1284150435314630658
1284150443552264194
1284150460257951749
1284150531880034304
1284150577203744769
1284150590608736256
1284150598192050176
1284150598514819073
1284150627623473158
1284150645344346113
1284150653825122305
1284150665774678017
1284150666081050624
1284150707608788992
1284150730845294592
1284150749673525249
1284150757701410817
1284150766660288512
1284150770619699200
1284150820792078336
1284150821504966656
1284150824092839947
1284150832959635456
1284150863137824768
1284150889301729281
1284150915197554690
1284150921694511106
1284150934243688448
1284150954993102850
1284151000878788612
1284151005391671296
1284151022680604672
1284151039244079105
1284151052070158337
1284151075713548289
1284151093828694016
1284151114431111169
1284151169317830657
1284151218315472898
1284151276444557312
1284151277434351616
1284151324473536513
1284151356991975424
1284151364118028288
1284151370350829568
1284151371567001600
1284151416982929408
1284151432988557312
1284151450361266178
1284151458234085377
1284151458372497411
1284151504937594882
1284151512801869825
1284151538353487872
1284151547123961858
1284151579533291522
1284151588240584704
1284151596570509320
1284151596734087169
1284151601523982336
1284151614924890120
1284151634839441410
1284151634868789248
1284151639130038272
1284151647933853696
1284151664543502336
1284151722936606722
1284151746856615936
1284151747603304449
1284151832907059201
1284151836413440000
1284151849143214080
1284151873839210496
1284151883834294272
1284151894248615936
1284151894550761472
1284151910510075904
1284151925286608898
1284151935075930113
1284152000800788486
1284152003862630407
1284152039677792256
1284152044643921920
1284152078860840960
1284152100402978817
1284152125870804992
1284152151514718209
1284152171856977922
1284152268015706113
1284152276563537922
1284152280850337796
1284152295891116032
1284152299745538052
1284152305512669184
1284152343165108225
1284152343538409473
1284152448068665344
1284152519254437894
1284152536224673792
1284152570181816321
1284152610816094208
1284152619670405122
1284152653824643074
1284152670819942400
1284152671335706630
1284152674800132096
1284152675509174272
1284152685042663424
1284152733562437634
1284152742164889602
1284152771097264128
1284152778894565376
1284152804806778880
1284152808946663426
1284152809940803585
1284152811211685888
1284152832279666693
1284152870867173377
1284152893327773698
1284152922276655104
1284152936180912129
1284152955998883842
1284152959962669056
1284152978044145665
1284152987749883909
1284152993454186497
1284153014970769412
1284153030716403712
1284153031668510720
1284153039629189122
1284153056150659077
1284153056469241856
1284153067563360259
1284153068196638720
1284153098651435010
1284153111255425024
1284153136089894917
1284153136131780609
1284153181950431238
1284153194692644865
1284153208592576512
1284153265819615233
1284153291216007173
1284153300082987008
1284153343808466944
1284153345557458945
1284153345725300737
1284153375274172418
1284153396052688896
1284153405124964352
1284153417829683201
1284153442806771713
1284153471684366336
1284153517477896192
1284153530467655680
1284153539594354688
1284153551615397897
1284153555025362944
1284153564575739905
1284153614043361286
1284153665989771264
1284153673564782593
1284153689570267138
1284153707580530688
1284153723380469767
1284153735137067015
1284153735896346626
1284153739847311361
1284153748751896577
1284153752782614530
1284153760932134913
1284153761745768449
1284153769194917888
1284153793584795653
1284153799381266434
1284153803143512064
1284153813746753539
1284153874723606528
1284153971511160832
1284153983066673153
1284153999067938818
1284154003794866178
1284154004054867969
1284154009583079425
1284154034132324352
1284154050691268608
1284154059356696576
1284154069574197249
1284154108140826624
1284154109004849154
1284154113081696256
1284154117376507904
1284154121700941824
1284154134753447937
1284154142643060744
1284154144371040256
1284154155456700421
1284154164097015810
1284154214143401985
1284154220485259266
1284154222905184256
1284154256426176515
1284154294111924224
1284154317218484225
1284154319437275138
1284154320695500801
1284154344473067521
1284154359505395712
1284154394733359105
1284154398944395265
1284154401305681920
1284154410201788422
1284154411036610560
1284154457593450496
1284154491361808390
1284154525654409220
1284154532793061377
1284154570231427072
1284154585054171136
1284154587042115584
1284154608332476416
1284154608974266369
1284154621347405826
1284154641056329729
1284154675286077440
1284154687684411392
1284154687902699522
1284154700888076292
1284154723012972545
1284154742638354434
1284154759298023424
1284154759444746240
1284154771918721024
1284154843716898817
1284154844161413121
1284154856522031107
1284154856593399811
1284154880802922496
1284154901229187072
1284154927024144384
1284154977905020928
1284154982066016262
1284155048667176960
1284155056338751494
1284155061380276225
1284155061652688896
1284155065297768448
1284155066161623041
1284155082607558656
1284155145001943041
1284155153587806210
1284155156834156551
1284155174252974080
1284155203873312775
1284155207824420865
1284155212652064769
1284155220742696961
1284155233321525248
1284155233581633536
1284155246252523525
1284155250790850560
1284155262480330753
1284155263075921921
1284155266091511808
1284155312895864833
1284155342079787010
1284155350841806848
1284155352355794945
1284155352481660933
1284155354574655489
1284155371771355137
1284155391874605056
1284155393023684608
1284155404688261120
1284155422455132160
1284155425575895041
1284155426129326081
1284155442265034756
1284155442919346176
1284155447365246976
1284155451546853376
1284155451962093569
1284155518815072256
1284155577342595072
1284155627397197824
1284155632065687553
1284155660347858945
1284155673228476417
1284155770305540096
1284155773275209729
1284155791331622914
1284155799846166529
1284155812793978881
1284155825079177216
1284155828702855204
1284155837230047234
1284155845903818752
1284155857899593728
1284155880091648000
1284155883790962689
1284155887674970114