1281619190160388096
1281619194660786176
1281619269394984961
1281619285580951552
1281619290165215233
1281619323623219207
1281619331269431299
1281619332259368966
1281619357265731585
1281619370050031622
1281619474207117315
1281619502732460035
1281619516137656321
1281619516267679745
1281619561880551425
1281619603253194757
1281619624409419776
1281619642637844480
1281619650560905220
1281619688758415360
1281619730059661314
1281619735977885703
1281619743787507712
1281619770304090112
1281619793817276417
1281619820895711232
1281619822728667136
1281619852025827328
1281619884137480194
1281619896401629184
1281619902516940800
1281619953020481537
1281619981948592130
1281619995739357185
1281619998176419842
1281620003104542721
1281620048302374912
1281620075179651073
1281620171216609282
1281620237662801925
1281620242842611712
1281620243442397184
1281620246541897730
1281620254293139457
1281620265617829888
1281620301357420545
1281620301500026881
1281620351726706694
1281620372224450563
1281620380382146565
1281620397029548032
1281620397197340672
1281620458799009792
1281620488972898304
1281620494048002052
1281620498200186880
1281620520061075461
1281620535902863362
1281620544010571778
1281620565237866496
1281620581989994498
1281620648591269889
1281620651984338944
1281620739700006913
1281620741364936708
1281620745899188233
1281620770599448577
1281620770637123584
1281620909044965376
1281620934055481346
1281620938224816129
1281620989080739841
1281621034463121411
1281621069678379009
1281621112862859264
1281621164456964097
1281621170236858371
1281621227619131392
1281621257507807232
1281621328366309378
1281621344782888960
1281621362197528577
1281621381831110656
1281621425099616260
1281621466014941186
1281621466707046403
1281621540015136770
1281621541487366154
1281621542544318464
1281621543622111232
1281621551402680320
1281621555907186688
1281621562756653059
1281621584084635648
1281621630511468545
1281621705400573952
1281621709846646805
1281621726330118145
1281621773281361920
1281621792575025152
1281621873877553157
1281621886263336960
1281621894572183555
1281621899034820608
1281621907205431296
1281621970392580096
1281622004060368897
1281622014394916864
1281622062759477249
1281622066186223616
1281622087535226880
1281622100499763207
1281622163288494081
1281622163355766785
1281622184205733898
1281622200949395466
1281622217650913286
1281622218162806784
1281622238463131653
1281622259279572992
1281622276484595713
1281622306062774272
1281622309711876097
1281622314719883266
1281622327399264258
1281622343509594112
1281622351549997058
1281622381258330113
1281622389965692930
1281622391970361345
1281622420684713986
1281622427588595714
1281622435805179904
1281622456160210944
1281622463470764032
1281622532777336834
1281622569360203776
1281622595243130886
1281622613752676355
1281622664663228416
1281622679271862279
1281622704630779904
1281622728697618434
1281622729058394112
1281622729226100737
1281622733286043648
1281622808489934848
1281622838101839874
1281622851934498816
1281622855722172416
1281622867235479554
1281622872201424902
1281622884339912706
1281622888848728065
1281622917684633602
1281622951716990976
1281622993404170240
1281623019882975233
1281623027353100292
1281623069166055428
1281623069325496321
1281623115148201991
1281623157707804673
1281623202448449536
1281623211621453825
1281623215744249858
1281623216411353088
1281623228436414471
1281623228759396352
1281623238909583363
1281623270115233795
1281623274045214720
1281623283209834498
1281623309097066497
1281623311571705856
1281623327220666369
1281623366537887744
1281623374746333184
1281623384112205825
1281623408313344000
1281623509672722432
1281623598034190337
1281623601570033664
1281623614530490369
1281623633966882822
1281623652463792128
1281623664501428229
1281623677868670977
1281623693987401729
1281623719463530496
1281623732222676992
1281623740892184578
1281623774115266562
1281623777609240576
1281623836946038785
1281623908387561475
1281623967225323526
1281623995448786944
1281624007926743040
1281624021944205312
1281624025806958592
1281624028793446400
1281624050540974081
1281624067083325441
1281624067385196545
1281624083956998146
1281624103296929794
1281624138667393024
1281624139128885252
1281624160226217984
1281624186797137924
1281624187048730625
1281624192148926467
1281624205868634114
1281624222255607808
1281624256145756160
1281624260277088258
1281624261728153602
1281624281659523072
1281624293680570370
1281624302685573120
1281624329667645440
1281624331697577985
1281624335854252033
1281624399305674752
1281624405328764929
1281624419719356417
1281624428128985089
1281624452531453953
1281624479509012485
1281624503370616833
1281624549675528192
1281624584836521985
1281624619619844096
1281624647021268994
1281624674632433665
1281624730127273984
1281624763908096000
1281624782606413824
1281624786205114368
1281624809001103361
1281624859978522624
1281624994431279104
1281624998235582468
1281625027566342147
1281625057513668613
1281625061301145601
1281625095178526726
1281625115785142273
1281625120205832192
1281625138891501571
1281625141143695362
1281625170218635264
1281625179454615553
1281625183179157506
1281625196148006912
1281625207908827137
1281625220428623872
1281625224740573189
1281625262468108288
1281625266515828736
1281625284110884866
1281625288582070273
1281625324611162117
1281625325261160448
1281625358589210624
1281625374573633536
1281625376779902978
1281625435005243392
1281625441564909569
1281625467884314625
1281625493050028032
1281625493087809543
1281625522477379584
1281625527254736904
1281625527363579905
1281625539846057984
1281625564558786567
1281625582078500864
1281625593788981248
1281625598465638401
1281625623723745282
1281625649292214274
1281625661560455170
1281625673883246593
1281625757408735237
1281625778451513346
1281625784281706496
1281625799829843969
1281625840317595648
1281625855719084034
1281625862190899201
1281625866708176896
1281625874748583938
1281625890389032960
1281625900551999488
1281625925172559873
1281625941857509378
1281625954863861760
1281626005292167168
1281626013168996352
1281626063500718081
1281626068210737152
1281626080466612227
1281626084501532672
1281626105678635009
1281626109780439040
1281626135197921280
1281626161437487104
1281626290769080325
1281626310893359106
1281626315989319681
1281626340723171329
1281626344506429442
1281626353411002369
1281626356388892672
1281626370360127488
1281626428858003458
1281626458075664387
1281626485120434176
1281626516611379203
1281626520008552449
1281626596282114051
1281626609150287878
1281626673335742465
1281626676477255680
1281626692671270913
1281626705564782594
1281626726712463360
1281626735277158401
1281626755518758912
1281626763970437120
1281626776993759232
1281626797751377921
1281626814604021760
1281626814985707525
1281626882299985920
1281626894316777472
1281626899115118593
1281626902583750657
1281626923173642240
1281626928110342146
1281626948746260481
1281626979855265792
1281626985383550983
1281627019982209029
1281627024499576834
1281627044984639488
1281627053490614273
1281627074541780993
1281627082989006848
1281627258550091777
1281627271317475329
1281627336660705281
1281627402041528322
1281627437890260993
1281627450573758465
1281627451899207680
1281627453639864322
1281627467053248515
1281627475064184833
1281627479619313665
1281627536170995712
1281627599337394176
1281627749652848643
1281627775598813185
1281627777163161600
1281627779713298432
1281627804656951297
1281627804971536384
1281627808406609920
1281627821404717056
1281627840165769216
1281627909464129537
1281627918263889920
1281627940732538880
1281627946718027778
1281628039198191616
1281628056612818945
1281628060245274631
1281628061138587653
1281628063604891648
1281628063785078784
1281628083124965381
1281628097951997952
1281628106818818053
1281628165128040449
1281628165501325318
1281628168743526401
1281628176494387203
1281628201400373248
1281628295218561025
1281628333294465030
1281628400038416387
1281628408930164736
1281628408942751744
1281628424885477377
1281628507530035200
1281628522595995654
1281628547313012737
1281628547392708608
1281628563339456512
1281628575163133952
1281628589566263300
1281628596558323713
1281628597338476549
1281628621967368195
1281628630184009735
1281628630938861574
1281628635112198144
1281628652137000961
1281628664661069824
1281628666783506433
1281628677021655040
1281628685259472896
1281628697959817217
1281628735335215105
1281628739969974272
1281628750489292801
1281628750531174400
1281628779803291650
1281628790280445952
1281628886221103104
1281628886296596480
1281628887009701890
1281628913609904130
1281628919884656641
1281628928696823810
1281629000331227136
1281629062985908226
1281629084041334786
1281629095948886022
1281629122259607552
1281629167008780293
1281629180510089216
1281629201012011015
1281629247296045062
1281629285313282048
1281629285330100225
1281629289150943232
1281629306385575937
1281629352514465792
1281629352640184327
1281629377122500610
1281629406717452288
1281629444331929600
1281629478125355009
1281629498597875713
1281629501630414850
1281629531460206592
1281629544798130178
1281629553421504516
1281629570479816712
1281629570567938048
1281629595234516995
1281629616348762114
1281629641174708225
1281629645520072704
1281629756878761987
1281629801120505859
1281629821488029696
1281629826978373633
1281629842564362240
1281629893604909056
1281629909870358529
1281629910222671872
1281629918221045760
1281629943655534592
1281629952820084737
1281629968703741952
1281629976517910529
1281629985539862528
1281629988341440512
1281630016334430209
1281630027545808897
1281630031857451011
1281630055827939338
1281630082570711040
1281630090162569222
1281630098714755072
1281630144927617024
1281630165651427330
1281630165781680133
1281630257930543112
1281630258245120000
1281630258802892800
1281630334099103744
1281630338037329922
1281630346044485632
1281630346602328072
1281630422263148544
1281630447123005440
1281630450801410049
1281630463585652736
1281630480849342465
1281630551552606208
1281630551825358848
1281630605713772546
1281630610688278529
1281630707429695493
1281630738455166977
1281630744620793856
1281630745891610625
1281630774110953474
1281630782180651008
1281630791085236225
1281630840871673858
1281630921079152640
1281630980231569410
1281631015279169538
1281631033671192577
1281631042147946499
1281631043053903872
1281631071239639044
1281631074397892608
1281631080253198339
1281631080714579968
1281631130735841288
1281631139262861312
1281631189317509120
1281631252068605953
1281631281575600128
1281631289574068227
1281631315272531969
1281631327356440576
1281631361279889408
1281631365226795009
1281631395077644288
1281631403797630977
1281631422432849922
1281631432482287616
1281631512266526721
1281631525822488576
1281631558579912706
1281631592063004673
1281631663433408512
1281631679120056322
1281631680667832320
1281631696228687878
1281631705212870656
1281631734182838272
1281631770291712003
1281631784833290244
1281631793725280257
1281631822879830018
1281631860133683200
1281631936075767818
1281631947698184193
1281631952525758464
1281631982141702145
1281631985765699587
1281631998432415748
1281632044854980610
1281632061082570752
1281632101511700483
1281632134952710144
1281632161267961856
1281632212979462145
1281632230230695936
1281632233892257793
1281632271523614720
1281632305300283392
1281632305350672385
1281632313277853700
1281632338632466440
1281632345293037569
1281632371897335816
1281632392906788868
1281632408152928256
1281632411915362304
1281632413886513156
1281632452507648000
1281632469230510081
1281632566576058368
1281632615506702337
1281632678043942912
1281632686533222401
1281632716190965760
1281632727826128897
1281632735858171904
1281632779000676352
1281632812638982145
1281632863457337344
1281632887847006209
1281632917215748097
1281632929844727809
1281632945564942337
1281632954633027587
1281632976300802049
1281632980621025284
1281632999487025152
1281633026519240705
1281633093665935360
1281633111969800192
1281633129652989953
1281633148132978688
1281633152038043648
1281633200595283974
1281633224469426176
1281633236066750466
1281633257814216704
1281633278185877507
1281633284330450946
1281633290835853314
1281633312050683904
1281633316156907522
1281633320158273536
1281633374608797698
1281633416941690882
1281633422000173057
1281633433261834241
1281633445865758720
1281633479248220161
1281633502065307648
1281633534764109829
1281633579840176131
1281633604863492097
1281633604909637633
1281633639311314944
1281633680444751873
1281633786321465346
1281633847247908864
1281633848900673537
1281633869305982976
1281633873558859776
1281633940789432322
1281633944484679680
1281633979498668032
1281633999174225921
1281634061140865026
1281634128706834435
1281634138039123968
1281634151003815937
1281634158712811520
1281634181383159808
1281634187661807618
1281634251251867649