1283612330886983681
1283612351795736579
1283612351954972672
1283612356451467269
1283612377787891712
1283612379134263296
1283612381776502784
1283612390529961984
1283612410318815232
1283612421056106497
1283612423509946368
1283612457639051265
1283612519953727490
1283612599234334720
1283612662954430465
1283612746584666112
1283612763533848577
1283612788729040896
1283612793841713153
1283612813991305216
1283612825999380481
1283612839479894018
1283612932107112448
1283612935915540481
1283612949551042560
1283612968404443136
1283612968932929537
1283613019013091329
1283613065464786944
1283613099187154949
1283613107881992192
1283613137435074560
1283613178270830593
1283613274999750656
1283613285573627904
1283613287167528961
1283613292020355072
1283613296231198720
1283613316292571136
1283613362891390976
1283613379895209984
1283613388413767680
1283613404419117057
1283613413227163650
1283613446865670147
1283613468013232128
1283613479140593664
1283613497738362882
1283613501693591552
1283613581158703104
1283613585495797760
1283613627107307520
1283613682019241986
1283613711119388672
1283613736423559170
1283613811598073858
1283613837766385675
1283613945668997121
1283613960072306693
1283613967730896897
1283614009661337600
1283614026799300608
1283614046462214144
1283614057639981056
1283614058269126658
1283614080696119298
1283614087310647296
1283614109951557632
1283614126175027206
1283614138896269312
1283614168596144129
1283614172744384512
1283614202138103808
1283614204046405632
1283614231695372288
1283614239928627200
1283614348707913729
1283614374280790023
1283614382241415169
1283614399295455232
1283614456048566274
1283614458783334401
1283614547610411009
1283614554509864960
1283614570968502273
1283614579352694785
1283614600710193154
1283614642808340481
1283614655022280704
1283614680079044609
1283614696214614018
1283614713549660160
1283614772261457922
1283614780465401856
1283614797045661696
1283614847976931329
1283614849956814860
1283614872949927936
1283614943791714304
1283614969129512960
1283614973508366337
1283615049223999490
1283615049278349314
1283615090894229505
1283615133630177286
1283615137694441472
1283615145508450304
1283615162130411521
1283615178945228800
1283615182695075842
1283615226257190913
1283615249980063745
1283615330921840640
1283615409413984257
1283615422689026048
1283615502582112257
1283615519124357127
1283615601781432320
1283615606575714317
1283615610145067009
1283615623067635712
1283615628004225024
1283615665098612737
1283615674514972672
1283615727912546305
1283615737844654080
1283615753388740610
1283615803833712644
1283615809089286144
1283615838101278721
1283615846590447621
1283615863669755906
1283615871051673602
1283615892740411393
1283615900986494978
1283615917675556864
1283615951276199938
1283616001003679744
1283616055198470144
1283616097019875330
1283616113880780809
1283616211323031560
1283616223259799553
1283616252699828226
1283616290611970049
1283616364188651520
1283616382492356609
1283616404055494656
1283616407901450240
1283616461143961601
1283616461811048448
1283616466776940544
1283616508250398720
1283616546535940101
1283616555302096896
1283616574562201601
1283616592136302592
1283616592518156288
1283616668040732672
1283616668317433858
1283616697694531584
1283616706364145664
1283616709660872704
1283616739289296896
1283616806503018496
1283616810051362821
1283616836320407559
1283616877235908608
1283616898475679744
1283616902644989953
1283616963931996162
1283617041518395394
1283617060279459840
1283617088008069121
1283617112766812161
1283617117669961729
1283617137832140805
1283617174037377024
1283617201144999936
1283617238650515456
1283617242257776643
1283617293440815105
1283617348184932352
1283617356951048198
1283617373401108480
1283617549222055938
1283617574610071552
1283617595485237249
1283617615479529474
1283617620080553984
1283617638946615302
1283617695871586306
1283617724736954368
1283617737202257920
1283617745272049666
1283617746396250112
1283617750850637830
1283617754466197507
1283617792827293697
1283617801161375744
1283617803979948033
1283617813395996673
1283617821746884608
1283617902017404931
1283617942844866561
1283617947840200704
1283617983319937024
1283618010603958272
1283618027330842624
1283618107953745920
1283618127729659904
1283618155802374154
1283618160999116800
1283618177642094592
1283618194532585472
1283618194796826626
1283618195673419776
1283618199376932864
1283618200995979264
1283618211653578752
1283618213314662400
1283618215999004673
1283618320697229313
1283618369200168960
1283618374065385473
1283618417199714307
1283618438469083136
1283618521633570817
1283618547038478336
1283618600146722817
1283618754480357377
1283618794129129475
1283618810986029056
1283618819618086912
1283618857354231808
1283618857832402944
1283618899079159814
1283618940585902082
1283618970340220935
1283618980217999361
1283619104516169729
1283619105522675713
1283619122065084420
1283619130202099713
1283619147218329600
1283619158949867521
1283619164507103233
1283619235072073730
1283619247264894976
1283619255825596417
1283619272560988160
1283619305825828864
1283619466551664642
1283619523346800641
1283619533098385408
1283619625293410304
1283619642552942592
1283619663289647104
1283619684898820097
1283619822387920896
1283619856240132097
1283619873138946049
1283619887643009024
1283619905603067904
1283619913312206848
1283619935520878592
1283619973563375616
1283619986561470464
1283620057449463808
1283620059970183168
1283620069403238400
1283620078005649409
1283620086339612673
1283620100256550912
1283620132196147200
1283620145823387650
1283620220918104065
1283620241763860480
1283620272268959745
1283620280540241926
1283620308453212160
1283620316917436418
1283620317261295617
1283620334441164801
1283620345719795712
1283620392360243200
1283620413226934272
1283620438476816390
1283620438883495936
1283620450841632768
1283620484492324865
1283620497301872647
1283620509993713664
1283620510832549888
1283620522228670465
1283620523172343809
1283620526884155393
1283620560237260800
1283620589450588160
1283620601018503168
1283620611344998401
1283620634929426432
1283620640361070592
1283620652969148417
1283620702478913537
1283620740953243654
1283620744635846657
1283620758032470017
1283620770686607360
1283620787165949952
1283620820166701061
1283620820871450624
1283620833068412928
1283620849598242817
1283620926060462080
1283620988073029632
1283621008767844357
1283621064036118532
1283621067093835776
1283621076442873862
1283621078930272257
1283621117823942657
1283621139009482752
1283621172664365058
1283621181661356035
1283621194240008192
1283621210354413573
1283621227391782912
1283621284971261953
1283621349533945856
1283621419969056771
1283621428206669825
1283621445394890753
1283621487774248961
1283621513040498688
1283621527859220480
1283621559396184066
1283621571165163520
1283621616816197632
1283621626299416576
1283621635396968448
1283621652706648065
1283621671383924738
1283621684533235712
1283621709619306498
1283621722235731979
1283621747745370115
1283621753604849664
1283621758168334336
1283621953597833222
1283622057973108738
1283622075119267840
1283622083415564289
1283622142194511873
1283622200227102720
1283622288420724741
1283622346696216576
1283622384461918209
1283622393165033473
1283622423145914368
1283622493828177922
1283622564816814080
1283622572303822848
1283622602490220547
1283622602825773056
1283622603161296897
1283622649302638592
1283622650103775232
1283622665996181505
1283622678797193218
1283622715912368130
1283622721306284038
1283622787580477440
1283622800608157697
1283622828160372739
1283622879486246914
1283622912847536128
1283622917310255104
1283622937921110016
1283622960146898945
1283623073049124864
1283623106062557184
1283623127277330432
1283623136194437121
1283623173674672128
1283623182881169409
1283623198429454338
1283623269321584640
1283623316159451136
1283623366558126080
1283623366746873859
1283623391463759872
1283623395796701189
1283623433851428864
1283623438087847936
1283623446832836609
1283623459302465536
1283623483826552832
1283623538398826498
1283623567561809927
1283623584422719489
1283623590252822528
1283623672574509056
1283623717269049345
1283623721530531840
1283623748093071360
1283623761346998272
1283623886412816386
1283623982474784769
1283623995225640960
1283624003836555265
1283624104260767747
1283624165895999490
1283624175870058497
1283624196904554496
1283624230891016192
1283624338822819840
1283624339217149952
1283624351422545920
1283624406334402565
1283624426999701504
1283624435409444865
1283624436181217281
1283624507308048384
1283624594935619584
1283624628993261571
1283624687608557568
1283624729891336192
1283624788372537346
1283624850506964993
1283624863798886400
1283624882060718080
1283624902059159552
1283624942928400385
1283624951367401472
1283624956014690304
1283624981797036032
1283624997538365440
1283625032271495168
1283625035748585476
1283625132947382273
1283625163674865665
1283625204854296576
1283625258365452289
1283625258558337024
1283625274895196161
1283625275352322048
1283625292263825409
1283625338405191680
1283625367270498304
1283625422760980480
1283625455715864577
1283625459243155457
1283625484346105856
1283625503476219906
1283625503639744513
1283625513748254721
1283625539228450817
1283625609785049088
1283625660628578305
1283625664571011072
1283625753389797378
1283625778543026180
1283625815276650499
1283625879126503424
1283625938039631875
1283625955274010624
1283626013163913216
1283626018125873157
1283626054825979905
1283626109775511552
1283626125252366336
1283626172031684608
1283626201727356928
1283626269360492544
1283626285655371777
1283626344639868928
1283626407424294918
1283626469508501504
1283626482313527296
1283626550127206402
1283626612571934720
1283626625385607168
1283626629412069377
1283626651339956225
1283626667622256643
1283626714824835074
1283626789059715072
1283626868759908352
1283626932215730176
1283626978457747457
1283626998938640384
1283627003590193153
1283627023630557184
1283627053330264071
1283627079334940673
1283627172905865216
1283627178522017792
1283627182950977536
1283627208448241665
1283627213661900800
1283627254493458432
1283627255013482496
1283627283346006017
1283627329944788998
1283627332431826945
1283627338442235904
1283627354787647488
1283627362605608962
1283627414426247168