1280139451453394944
1280139468331192329
1280139489063710723
1280139516330700800
1280139556042313728
1280139580491083776
1280139585373249538
1280139648321196032
1280139686556639238
1280139741023727619
1280139762234527745
1280139791686946817
1280139915926405121
1280139934180016128
1280139971119263745
1280140034281177088
1280140076043759616
1280140084810002432
1280140131366821890
1280140132142776321
1280140135326195712
1280140138975236096
1280140197938597889
1280140211155013633
1280140256801689600
1280140269271171075
1280140286744686592
1280140335566512128
1280140344483631104
1280140345112776704
1280140376649629698
1280140395209351169
1280140399487733761
1280140420446670849
1280140478630039552
1280140489107308545
1280140496346714114
1280140526810025984
1280140537283203074
1280140559894614016
1280140604928921602
1280140605029523457
1280140672113225728
1280140680384458755
1280140739377324033
1280140743097618434
1280140792309469191
1280140797367791616
1280140852078063617
1280140876321259520
1280140882088472576
1280140907023609857
1280140944075919362
1280140944650711040
1280140946777219077
1280140966645698561
1280141003450540032
1280141006420279296
1280141054445006848
1280141116386541568
1280141128084459521
1280141134229123075
1280141145805164545
1280141161617936384
1280141170530816003
1280141196950552582
1280141200410976259
1280141208761892865
1280141227506241546
1280141235601235968
1280141283995136002
1280141284208975873
1280141292681469952
1280141315037151232
1280141363904987143
1280141385283383296
1280141389389537282
1280141435224940545
1280141467252555776
1280141502904221703
1280141510546243584
1280141537926696961
1280141775949066240
1280141788179828737
1280141837710159872
1280141854802153472
1280141897525268482
1280141906068922369
1280141940583993344
1280141957214461952
1280141964504174592
1280141985077178369
1280142002898665473
1280142022205112320
1280142067591716869
1280142177545457666
1280142178124210181
1280142235351371778
1280142261028745216
1280142282608513024
1280142300069445633
1280142365798174720
1280142475655553024
1280142517879660545
1280142521616805889
1280142529887973376
1280142539375312899
1280142555590557698
1280142572418142209
1280142601157476352
1280142635416633344
1280142677619511296
1280142715213230081
1280142734322479105
1280142751334572032
1280142827385651206
1280142849464504321
1280142852954238982
1280142865407057920
1280142907681497090
1280142920742514691
1280142932813774849
1280142978430971904
1280142991060021248
1280142995363373058
1280143013147283458
1280143034064265219
1280143034752151557
1280143075055144960
1280143088246239233
1280143100636094464
1280143175877898240
1280143222698684417
1280143259646427136
1280143281507237888
1280143294236893184
1280143349849165824
1280143368681553921
1280143373563768832
1280143415699804160
1280143419549990912
1280143427640778752
1280143444355059712
1280143457231745024
1280143470078734339
1280143490610069507
1280143496062656512
1280143511233482752
1280143549632217088
1280143561262903297
1280143607882637312
1280143608029601792
1280143645585412097
1280143653911040003
1280143675645976577
1280143717249298432
1280143729479860224
1280143775549939712
1280143776036478976
1280143800829186048
1280143813537705984
1280143820949241856
1280143854986035200
1280143863584362496
1280143906017959941
1280143946467983361
1280143977740668928
1280144002701033478
1280144009730469888
1280144013425872896
1280144026633723904
1280144056664776706
1280144126025977859
1280144197677387776
1280144278849814530
1280144291793428480
1280144296172191744
1280144329798037505
1280144337746235398
1280144367295041536
1280144374295195648
1280144375922561024
1280144465861148673
1280144490381131777
1280144513932066816
1280144547222360066
1280144547343933441
1280144564028915712
1280144618697265155
1280144627933143040
1280144643792031749
1280144665644318721
1280144690994708480
1280144740185526280
1280144750180532225
1280144802584178689
1280144807529082881
1280144858058051585
1280144912244043776
1280144929910636545
1280144983455158272
1280144999758344194
1280145227261587456
1280145252624617473
1280145286325731330
1280145314251444224
1280145327413235712
1280145453472985088
1280145533596819458
1280145546204704771
1280145583358033921
1280145587837394946
1280145600030310402
1280145641956671488
1280145646859816960
1280145679638298628
1280145694561533952
1280145716506177538
1280145793387823106
1280145852070350850
1280145876879540224
1280145977521963011
1280145990738214912
1280145999147732992
1280146070303944705
1280146078118141952
1280146085235904513
1280146149438087168
1280146191884398593
1280146204039487490
1280146303117385728
1280146321320448000
1280146351112634370
1280146382100336645
1280146410093101057
1280146411917631495
1280146428367564801
1280146445438537729
1280146485191954439
1280146557275340800
1280146598878576640
1280146623696232448
1280146631699107840
1280146641714966530
1280146657036959745
1280146670190120960
1280146682714509313
1280146699340722177
1280146711738908672
1280146715253719046
1280146717422256131
1280146837589102593
1280146867192553472
1280146881079848963
1280146905201364994
1280146911786344448
1280146948738002945
1280146988172840960
1280146992224763904
1280147009303912449
1280147018221051906
1280147087238324225
1280147148206563328
1280147151759314953
1280147160290537473
1280147202615148544
1280147252577624067
1280147278246940672
1280147278531973120
1280147341153091585
1280147355480670209
1280147372534874113
1280147385604354048
1280147395641110528
1280147519029145601
1280147535848448006
1280147588218531843
1280147611924738049
1280147626130903041
1280147634561388551
1280147638713831426
1280147671962058752
1280147702177816578
1280147705549844480
1280147706661556225
1280147734499131392
1280147765058842624
1280147806083112962
1280147835665743873
1280147903219003392
1280147911741976576
1280147928288382979
1280147970437021696
1280147978502549504
1280147999616892929
1280148011251892226
1280148087982432258
1280148101668524033
1280148141833142274
1280148226163834883
1280148279813124099
1280148286318526464
1280148305687785473
1280148338763943937
1280148347735638016
1280148348541054976
1280148383991201793
1280148415054217218
1280148434083876864
1280148439632879617
1280148479399133184
1280148511627993088
1280148518766772224
1280148536340996097
1280148557417328641
1280148578174775299
1280148585955446788
1280148594943811586
1280148611188359170
1280148628749922306
1280148632638013441
1280148653764640768
1280148666645458945
1280148678938890243
1280148717107122176
1280148735348158471
1280148779837132801
1280148779841187840
1280148784333365249
1280148842382573568
1280148892005384192
1280148918232326146
1280148930857074693
1280148947663818753
1280149006077722625
1280149017465405443
1280149031025598464
1280149052152217601
1280149073216012291
1280149098977300483
1280149110620741634
1280149178358935554
1280149184805552128
1280149207689711619
1280149215734231040
1280149245337763840
1280149249787822081
1280149253499879430
1280149260357570561
1280149266183401476
1280149273405947907
1280149285497999360
1280149303558918145
1280149367031083011
1280149367098273792
1280149379329011714
1280149379442245633
1280149424455454721
1280149438036656129
1280149538934673409
1280149570266304513
1280149584426291201
1280149593607593984
1280149614805635073
1280149618152660995
1280149622925733894
1280149643276541953
1280149652508213248
1280149659705577472
1280149677195681797
1280149685827756034
1280149727426818049
1280149753347571712
1280149754907774977
1280149761392283655
1280149866337927170
1280149883115180033
1280149903499563014
1280149916472373250
1280149928606564354
1280149968951615490
1280150006503215104
1280150008222932997
1280150079987482628
1280150096487657472
1280150125701214208
1280150130390257665
1280150134840602626
1280150138585899009
1280150146857070592
1280150172077395968
1280150225844350977
1280150232890847240
1280150235210186752
1280150240234893312
1280150243879923713
1280150251605614593
1280150277203431426
1280150310539816960
1280150338792808448
1280150373743734785
1280150403003400203
1280150453171286018
1280150468380037120
1280150494778884096
1280150511853830145
1280150528681377794
1280150542514302978
1280150566048497670
1280150569995337734
1280150625209266177
1280150625548935169
1280150633396363264
1280150653969539072
1280150654745489410
1280150675649957888
1280150725889339392
1280150763868749830
1280150809527963650
1280150873084178435
1280150884484333571
1280150885193052160
1280150952578658304
1280151000859410432
1280151164441341953
1280151178874179584
1280151183466721280
1280151220859154432
1280151287934390272
1280151321165934592
1280151326039703553
1280151329566937089
1280151388668846085
1280151425876668419
1280151451193442304
1280151459787616261
1280151510224121856
1280151527001382915
1280151539617861632
1280151545888243714
1280151585675493376
1280151628134395904
1280151648086753281
1280151648971743232
1280151661042978816
1280151694936924160
1280151736942985220
1280151756475895818
1280151769797013504
1280151782459445248
1280151783419985925
1280151790168702978
1280151837467951106
1280151841339084800
1280151929335808000
1280151935136477184
1280152017772707842
1280152068041433092
1280152093144350723
1280152096877273088
1280152134814662659
1280152135229980675
1280152175101050886
1280152210937188357
1280152223343955978
1280152281594441729
1280152282114355200
1280152289232203776
1280152408132218880
1280152416327831552
1280152454127136774
1280152503888367616
1280152513036144643
1280152516437643266
1280152526738898945
1280152555339739136
1280152563074154496
1280152638915575808
1280152705659547649
1280152712164724739
1280152731391574016
1280152794213814274
1280152818528256001
1280152845770244106
1280152856369098754
1280152912233222145
1280152953479999489
1280152957389090817
1280152957544095747
1280152974237499398
1280153015958286336
1280153053396701185
1280153070538821642
1280153079040671751
1280153087374577665
1280153142030749697
1280153154957586432
1280153158547845121
1280153172657319936
1280153185995259904
1280153191884218373
1280153209034747910
1280153227401494528
1280153238197743616
1280153242412998659
1280153267134173186
1280153322217930754
1280153355357229058
1280153383102558210
1280153392933896192
1280153418838016000
1280153431085203456
1280153472562798593
1280153489742671872
1280153539809959936
1280153557136744450
1280153558520823809
1280153570227007488
1280153595556610049
1280153614527475712
1280153641161293826
1280153656323645441
1280153670160539649
1280153675038552064
1280153682974314502
1280153686354866176
1280153729304592387
1280153733138186240
1280153786497916929
1280153814125985799
1280153876692234240
1280153897055727616
1280153900557856770
1280153934753980418
1280153983961698309
1280154103260172290
1280154127981522945
1280154169626656769
1280154206909931520
1280154226191187969
1280154240187580416
1280154246399188996
1280154257816240130
1280154284739493889
1280154286484160517
1280154308214812672
1280154328964177920
1280154329295450112
1280154349520502784
1280154356239814657
1280154358496321536
1280154399478816770
1280154404071538688
1280154425479348226
1280154425680637954
1280154458505334784
1280154458714828800
1280154471578755073
1280154483469811712
1280154525983219713