1285560160929210369
1285560169611563008
1285560169787793408
1285560203635765250
1285560212418637825
1285560225014124546
1285560227237167104
1285560272015495170
1285560283549720583
1285560283847626753
1285560292152418305
1285560299517612032
1285560308967317504
1285560374222368769
1285560446955683841
1285560517579415552
1285560530820911104
1285560533496795139
1285560542267146240
1285560543173062657
1285560567990755329
1285560598185627649
1285560669518135296
1285560678061797376
1285560766339395584
1285560807309402114
1285560895406592000
1285560975048028160
1285560998976524294
1285561011135750145
1285561023177592834
1285561026205773824
1285561029917839360
1285561128005840896
1285561139284279297
1285561157898698752
1285561197107073024
1285561202433654784
1285561218141310976
1285561234838831106
1285561278044475393
1285561319580749824
1285561344788488192
1285561373347504129
1285561385624059904
1285561394692100097
1285561412018941953
1285561413856092162
1285561416758562816
1285561433078431749
1285561448827981824
1285561466255441920
1285561469925564416
1285561470034403328
1285561472907718657
1285561483355664384
1285561495221395459
1285561499679891459
1285561516431831041
1285561516754968576
1285561541564043264
1285561549734793217
1285561571645816833
1285561572161720321
1285561587693162496
1285561600045441024
1285561605262983168
1285561632966488070
1285561646233116672
1285561684602556416
1285561705632796672
1285561705699958789
1285561710238003201
1285561776868818946
1285561793578967040
1285561865117016065
1285561868485107712
1285561877788069888
1285561894615556096
1285561910713135104
1285561943424675841
1285561943869337600
1285562008079929346
1285562083233366016
1285562113780375555
1285562145510264832
1285562156021424130
1285562204666974208
1285562234048000001
1285562254176530434
1285562258576289792
1285562284731842560
1285562331020197888
1285562354521047040
1285562368597131270
1285562385017831424
1285562405741834241
1285562410649051137
1285562426637914112
1285562431658393603
1285562480882671618
1285562493440409600
1285562620490256385
1285562644901105666
1285562673925586944
1285562678728163330
1285562699519320064
1285562732922712068
1285562753499959300
1285562807623311367
1285562812484313088
1285562829005713408
1285562963898834945
1285562997054767104
1285563013915971591
1285563022149324800
1285563031313842176
1285563034224582656
1285563089044279297
1285563127161995265
1285563139921268736
1285563177749540867
1285563223262068737
1285563227787722758
1285563240190287873
1285563266857611264
1285563340698394627
1285563362567487489
1285563374995148800
1285563383388020738
1285563400051990528
1285563462337388547
1285563463151112198
1285563466884014085
1285563469677449216
1285563504523653125
1285563527089008641
1285563568415543296
1285563571191988225
1285563609851006977
1285563628884602880
1285563671926599686
1285563677492609024
1285563718974099456
1285563748011450369
1285563760225083393
1285563768697614338
1285563832107180035
1285563857570865153
1285563865703514113
1285563916563681281
1285563936868388865
1285563939615637506
1285563995672285184
1285563996263702530
1285563999321493504
1285564030178885632
1285564049447702537
1285564092267274241
1285564138362753026
1285564183573143552
1285564184038604800
1285564200866189313
1285564232801628160
1285564290867634178
1285564338745626624
1285564359998046208
1285564366469894144
1285564368625610752
1285564372266426371
1285564401903439873
1285564415086034944
1285564423059443713
1285564458157240320
1285564459705143296
1285564485399388166
1285564530588884993
1285564552785133570
1285564565674168320
1285564611211792385
1285564612927033344
1285564619814100992
1285564706216906755
1285564729835106304
1285564741444919297
1285564759023157248
1285564763431370752
1285564800223850498
1285564842858995714
1285564854909243398
1285564889017257991
1285564903068237825
1285564913356873729
1285564951482925056
1285564968331608065
1285564977177415681
1285564977546395649
1285564984844419073
1285565031501967360
1285565043338248192
1285565089815330817
1285565114796650496
1285565123759935489
1285565153732370438
1285565189518229504
1285565191627964416
1285565207683698688
1285565215556370433
1285565257314758656
1285565265615499266
1285565330174160898
1285565358716235776
1285565375409782785
1285565410021199872
1285565412373979139
1285565442321457152
1285565449770541062
1285565510327959552
1285565535095336960
1285565547254550529
1285565550903668737
1285565600828293120
1285565679295397892
1285565682139136002
1285565735511695361
1285565765459021824
1285565769649135616
1285565770047516672
1285565782890602496
1285565790486495232
1285565845406711808
1285565874385166337
1285565874934513669
1285565943557451776
1285565945696735233
1285565967523819520
1285565991502573568
1285566021097656320
1285566026269233153
1285566046858928128
1285566113443721216
1285566138882064390
1285566163699879937
1285566193789734913
1285566310139691009
1285566352300937218
1285566407216898048
1285566411880960000
1285566430231040004
1285566440683208705
1285566490171891713
1285566506911313921
1285566557519777792
1285566558463504384
1285566566789152769
1285566578994683904
1285566604722479104
1285566617083170818
1285566654089515011
1285566671411744768
1285566679116918785
1285566726479007746
1285566738768240640
1285566778739961857
1285566866090389504
1285566915474345985
1285566927360991236
1285566945102827523
1285567035746000898
1285567086488702976
1285567090464890880
1285567107489464320
1285567157502386181
1285567178343886848
1285567187433017344
1285567191576989696
1285567208769425409
1285567237819170817
1285567300851109888
1285567308576874497
1285567325681315845
1285567350964658176
1285567376440918017
1285567380089864192
1285567440458526723
1285567488957263873
1285567505466044416
1285567514160889857
1285567543407673344
1285567587087265792
1285567598688710656
1285567606557044742
1285567619714744321
1285567656951713795
1285567678543851521
1285567690468458497
1285567706331148289
1285567706452725761
1285567707073716225
1285567723746070533
1285567744356777986
1285567799096512512
1285567807401406465
1285567835939405824
1285567836711247874
1285567853639413767
1285567861705105410
1285567880839467008
1285567883989315584
1285567894986698752
1285567912464592899
1285567938196434945
1285567966826946562
1285568034246135808
1285568058782875648
1285568064210124800
1285568072531795968
1285568102260973568
1285568164898787328
1285568189531922434
1285568193696858113
1285568206099406854
1285568211149365248
1285568227444240386
1285568232003383296
1285568236034154497
1285568246549303296
1285568257001488385
1285568264727396358
1285568269848461312
1285568273648623621
1285568273682243584
1285568286969790464
1285568310843600896
1285568323661565953
1285568338941358080
1285568340208082944
1285568357014671360
1285568395619061761
1285568401784463360
1285568408155758592
1285568418322747394
1285568425310539777
1285568449591357440
1285568470923575298
1285568495111954433
1285568533561331717
1285568566817886212
1285568577748303873
1285568613789978624
1285568672023674882
1285568672740839426
1285568688079302656
1285568789048954882
1285568793482334208
1285568794254086145
1285568797391204352
1285568797760303105
1285568822972502018
1285568823475798018
1285568842861703176
1285568856103116800
1285568911329632258
1285568923799298051
1285568927620386817
1285568935803277313
1285568939699965953
1285568969550843904
1285568979344465923
1285569066175004673
1285569181035839488
1285569183300739073
1285569195837493248
1285569254788681728
1285569262199939072
1285569270022275072
1285569293388779520
1285569297465704448
1285569328600023040
1285569355854622721
1285569363785977858
1285569394983219200
1285569488843272195
1285569498007973894
1285569543809703936
1285569619856625670
1285569653784403969
1285569719970549766
1285569784076275713
1285569799775543296
1285569863138902016
1285569883493859331
1285569938887933952
1285569942671241221
1285569976665923584
1285569980726153216
1285569987441287170
1285570052058685445
1285570060631842817
1285570068282318850
1285570073604820992
1285570178504368128
1285570201384296449
1285570240462630914
1285570328396042240
1285570407458693120
1285570412009725953
1285570442036731904
1285570488526229504
1285570563616931844
1285570576573227015
1285570643052777474
1285570648052510720
1285570659582533634
1285570702230224897
1285570707804450816
1285570718067982336
1285570735579303937
1285570735646412800
1285570798292434944
1285570806408454145
1285570819561840644
1285570820023017472
1285570933504331776
1285570936679346177
1285570940626239490
1285570980568588288
1285570991347970049
1285570995680694274
1285571003884670979
1285571054056771585
1285571063196250112
1285571084050464769
1285571112944861185
1285571129323794441
1285571130322030592
1285571191638560769
1285571247640846336
1285571276271230977
1285571427509448704
1285571465753092098
1285571469616074752
1285571478281490433
1285571480357679104
1285571490746785794
1285571524192276482
1285571524532015104
1285571540625612801
1285571542672343040
1285571545251840000
1285571553401372672
1285571565812248576
1285571611987304449
1285571636943626243
1285571654702321664
1285571676860751872
1285571684238385158
1285571739876032514
1285571771790290945
1285571775582044160
1285571826584817664
1285571838224072704
1285571847225049088
1285571848147787778
1285571887410618371
1285571905936936960
1285571913411166215
1285571934902779906
1285571938258042882
1285571973360345092
1285571976711610369
1285572057221271555
1285572064502378498
1285572068742848512
1285572082408009730
1285572111738732546
1285572114188324870
1285572148824666113
1285572150590611457
1285572181557215232
1285572184057020426
1285572216931913729
1285572233067364353
1285572240986329090
1285572245193187333
1285572252147146752
1285572325778378753
1285572350164045825
1285572380283281408
1285572428370980866
1285572434310107139
1285572447106932736
1285572450902835201
1285572459509448709
1285572490878566402
1285572496771543040
1285572518141722624
1285572518644985856
1285572540497301504
1285572564018802689
1285572575427465222
1285572584831094785
1285572598131314690
1285572613679599616
1285572618817609731
1285572622755835905
1285572636291010560
1285572660324257792
1285572692167610369
1285572693115445251
1285572706503659520
1285572732055240705
1285572748476141569
1285572833293201408
1285572844257193985
1285572850435403776
1285572868177371143
1285572875513139200
1285572876125401089
1285572883167641601
1285572887416459268
1285572903577231361
1285572908581036033
1285572929699418114
1285572937668603907
1285572963400658945
1285572972443348993
1285573026160009216
1285573033743323137
1285573037765595136
1285573113388961792
1285573134242836480
1285573168145588224
1285573250710409218
1285573252916682752
1285573272646692864
1285573307375521793
1285573370264920065
1285573454209654789
1285573460727443456
1285573482923741184
1285573491639582727
1285573524539629575
1285573532890664969
1285573541417619457
1285573554290008065
1285573554814296065
1285573558509481985
1285573575655776258
1285573579380334592
1285573591556186112
1285573600758702080
1285573646002515968
1285573671898185728
1285573692743913473
1285573734254948352
1285573738772271104
1285573755956232192
1285573759898771462
1285573793109422081
1285573826382909441
1285573842627420162
1285573923107753988
1285573942674153473
1285573978279383041
1285574000052187136
1285574022181289986
1285574023997464577
1285574032046215168
1285574054687244288
1285574057388150790
1285574066246737920
1285574107531227137
1285574132973948930
1285574204838998016
1285574221465346048
1285574224707559424
1285574275240464386
1285574301165465600
1285574321893670914
1285574348607123456
1285574359596314624
1285574417519534081
1285574432816275462
1285574460053979142
1285574462818193408
1285574474591428608
1285574539070627840
1285574573115748352
1285574576999739393
1285574623913029633
1285574630560808961
1285574661510660097
1285574719178027008
1285574728615419906
1285574741915586561
1285574751654535171
1285574807581421568
1285574813067747328
1285574841387618304
1285574850170384384
1285574854511452165
1285574899600363520
1285574904390103043
1285574909226180608
1285574916268453888
1285574938330464261
1285574968055599105
1285574971322925056
1285574971381743619
1285574984748982273
1285575009772228609
1285575055313960961
1285575072439308288
1285575096707330048
1285575110729043971
1285575164864925697
1285575173060661249
1285575176667770880
1285575190286684162
1285575242543362049