1285076981873344512
1285077017185017858
1285077037116461056
1285077058142400520
1285077061841772544
1285077121010855936
1285077146369765378
1285077187692040192
1285077201205903360
1285077205530230784
1285077211649675264
1285077217500962816
1285077225281171457
1285077241362370563
1285077271108354050
1285077305950437377
1285077311423840256
1285077372706992129
1285077426003795968
1285077426633146374
1285077485776928773
1285077507306184704
1285077674482896896
1285077678920359937
1285077686721720321
1285077728585285637
1285077767092965376
1285077804527181824
1285077833199562752
1285077838006292482
1285077875901816833
1285077902493655046
1285077935263592449
1285077942759034880
1285077942788395009
1285078022735962113
1285078031145619456
1285078031497867264
1285078109906071552
1285078196141076480
1285078244824420353
1285078253544202242
1285078278433169408
1285078289875382277
1285078301657178112
1285078308082913281
1285078337715609601
1285078341813334016
1285078354027216898
1285078384133857281
1285078393600405504
1285078458440318987
1285078504976060416
1285078526157139969
1285078527033905155
1285078538866118656
1285078612597592065
1285078630255624195
1285078692092354560
1285078693451304960
1285078736803594240
1285078764519485440
1285078819053936641
1285078865497350144
1285078866248249345
1285078952994799616
1285079016085622786
1285079053700038659
1285079071488180224
1285079099992608768
1285079201024839681
1285079231517429762
1285079235078631424
1285079269174063105
1285079284718219268
1285079297242198016
1285079306306236416
1285079326778626048
1285079344247902210
1285079347779391489
1285079348396068864
1285079349432061957
1285079356440743937
1285079368931307521
1285079488108335111
1285079708699365378
1285079708917354498
1285079722649702402
1285079771924357120
1285079822801108992
1285079879793418240
1285079902270689280
1285079913792507907
1285079920465649664
1285079956146409472
1285079982360805377
1285080003223281664
1285080127932715008
1285080152888705024
1285080157749993472
1285080177689726976
1285080178830356480
1285080217258725378
1285080270522265601
1285080275949502464
1285080282866098177
1285080299282427904
1285080397232013312
1285080409873829889
1285080442295554049
1285080501699645441
1285080514148421635
1285080605642731520
1285080623628132352
1285080681698271232
1285080694151094272
1285080695065284608
1285080702296494085
1285080747188117507
1285080803832221699
1285080821984931840
1285080865924460545
1285080892122095623
1285080920769388549
1285080969582481408
1285080986649149440
1285081004999421957
1285081006106542080
1285081026029514752
1285081045860102144
1285081098087575553
1285081134708281345
1285081151040901122
1285081152278220801
1285081169843884033
1285081171760754690
1285081185496870913
1285081202668580864
1285081243177103360
1285081343286751232
1285081361879973890
1285081387427442689
1285081416431284224
1285081453341147136
1285081503890800641
1285081524476563464
1285081553001996290
1285081573939789824
1285081608274362368
1285081626116911104
1285081629874991104
1285081742827819010
1285081743888838656
1285081747244359680
1285081784091279361
1285081813640269824
1285081855625060353
1285081864894509056
1285081872377290753
1285081949086851072
1285081949581619200
1285081979646390277
1285082011556737025
1285082028359155712
1285082030246629376
1285082032989777920
1285082037993435138
1285082078657183745
1285082136761061376
1285082241601884160
1285082279707136001
1285082415971610625
1285082451002322946
1285082451421741058
1285082456123756544
1285082510867574784
1285082560809164802
1285082568186933249
1285082572226277376
1285082574067503107
1285082618850160640
1285082632066228224
1285082635656667137
1285082636747251712
1285082651385368576
1285082664840712193
1285082736747782145
1285082828523409409
1285082899570741256
1285082912761745408
1285082955380121606
1285082984039829504
1285083068202545153
1285083068458557441
1285083109512413185
1285083140080443393
1285083147814629376
1285083170082299904
1285083231335768064
1285083283911356422
1285083289922002947
1285083311686086656
1285083336122290176
1285083396453146624
1285083408331309056
1285083442699354113
1285083499767017475
1285083540267298816
1285083597452394496
1285083617379704832
1285083697910132737
1285083698497335296
1285083702377107456
1285083710375821313
1285083776951955458
1285083805926199296
1285083906786508806
1285083995550609409
1285084058603515904
1285084066123902976
1285084078102831105
1285084101372870656
1285084137418682368
1285084158042296321
1285084159518679041
1285084172575363072
1285084267912077312
1285084385679536128
1285084471989989376
1285084477891342336
1285084506806906880
1285084521893748736
1285084532220321792
1285084548292907008
1285084632644452352
1285084633915289600
1285084662629634049
1285084809711292416
1285084818741571584
1285084842015817729
1285084963868749824
1285084980113281024
1285084993484541952
1285085011239071744
1285085025747316736
1285085148975783936
1285085232656347136
1285085257973346306
1285085259390832641
1285085299165532161
1285085382728720384
1285085392123891713
1285085434360459265
1285085458662227968
1285085459006160896
1285085463502401537
1285085464395943936
1285085508809310208
1285085576408883200
1285085647485595648
1285085681849708544
1285085693325148160
1285085699931168768
1285085715416653824
1285085736048312321
1285085739684753409
1285085849500241920
1285085874938695680
1285085879594147843
1285085910455861249
1285085930978545664
1285085981482221569
1285085999257669632
1285086021378543617
1285086022527787013
1285086051749552128
1285086070862786560
1285086091863703552
1285086137921544192
1285086138827304961
1285086155155795968
1285086181018001409
1285086202123546625
1285086290162008064
1285086311221800960
1285086326392410112
1285086361947705344
1285086477697921025
1285086559063040000
1285086571276890119
1285086680014364673
1285086741393600512
1285086754479861760
1285086802374733825
1285086805184962561
1285086830409342976
1285086855017508865
1285086958054789120
1285086961812856832
1285086977197563904
1285086996268904454
1285087018826051584
1285087027055276032
1285087040493813760
1285087040829157376
1285087104540856320
1285087148941746176
1285087165513216000
1285087186560286720
1285087194424565760
1285087216813789184
1285087272308666374
1285087313417183232
1285087330387271681
1285087359940399104
1285087413702991872
1285087463686336513
1285087501544116225
1285087612772814848
1285087631047458818
1285087673368158208
1285087679357620224
1285087720738394117
1285087753751810049
1285087765101715461
1285087779559550977
1285087781933338624
1285087828280512512
1285087862023573505
1285087871356096512
1285087913978368002
1285087930164207617
1285087942021648385
1285087946358521856
1285087963689492483
1285087971184697344
1285087975936860160
1285088050695962625
1285088055934676993
1285088067506843648
1285088071046897666
1285088088549732359
1285088110028693504
1285088113954521088
1285088140026433540
1285088166114779136
1285088177624018944
1285088186172084225
1285088190056009729
1285088247991824384
1285088248755359744
1285088273761800192
1285088319400030208
1285088327947845632
1285088428074262528
1285088474576465920
1285088486337294338
1285088525679984640
1285088526782984192
1285088533644902407
1285088595636662273
1285088614209081345
1285088676775485440
1285088748363894785
1285088764964945922
1285088864600829954
1285088885979004928
1285088931650826240
1285088949078077440
1285089008108929024
1285089017759797248
1285089072696881155
1285089209091489792
1285089308672548866
1285089342877167617
1285089439484502022
1285089443167207425
1285089587199488005
1285089699455881216
1285089736663666688
1285089767659638784
1285089799808757760
1285089807924961280
1285089815730335744
1285089822051143680
1285089837876301824
1285089846931881984
1285089853491875841
1285089904658051073
1285089920474730496
1285089943094587393
1285090009335369733
1285090022908022784
1285090033507225600
1285090038577893379
1285090040725434368
1285090131574239232
1285090164491132928
1285090202575306753
1285090206752923648
1285090232317161472
1285090308884234241
1285090316370866178
1285090421295718401
1285090442292473857
1285090458012545024
1285090547665899520
1285090572194070529
1285090597771018240
1285090639407919104
1285090665379004417
1285090723759640577
1285090774304976897
1285090785864499201
1285090789740224513
1285090810489274369
1285090835525251072
1285090928101691392
1285090937870233607
1285090983164514304
1285091053176061953
1285091133702451200
1285091134180454402
1285091156242632704
1285091169517486080
1285091204812754944
1285091205538361344
1285091208549683201
1285091212169555968
1285091239444930560
1285091255735721991
1285091263847505920
1285091292750520320
1285091293689982977
1285091297112526854
1285091310605484034
1285091311289159680
1285091344403369984
1285091348400537600
1285091366243110912
1285091385943764994
1285091415924436992
1285091540206051328
1285091574192304130
1285091603825266688
1285091619138465793
1285091643046064134
1285091692974989312
1285091721060155393
1285091730631557120
1285091750986432513
1285091759849078784
1285091768669630466
1285091830397308928
1285091868603150336
1285091885514543110
1285091888236830720
1285091926031495169
1285091993513852930
1285092028565659654