1283265042230546432
1283265089923977216
1283265124858560513
1283265155703271424
1283265185289924608
1283265227027554304
1283265244467527680
1283265316911329280
1283265340747718656
1283265369394810883
1283265374658727936
1283265437803753472
1283265523103363072
1283265529013248000
1283265546230718465
1283265583597969408
1283265588588974080
1283265613666770945
1283265686769287170
1283265692654014464
1283265750904406016
1283265751646969857
1283265768218558464
1283265823507791872
1283265845041537026
1283265864259772416
1283265889660329984
1283265910413897728
1283265911575764992
1283265923026051072
1283265939924910080
1283266010804391939
1283266032526864385
1283266058749726726
1283266099296047105
1283266129218002944
1283266174738853888
1283266300257673216
1283266300718931969
1283266321703030785
1283266329492037634
1283266346600587266
1283266359506305027
1283266361758584832
1283266366913474561
1283266451806150657
1283266484429557760
1283266510912229376
1283266515047874561
1283266548539387904
1283266552633028608
1283266641606959105
1283266733680340993
1283266856619581441
1283266905025900545
1283266908758958080
1283266959342276608
1283266979231674369
1283266980196298752
1283266997963362305
1283267006712684544
1283267014493011968
1283267102225375232
1283267169015537667
1283267197511413760
1283267374481903617
1283267445407404032
1283267544414117889
1283267559056384005
1283267577150500865
1283267616715530240
1283267630929866753
1283267646880985090
1283267651956072455
1283267660130553857
1283267672810180608
1283267685439152129
1283267727185055745
1283267741441576960
1283267748353716224
1283267786039529472
1283267806813982720
1283267848299663360
1283267880860229634
1283267936770088960
1283267966579159045
1283267987198353409
1283268050582724608
1283268069184409600
1283268121655046144
1283268151589961728
1283268168262258689
1283268184938692609
1283268196762390528
1283268205683765248
1283268264022269953
1283268319382958080
1283268335866707968
1283268352211738624
1283268386454212614
1283268390241464320
1283268432184541185
1283268499331149824
1283268569686593536
1283268575688568833
1283268625210552322
1283268698887741440
1283268700313989120
1283268767414288385
1283268780001460224
1283268801807581186
1283268877003227137
1283268930610565121
1283268940400132102
1283268954534768641
1283269008913887232
1283269053755396097
1283269190657310720
1283269367434629120
1283269451429928963
1283269463924563969
1283269547194277888
1283269581092663296
1283269584854941696
1283269639724658688
1283269678438080513
1283269685346275330
1283269720251101184
1283269723468242944
1283269825456771072
1283269844931149825
1283269845786730496
1283269846491262978
1283269887159410693
1283269916087291904
1283269923612102656
1283269949901934595
1283269957304778753
1283269966892896256
1283269967329337345
1283270034186526728
1283270078004228096
1283270120459177984
1283270244564377600
1283270273697902592
1283270352228036609
1283270378714828800
1283270395383222273
1283270450014019585
1283270453478342656
1283270472268906496
1283270516174917632
1283270520276910080
1283270600450965509
1283270600593637377
1283270600748933121
1283270655115317248
1283270663382466560
1283270705803452417
1283270726288470016
1283270733708308482
1283270739261632512
1283270743250227206
1283270763164950529
1283270768068120576
1283270792843857922
1283270819557208064
1283270819968237568
1283270877254004736
1283270923462889473
1283270939824791552
1283270986402537475
1283270999153217536
1283271032288116737
1283271099149512705
1283271111711444992
1283271112848109568
1283271184063197184
1283271233824591873
1283271237544800256
1283271355924836356
1283271439928393728
1283271568605552640
1283271594392137729
1283271631805116416
1283271636578258955
1283271678211035137
1283271681461465088
1283271799741063169
1283271850487939073
1283271897388589057
1283271921346519041
1283271921480503296
1283271941978304513
1283272021921501185
1283272042909818880
1283272044453535744
1283272198174777344
1283272224225533952
1283272340327919617
1283272358871150592
1283272369855840261
1283272370573045764
1283272450696835073
1283272454903758848
1283272457986756608
1283272495798185984
1283272520607633410
1283272554296291329
1283272587225829376
1283272605114433536
1283272613742010368
1283272639184801792
1283272654305329153
1283272696789434374
1283272730817826816
1283272731908284416
1283272786551570435
1283272794596311041
1283272819137228800
1283272841895518213
1283272899361673216
1283272924426797056
1283272957431693312
1283272969452544000
1283272979514707969
1283272990759759872
1283273032421855233
1283273046086881280
1283273050390253569
1283273054240624640
1283273071453970434
1283273083068063744
1283273125929590784
1283273171060301824
1283273234432040966
1283273260147396608
1283273263439912960
1283273271987888128
1283273342720413696
1283273346814115842
1283273351402795008
1283273423586828289
1283273461113204736
1283273490465001472
1283273524174626816
1283273528477769730
1283273594689200130
1283273607343415297
1283273620580642816
1283273696661188609
1283273725098504192
1283273741464670208
1283273753930211328
1283273829624799232
1283273880803704836
1283273889301200898
1283274059619262464
1283274116791889921
1283274139726278657
1283274165798055936
1283274211071414273
1283274247830298625
1283274261935738880
1283274274229358594
1283274287525183488
1283274303891480576
1283274366617374722
1283274371252064256
1283274384505925633
1283274413035499520
1283274481503539200
1283274482103267329
1283274505012383745
1283274505054543872
1283274593575280640
1283274648197578752
1283274651725176833
1283274665570574338
1283274689440350208
1283274699120599041
1283274722688602117
1283274723300798465
1283274765742960641
1283274774068764672
1283274841550880770
1283274915731443712
1283274963034800128
1283275002712735745
1283275025324191744
1283275050980986880
1283275070853591041
1283275079745445893
1283275114121957376
1283275126704750592
1283275155796627456
1283275235542867968
1283275336206225408
1283275344682811397
1283275356808478721
1283275415017213952
1283275473485729793
1283275536492408832
1283275547234177025
1283275550421901312
1283275562216292352
1283275617505435655
1283275620487622656
1283275634219909120
1283275671511478272
1283275679736504320
1283275680126386177
1283275683893051394
1283275684278931457
1283275701181915138
1283275729321549824
1283275746501251072
1283275751676973056
1283275926533558273
1283275972981260289
1283275980841385984
1283275985467531264
1283276056640786432
1283276057466961920
1283276083111092225
1283276137490272258
1283276149402021889
1283276156226220033
1283276174324449280
1283276242167271424
1283276279689641984
1283276280348192773
1283276287331627008
1283276306831028225
1283276334060326912
1283276367224811520
1283276371343671296
1283276438653808640
1283276445964472321
1283276450930454528
1283276455376388099
1283276464650059776
1283276485638455296
1283276518492303362
1283276522665771010
1283276523269697537
1283276648272392192
1283276657185492993
1283276736424288258
1283276799762472960
1283276801079308289
1283276845362880512
1283276854590271488
1283276906931130368
1283276924832419840
1283276929702014977
1283276938497232897
1283276985154715649
1283277018088345607
1283277025529278464
1283277102452637696
1283277109805248513
1283277113525706754
1283277122727890946
1283277143347269633
1283277143380762636
1283277143552610304
1283277166390546432
1283277206534467592
1283277231029010432
1283277263778148352
1283277302831480833
1283277323731472384
1283277365620011008
1283277441235124234
1283277449573220353
1283277453482496000
1283277553592086528
1283277621430812672
1283277636001619969
1283277798514122752
1283277835835064320
1283277960699666432
1283278019721695232
1283278026747318272
1283278027925798912
1283278133580398592
1283278149493628929
1283278205202374656
1283278300857720833
1283278322781294592
1283278431694790657
1283278503165792259
1283278509901660166
1283278518797963266
1283278532068511745
1283278616437153792
1283278682635808768
1283278729578348550
1283278763548127232
1283278825812623360
1283278839104274435
1283278875967942656
1283278909459632128
1283278939247398913
1283278959011143680
1283278965742993408
1283279065244405760
1283279126858612737
1283279219221381120
1283279244358033410
1283279245620453378
1283279278034030593
1283279298959466496
1283279317217284096
1283279345499480065
1283279354580041733
1283279410464948224
1283279417838432256
1283279465670483968
1283279556841844736
1283279593202483202
1283279593777106947
1283279600827674624
1283279685539917824
1283279710055624704
1283279775537278976
1283279833275875330
1283279891849502720
1283279915534692352
1283279919888269312
1283279963026841600
1283280032845225984