1280728323363127297
1280728327930744832
1280728339196542976
1280728355990573056
1280728382716682240
1280728393751781376
1280728416115974144
1280728425154527232
1280728449389178881
1280728478816645120
1280728533585866753
1280728596554924037
1280728600162033664
1280728612304351234
1280728612686061568
1280728633414467586
1280728633456418817
1280728649281335296
1280728734866210816
1280728742394986496
1280728789866016769
1280728807066857472
1280728819364540416
1280728885412474880
1280728889980063745
1280728916227833856
1280729009626574849
1280729039104126976
1280729041574588416
1280729163096186880
1280729167567388672
1280729175381303298
1280729255652048897
1280729346722934784
1280729347440013312
1280729368759873536
1280729585873645568
1280729628680679424
1280729648637280256
1280729742396854272
1280729746129580033
1280729787452076032
1280729816933773312
1280729845719109632
1280729901155246080
1280729959032479745
1280729981199568900
1280730062694887424
1280730069141532678
1280730107045466115
1280730119557074944
1280730144886280192
1280730182186414082
1280730214805504000
1280730248582234113
1280730270048686080
1280730350478454784
1280730395844022272
1280730459614449664
1280730585284182016
1280730613025292289
1280730617991196672
1280730622512623617
1280730627810058244
1280730634764251136
1280730635628244997
1280730665034682369
1280730668943773696
1280730701684371457
1280730720265220098
1280730747930923008
1280730811029995522
1280730814423142406
1280730828008382464
1280730844735451136
1280730908123938816
1280730921092763649
1280730941539975169
1280731113779011584
1280731133471330304
1280731158393745408
1280731218833575944
1280731259090673664
1280731260487258113
1280731284323647488
1280731298147921922
1280731347682603008
1280731365273550850
1280731398093934592
1280731398907686913
1280731424992026625
1280731491673260032
1280731514620334081
1280731519544254464
1280731557318328320
1280731578705068033
1280731687647879168
1280731730836484096
1280731802680750080
1280731892497735680
1280731911447592960
1280731929197907970
1280732001847435266
1280732014795091969
1280732081211891712
1280732092054159360
1280732127630446593
1280732130784444416
1280732141983236099
1280732169867079682
1280732224745205760
1280732232177549312
1280732289647833089
1280732425849581569
1280732487950336003
1280732505071472641
1280732560180547584
1280732576458530819
1280732585061056513
1280732605952872448
1280732635203919879
1280732643894706176
1280732697879621632
1280732724999999489
1280732761569910784
1280732780217774080
1280732786949681152
1280732823805181954
1280732867870568450
1280732908924231680
1280732962640859136
1280732996278947841
1280733007796563968
1280733025727217664
1280733071889903617
1280733105008115712
1280733112981491712
1280733118522146816
1280733122435223552
1280733142962356225
1280733226286415872
1280733348533501953
1280733352270663680
1280733432562188293
1280733484332412928
1280733487499182080
1280733487801208833
1280733528565538817
1280733586107351040
1280733616528437249
1280733617501753344
1280733637202317312
1280733717368131584
1280733730248765441
1280733801501450240
1280733839850000386
1280733856052568064
1280733901816770561
1280733902622150656
1280733927498448896
1280733930497269761
1280733940211310593
1280733957290463233
1280733977372790784
1280734003717431296
1280734007748186113
1280734057333092354
1280734167223996416
1280734171397148672
1280734262409539584
1280734282877730816
1280734321557602310
1280734324027990017
1280734347021205505
1280734426494832640
1280734496409739264
1280734526839427077
1280734527242088455
1280734619097169924
1280734795480264704
1280734803411812353
1280734819400527872
1280734832562143232
1280734935205085186
1280734977697579008
1280735009134043137
1280735080512512001
1280735236486082560
1280735277409918976
1280735302814859264
1280735349224943617
1280735374009143296
1280735386717675520
1280735420557361152
1280735430057459712
1280735483815800832
1280735491013279744
1280735503843651584
1280735541802270720
1280735550023118848
1280735575558012928
1280735580616183808
1280735594084134912
1280735606184775680
1280735609129013248
1280735672093995008
1280735704398643200
1280735709305794561
1280735747759386624
1280735750305308677
1280735814553657345
1280735821641981955
1280735831783694336
1280735866772582402
1280735927636115457
1280735932883234817
1280735974155259904
1280735990806482944
1280736002907140102
1280736031881326592
1280736045336690690
1280736058066587653
1280736075737112581
1280736225066987522
1280736263608266753
1280736301784817670
1280736435792830464
1280736495167471622
1280736591384735744
1280736603640492033
1280736608703008768
1280736622305132545
1280736703762890752
1280736771198738432
1280736801485811712
1280736875788087296
1280736879453671424
1280736888614199297
1280736903139123200
1280736940103479296
1280736943437828096
1280736958906396672
1280736971791319040
1280736979395784704
1280736979747893248
1280736993442398208
1280737042985562113
1280737077357731840
1280737086102880256
1280737159104868353
1280737160614854656
1280737186153992198
1280737248950902784
1280737274498396160
1280737303669862400
1280737344530845696
1280737392652156928
1280737399329320963
1280737401745309696
1280737429532446721
1280737513598939136
1280737564119281665
1280737571660689408
1280737601981308928
1280737647623917569
1280737647766278144
1280737706658668546
1280737739906809856
1280737765475397632
1280737818080276480
1280737823306534912
1280737844856713216
1280737878709088256
1280737946367406080
1280737970501214211
1280738008531177474
1280738009181085696
1280738012008251392
1280738012473683969
1280738034451992576
1280738042827980801
1280738050163662848
1280738120493699072
1280738153721028608
1280738188365934592
1280738263783915523
1280738343286947841
1280738393501184000
1280738473939353601
1280738649458511872
1280738725417283586
1280738737983545344
1280738847123439616
1280738877188321282
1280738880191373312
1280738881629876229
1280738948210360321
1280738982695890944
1280739057346240513
1280739094234927106
1280739125247856643
1280739132948373504
1280739162036097025
1280739245011976192
1280739253857603584
1280739291195297792
1280739292399185922
1280739320626733057
1280739400633274368
1280739421583626240
1280739446472749056
1280739538382585856
1280739568204034049
1280739651926601728
1280739716363685890
1280739757073395712
1280739799989735426
1280739870223335429
1280739920940797952
1280740009180422144
1280740026536484864
1280740055003418629
1280740097227358210
1280740115049046016
1280740126491054080
1280740232351092736
1280740265683292161
1280740335841247233
1280740340975013890
1280740356871471104
1280740386311454720
1280740459674046464
1280740512895430656
1280740528515092481
1280740530297724928
1280740540967862274
1280740566729396224
1280740595720323072
1280740639039270916
1280740655120003072
1280740663378579456
1280740696245198848
1280740762121129986
1280740776918556672
1280740819092283393
1280740831125741568
1280740885655957507
1280741041692262400
1280741069823651841
1280741094779768833
1280741146222686208
1280741162396069888
1280741208189534209
1280741222257094656
1280741234756157441
1280741262912483328
1280741306982006784
1280741330252189696
1280741359612280833
1280741494975008768
1280741540416159744
1280741586087948288
1280741648390127616
1280741661891530753
1280741716719546368
1280741767629860865
1280741795287064576
1280741813008171008
1280741817789501440
1280741897368227840
1280741980968906752
1280741984517398528
1280742054495088642
1280742131603173376
1280742153690345472
1280742199009910791
1280742261404426240
1280742319893831682
1280742425649123328
1280742426022305792
1280742521094713345
1280742521404919808
1280742558528831488
1280742571757592576
1280742576560037890
1280742625570668544
1280742669275353088
1280742673523998720
1280742710563880960
1280742723352440832
1280742734844899328
1280742789911678981
1280742790591176705
1280742823386628102
1280742827937476608
1280742844098060288
1280742856563601409
1280742907150991360
1280742923907129345
1280742954080940038
1280743016865632256
1280743037342289921
1280743062503907335
1280743085085986818
1280743129713434624
1280743154271084544
1280743163314016256
1280743175288651781
1280743180552425472
1280743200391651328
1280743234424025088
1280743239063134208
1280743289239396353
1280743318188552192
1280743327109873666
1280743385687621634
1280743401772679168