1285801746439135232
1285801747345100803
1285801791309918208
1285801832946831360
1285801933215858692
1285801946184421376
1285801954954956800
1285801975683207168
1285802043316350976
1285802055433502720
1285802063922749440
1285802080670756864
1285802093660368896
1285802105748418567
1285802177567416320
1285802199235227653
1285802231632064512
1285802248958877698
1285802257087254528
1285802269770805249
1285802270748282886
1285802429208920066
1285802470921338880
1285802534276300800
1285802572452966401
1285802636659380224
1285802688832299008
1285802694196768769
1285802702631395328
1285802745023389697
1285802760814899201
1285802771967606786
1285802780888727554
1285802793484222465
1285802807015211010
1285802835020525570
1285802870546272257
1285802914972229634
1285803008316657664
1285803057360453632
1285803083092680704
1285803101925126150
1285803142219792384
1285803200021323777
1285803234381234176
1285803247391830016
1285803251858698242
1285803254614421504
1285803260205510656
1285803286189281285
1285803288953344000
1285803298688126976
1285803432591360000
1285803469417385985
1285803480800653313
1285803511507308544
1285803522169036800
1285803578704134146
1285803602892607488
1285803616901771265
1285803617967132674
1285803666423730178
1285803696027086848
1285803696257998848
1285803745985486848
1285803749840044034
1285803771662987264
1285803787559383040
1285803797059706881
1285803804412260353
1285803817448222722
1285803879930757121
1285803909295079425
1285803984893050880
1285804018917203968
1285804019756134400
1285804081555136512
1285804083736002560
1285804105244577792
1285804161750073344
1285804170184847362
1285804206553567232
1285804215365967875
1285804232839499777
1285804249008373761
1285804281803804672
1285804283842244608
1285804344978427904
1285804375764598790
1285804396505264128
1285804422476390400
1285804437840134144
1285804504856707078
1285804531045896192
1285804547139657728
1285804606631620608
1285804655893549057
1285804660410859523
1285804701993234432
1285804723258322947
1285804751930535936
1285804752102584320
1285804774420557824
1285804781479452673
1285804794280579072
1285804811846221825
1285804942670913542
1285804942754816000
1285804980788539393
1285805012464148480
1285805016041902080
1285805054574944257
1285805068373987328
1285805075408080898
1285805147780775937
1285805160548139009
1285805171600027648
1285805240420233219
1285805247118680065
1285805281038020608
1285805318417584130
1285805339917586432
1285805344820654081
1285805370443739136
1285805393390772230
1285805469714583552
1285805498814459904
1285805521027493890
1285805528590028800
1285805532079689730
1285805537054072832
1285805679538831360
1285805704557854720
1285805745083224064
1285805746920144896
1285805805791596544
1285805823508217856
1285805826544816128
1285805843544498178
1285805864230612994
1285805869683204097
1285805942467112960
1285805944241356800
1285806045688811520
1285806070414348292
1285806095898783744
1285806099317379072
1285806148835258368
1285806179059486723
1285806182716899329
1285806190169997313
1285806235921666050
1285806238790344704
1285806241328111616
1285806244029067264
1285806250349998080
1285806256922345472
1285806258784817153
1285806309321973761
1285806325377626112
1285806337981644800
1285806351592103937
1285806359544397824
1285806401051295745
1285806455845724161
1285806477811126273
1285806518332514304
1285806540243390464
1285806553237512192
1285806610225528832
1285806631993913345
1285806661400096769
1285806665108000768
1285806711043788801
1285806727930081281
1285806779121598464
1285806788856537089
1285806788860772352
1285806812088930304
1285806917231804417
1285806925666349056
1285806997074513921
1285807050488979457
1285807059087159296
1285807084576010242
1285807105597820928
1285807105899806721
1285807143527092225
1285807198614851586
1285807208249229313
1285807219796324358
1285807265774100480
1285807312310067202
1285807349089746944
1285807353770602497
1285807379431424002
1285807387199172608
1285807395633942528
1285807402919526403
1285807412621062147
1285807420111851520
1285807424557903876
1285807499875160064
1285807598172884993
1285807598927839232
1285807600324550656
1285807629294501888
1285807672407797760
1285807722965938176
1285807730062774273
1285807781686075393
1285807819296346114
1285807820181401600
1285807836136706048
1285807910413459457
1285807965593833472
1285807975320506369
1285808025610055680
1285808033633726465
1285808055435722752
1285808138684452864
1285808158208745472
1285808191985659904
1285808243206389765
1285808254115655680
1285808279902474240
1285808296109244418
1285808317097541638
1285808320826077185
1285808348391026688
1285808393719095297
1285808409795686406
1285808426677764096
1285808485284732928
1285808570450100229
1285808586699005952
1285808620777738240
1285808641879224321
1285808679695060992
1285808691183312902
1285808767221870596
1285808780131917824
1285808825971466241
1285808871722889216
1285808872574210048
1285808958989467648
1285809044154875904
1285809087054327808
1285809098626236417
1285809135502725133
1285809221146218496
1285809274153775105
1285809287969660930
1285809291530649602
1285809362775072773
1285809370924822533
1285809400301547522
1285809434523054081
1285809449697980421
1285809458195714049
1285809463291547648
1285809596892766209
1285809605227020288
1285809642367602689
1285809655709487110
1285809659773964288
1285809751872245767
1285809791466532864
1285809803583983623
1285809811121008640
1285809837159452673
1285809846349000705
1285809866213400578
1285809870663569408
1285809884601163776
1285809961679728641
1285810000162504704
1285810080638627840
1285810109289922561
1285810135009394688
1285810145868623874
1285810204978720768
1285810227670126593
1285810344594636802
1285810403243692038
1285810419391750145
1285810436022005766
1285810469308006401
1285810474903392257
1285810537188569088
1285810565726769153
1285810590754041856
1285810613235531776
1285810620663726080
1285810621326516225
1285810638506336256
1285810639026487297
1285810662325850114
1285810662975901697
1285810667728011264
1285810670777380865
1285810692956856320
1285810727547265027
1285810816126611456
1285810837324656643
1285810842664140800
1285810921944674304
1285810944329670656
1285810986574729218
1285810990383153154
1285811099103707136
1285811120461303809
1285811123334381570
1285811137263529984
1285811157618561024
1285811165298413568
1285811172466282496
1285811177713332225
1285811182981582848
1285811200106921984
1285811208386379777
1285811249628897280
1285811287801253888
1285811304607952896
1285811325541552128
1285811353404313600
1285811393376157697
1285811417858347008
1285811435394629632
1285811442160226305
1285811543938961415
1285811555251167232
1285811567947247617
1285811590571466754
1285811623865745408
1285811630857695233
1285811660872134656
1285811694065729541
1285811749342642177
1285811803671289857
1285811813502857221
1285811883451183107
1285812037738622976
1285812105451655169
1285812148006985728
1285812184514203649
1285812185088892928
1285812185286029312
1285812206383165440
1285812226410962944
1285812259525218304
1285812278206570501
1285812302826991617
1285812357126651905
1285812378999848960
1285812394162155522
1285812408645300224
1285812495781974016
1285812502610116608
1285812524710060032
1285812541126438912
1285812549418717189
1285812579235803137
1285812583195262982
1285812584399151104
1285812588262166528
1285812608113745920
1285812608147296256
1285812617760526336
1285812696919744512
1285812798228967430
1285812837730840576
1285812847876988928
1285812946749149187
1285812960586334208
1285812994035703810
1285812998905327617
1285813006430068736
1285813040512765952
1285813055386001408
1285813058456223744
1285813087057190912
1285813091217879047
1285813102584442886
1285813149736685569
1285813191134662658
1285813206716346368
1285813232897191937
1285813321376034816
1285813389198077954
1285813419963285504
1285813428150349826
1285813434458820609
1285813442562203648
1285813464439521282
1285813464909451266
1285813474069708800
1285813523449368576
1285813552180277248
1285813561650868225
1285813573042634754
1285813585776488448
1285813630026407937
1285813644308049920
1285813837170540544
1285813874596274177
1285813907836342272
1285813920796569600
1285813933475938304
1285813947300376578
1285813968347566083
1285813984378015744
1285813988815765511
1285814039839412225
1285814046390771714
1285814046671818752
1285814071753797633
1285814173667135488
1285814181413830658
1285814191090282497
1285814193401323520
1285814219317878784
1285814223327514625
1285814286091075584
1285814304046899200
1285814306328793088
1285814379284328448
1285814416424894466
1285814460062420994
1285814487484899330
1285814499815985153
1285814518015131648
1285814562982432768
1285814580384423936
1285814591914532864
1285814613842501634
1285814648579584000
1285814706200961024
1285814739868606465
1285814748315959296
1285814803944968192
1285814819518586881
1285814834924326915
1285814839558930432
1285814846202818561
1285814950821113857
1285814982840586240
1285814986691039233
1285815032819757056
1285815074725040128
1285815076579086336
1285815087828209664
1285815105041494016
1285815112956121090
1285815126407471104
1285815213107720193
1285815240626757633
1285815250470572032
1285815251448061952
1285815310570803200
1285815377344094208
1285815381932650496
1285815474123489281
1285815474433875968
1285815503391297537
1285815516154572800
1285815520067977217
1285815528892674048
1285815565857292289
1285815624896319488
1285815652381528064
1285815671243374592
1285815671654420480
1285815690570592256
1285815724569550848
1285815862805450753
1285815875652644865
1285815901988634624
1285815926122676225
1285815930266755072
1285815939837988865
1285815959945490433
1285815972541222913
1285815986508255233
1285816035539668992
1285816047430320128
1285816168368889856
1285816196399415296
1285816244529053696
1285816266062610433
1285816283582222336
1285816306722312193
1285816350791720960
1285816611018952705
1285816652555333632
1285816711799664642
1285816743798009856
1285816744557207553
1285816764786409473
1285816778623537153
1285816834537578496