1279671380103970817
1279671466485669889
1279671543841255425
1279671550082519040
1279671631548420097
1279671795692515328
1279671820896124930
1279671833214812160
1279671839862775808
1279671854530277378
1279671888529195008
1279671937527144449
1279671954241454080
1279672031181668354
1279672072462053381
1279672088517697536
1279672111842365445
1279672139835113473
1279672197959888896
1279672231656898562
1279672308567699456
1279672345343528960
1279672362695159808
1279672386204258304
1279672445352292353
1279672513534951429
1279672554551037952
1279672592199307265
1279672635157291014
1279672676731121664
1279672679977623554
1279672713942949888
1279672756813078528
1279672781190422529
1279672839675707393
1279672919707303938
1279673142336765952
1279673163601698816
1279673201023426563
1279673213543313409
1279673309483929601
1279673318392713223
1279673389003743233
1279673469115027456
1279673486869319680
1279673531702358017
1279673585989189633
1279673594612551681
1279673631971344384
1279673724552261632
1279673788523782145
1279673809625321474
1279673877522595841
1279673908699049985
1279673913056739339
1279673931461472257
1279673965154197504
1279673996833812482
1279674048860037122
1279674059593310208
1279674103159500800
1279674149556772866
1279674198311546881
1279674221581398018
1279674233581441025
1279674236433575936
1279674321527545857
1279674324102926338
1279674324836708352
1279674330302033920
1279674331518259200
1279674370089082880
1279674409486336000
1279674442248065024
1279674531527839744
1279674538180182017
1279674559579504640
1279674567695441920
1279674638503739392
1279674657822687232
1279674706312826880
1279674714148024321
1279674736298078210
1279674748583186433
1279674765641465856
1279674772692090881
1279674820163067904
1279674894557392898
1279674920272830464
1279674925352132608
1279674947011575808
1279674950685806592
1279675063759892480
1279675071544483841
1279675139030999041
1279675252373504002
1279675335471177729
1279675343679352832
1279675382552133632
1279675460813754368
1279675487212756992
1279675499351023616
1279675519978532864
1279675535178768385
1279675670554009603
1279675677600559105
1279675738363437056
1279675766557626368
1279675894328524806
1279675933897584640
1279675952037982208
1279675980211257344
1279676002587734016
1279676015762042880
1279676048335085568
1279676104580624386
1279676110427611138
1279676133919698945
1279676174042632193
1279676292787589123
1279676367697784832
1279676392129490946
1279676418608320512
1279676421456252929
1279676446898900992
1279676462841372672
1279676560891621376
1279676589907689473
1279676623025930241
1279676711873937411
1279676750314663937
1279676762188853251
1279676829251624961
1279676860478246912
1279676934838943750
1279676945819549697
1279676958171938816
1279676972461748226
1279676983014653952
1279676991545815040
1279677004841799680
1279677047313272832
1279677089852067840
1279677206923534336
1279677227936841728
1279677265195020289
1279677277177999360
1279677315631288322
1279677346224566272
1279677383973339136
1279677492832301056
1279677514336493569
1279677516320555008
1279677575133085696
1279677612160360448
1279677679395094529
1279677679785172993
1279677806960467969
1279677822785581058
1279677873767530496
1279677904494845952
1279677929782415361
1279677935880822785
1279677983133962241
1279678002239090700
1279678006760484865
1279678069490561024
1279678134439329792
1279678179058216961
1279678191490170881
1279678195080613888
1279678232288083970
1279678237883404288
1279678251640795136
1279678317248032769
1279678367084810241
1279678399326244865
1279678557267136512
1279678621091794944
1279678700611567616
1279678704767995904
1279678712133218305
1279678724737134592
1279678753262784512
1279678894166212608
1279678945986842624
1279678957844140032
1279679016744579079
1279679069001412608
1279679093139632128
1279679097996824576
1279679119043842048
1279679178518999040
1279679265726885890
1279679353597554688
1279679450767142913
1279679464079683584
1279679504663957504
1279679531285196810
1279679592605810688
1279679627196272643
1279679694657314816
1279679772906475521
1279679819186200579
1279679849368608768
1279679978821410816
1279680032353345537
1279680045909409792
1279680172002852866
1279680196413542400
1279680284921913344
1279680292924477441
1279680382300909568
1279680427045933056
1279680464874139649
1279680585833775104
1279680616259338240
1279680712980017152
1279680715957825538
1279680725646741505
1279680729849315328
1279680842973896706
1279680910837706752
1279680952223047685
1279680971273654272
1279681057667727360
1279681072591187970
1279681107613618181
1279681123581169664
1279681127041634306
1279681173426339841
1279681245891514368
1279681262660263938
1279681291483598848
1279681294633521153
1279681319639953411
1279681336219852807
1279681370575364098
1279681371321974784
1279681555770732544
1279681560367648769
1279681563500789762
1279681593754468352
1279681627518464001
1279681673257500672
1279681701606612994
1279681727204438017
1279681875145973760
1279681916174827521
1279681934550056961
1279681944641404928
1279682034005241857
1279682113118273536
1279682142017028096
1279682158077128704
1279682261667868673
1279682265736454145
1279682298854674432
1279682312624459776
1279682319406608384
1279682408086896640
1279682465884323841
1279682519823073282
1279682541658701825
1279682558054133760
1279682629021970437
1279682631744008193
1279682638903730177
1279682742897106944
1279682851626192896
1279682855233175552
1279682881481138176
1279682922447077378
1279682952448757762
1279683015342526464
1279683032081936384
1279683061777600512
1279683203779956737
1279683228509634560
1279683263267823619
1279683291734564865
1279683307693903874
1279683327176462336
1279683514946981889
1279683577857413121
1279683582907252736
1279683595783884800
1279683622874669056
1279683627513720832
1279683632383307776
1279683697801940992
1279683701270552576
1279683710581956613
1279683725668814848
1279683769629360128
1279683817041788928
1279683833604919296
1279683926890549248
1279684000899047424
1279684029424340992
1279684072638275586
1279684157623451649
1279684165252898819
1279684182365503488
1279684198996103168
1279684218927210497
1279684352532606977
1279684379317600262
1279684429980581888
1279684432207794176
1279684449886777345
1279684458132766722
1279684571693490176
1279684655587999744
1279684677956222976
1279684713804898304
1279684727885225985
1279684728585703428
1279684832193392640
1279684889277804544
1279684975202205705
1279685040402657281
1279685058106925058
1279685059520245761
1279685100033073152
1279685130022502400
1279685138088108032
1279685175216082944
1279685184393224192
1279685280937545728
1279685348658786309
1279685393756024835
1279685402199093249
1279685452610457600
1279685464853590017
1279685497464459265
1279685549314519040
1279685569874817024
1279685570009206784
1279685610144280576
1279685617203339269
1279685623591235585
1279685695842299904
1279685745939283968
1279685754604662784
1279685780156416000
1279685837677092864
1279685866651295746
1279685887715139585
1279685967461351424
1279686027028901888
1279686039150505984
1279686080401485828
1279686087410159617
1279686173275779073
1279686177780613120
1279686191474831363
1279686270260785153
1279686341605933056
1279686366478110721
1279686391690125312