1281739990154776582
1281740018705469441
1281740018805911552
1281740084987916288
1281740098736881667
1281740116097208322
1281740127614705664
1281740129565134849
1281740140495478784
1281740174490206215
1281740191158288385
1281740195168051201
1281740229305667592
1281740250818256897
1281740253699727366
1281740300575285250
1281740309031014402
1281740312763699200
1281740380501880832
1281740383530221568
1281740396381589504
1281740405629804546
1281740491697139712
1281740551851782145
1281740569174249477
1281740572768649216
1281740626761932800
1281740627789545472
1281740631463702529
1281740640343207938
1281740678091780097
1281740691119407106
1281740765211832320
1281740803812012032
1281740807230414849
1281740823663644674
1281740903892373506
1281740950289539074
1281740959009701889
1281740962503565312
1281740996338806784
1281741010855436288
1281741020716244997
1281741021014044674
1281741038537842691
1281741041230544898
1281741042417639424
1281741051112443905
1281741059651973121
1281741109954326529
1281741126764949505
1281741130917388288
1281741176626978816
1281741292863737856
1281741298916102148
1281741303265529861
1281741309548662784
1281741426552971273
1281741460799463424
1281741493128978435
1281741537840431104
1281741541372047362
1281741555993391106
1281741558254108673
1281741570505674755
1281741575664603138
1281741599270154241
1281741633948532741
1281741710310203392
1281741721945214991
1281741737929478144
1281741776521433088
1281741789716713474
1281741861044908032
1281741946860511243
1281742015273799681
1281742074052780033
1281742163999625218
1281742179183067136
1281742187227734021
1281742258245705728
1281742285231869952
1281742377091248129
1281742417364955137
1281742464185962498
1281742472398471174
1281742519693455361
1281742522306437122
1281742550886473728
1281742594335277059
1281742611351511045
1281742682201694213
1281742706067283968
1281742708193628160
1281742719866605568
1281742741165101057
1281742762237255680
1281742804335636482
1281742901182111744
1281742933935431681
1281742934719823873
1281742981272416256
1281743172591185920
1281743186193416194
1281743195102015488
1281743223413776384
1281743233765322757
1281743257089667072
1281743292833714181
1281743328204197888
1281743362744365064
1281743374463066112
1281743515198861314
1281743517371555841
1281743525139435520
1281743538066198528
1281743554725974018
1281743571838738432
1281743647889858561
1281743663123566592
1281743747232010246
1281743752143548417
1281743786125651969
1281743810326720512
1281743831998889986
1281743848272625664
1281743870204637185
1281744020398657541
1281744063192940544
1281744082100826112
1281744084634349568
1281744100178313218
1281744138375962629
1281744142448701440
1281744151059587073
1281744163353092096
1281744191983419399
1281744196064485377
1281744196785672197
1281744222379442177
1281744227496493057
1281744246375161856
1281744267350700032
1281744300137570306
1281744329015472129
1281744333960613891
1281744357272563712
1281744373240279040
1281744402457731073
1281744432270843904
1281744461794615296
1281744465473011712
1281744481377755139
1281744544757940224
1281744561300058112
1281744572775911424
1281744574013218817
1281744588529704961
1281744611711627265
1281744620813156353
1281744624265170946
1281744654409531398
1281744678451380224
1281744704267329538
1281744737888870400
1281744741516943361
1281744758872829953
1281744762350055426
1281744775721496576
1281744775742459904
1281744788660903937
1281744845996871682
1281744851437060099
1281744880742563842
1281744893472382976
1281744932462616576
1281744935457181697
1281745009885274112
1281745010430554115
1281745010640248833
1281745039518052352
1281745039887081472
1281745073311383552
1281745073387044864
1281745090415910912
1281745094249377792
1281745111307685888
1281745187262398466
1281745190869520390
1281745211903954947
1281745228655816704
1281745262713528320
1281745279398576128
1281745366715641856
1281745504632807424
1281745535045521408
1281745537176305664
1281745551747244032
1281745568616849408
1281745572492443650
1281745618713456641
1281745622199160833
1281745644261199872
1281745708165586945
1281745776234958848
1281745819411111937
1281745853561085959
1281745874813509632
1281745874821844992
1281745903569821696
1281745907491336193
1281745907772321793
1281745997853372418
1281746010927034368
1281746066887581696
1281746113498931207
1281746160575590402
1281746169056526336
1281746201214431232
1281746205840519169
1281746230822010880
1281746248693723136
1281746285645766656
1281746314263441410
1281746319896391681
1281746357108256770
1281746377958195203
1281746406739451909
1281746410673786880
1281746491283890181
1281746495104925696
1281746540747296768
1281746579431534593
1281746595491524608
1281746595588038659
1281746608795693056
1281746628811137024
1281746675145613312
1281746687996956672
1281746763519594501
1281746784436604931
1281746812341231616
1281746822017331202
1281746872931987457
1281746886882283520
1281746889621331968
1281746952426749952
1281746956226879488
1281746993853771782
1281747010874417152
1281747043933880321
1281747044340727808
1281747052234498048
1281747056672092160
1281747086539501568
1281747107930505216
1281747136330203140
1281747141510258700
1281747153929543686
1281747175110668288
1281747204189728771
1281747276080324608
1281747288323510279
1281747338730536960
1281747344195715072
1281747346267746306
1281747359559368706
1281747383651631104
1281747422977429505
1281747438756225024
1281747439251148802
1281747442891919360
1281747468644790272
1281747548647170051
1281747555387416581
1281747558692315136
1281747580813291521
1281747602568957952
1281747602988507137
1281747650468089857
1281747719883825154
1281747769468817410
1281747786560610304
1281747791505575939
1281747795007815680
1281747795167387649
1281747878965280768
1281747899026599936
1281747914130427904
1281747929506516992
1281747941649080320
1281747992953774080
1281748026575511553
1281748035324657665
1281748102593077250
1281748168179318784
1281748236219191296
1281748278212800515
1281748289914728448
1281748311326654464
1281748336660316166
1281748340057743360
1281748353886367750
1281748369887682561
1281748402951184384
1281748412040445953
1281748439479595008
1281748453995868162
1281748457980559360
1281748499848138758
1281748520333004801
1281748537018126336
1281748542193758208
1281748554197938176
1281748620618989568
1281748667477573632
1281748668052385794
1281748671483256839
1281748675463708673
1281748677887954955
1281748706094657537
1281748726193717252
1281748730597609472
1281748743977664513
1281748781336342528
1281748813422747648
1281748818531364866
1281748822566350849
1281748843604803584
1281748856678625282
1281748906792148992
1281748919249014784
1281748943811088384
1281748974614056960
1281748974890676224
1281749019727925248
1281749020105293825
1281749075109584896
1281749187739234304
1281749198229078017
1281749217216729090
1281749246803431424
1281749275681058816
1281749279544152065
1281749288754831360
1281749299056054272
1281749305108230144
1281749388839145472
1281749393872486401
1281749404769107970
1281749413984112641
1281749418501222400
1281749451934175237
1281749456657027072
1281749464844308482
1281749468866543616
1281749535346372610
1281749565654339584
1281749637943132160
1281749649154437122
1281749652929310720
1281749720591937537
1281749833901105155
1281749895741730817
1281749897725845504
1281749955267317760
1281749968542466048
1281749974372376576
1281749976834625537
1281749984455602178
1281750005804662784
1281750056513593344
1281750069805568000
1281750072288522241
1281750073106456576
1281750089984356356
1281750097836101632
1281750122863497216
1281750139191926785
1281750164760387584
1281750164835676161
1281750168795258880
1281750184435675136
1281750211518316545
1281750240417189888
1281750241050537987
1281750282829918208
1281750307676946433
1281750434676453376
1281750505354678272
1281750513390956544
1281750571473448960
1281750602133823489
1281750621633355776
1281750656433491974
1281750685499961344
1281750700700110849
1281750710762319873
1281750715380256768
1281750739853774849
1281750748569763840
1281750768580796416
1281750818236985344
1281750823505219584
1281750869801918468
1281750891436011520
1281750916476153857
1281750952308084740
1281750953427779584
1281751050492489729
1281751055177588742
1281751070637789186
1281751083833008128
1281751137884962816
1281751239248797697
1281751330885963776
1281751334824423425
1281751353086349312
1281751368412340224
1281751410908987393
1281751423928037376
1281751444627042305
1281751457847533569
1281751466106064896
1281751507273240576
1281751545441325065
1281751587182919680
1281751591675019264
1281751591767420928
1281751612986359809
1281751667013189632
1281751667172470789
1281751705160425478
1281751726891003904
1281751734583472128
1281751739205480449
1281751768074981382
1281751780456648710
1281751792942854144
1281751801151266817
1281751813570486278
1281751826182950912
1281751834118496262
1281751850555969536
1281751850849632258
1281751883661664257
1281751884139843584
1281751897037312003
1281751901395091463
1281751909997707265
1281751952347430913
1281751976695476224
1281752006877732864
1281752089237106689
1281752093984882689
1281752115078148098
1281752131385556992
1281752147575611393
1281752152600276992
1281752174880608257
1281752258770690048
1281752290953584640
1281752307047129088
1281752352538546176
1281752367306809344
1281752400164986882
1281752400773001217
1281752417218904064
1281752417856393217
1281752433815846912
1281752438320648192
1281752471405199360
1281752517970280448
1281752534747697154
1281752547863064581
1281752568176287746
1281752574341808130
1281752594189299713
1281752607413985281
1281752677404282880
1281752685985894402
1281752686409523201
1281752735688413184
1281752764230451200
1281752891611648000
1281752900364976128
1281752934133297153
1281752935878148096
1281752942278737923
1281752947810942977
1281752984708198401
1281753056518995974
1281753064014307335
1281753078153150465
1281753139092361220
1281753197661564928
1281753205760614401
1281753222906998786
1281753227579600896
1281753232482738179
1281753260903161856
1281753307606810625
1281753369263001600
1281753424791367680
1281753449034592256
1281753462473207808
1281753537517694976
1281753563245445120
1281753592521605120
1281753604215517184
1281753621252710407
1281753638172610560
1281753666794528768
1281753666865823744
1281753735606280194
1281753771844857857
1281753788748050432
1281753788810842112
1281753797367234561
1281753822994599936
1281753826077192192
1281753830095417344
1281753839985520640
1281753852572770304
1281753852681781250
1281753864572743680
1281753927088836608
1281753986782158848
1281754024207941632
1281754040053854208
1281754055480676353
1281754082005225473
1281754095905239040
1281754105778757633
1281754111768244230
1281754116109357061
1281754137282203650
1281754144722706434
1281754145956016129
1281754212574081025
1281754265132965889
1281754267263655936
1281754296933945344
1281754309160587265
1281754363225149441
1281754380354691072
1281754392782397441
1281754431390875653
1281754445680988160
1281754498038468608
1281754505726627840
1281754514769367040
1281754548093108224
1281754569534435328
1281754584415961088
1281754586722832384
1281754589952380929
1281754607337840640
1281754622638673920
1281754632914497536
1281754634634354694
1281754665869287425
1281754690963873793
1281754731942215687
1281754774409408513
1281754825244512261
1281754836925665280
1281754870895132672
1281754871679479810
1281754875685146629
1281754933482721280
1281754946501857280
1281754950515798016
1281754989354942465
1281755059290767362
1281755064286228480