1286284945825112064
1286284962069540865
1286284992738467842
1286285042004746240
1286285042143170560
1286285105565069312
1286285109004509192
1286285122074009601
1286285218463309825
1286285224729554944
1286285239195705345
1286285247504699394
1286285269071618050
1286285294384246789
1286285298104782848
1286285318950227968
1286285319256584192
1286285343499653120
1286285352915931136
1286285482259775488
1286285519500873728
1286285538148917248
1286285540787204096
1286285553571430403
1286285578628222976
1286285579295088640
1286285604121059328
1286285616607629312
1286285637839138817
1286285638950629377
1286285663231516680
1286285714234187782
1286285714574004226
1286285754268889088
1286285779279450112
1286285780214861836
1286285784350363650
1286285840491126784
1286285842957336580
1286285848011517953
1286285850620436482
1286285855213129728
1286285876700631040
1286285884241973248
1286285999413301248
1286286001430835202
1286286011123761154
1286286032221147136
1286286041050226690
1286286057458278400
1286286080543776769
1286286085287546880
1286286137577762822
1286286148940132352
1286286149506535424
1286286157500821506
1286286187146153984
1286286238190841858
1286286267572015105
1286286304653856771
1286286355639742464
1286286359850823680
1286286366805032963
1286286402414473222
1286286404733919233
1286286426682863616
1286286451236315139
1286286464100204548
1286286485055053824
1286286543511007233
1286286588918538242
1286286597969924096
1286286690764677120
1286286698977034247
1286286733336883200
1286286745529716736
1286286756954771457
1286286761572868097
1286286791264342018
1286286874932318208
1286286887909502977
1286286958851956736
1286287005211598855
1286287039122608131
1286287067756900353
1286287077110317057
1286287114611707904
1286287122866016259
1286287172962787334
1286287185138929664
1286287185151430658
1286287185734504449
1286287235629883395
1286287252587458560
1286287256836354048
1286287341024358401
1286287358166540293
1286287410704211968
1286287447832309761
1286287449556123649
1286287453255606273
1286287465330876417
1286287475346817025
1286287479914598400
1286287501628518405
1286287513347395586
1286287546369093642
1286287571547557897
1286287575104266242
1286287614157389825
1286287634298437632
1286287638220210182
1286287684793765890
1286287697104052227
1286287700987908096
1286287705861652483
1286287734487883776
1286287747473342464
1286287775269036034
1286287780700717057
1286287806227189761
1286287819065815041
1286287831866806275
1286287903413407746
1286287911449698306
1286287924133167105
1286288016387059712
1286288038616870913
1286288096317906946
1286288104064614400
1286288120527249409
1286288134590935040
1286288142585212929
1286288159043719169
1286288159395983361
1286288167272722432
1286288188382883840
1286288229642182657
1286288230199910401
1286288244183904258
1286288259761541120
1286288291503976455
1286288303554211840
1286288305068285956
1286288319215742978
1286288347338543105
1286288351981600770
1286288356368945154
1286288376325459974
1286288380586790912
1286288389734567936
1286288390888005640
1286288396789448706
1286288397506674688
1286288401642266626
1286288414615187456
1286288468830752768
1286288484962045952
1286288494076231682
1286288520412372993
1286288568718184448
1286288586892075009
1286288594668118018
1286288603975430149
1286288623193796614
1286288645369069570
1286288645507473409
1286288645801021442
1286288657134104576
1286288660489543680
1286288669733785606
1286288724721127425
1286288732992282625
1286288748389572609
1286288750188859394
1286288753271734272
1286288771336601601
1286288814936330242
1286288825401184260
1286288830295924736
1286288875812462592
1286288877293101060
1286288900898652162
1286288916274872321
1286288980921716740
1286288994158903298
1286288997975810051
1286289014539071489
1286289030913589251
1286289039583260674
1286289044029296640
1286289051968929792
1286289052241666050
1286289092502839296
1286289122760568835
1286289141517426688
1286289194634153987
1286289194801823744
1286289219552448512
1286289228192604161
1286289232076705793
1286289285629587466
1286289299302998018
1286289342554607617
1286289345851330563
1286289366986428416
1286289379275821056
1286289382513823745
1286289383939870721
1286289451136811016
1286289462620827650
1286289467272302592
1286289505578823685
1286289512931483649
1286289522825793536
1286289533844238337
1286289546917957634
1286289568468271104
1286289571785973766
1286289574516461575
1286289630946623489
1286289638903238658
1286289644024463362
1286289693693431809
1286289710109818880
1286289760571609091
1286289861138247680
1286289876300824576
1286289949382320130
1286289953274630146
1286289959780069376
1286289961910771715
1286289962271375360
1286289996111138817
1286290004533284864
1286290037970210819
1286290079665852416
1286290112905719821
1286290155142356993
1286290163912646657
1286290234985111552
1286290277154476033
1286290306267308032
1286290327154958343
1286290335396696064
1286290356712112128
1286290364643438592
1286290415109451778
1286290419966500864
1286290474245001223
1286290503286296583
1286290549050421256
1286290549058699264
1286290557682294792
1286290567656124416
1286290698040307717
1286290750486065152
1286290776348078084
1286290788599595009
1286290839249940481
1286290842257428480
1286290851933585409
1286290888931647488
1286290956564729858
1286290993487032324
1286291089863966721
1286291090501521408
1286291100936929280
1286291119492468736
1286291144914214913
1286291216795963394
1286291220264816641
1286291262484688896
1286291271062093824
1286291300418035712
1286291345791946755
1286291375856726018
1286291387084832768
1286291430651109376
1286291446170112003
1286291488679309313
1286291588537372674
1286291622632751104
1286291700508434432
1286291706959269889
1286291725489704960
1286291726936625152
1286291765193068544
1286291786533605384
1286291791268982784
1286291794607644672
1286291837209268224
1286291840749232129
1286291849498578946
1286291858113662976
1286291889776467968
1286291903789404160
1286291928942706688
1286291933074268160
1286291938522660864
1286291963419951105
1286291986392195072
1286292000858398726
1286292047276789763
1286292097474211841
1286292097528737795
1286292126859493376
1286292143988932610
1286292151588986881
1286292159902097409
1286292167921676297
1286292197344714752
1286292229867307009
1286292235278049281
1286292277183131648
1286292332095168512
1286292339875610624
1286292340290789378
1286292398063091713
1286292408074997761
1286292482846851072
1286292505282174983
1286292519198666753
1286292525217542145
1286292541856522240
1286292543500681219
1286292554351140865
1286292595098947584
1286292596512428039
1286292600799080449
1286292625142816773
1286292693409202176
1286292706138845184
1286292714825359360
1286292720663891968
1286292739492122624
1286292746924363778
1286292809113370624
1286292809729937409
1286292827295621121
1286292838989344769
1286292903720103936
1286292906739933186
1286292908094570496
1286292919834546176
1286292931477897216
1286293032032247809
1286293071181709314
1286293112449650688
1286293176844607488
1286293192514707458
1286293194632650755
1286293199951101953
1286293204724264962
1286293224990990336
1286293261959737344
1286293275238731776
1286293288966713346
1286293292980867077
1286293379404500992
1286293380822179843
1286293393270812672
1286293493825114120
1286293505967566848
1286293623626137600
1286293625060507653
1286293636699885570
1286293650184511491
1286293657889443841
1286293666408157184
1286293720313114624
1286293789804568577
1286293825426726912
1286293846628814848
1286293855415996417
1286293896507437061
1286293923724267523
1286293929629974528
1286293946642161664
1286293955034980352
1286293980137893888
1286293990816362496
1286293997095354370
1286294018582892544
1286294026245877761
1286294033506205696
1286294068813869059
1286294106621087745
1286294125273374722
1286294144525230088
1286294169925943296
1286294198635892743
1286294199101460487
1286294273571332096
1286294417133973506
1286294428802600960
1286294454152957952
1286294517553995776
1286294538248650753
1286294557580296194
1286294558800830465
1286294572054831104
1286294605764464640
1286294631056052228
1286294680297242624
1286294689147125760
1286294768218255360
1286294777080750082
1286294817601921025
1286294843719921664
1286294861075759104
1286294877660037121
1286294895360192513
1286294898753249280
1286294935218528264
1286294965107265539
1286295066533867521
1286295079469166593
1286295092186284032
1286295111794675712
1286295121600937989
1286295131247669248
1286295193357082624
1286295200902656000
1286295234318684161
1286295244720545792
1286295318863081475
1286295322986258433
1286295339327250432
1286295341483139075
1286295377235320832
1286295402573111296
1286295406499037184
1286295413398466560
1286295452678332416
1286295574732570624
1286295713316511744
1286295728814424071
1286295745776107523
1286295750650081284
1286295755083468801
1286295758954803201
1286295804936937478
1286295825866526721
1286295860381442048
1286295888860766209
1286295892782243841
1286295897215832066
1286295904824242176
1286295910176227336
1286295939213414400
1286295967973683203
1286295968133058560
1286295978266497024
1286295985518510086
1286296010210377728
1286296119941779457
1286296126128377856
1286296127768276992
1286296157698875392
1286296165298970627
1286296213831196676
1286296232185475074
1286296244877504514
1286296257972117510
1286296270215282688
1286296287390785536
1286296291413131264
1286296332538437632
1286296355334389765
1286296371520307203
1286296396019249153
1286296400951685125
1286296401358487552
1286296443179995141
1286296450519805952
1286296534380957696
1286296551778930689
1286296576382697475
1286296578265841664
1286296587749253121
1286296664509231111
1286296673732395010
1286296676756594688
1286296752610516997
1286296782289305602
1286296869631533056
1286296899457359872
1286296899486654464
1286296912581271552
1286296958877999104
1286296966478082048
1286296974648582144
1286296991765540866
1286297037995225089
1286297105053691906
1286297105125048321
1286297126398500869
1286297135122710528
1286297206102937600
1286297230597488641
1286297262482571266
1286297272012201985
1286297272226131971
1286297280895692805
1286297316551471104
1286297332011741185
1286297338198228993
1286297348788727808
1286297365427740672
1286297377360445440
1286297386625708035
1286297402576699392
1286297453449412612
1286297470113386496
1286297481081282562
1286297533313101825
1286297696450547712
1286297721679368192
1286297793179660288
1286297809788993537
1286297914948685825
1286297944208150529
1286297977607380992
1286297999031836674
1286298078757060608
1286298103310581767
1286298104048779265
1286298111933988869
1286298137292943360
1286298140623155205
1286298203911004161
1286298263562391552
1286298279005892609
1286298279299424258
1286298292868055040
1286298299096600577
1286298350950715393
1286298359750328320
1286298361939791874
1286298379832573952
1286298433351868416
1286298447088427008
1286298447964930050
1286298475907485699
1286298477052465153
1286298523001073665
1286298525781942273
1286298565158014976
1286298568622510080
1286298598544613378
1286298711660720128
1286298770515296256
1286298787242078209
1286298787275776001
1286298799359524867
1286298828744744962
1286298833140555778
1286298879533576198
1286298883002441728
1286298916896423938
1286298934164561921
1286299038149513218
1286299039420612608
1286299075160285185
1286299118558760965
1286299123042459649
1286299135570739200
1286299155774820353
1286299197705203713
1286299223886114816
1286299282245586944
1286299286536257538
1286299309047193601
1286299329955868672
1286299349165588481
1286299365418635271
1286299365653598208
1286299366169419776
1286299398855680000
1286299433022427136
1286299474562867202
1286299503776215042
1286299521396494336
1286299549913550848
1286299583614779392
1286299584470437892
1286299588173930496
1286299596763865088
1286299601318940672
1286299625918431233
1286299642850758656
1286299651415711744
1286299659472838657
1286299737122050050
1286299751735074816
1286299810941636614
1286299839463030789
1286299869955620865
1286299878054821890
1286299898816520193
1286299902880944131
1286299906966257664
1286299923437297664
1286299970111496193
1286299982442762240
1286300024524218369
1286300025518202880