1283023442078466048
1283023442271510529
1283023447224840193
1283023455009550338
1283023470733987840
1283023479907004417
1283023542913830912
1283023558248140802
1283023559548448768
1283023564078067713
1283023565521068033
1283023608445640710
1283023613642383365
1283023743997050881
1283023767950823425
1283023816348717058
1283023831192543234
1283023844618506240
1283023861873811457
1283023865875243008
1283023878994845696
1283023889669468161
1283023908267069444
1283023928483618816
1283023929293012995
1283023937446850561
1283023941196558337
1283023954102284288
1283023965108072449
1283023965422845954
1283023966978924549
1283023991595204610
1283023994485190657
1283024004886953986
1283024038160289792
1283024042577088512
1283024054509764610
1283024105529323522
1283024105613254656
1283024117961293824
1283024124152025094
1283024163876352000
1283024165771960320
1283024193269968897
1283024213708767233
1283024254926233606
1283024259984629760
1283024279995666434
1283024315198451714
1283024331451166722
1283024357346795520
1283024361558081536
1283024373130170369
1283024375827005441
1283024381560537090
1283024402901356547
1283024419791802373
1283024429971374080
1283024440595554309
1283024460258263040
1283024537420955660
1283024537421058048
1283024537559465984
1283024545553756163
1283024549819363329
1283024558279151617
1283024599589031937
1283024604450217987
1283024616928288773
1283024641435611138
1283024650230996993
1283024706816184320
1283024729700532224
1283024742300241920
1283024742623203328
1283024767797334019
1283024780229095424
1283024780493545473
1283024784360648705
1283024819857100811
1283024826311950340
1283024828837101568
1283024830833610753
1283024904305221632
1283024960584388609
1283024975775952896
1283025019409444866
1283025031669440512
1283025035737927680
1283025073801252864
1283025090461028362
1283025092574928896
1283025112468463618
1283025116230758403
1283025137239982081
1283025155875364865
1283025200053919744
1283025205611433984
1283025224724865025
1283025236959457281
1283025258665082880
1283025287438110721
1283025288083931143
1283025342450597890
1283025347118862342
1283025351292133377
1283025413439193088
1283025422419099649
1283025439183777794
1283025451741589505
1283025452030984192
1283025453473771520
1283025518959484930
1283025539251544065
1283025552019001344
1283025564698370049
1283025632352522240
1283025651654688769
1283025652845862913
1283025724048375810
1283025724119687169
1283025732684439552
1283025745070239745
1283025753869889536
1283025765701836802
1283025770340732928
1283025847184654337
1283025866637955072
1283025870530031616
1283025874175111169
1283025912955625473
1283025921264558080
1283025938310213644
1283026021458104323
1283026030551334912
1283026047345266695
1283026049920622593
1283026080392249346
1283026097232244736
1283026131797577730
1283026135274663939
1283026139007590400
1283026156497907712
1283026181089091585
1283026193462132736
1283026218774929409
1283026223019458560
1283026223732592640
1283026235832979458
1283026252459380737
1283026260864704513
1283026265101029376
1283026284558217217
1283026290761768960
1283026290765897728
1283026307199021059
1283026323724632064
1283026324140052480
1283026324244836352
1283026336412565506
1283026353370128385
1283026399322832896
1283026412572758016
1283026431858167808
1283026453660041218
1283026558882652160
1283026587458441216
1283026617674211329
1283026634522624004
1283026634631794688
1283026642793689088
1283026642819076096
1283026646275174406
1283026654550532101
1283026659625533448
1283026671906557953
1283026676268621825
1283026679452127235
1283026784884334593
1283026798872272896
1283026818719784960
1283026855327481856
1283026907219529730
1283026911745183746
1283026945626824711
1283026957630873602
1283027004963590144
1283027037100310529
1283027053562953729
1283027075184627712
1283027095392854018
1283027108357459970
1283027137935618052
1283027149138661377
1283027180822441985
1283027209503019017
1283027213525409798
1283027213575757824
1283027214334922756
1283027215245021185
1283027244215087105
1283027289014513671
1283027304889843713
1283027309373652992
1283027346988175361
1283027381238861826
1283027388260126721
1283027392060174337
1283027402508181505
1283027419058917377
1283027456677552130
1283027460431532034
1283027460699955200
1283027485941260288
1283027530371538945
1283027531440979974
1283027539888398339
1283027540165251072
1283027577725243392
1283027612294623232
1283027632855146496
1283027695434170368
1283027703789223936
1283027733350621185
1283027763025203200
1283027798383366144
1283027804565708802
1283027813440688128
1283027816804646915
1283027851218956288
1283027863394975746
1283027876166549504
1283027902926401537
1283027913038802945
1283027915811282944
1283027938892550147
1283027947654393857
1283027958773547010
1283027960186929159
1283027972195328001
1283027976292974593
1283027993095438337
1283027993225396227
1283028002167836678
1283028002910228480
1283028010216685573
1283028018458439681
1283028018688999424
1283028030781370368
1283028123488002050
1283028136951795719
1283028155868090368
1283028160817303556
1283028180882915330
1283028194350833666
1283028211673309185
1283028232149901313
1283028252873895938
1283028266253574144
1283028310159581184
1283028310214180864
1283028311585611778
1283028312344997889
1283028324210683904
1283028376643604482
1283028396889563138
1283028403717910531
1283028416602804225
1283028430322307077
1283028447808421888
1283028473682866176
1283028500878749698
1283028513050820608
1283028538841423872
1283028541127491586
1283028571800375302
1283028583473188869
1283028597146562564
1283028608131399682
1283028635117592580
1283028686472728587
1283028701756764161
1283028710157946881
1283028715123773440
1283028785353326594
1283028789795192843
1283028790738731009
1283028828047192070
1283028831775981568
1283028873781768195
1283028896120623106
1283028903725064193
1283028912189079552
1283028941142458370
1283028949707239424
1283028958095839232
1283028962474696709
1283028976001114115
1283029030229467142
1283029041675632643
1283029057081311233
1283029067239956484
1283029071467814917
1283029101146775552
1283029130087485442
1283029167932682241
1283029192947437568
1283029200807571459
1283029222865473538
1283029255199379458
1283029256193355778
1283029271603220480
1283029272903315456
1283029280822181888
1283029288908972032
1283029289978527748
1283029293921120258
1283029297964490758
1283029355912925185
1283029389429682177
1283029398531256324
1283029410644451332
1283029415308533760
1283029431716655106
1283029440528896001
1283029448527421443
1283029452960796672
1283029460606836736
1283029482346029058
1283029490814377984
1283029497269321729
1283029511676862468
1283029549211684864
1283029553800257538
1283029561731686405
1283029565972111361
1283029579964317697
1283029603540447234
1283029612465922049
1283029616513474562
1283029655113601024
1283029662671622144
1283029688026378242
1283029691096616962
1283029729965232130
1283029747409342465
1283029779697065984
1283029796042276864
1283029800605687811
1283029840837271552
1283029852853948417
1283029882918907904
1283029921510633473
1283029922815119360
1283029952183635969
1283029981522780162
1283030039399936000
1283030094462754818
1283030098426368001
1283030106731163648
1283030115887259649
1283030120052260866
1283030144735744000
1283030162116874241
1283030187593129984
1283030228483428353
1283030237383733256
1283030241108267008
1283030262025256966
1283030266626416641
1283030325115998210
1283030342245462024
1283030393663389702
1283030407299178505
1283030407848632322
1283030417734541316
1283030422616707072
1283030424504213509
1283030526899752960
1283030530997575682
1283030531161108487
1283030534646571008
1283030577403265026
1283030584655306754
1283030602313338882
1283030643648139266
1283030644491038720
1283030707091185672
1283030740108816385
1283030740758822912
1283030741094367237
1283030749264977923
1283030811038474240
1283030815702745089
1283030832702087168
1283030878763905029
1283030887035277313
1283030920577114114
1283030925383802881
1283030933550125056
1283030954936680448
1283030995743186945
1283031046028746754
1283031059307929602
1283031080380125193
1283031092233216000
1283031092312801281
1283031113754083341
1283031119110328322
1283031133198983174
1283031134398550016
1283031151289028608
1283031167936204800
1283031176475824130
1283031219341611008
1283031227210108934
1283031240136888322
1283031247653150725
1283031260869394437
1283031264715509762
1283031269002149890
1283031269715181573
1283031336383655936
1283031348328964096
1283031353244688392
1283031374128189461
1283031437051080707
1283031462145601537
1283031495045787651
1283031495599366145
1283031521230807045
1283031522635898882
1283031524980305920
1283031541669679119
1283031552847417344
1283031554286145537
1283031560686579716
1283031637677297667
1283031642257477633
1283031650297946115
1283031654379003909
1283031662813732864
1283031684502507521
1283031701334220815
1283031709290762246
1283031745017729024
1283031797329276928
1283031805919211522
1283031814198759424
1283031814626594818
1283031831252742145
1283031838932467713
1283031839083565058
1283031844032778241
1283031860017274881
1283031885233487873
1283031889616474113
1283031889805225984
1283031890136637445
1283031896017047556
1283031923246292993
1283031932121554944
1283031935774793734
1283031973372612616
1283031979567362053
1283031986752364545
1283032023783833601
1283032036224229383
1283032057980112898
1283032060790280194
1283032064737136640
1283032066272223233
1283032091433865217
1283032154218397698
1283032169074634752
1283032190260064256
1283032196287098880
1283032208937234436
1283032232236429312
1283032275974860802
1283032276801146884
1283032283985981443
1283032294828236804
1283032300708605952
1283032326231007234
1283032337538617344
1283032367658131456
1283032373995732994
1283032376923303936
1283032391875993605
1283032426705543176
1283032476978417670
1283032522478309376
1283032540098564098
1283032546209488896
1283032586218926080
1283032604707627014
1283032611628015616
1283032638291419138
1283032661880115201
1283032662115004416
1283032664270876673
1283032665319526408
1283032703785480192
1283032734869401608
1283032736983330818
1283032745854111744
1283032770667667456
1283032804448710656
1283032816939339778
1283032828771553282
1283032879287631878
1283032879765823489
1283032900569571328
1283032940583235586
1283032942177132548
1283032946379816962
1283032975807000577
1283032996828852225
1283033007104942083
1283033021696765952
1283033046455742464
1283033106404896768
1283033114089066498
1283033119411638277
1283033156623446018
1283033174617006082
1283033190500884481
1283033198960705537
1283033277893312512
1283033277973106694
1283033295232602116
1283033327348453377
1283033420944244739
1283033433225256960
1283033445711650818
1283033504582897664
1283033523167940609
1283033539617980418
1283033575777013762
1283033580420177922
1283033584002007040
1283033601030983683
1283033613332774912
1283033614897369094
1283033643213094917
1283033674523398144
1283033772947054592
1283033785383124993
1283033789086736385
1283033810385305600
1283033810712567808
1283033812939747331
1283033822964191235
1283033833147957252
1283033857319632908
1283033865083330563
1283033874084368386
1283033890828025861
1283033911849885698
1283033924122411010
1283033924365680651
1283033998370000897
1283034003545743360
1283034008801161223
1283034011846283266
1283034015713374210
1283034019953868804
1283034036924030976
1283034053772484610
1283034058486882310
1283034065948545030
1283034082885107714
1283034087633149960
1283034087717044224
1283034104058060801
1283034169724067840
1283034175612899331
1283034193774161923
1283034205228851200
1283034223935238144
1283034230365331456
1283034238623907844
1283034276209012736
1283034301240676353
1283034301710381060
1283034326817529857
1283034333822033922
1283034343309549568
1283034343540129795
1283034351320670208
1283034351823990784
1283034352021118985
1283034364608221186
1283034372724195328
1283034389790822402
1283034393657974784
1283034393792204807
1283034418819538949
1283034435500285955
1283034435902939139
1283034523857489930
1283034531981922304
1283034586600091648
1283034601846460417
1283034678769995777
1283034720130007042
1283034720553623552
1283034750027014146
1283034761867427842
1283034775683555330
1283034782549581830
1283034804427075584
1283034811104481287
1283034829672665090
1283034858458144772
1283034866498576385
1283034930373689345
1283034935004102656
1283034942872662019
1283034947935232000
1283034963793915905
1283034976838131712
1283034989119012867
1283035009939582978
1283035022623203328
1283035052490850309
1283035085411885061
1283035098703634433
1283035111387275267
1283035148326522882
1283035149425311758
1283035186305945600
1283035202663530496
1283035297119436802
1283035345769177090
1283035366518411266
1283035368972062723
1283035403927392260
1283035416573222913
1283035420708802560
1283035438371033090
1283035442573651968
1283035454535864321
1283035463582973952
1283035497649057792
1283035509183385600
1283035521791463431
1283035547687149570
1283035547942912002
1283035563495436290
1283035609897095168
1283035644890157064
1283035649852014593
1283035652829974529
1283035693808341004
1283035740503408647
1283035752595677190
1283035778378080259
1283035786141732875
1283035794287079427
1283035819532591106
1283035819712839681
1283035828852334592
1283035840986390532
1283035858082332675
1283035870459822080
1283035903888367628
1283035937384140800
1283035937530937346
1283035941402284038
1283035943231016967
1283035974893744134
1283035979025199106
1283035979687829504
1283035983122960385
1283036025833627653
1283036092527255552
1283036096520232962
1283036160021991424
1283036167844306947
1283036180079095809
1283036195635843078
1283036216586391553
1283036222462582784
1283036322580529155
1283036322786156545
1283036325063647233
1283036347280887815
1283036364515225601
1283036390456950785
1283036423487131649
1283036423818481664
1283036448741109761
1283036449475092485
1283036457100283904
1283036457607856131
1283036461361696768
1283036465895739396
1283036473718001664
1283036473797890048
1283036482094194690
1283036494790299656
1283036495163555842
1283036498984677383
1283036503984222214
1283036516026134537
1283036516328124417
1283036520396525571
1283036529028411402
1283036570749145091
1283036578466672642
1283036586779844608
1283036621093429251
1283036628710240265
1283036637291847682
1283036646338957316
1283036673991946243
1283036688055513096
1283036692363071491
1283036704526475266
1283036733748195335
1283036746872246272
1283036759044034560
1283036767172677639
1283036780380520450
1283036780569206791
1283036791201832961
1283036801339404289
1283036822738808837
1283036872290308098
1283036872533577731
1283036888023142409
1283036889545609222
1283036892909441029
1283036906146627585
1283036939772407811
1283036957334020097
1283036958550364160
1283036960924336136
1283036977076592645
1283036981065326593
1283036981438619649
1283037002817056768
1283037011104931840
1283037019753586690
1283037086992543746
1283037102771523585
1283037115752820739
1283037138930610182
1283037153556144131
1283037164226392070
1283037178700988417
1283037191485218818
1283037195297861633
1283037227715526659
1283037228961275907
1283037233164038146
1283037256152997889
1283037257184808961
1283037258610769925
1283037266357747713
1283037283873165313
1283037329935015936
1283037330207629314
1283037338193530882
1283037367658586113
1283037375573168130
1283037405658976256
1283037434314469376
1283037438710079493
1283037455244038147
1283037501935030272
1283037514031345666
1283037522793304067
1283037522927419399
1283037627818692609
1283037635905237007
1283037661503135744
1283037662132285443
1283037719673876480
1283037745024315398
1283037752901218304
1283037772090155008
1283037790884814848
1283037811898294288
1283037812535812105
1283037819699634178
1283037829216567296
1283037841107410946
1283037871880929282
1283037887609614336
1283037909050888198
1283037929670090756
1283037954395582465
1283037962654158850
1283037971189571590
1283037974737952768
1283038038638170115
1283038080572719106
1283038114299207686
1283038122117402625
1283038128228503553
1283038138580041734
1283038156015665152
1283038185149341696
1283038206104145922
1283038223363710976
1283038231441833986
1283038243827720192
1283038244410621953
1283038273309487108
1283038277344415747
1283038331803181056
1283038344440688641
1283038386241122307
1283038433678692352
1283038436719501319
1283038443283582981
1283038461868617728
1283038462095106048
1283038462959116289
1283038466222313475
1283038470882172928
1283038470953414656
1283038483070824453
1283038495985082368
1283038508513464331
1283038512229621763
1283038515706638337
1283038537382793222