1285092132487942144
1285092149177004032
1285092162586112000
1285092199521292290
1285092253254299658
1285092258778189825
1285092311769051140
1285092325631258625
1285092366186156033
1285092433987080192
1285092443382218753
1285092455939928064
1285092518691053569
1285092531814961154
1285092534612525057
1285092539427684353
1285092558230568964
1285092568557068294
1285092571983695875
1285092623850459137
1285092709284315136
1285092735683371009
1285092786019209216
1285092815316418561
1285092826074812416
1285092855711555586
1285092874200260608
1285092890759188482
1285092900351639557
1285092933935357952
1285092935156084736
1285092950096015360
1285092963849129984
1285092994647904257
1285093112767934464
1285093125342416897
1285093138940465153
1285093138948935681
1285093151036903426
1285093167839219712
1285093168447287296
1285093182640844801
1285093228077740033
1285093236239814656
1285093238957838336
1285093315919183872
1285093331308093441
1285093355156840448
1285093381601767424
1285093415214964736
1285093424245485574
1285093512317480961
1285093622258585600
1285093646761590784
1285093650708520960
1285093696149454848
1285093744207900673
1285094010818752513
1285094027902291968
1285094040632012800
1285094074542731264
1285094084776845313
1285094099092230144
1285094143778107392
1285094159129341954
1285094217325240320
1285094276250996737
1285094296224505856
1285094326255652865
1285094333947932673
1285094346887278598
1285094354869121025
1285094355489841152
1285094359298215936
1285094448473538561
1285094467725258753
1285094469365161984
1285094509869764608
1285094518937784320
1285094540781682688
1285094541305864192
1285094689972948992
1285094703877128193
1285094705487769601
1285094719366860800
1285094762475732993
1285094775092215808
1285094779752034304
1285094783048921088
1285094813445103617
1285094825398853632
1285094859330719745
1285094895968018433
1285094904704753664
1285094934215680001
1285094959654285313
1285095071809966080
1285095118047866880
1285095128181473280
1285095198259851265
1285095210473721856
1285095231348707328
1285095243977641985
1285095256053043200
1285095303801040898
1285095304111349760
1285095344200548352
1285095357244780545
1285095358645886977
1285095400123387905
1285095425318572038
1285095487528288256
1285095566968578051
1285095639492079616
1285095654138601472
1285095722778595329
1285095731359936513
1285095739446767616
1285095740084310016
1285095771738693632
1285095785449902080
1285095799060234242
1285095802151608320
1285095819327176704
1285095824779771904
1285095845872967680
1285095848502718464
1285095861740089346
1285095898041606145
1285095903829782528
1285096016841146368
1285096020398018561
1285096076131753988
1285096108557922304
1285096120981438464
1285096129621786624
1285096138526167040
1285096163473936386
1285096175461253121
1285096188132446208
1285096196571308032
1285096201541410821
1285096208814477312
1285096217429647361
1285096224895295488
1285096288262868992
1285096364267929606
1285096372157337600
1285096411495686149
1285096512486346754
1285096524234588161
1285096531478159360
1285096589699084288
1285096632409706497
1285096653641457664
1285096662730444802
1285096663225434113
1285096666576691201
1285096680807731202
1285096687141347328
1285096694875471873
1285096777042067456
1285096779323760640
1285096809161912321
1285096842640805888
1285096879647338496
1285096965504737280
1285096983959613440
1285097027353763842
1285097115044261892
1285097181142118403
1285097191648800768
1285097258002849793
1285097262587301900
1285097341389766656
1285097372133912577
1285097398096674816
1285097437829517317
1285097446582784000
1285097447392456705
1285097487758327810
1285097493085249536
1285097611360337921
1285097622617956352
1285097635507052544
1285097657522774016
1285097669455740928
1285097703123419136
1285097723507679234
1285097732495912960
1285097765161234435
1285097774439071744
1285097804709404677
1285097849470849024
1285097852478291968
1285097854546128896
1285097950084038657
1285098030895640576
1285098051313385473
1285098071093895168
1285098158050013184
1285098179529248769
1285098260382834689
1285098402481680385
1285098405992202245
1285098465060478976
1285098503472140288
1285098516709244931
1285098533721378816
1285098537491984384
1285098607671156742
1285098688545619968
1285098709550850048
1285098770930098177
1285098846461104129
1285098851448193024
1285098863682916352
1285098885539659776
1285098902283333632
1285098905907138562
1285099006138281984
1285099019438628864
1285099027009359872
1285099040431124481
1285099040678518785
1285099048244920320
1285099174657024000
1285099220031152130
1285099229720051713
1285099266869002240
1285099292320038912
1285099295465590784
1285099308161916928
1285099316860919810
1285099354265653250
1285099446380920834
1285099449627312129
1285099480082153477
1285099523543629826
1285099560273162240
1285099561803935745
1285099582461009924
1285099677810122757
1285099689151467520
1285099689973633027
1285099715525136384
1285099737243410432
1285099758336512000
1285099760936837121
1285099785892950016
1285099813168537606
1285099887856701440
1285099909272801280
1285099917304889344
1285099955133140993
1285099966688407552
1285099980701741056
1285100030639120384
1285100034552401920
1285100063660933121
1285100075534950402
1285100076352888833
1285100084707815425
1285100123111002112
1285100123111002114
1285100151204278273
1285100180614914049
1285100223711371269
1285100304204050433
1285100344343777280
1285100478812966912
1285100522261946368
1285100533129207808
1285100538351288320
1285100563340783617
1285100568520744960
1285100621050388482
1285100641770065920
1285100701907968005
1285100713807433728
1285100722707746818
1285100746887892992
1285100806673281024
1285100839372283907
1285100843252023296
1285100899178672134
1285100911539499009
1285100969739476992
1285100979260518401
1285100997983891457
1285101008264343552
1285101045782327296
1285101070428119041
1285101075549360129
1285101092599140352
1285101095023341571
1285101141315870720
1285101154096033793
1285101243057098752
1285101268835368961
1285101283184119809
1285101352591532032
1285101398481403906
1285101401480323078
1285101402973405185
1285101405213093888
1285101440395030528
1285101473546874880
1285101501925535744
1285101516249092096
1285101532174643200
1285101532455682050
1285101610822246401
1285101613368180736
1285101624214474753
1285101702878822401
1285101712857092096
1285101728497455104
1285101739729969153
1285101773477171203
1285101774853079040
1285101821829304325
1285101850941968384
1285101851088756737
1285101851734470656
1285101854939123712
1285101881015107584
1285101892498976772
1285101900254208000
1285101905677557761
1285101917819957248
1285102046937374720
1285102067812429825
1285102093783662593
1285102107167805441
1285102166605086720
1285102195428306944
1285102237249757185
1285102260532518912
1285102278744182784
1285102317075914752
1285102329696522240
1285102333622460416
1285102362772639744
1285102373401231360
1285102383517896710
1285102385111527424
1285102471996518401
1285102504720596997
1285102518108917762
1285102529500651520
1285102554594938881
1285102681783058433
1285102713718497280
1285102773315547137
1285102798355353600
1285102823647191041
1285102845218312192
1285102861278343168
1285102870287667200
1285102919751208962
1285102944564592645
1285102945458167808
1285103020921896967
1285103037057359872
1285103040895373319
1285103053704577024
1285103067977920513
1285103213939744768
1285103214350626816
1285103218352107520
1285103246709678081
1285103248257560576
1285103279907704839
1285103287654547456
1285103336182743040
1285103355245654016
1285103376775217153
1285103397536854016
1285103469402165248
1285103469851025408
1285103490516353026
1285103493917876230
1285103533382152194
1285103548515201025
1285103571139276800
1285103662067376129
1285103667264327681
1285103684657897472
1285103746955882496
1285103759765508098
1285103762043023360
1285103775288442881
1285103791818383361
1285103805147656192
1285103821098815489
1285103824441470976
1285103825821544449
1285103842103681029
1285103872487428099
1285103877105217536
1285103925939458048
1285103935129346048
1285103947955527681
1285104019220750336
1285104027475353600
1285104044550369280
1285104076598976512
1285104148128694272
1285104161860845575
1285104166180921344
1285104191153811458
1285104216709750785
1285104317985423360
1285104400147587073
1285104421026893824
1285104446293381120
1285104480539701248
1285104520528158721
1285104552174206977
1285104584566988801
1285104588924698624
1285104601713106944
1285104610978328576
1285104662841036800
1285104673976750080
1285104690263478273
1285104711985582080
1285104850011906048
1285104887651602433
1285104904139415552
1285104923504455683
1285105005578670081
1285105033537781760
1285105067406786562
1285105096968331264
1285105144128958465
1285105237347332097
1285105244070744066
1285105281337155585
1285105285183545344
1285105310604996608
1285105348307812352
1285105405643784198
1285105423406829573
1285105441966456833
1285105456931672064
1285105632358670337
1285105666747588608
1285105860063068161
1285105860591661056
1285105893143502848
1285105971942105093
1285105985363705856
1285106042335105024
1285106053110063104
1285106081891590144
1285106087658758148
1285106095904571392
1285106131631734789
1285106153081278464
1285106162505969665
1285106181191720961
1285106198673534979
1285106233586982912
1285106237529444352
1285106243108048896
1285106279527006210
1285106288221925376
1285106296665051137
1285106351249727488
1285106382287462402
1285106405662502913
1285106447714603008
1285106448498925568
1285106497161232387
1285106605281837057
1285106608263974912
1285106614479908864
1285106737637449728
1285106791399821314
1285106890150678528
1285106904583241729
1285106920685264896
1285106958580817921
1285106991556419585
1285107043645435906
1285107063673073666
1285107066831622144
1285107093851316224
1285107103187767296
1285107106438418433
1285107147701760000