1284774987799248896
1284775022414921739
1284775067579297793
1284775100399656960
1284775115281051648
1284775148520976384
1284775173946699777
1284775227965222912
1284775236630544384
1284775250140385280
1284775276887584768
1284775344935890947
1284775345472905216
1284775353655812096
1284775359058239489
1284775406290104321
1284775479237660673
1284775494731399169
1284775525878095872
1284775637291618309
1284775640349192192
1284775641968148480
1284775688667529218
1284775722339282945
1284775775141584896
1284775789460959232
1284775812105818112
1284775851964485634
1284775876001959936
1284775912320512000
1284775919555674112
1284776024253665282
1284776115643412481
1284776179023544320
1284776179837403136
1284776246153338880
1284776254437285889
1284776325551656960
1284776400977895424
1284776419730628609
1284776443877003266
1284776447844864000
1284776469122646017
1284776506678542336
1284776519605387264
1284776527926824960
1284776532112625666
1284776600370909185
1284776606439890944
1284776664409550849
1284776713205972992
1284776737348427776
1284776754612252672
1284776782735040512
1284776784895115264
1284776784932855808
1284776808748134400
1284776862997151746
1284776926457073665
1284776980882366465
1284776997692903426
1284777015523119106
1284777035592806401
1284777107390947328
1284777139934560256
1284777236952842240
1284777291571134464
1284777351889457152
1284777359413899264
1284777363381919744
1284777400514027525
1284777417882705925
1284777458776985601
1284777498127904768
1284777508307689474
1284777513764319233
1284777521670696963
1284777576096051201
1284777591765794817
1284777669393960962
1284777676239179777
1284777690181128192
1284777764201984002
1284777786192912387
1284777824612737024
1284777875720282113
1284777903884918784
1284777911849906176
1284777936592097280
1284778015176761344
1284778071938281473
1284778081421422592
1284778117320638464
1284778150036041733
1284778155673219072
1284778156054900740
1284778193736605697
1284778195070451717
1284778256210644992
1284778289417064450
1284778331259367426
1284778379065954306
1284778420455563264
1284778445462024192
1284778458187358208
1284778491943088128
1284778498213609472
1284778558523465728
1284778562155732992
1284778731244974081
1284778751448973312
1284778766816993282
1284778773687271424
1284778790191865856
1284778793006100481
1284778817517649922
1284778821426778113
1284778851407671296
1284778881715757063
1284778905262579712
1284778911134445568
1284778931011362816
1284778963974475782
1284778985474359297
1284779006009778176
1284779074460712960
1284779077103017985
1284779094459076609
1284779112566071299
1284779123416526848
1284779137824063488
1284779160909475840
1284779161278652416
1284779211945922560
1284779213321580545
1284779288429027329
1284779325976465408
1284779420637515776
1284779448273735680
1284779475784409089
1284779488291651584
1284779496663592962
1284779574610591745
1284779648333647872
1284779676880310272
1284779685940023297
1284779706592776193
1284779757943566337
1284779764838993920
1284779859105980417
1284779917692084224
1284779958921859072
1284780041805545472
1284780093760577537
1284780096398794752
1284780112693678085
1284780131957895170
1284780194117582848
1284780206507556864
1284780255572422657
1284780309247074304
1284780345058099205
1284780457100541953
1284780460393017346
1284780563207991296
1284780589191659520
1284780625287802881
1284780642543316992
1284780726446182400
1284780788983246849
1284780797652869121
1284780832465592320
1284780874274426885
1284780899729412096
1284780979073294339
1284780982957113344
1284780985712873473
1284781124309454848
1284781239304458240
1284781247223365632
1284781354643869703
1284781377523777536
1284781388089094145
1284781408796340224
1284781412382650369
1284781430606888961
1284781430946635779
1284781514685906945
1284781644268941312
1284781655065075712
1284781766331502592
1284781800112496640
1284781826196865025
1284781834342146048
1284781905024634880
1284781925538775042
1284781954311716864
1284781964810059776
1284781981168017408
1284781989174943750
1284781989313130497
1284782030107140096
1284782040571838465
1284782047513501697
1284782059416743938
1284782089930526720
1284782098704982019
1284782106074210304
1284782124629995521
1284782199095595009
1284782248542081024
1284782278535720960
1284782281027092481
1284782311230275584
1284782328045166592
1284782329517441024
1284782350262566912
1284782387704918017
1284782387809771521
1284782437592170496
1284782537513017344
1284782545880657920
1284782610137440262
1284782621122330625
1284782621491437568
1284782634313420800
1284782634950942720
1284782655876161537
1284782666735333377
1284782728718831618
1284782829596016641
1284782844036943872
1284782887229939712
1284782890786553857
1284782891784863744
1284782932180324352
1284782932645875712
1284782962001707008
1284782974043643905
1284782986404212736
1284783033124618240
1284783034605002753
1284783035821559808
1284783104620728322
1284783147134181377
1284783172241195010
1284783179975417856
1284783180977930240
1284783201920090113
1284783212892495874
1284783259818180610
1284783319830462464
1284783401262702592
1284783434943082497
1284783456916914178
1284783481441198080
1284783514408427523
1284783528467509249
1284783531621785607
1284783536445091840
1284783538131410947
1284783581773082625
1284783628959059968
1284783640694726658
1284783708403150848
1284783716787617792
1284783751663321088
1284783789630160902
1284783809594945536
1284783822010306560
1284783893154013187
1284783910950404097
1284783943313653763
1284783959235162118
1284783978441060352
1284784052432769024
1284784054680694785
1284784077896327169
1284784085433491456
1284784090030329857
1284784099408801792
1284784114797879296
1284784124117606400
1284784165205020684
1284784199287705600
1284784213166829568
1284784219051491330
1284784262445768705
1284784278585434113
1284784291805896704
1284784346809774080
1284784374106460160
1284784441391374336
1284784447787864065
1284784450296061953
1284784492268273670
1284784501864845312
1284784516557680640
1284784518130315270
1284784525713842177
1284784535226347521
1284784556554559489
1284784567799427074
1284784590419365888
1284784596970766337
1284784631481597952
1284784653329739777
1284784668576043008
1284784678088536064
1284784690121945089
1284784728420134912
1284784782090665984
1284784808749666304
1284784873522135040
1284784875250372608
1284784890404315138
1284784899585646592
1284784941423685632
1284784967570960385
1284784970326671368
1284785047824764928
1284785102325796864
1284785108373909505
1284785109401579520
1284785181417668608
1284785281451937792
1284785300070445057
1284785327543144448
1284785377421725696
1284785390981992450
1284785397596336131
1284785462683541505
1284785525572767749
1284785557118177281
1284785700924207104
1284785705407963141
1284785709661007873
1284785709837021184
1284785733446897666
1284785796612907008
1284785822512803840
1284785917849288704
1284785920063885314
1284785927353782278
1284785948761272320
1284785953677115392
1284786062271766529
1284786065975328769
1284786085898473475
1284786102113533953
1284786188117839872
1284786194174275585
1284786209282117632
1284786224390184960
1284786254471557120
1284786258762506242
1284786354375860230
1284786369257263107
1284786400408276992
1284786508692512769
1284786661453377536
1284786662070005760
1284786694886055937
1284786695167238144
1284786728683876352
1284786738280443909
1284786791220826112
1284786853749624833
1284786862423511044
1284786920828964864
1284786942408888320
1284786953120919552
1284786980245602304
1284787013166804993
1284787017713201155
1284787052676931585
1284787080304955392
1284787082917842944
1284787097023414277
1284787147325595648
1284787170503471104
1284787176127918080
1284787182084001793
1284787252057579520
1284787295963492353
1284787297905332225
1284787373482610688
1284787433742229510
1284787508623138816
1284787532534648832
1284787533679931393
1284787550192758785
1284787562096340993
1284787604580446209
1284787625082183685
1284787633646862346
1284787635622309888
1284787672435904512
1284787675933880326
1284787730342391810
1284787773682188290
1284787806082961408
1284787809644089344
1284787816921088000
1284787835216723969
1284787861607325698
1284787882985615360
1284787899888697345
1284787920201711618
1284787932189073410
1284787935091490816
1284787940921495552
1284787947909328896
1284787953206726660
1284787978951446529
1284787990921973761
1284787998765182976
1284788036098592768
1284788040246820865
1284788064158715904
1284788076368154624
1284788141984043008
1284788195578613761
1284788202570756096
1284788234317369344
1284788254106095619
1284788255062253569
1284788338591924224
1284788342639321094
1284788355679399936
1284788356094648321
1284788371500433408
1284788376282050561
1284788381231112194
1284788414328561665
1284788489737797632
1284788495353909249
1284788499036635138
1284788514266255360
1284788608445153280
1284788611221581825
1284788636836339713
1284788670654865408
1284788733020123137
1284788803597557760
1284788837164539911
1284788859180421122
1284788926708776961
1284788986880368640
1284789007411482624
1284789019730010113
1284789068564291584
1284789073413124096
1284789075145134080
1284789090320187392
1284789165763125249
1284789203595739137
1284789232687620097
1284789257790525442
1284789271627395074
1284789296176812032
1284789355136135168
1284789412602224640
1284789443413581824
1284789470936670209
1284789537932300290
1284789568714104833
1284789573487386624
1284789595092049921
1284789635755974656
1284789676008706049
1284789686557433856
1284789698058051584
1284789698565738498
1284789723701972992
1284789764235894786
1284789811363053568
1284789841989787648
1284789844921679872
1284789870792019969
1284789896205537280
1284789911976120322
1284789945526358017
1284789961946955777
1284789963821707264
1284789970075389957
1284789982859792384
1284790008835186688