1281377596005998592
1281377596022747138
1281377597482557447
1281377598367465473
1281377614980984832
1281377640650334208
1281377661193986049
1281377681259495424
1281377686263336963
1281377706479845376
1281377743943405570
1281377765753851911
1281377800700796929
1281377811752787971
1281377851598467072
1281377863548182528
1281377865607544838
1281377883655725063
1281377924503883776
1281377924831207425
1281377924952686592
1281377945672658944
1281377962252660736
1281377992728444928
1281378021040181248
1281378029504278531
1281378062962233350
1281378130444386306
1281378176015519745
1281378176996904962
1281378260430053376
1281378268889980935
1281378281527422976
1281378326859452417
1281378331431247874
1281378364712980481
1281378385005096973
1281378410669867008
1281378444509667333
1281378461735514112
1281378490483449856
1281378520980246538
1281378532011253760
1281378570925772802
1281378591218044929
1281378604505608198
1281378654694576134
1281378662613311488
1281378688345333760
1281378708478144515
1281378725553213440
1281378754829398016
1281378758935666688
1281378789470027777
1281378818062782464
1281378859972263944
1281378961709248512
1281378985801396225
1281379038989361153
1281379058358669314
1281379094941376512
1281379120715366401
1281379204668555265
1281379246770987009
1281379266815340544
1281379270833709059
1281379313628131330
1281379320921899008
1281379340312289280
1281379375720681473
1281379376186249218
1281379388345335810
1281379397837053952
1281379405009489920
1281379455223631874
1281379463586910210
1281379473208807429
1281379485175164933
1281379489772113921
1281379490652987394
1281379559833624576
1281379628461031424
1281379689634955264
1281379730374053888
1281380023883227144
1281380150848794624
1281380255438176258
1281380370215243777
1281380464784179206
1281380617490399232
1281381328257196036
1281381375459942407
1281381657703059457
1281381856781443072
1281381857125445633
1281381961383260160
1281382075610931202
1281382100143206401
1281382119554469888
1281383063260454913
1281383419893567493
1281383423811231745
1281383711863447553
1281383811201134592
1281383820978200581
1281383980470800386
1281384103988940800
1281384149333323776
1281384469283237890
1281384474421260289
1281384475088183296
1281384504301518848
1281384635801403394
1281385006795853825
1281385036390920192
1281385134701379584
1281385180599590912
1281385241731452928
1281385530756923392
1281385888396849152
1281386305012867072
1281386640552976385
1281386694298628096
1281386980811497477
1281387016718966784
1281387364158300160
1281387402955763713
1281387523848040448
1281387673857536001
1281387687715303426
1281388186502127616
1281388635602870272
1281388953036369927
1281388958031716352
1281388992177614848
1281389077489745920
1281389131164119045
1281389215712935936
1281389631402061824
1281389693846855687
1281389759005437954
1281390041105932292
1281390245439660033
1281390391678377986
1281390498498916352
1281390606556827654
1281391043796242432
1281391065707081728
1281391230811811844
1281391377448751105
1281391506843217920
1281391994476982272
1281392066031955968