1278538890190696449
1278538927058546693
1278538981546717184
1278539044067184640
1278539063759237120
1278539068691886081
1278539078020075520
1278539107187200000
1278539123687673856
1278539125394718723
1278539152078798853
1278539174279360512
1278539181963251718
1278539199042523136
1278539231359578113
1278539236229017600
1278539240545157120
1278539286061576193
1278539290562252802
1278539307423346688
1278539308362690561
1278539321381998593
1278539354420334592
1278539395600089088
1278539395746807810
1278539408686362627
1278539417569951744
1278539422456258561
1278539454009839616
1278539492530335744
1278539525677920257
1278539593969737735
1278539636202070016
1278539647216496640
1278539680057831424
1278539719568166917
1278539728518705153
1278539731358408704
1278539769052446725
1278539770797477890
1278539823066812416
1278539832088760323
1278539849113366528
1278539895443607552
1278539966532984832
1278539983528366080
1278539992290095104
1278540012762660865
1278540033763524608
1278540046774284288
1278540057142591488
1278540067582152704
1278540096740917248
1278540100201308160
1278540122179411970
1278540138671476738
1278540217851482113
1278540234939138050
1278540247681335303
1278540252026679298
1278540285077831682
1278540315113271300
1278540335606640640
1278540347891744768
1278540385694838787
1278540411737423873
1278540428086829059
1278540444314619904
1278540474228158464
1278540481551572994
1278540498823606272
1278540503278063616
1278540514804056065
1278540570248523776
1278540576762159106
1278540607665762304
1278540620471193600
1278540629639860224
1278540649713852416
1278540666151137280
1278540671154978816
1278540695565930496
1278540755125047296
1278540760120463361
1278540760183304192
1278540909781622785
1278540910360276993
1278540917356613633
1278540919059382272
1278540927984824320
1278541028832628736
1278541040060899330
1278541057098043392
1278541094381400065
1278541107786366977
1278541118385291271
1278541133040300033
1278541194381848576
1278541241496600576
1278541245443305472
1278541320911556609
1278541333364264960
1278541346790207488
1278541351177588736
1278541358895153153
1278541359289380864
1278541359490772996
1278541396115324928
1278541488004030466
1278541493691703296
1278541501757362176
1278541508510179328
1278541527673757698
1278541560771227655
1278541568270643206
1278541614319894533
1278541618287607809
1278541661006630912
1278541678438047745
1278541720448389120
1278541728073388035
1278541733949771776
1278541751796539393
1278541761447518209
1278541782440128512
1278541804011433987
1278541805462728704
1278541829663633409
1278541896101445632
1278541942658392064
1278542071914270721
1278542100657831940
1278542131334909952
1278542134824415232
1278542142781169664
1278542172980035585
1278542193947480064
1278542230685286400
1278542252441317377
1278542302881800192
1278542311434190849
1278542340920152064
1278542344766267392
1278542369416114177
1278542397174018048
1278542412399419392
1278542466317238272
1278542500123209729
1278542524949213186
1278542525704237056
1278542542179614720
1278542545556049921
1278542563671080960
1278542583560654855
1278542600782348288
1278542604821573633
1278542679765286913
1278542718793396229
1278542729127968768
1278542834870575104
1278542881981116417
1278542906714800130
1278542907503452160
1278542923034955777
1278542989959315456
1278543007789309953
1278543023593447425
1278543026650902528
1278543070171185155
1278543112982446081
1278543159253823489
1278543172033904640
1278543200458686464
1278543209254154241
1278543216669863936
1278543221195489280
1278543276258156544
1278543293391896577
1278543309544161280
1278543312459309056
1278543342528323585
1278543367891124224
1278543380167847936
1278543426716385283
1278543486288084998
1278543603434913792
1278543645331861504
1278543650155266048
1278543657373782017
1278543657386287104
1278543691066589185
1278543694686281730
1278543718019035136
1278543745583968257
1278543758334836736
1278543771219574787
1278543799887769601
1278543875628466182
1278543879411646465
1278543988220399621
1278544038828879880
1278544039651016705
1278544039919472640
1278544062350389248
1278544068428156933
1278544076485378051
1278544093144965121
1278544144831578112
1278544148681773056
1278544175106076677
1278544206928080896
1278544211021873152
1278544253166276608
1278544277690134528
1278544307503468544
1278544323810742272
1278544400528932864
1278544408720412674
1278544487334195200
1278544513552842753
1278544533744214016
1278544568040869888
1278544588819574784
1278544681161437186
1278544715344797697
1278544723649523712
1278544739403542529
1278544788782854146
1278544815374860289
1278544835553583104
1278544852276244480
1278544911076331520
1278544919477530624
1278544951052124160
1278545049572294656
1278545076071755776
1278545107558584327
1278545154769551360
1278545193273225216
1278545196704305153
1278545226362245127
1278545229725958146
1278545285346734080
1278545297132617728
1278545327176519681
1278545368393961472
1278545402715922432
1278545406075342848
1278545444050739201
1278545450295943169
1278545456885370881
1278545481740816387
1278545482625814533
1278545490548752389
1278545541014491136
1278545637706027008
1278545650083262464
1278545682517942272
1278545691531513856
1278545704324149248
1278545712393760769
1278545733814112264
1278545771164504070
1278545792219963395
1278545804580380672
1278545825652752384
1278545830337798144
1278545860213817344
1278545868568907777
1278545918107594754
1278545946230444033
1278545968602980352
1278546037620146181
1278546044347805696
1278546052275228672
1278546064539185154
1278546071816413185
1278546073385086976
1278546128284286976
1278546131652411393
1278546165634527232
1278546249411690497
1278546261033906176
1278546312057651200
1278546339337572353
1278546349739380736
1278546366776709121
1278546387794354176
1278546419687841792
1278546434309177344
1278546437731737600
1278546455033192455
1278546459395272705
1278546460317904896
1278546501439029249
1278546505205526529
1278546513870958593
1278546556317167617
1278546577678692353
1278546584897282049
1278546602395746305
1278546618946662407
1278546677217939456
1278546677314605056
1278546743362121728
1278546774324641792
1278546803021971456
1278546824060522496
1278546857807888385
1278546862522449920
1278546866406383616
1278546878259437568
1278546918684098560
1278546942310653953
1278547000628137984
1278547055573708811
1278547125610008576
1278547138327326725
1278547239846031363
1278547257873141760
1278547285606125568
1278547322788601857
1278547335706861570
1278547395106631681
1278547402480185344
1278547403000254470
1278547445388099585
1278547474542706691
1278547560169267200
1278547566146097153
1278547591425187840
1278547604834377729
1278547691870359552
1278547721385844736
1278547743443759105
1278547755430887424
1278547767766499330
1278547801190866944
1278547804877537280
1278547825924734976
1278547960440258565
1278547960725409797
1278547977015930880
1278547978651947008
1278548044548579329
1278548090836918278
1278548115432321031
1278548148391215105
1278548154334482433
1278548157752725504
1278548187012349952
1278548196071862273
1278548242079166464
1278548262170120203
1278548367593922561
1278548372052312064
1278548375860924418
1278548518018269185
1278548619331866625
1278548624918614016
1278548631918743552
1278548639455907841
1278548669675925504
1278548675917156353
1278548678689472513
1278548761468428289
1278548775011672064
1278548804300533760
1278548809207943168
1278548817013542912
1278548865369509890
1278548904833740800
1278548908088549377
1278548912400261123
1278548958621491206
1278548969254203394
1278548971732889600
1278548981828792322
1278548992322727937
1278549060329238528
1278549097180323840
1278549105854144512
1278549134916694016
1278549164901752832
1278549190545534976
1278549212959891457
1278549227556294656
1278549260519145473
1278549280974831619
1278549341867737089
1278549352567406593
1278549404572479488
1278549409769218049
1278549424000479232
1278549437338525696
1278549462323953664
1278549474554478592
1278549634357420032
1278549654414729216
1278549655530373120
1278549673209286656
1278549684257079297
1278549705199251456
1278549705702510592
1278549706193301506
1278549713948680192
1278549727072497664
1278549763835584513
1278549807402016768
1278549830688800769
1278549840310398976
1278549878369423360
1278549995172454400
1278550025291915265
1278550028106248194
1278550037249904640
1278550067721326598
1278550087216463872
1278550087476658176
1278550125934022657
1278550137133031426
1278550145701785600
1278550175942955008
1278550229382545408
1278550237959852032
1278550241957089280
1278550250987425792
1278550254657441792
1278550276761362442
1278550297200164864
1278550318498930689
1278550444013506561
1278550453001662466
1278550511680139264
1278550641296568320
1278550657511772160
1278550674146332673
1278550699513573376
1278550703879798784
1278550725178667008
1278550745625907201
1278550783315914752
1278550805264596994
1278550820775231488
1278550834507214848
1278550838152032257
1278550864010018816
1278550935363600384
1278550993496670208
1278551221050040321
1278551270211686400
1278551278868545538
1278551328877211648
1278551337915969537
1278551357709070337
1278551411933003781
1278551412889116672
1278551413363281920
1278551437711114241
1278551525460230150
1278551530338242560
1278551534934962176
1278551555822714887
1278551592837345280
1278551596842901504
1278551601666560001
1278551623510511617
1278551653357158400
1278551748660125696
1278551765558927360
1278551766129311744
1278551820856631308
1278551832617291777
1278551900565069826
1278551924522901504
1278551987970326529
1278552012762886145
1278552017808486400
1278552038297800704
1278552054462582784
1278552054739410944
1278552088230809600
1278552126206205958
1278552146397417472
1278552168484593666
1278552191708479489
1278552210679435264
1278552233341313025
1278552248042340352
1278552248264519680
1278552280573280256
1278552316925186049
1278552322579152896
1278552339498938368
1278552352216305669
1278552364421574656
1278552378137026560
1278552389553762304
1278552445191426048
1278552452611158018
1278552495153963009
1278552508034580481
1278552525793361920
1278552528490311680
1278552544571035648
1278552576586219522
1278552604092493824
1278552607817183232
1278552616633393152
1278552620869746689
1278552632412397568
1278552708421685249
1278552729317670912
1278552742273957888
1278552809072324609
1278552809437376512
1278552817398153216
1278552838986178562
1278552877192089600
1278552930405081088
1278553018531639296
1278553112333242368
1278553140946599936
1278553154192379906
1278553174035423232
1278553220445544450
1278553236497002503
1278553288540127232
1278553289609678850
1278553308173488128
1278553342835396608
1278553346052198400
1278553392235704326
1278553418127208448
1278553434023702528
1278553434321551360
1278553467980742656
1278553480630657025
1278553623388016641
1278553623698591744
1278553706284199936
1278553723694874624
1278553753960898560
1278553769991532546
1278553822483234816
1278553865630212097
1278553886853382145
1278553950191366145
1278553976670167042