1285197767338536961
1285197768898879490
1285197769339072513
1285197771134455810
1285197773483073537
1285197776842874883
1285197788582563842
1285197789501313024
1285197798925897733
1285197898729304064
1285197902458105857
1285197962415681536
1285197973362814976
1285197974826557442
1285197978966212608
1285198016853544960
1285198025565057031
1285198038684905472
1285198042434592770
1285198054828552193
1285198066484748289
1285198067239727105
1285198101456674816
1285198138748203008
1285198220793131008
1285198234806345728
1285198243408891904
1285198258751430657
1285198281400885248
1285198302615605249
1285198335742218240
1285198348492910595
1285198359393964032
1285198361176547328
1285198368310833152
1285198368931635202
1285198432437583874
1285198436615290880
1285198436942454785
1285198477992001544
1285198478386384896
1285198479816626176
1285198489853538305
1285198512167280641
1285198512280481792
1285198524091695104
1285198595860267014
1285198658087116804
1285198734121480192
1285198755357167616
1285198776320352260
1285198780325920769
1285198793202372610
1285198796826144768
1285198810260615169
1285198835141218304
1285198867248676864
1285198910970109953
1285198948467179520
1285199002397405184
1285199032403537925
1285199073742598144
1285199095959879680
1285199158148726784
1285199161651089412
1285199179262959616
1285199186867167232
1285199240675958785
1285199307273101313
1285199334556884994
1285199367922688002
1285199385433788418
1285199429704843265
1285199437724254210
1285199455743102978
1285199460465700864
1285199469554929666
1285199511267270656
1285199512890421248
1285199527750914048
1285199547954798598
1285199590053105664
1285199596533305344
1285199627868868610
1285199695036452865
1285199745162653699
1285199757632249859
1285199800472932355
1285199865706737671
1285199907524096000
1285199913664610305
1285199926620823553
1285199954680651782
1285200041557348353
1285200047760695296
1285200071768903682
1285200075564756993
1285200103205109760
1285200114399813632
1285200141662785537
1285200195177914370
1285200209245503500
1285200219450343425
1285200230934347781
1285200290996789249
1285200352824958976
1285200353965871105
1285200366917820422
1285200382633938944
1285200390674436096
1285200395359461381
1285200416372862976
1285200479941808129
1285200488888242180
1285200550041092097
1285200617196195840
1285200626176217088
1285200638473797633
1285200639442718720
1285200659562758145
1285200730681483264
1285200747747893248
1285200781541429249
1285200792752992258
1285200793491169282
1285200806724026370
1285200843852197888
1285200886231433216
1285201018611957760
1285201031949881344
1285201033279475719
1285201115450155008
1285201146253062144
1285201162858364929
1285201188913319937
1285201263466930180
1285201267242029059
1285201321201729537
1285201343410511874
1285201413375549441
1285201457025818624
1285201477565374466
1285201536679677952
1285201542648401923
1285201560889368578
1285201595135746049
1285201619269951488
1285201620553392128
1285201627872403457
1285201637888405507
1285201696071745536
1285201698475122692
1285201711477514240
1285201720386215937
1285201750480363520
1285201767257513984
1285201771128913922
1285201788077998081
1285201812438634496
1285201816322478080
1285201817022783488
1285201825566785536
1285201826015518720
1285201837860233216
1285201884026826752
1285201926829809664
1285201930210496512
1285201930244022277
1285201930789281793
1285201938506817536
1285201947373363200
1285202010652831745
1285202046858203143
1285202098947272705
1285202136637362179
1285202148339286017
1285202169562566656
1285202215637069825
1285202241121640455
1285202288387268610
1285202318359703554
1285202396348645377
1285202428376289287
1285202467756453889
1285202489873227777
1285202492398149636
1285202511901585408
1285202512941846530
1285202522785763329
1285202584828022787
1285202596085497861
1285202597717188608
1285202601139744768
1285202602066677760
1285202609280897029
1285202676985339905
1285202680822894592
1285202685449441280
1285202698485235715
1285202722828869632
1285202841251057665
1285202866295189504
1285202873823793152
1285202882850168832
1285202887484866562
1285202912214429697
1285202934444306433
1285202957823283201
1285202969504473088
1285203000466628609
1285203074470932482
1285203076241133574
1285203076266123265
1285203080406020103
1285203167278440448
1285203170810044416
1285203184059899904
1285203192796643330
1285203218721648640
1285203242650144775
1285203256256290816
1285203289529876481
1285203334513729536
1285203340108890113
1285203343414112258
1285203343560802304
1285203356655456258
1285203373076045824
1285203376557490183
1285203419708321792
1285203449089581056
1285203461764677633
1285203520694693888
1285203525128126466
1285203566223908864
1285203612625522689
1285203638021955584
1285203649749299200
1285203655302365187
1285203668707487744
1285203721484468224
1285203726739832832
1285203734167818241
1285203741654704131
1285203751574396934
1285203789000081408
1285203802149265409
1285203809971601408
1285203813054517253
1285203822693015557
1285203880670830593
1285203883283881985
1285203889281613824
1285203902376419328
1285203912040099840
1285203918948007936
1285203935658221569
1285203970588278784
1285203985918504961
1285204001999527936
1285204015077224449
1285204022803210242
1285204044781363200
1285204066298019841
1285204089878441984
1285204128046690304
1285204131871748096
1285204132597501952
1285204203397423104
1285204237534863368
1285204298578747393
1285204321739526144
1285204325745209344
1285204328404459522
1285204354887151617
1285204355117768705
1285204358486011905
1285204376127188992
1285204392216424448
1285204410826711040
1285204417466322944
1285204417768067072
1285204434046181376
1285204450676809730
1285204452073504768
1285204459799433219
1285204514644144128
1285204547120570368
1285204568364605445
1285204568666591233
1285204568889077761
1285204598584729602
1285204665479634945
1285204748099092482
1285204807343538176
1285204871252189184
1285204920967352321
1285204962662907904
1285204988734722049
1285205013384454145
1285205023341907969
1285205080757723138
1285205096943554560
1285205105554468865
1285205122595708928
1285205189327294466
1285205193336983555
1285205206427467776
1285205213717110785
1285205218926514176
1285205273682997250
1285205310790139910
1285205318666981378
1285205349163835392
1285205365907316741
1285205368759635968
1285205369220993026
1285205395133399044
1285205417019142144
1285205424011018240
1285205496153157634
1285205500133543936
1285205504197750784
1285205520811470851
1285205549576069123
1285205574892818433
1285205604986875904
1285205688571101190
1285205688877223936
1285205697421074434
1285205734586802177
1285205763099693062
1285205764752191491
1285205780220661760
1285205780673835009
1285205788982747137
1285205810621145091
1285205862974464000
1285205881903251457
1285205911590572034
1285205924597112833
1285205925687627778
1285205977667698690
1285205978158440449
1285206015055716353
1285206025394630658
1285206039995047942
1285206046328283139
1285206116146839552
1285206132806553601
1285206202041827328
1285206208874455042
1285206220865974272
1285206265728245760
1285206283919020037
1285206326470221824
1285206359449862151
1285206393503571970
1285206393767821313
1285206471911919618
1285206472578785286
1285206510553960448
1285206589662625792
1285206619937222658
1285206658059247616
1285206719698632705
1285206729148465155
1285206736937324547
1285206762233180161
1285206829405032448
1285206883754815489
1285206888771194880
1285206910996815873
1285206993611845632
1285207007247527936
1285207013589430277
1285207072838213633
1285207148558004227
1285207157282045953
1285207158053900295
1285207181927817216
1285207193818628096
1285207202303823878
1285207240719372288
1285207358105366530
1285207432994721794
1285207438338281476
1285207529849487364
1285207559654313984
1285207575852650496
1285207594928406529
1285207641128607746
1285207701467860993
1285207730677047297
1285207797794250758
1285207806694567937
1285207852810825730
1285207882825256961
1285207886898102273
1285207920284762113
1285207924063842305
1285207957941231616
1285207961426702337
1285207988316385280
1285208029428760576
1285208068616327168
1285208099142291458
1285208142314385408
1285208146714271744
1285208192503500800
1285208200443305984
1285208208571797504
1285208279501737984
1285208280999047168
1285208284241301505
1285208307158913024
1285208398552641538
1285208419058802690
1285208477422551040
1285208488948498436
1285208502500286465
1285208507613143040
1285208532086906881
1285208540357906432
1285208557512798208
1285208564953485313
1285208593214533633
1285208616430166018
1285208650114641920
1285208704229560321
1285208778829422592
1285208783355092995
1285208829681192960
1285208838849867786
1285208842176024577
1285208877785657344
1285208927047753728
1285208933158866945
1285208959977054208
1285208980688535555
1285208987713953792
1285208994148225024
1285209006361817088
1285209052520288257
1285209056626581506
1285209062292979712
1285209077971222530
1285209092047335434
1285209102415790080
1285209134120476675
1285209148775374849
1285209194816208896
1285209219671699456
1285209241486340096
1285209244590104577
1285209264022327296
1285209291948019712
1285209307324112897
1285209354690494465
1285209380464582662
1285209384084275200
1285209384356913153
1285209421719773191
1285209434059415553
1285209440829005826
1285209450228244485
1285209476191027200
1285209492699963393
1285209538522734592
1285209580767776769
1285209584802639875
1285209588749471746
1285209649789186051
1285209668894306304
1285209681292558339
1285209738355986432
1285209747256487936
1285209748158152705
1285209790654947331
1285209806995968007
1285209836997816320
1285209857294049280
1285209895256707074
1285209895382528000
1285209903838134274
1285209904152588289
1285209904509104128
1285209916068823040
1285209916278542336
1285209950218846209
1285210054413684736
1285210066749014016
1285210076484186112
1285210092128747521
1285210104707665922
1285210129705689089
1285210164212248588
1285210172860829699
1285210176597843974
1285210231539003396
1285210273369001985
1285210294088761345
1285210302557167618
1285210315127480321
1285210348493008897
1285210352737816576
1285210361646526465
1285210398115979264
1285210449353613312
1285210490520711169
1285210519880728576
1285210536402137089
1285210562151034880
1285210570048897025
1285210575409238016
1285210593495076864
1285210601896247296
1285210615183810562
1285210634016129025
1285210634380931073
1285210645949022209
1285210667100798978
1285210676345081857
1285210683752226818
1285210730426298370
1285210731122757632
1285210738437394432
1285210742824882180
1285210754803806208
1285210818380890114
1285210826224345095
1285210826845163520
1285210843538509825
1285210847225274368
1285210864346451968
1285210902426345472
1285210926640033792
1285210935779622912
1285210955618693121
1285211019875319809
1285211050455990272
1285211086329991169
1285211089807052801
1285211095070846977
1285211121608265730
1285211123977826304
1285211153807872002
1285211161248571393
1285211166453760000
1285211166461923328
1285211174900989952
1285211195037949955
1285211241850470400
1285211255058436096
1285211338885693441
1285211378257670144
1285211388470681600
1285211463926394881
1285211472126066689
1285211475414523908
1285211484587360258
1285211560558899201
1285211580636987393
1285211589801422848
1285211593609904131
1285211639697072129
1285211665911492609
1285211711600025600
1285211728129724416
1285211744995094528
1285211745489948672
1285211848963502083
1285211858245259264
1285211860657221632
1285211875538620417
1285211898426691584
1285211921520754688
1285211985139904513
1285211992723054593
1285211996720435201
1285212013304655872
1285212034091479044
1285212034536280066
1285212051590328320
1285212165125951488
1285212197786980364
1285212216275369990
1285212223506386946
1285212235955134464
1285212273594728448
1285212296948731904
1285212318540988416
1285212365970042880
1285212386723495936
1285212399411146752
1285212416117215232
1285212428561678339
1285212487328161792
1285212495997816834
1285212508924583943
1285212513097981959
1285212534589599746
1285212591963463682
1285212634363629569
1285212667418947585
1285212672104050690
1285212676700790786
1285212705507467264
1285212777393590272
1285212793579479046
1285212798373502977
1285212810683670529
1285212856808607749