1281347407100416002
1281347410132905986
1281347416621555716
1281347502948487168
1281347511601573899
1281347512352350210
1281347522242502659
1281347533122535426
1281347554257571841
1281347568107237377
1281347571450032129
1281347574558072832
1281347642081988608
1281347661791191040
1281347687141511170
1281347692338151424
1281347720637296640
1281347721413177346
1281347793248976897
1281347821824806914
1281347826128224260
1281347826270777344
1281347854720696320
1281347918566494208
1281347952447913986
1281348015501058048
1281348073826840576
1281348090117660679
1281348117460406274
1281348195981897730
1281348207935660035
1281348224863870981
1281348233348804608
1281348375523270658
1281348388571643905
1281348397241425921
1281348404623355904
1281348480691253255
1281348488744144896
1281348493672669184
1281348510001045505
1281348535129042945
1281348560022384642
1281348598110855173
1281348598152781824
1281348655123959809
1281348665089695746
1281348671276224513
1281348677806641152
1281348706625826816
1281348707183661059
1281348737047187456
1281348740926910466
1281348766155628546
1281348766453452800
1281348787500388353
1281348798464225281
1281348812389453824
1281348816474722304
1281348820014694407
1281348826050310145
1281348878856421377
1281348887681339406
1281348904911503363
1281348921135001600
1281348971491921921
1281348984980692995
1281348988126605312
1281349067973566468
1281349078224437251
1281349089825820679
1281349105202200576
1281349126886653954
1281349139503222790
1281349202635890695
1281349227768090627
1281349314942349313
1281349348656181249
1281349361193168902
1281349381170626560
1281349432747986952
1281349462498172928
1281349462720471040
1281349563383795720
1281349591082786816
1281349591850516485
1281349597277741056
1281349600109043713
1281349608770203648
1281349639707537409
1281349658753634304
1281349680677486592
1281349696938598400
1281349780887740416
1281349797119758337
1281349816325476357
1281349829981925378
1281349840199450624
1281349852106854400
1281349857865859072
1281349860080398344
1281349869349695488
1281349889818079232
1281349919547240450
1281349940506243073
1281349959892312064
1281349990552530944
1281349999641731072
1281350005790564352
1281350066662453251
1281350078578466816
1281350091974967298
1281350129409196035
1281350158802968577
1281350213215690754
1281350246514253824
1281350280521682945
1281350292173463554
1281350335005691907
1281350347735347200
1281350364017709058
1281350367758843904
1281350373576335361
1281350410339446785
1281350435387985927
1281350465586962435
1281350472649990144
1281350518825091072
1281350519135637507
1281350564421533702
1281350573971910659
1281350574429044743
1281350598466719744
1281350607559745536
1281350623443681280
1281350732881506305
1281350736849362944
1281350775445295104
1281350804620935168
1281350846056239104
1281350862498148353
1281350880021938176
1281350917279887360
1281350939610234880
1281350976914337792
1281350984489472001
1281351089648877568
1281351143285760005
1281351164924030977
1281351206846308352
1281351211023831040
1281351240925032449
1281351341718282241
1281351357388279819
1281351387637415936
1281351388019269639
1281351416678879236
1281351442331246592
1281351505254256641
1281351535096668160
1281351576439988224
1281351605191733248
1281351626360533000
1281351692429283329
1281351705788121090
1281351706173943811
1281351719805431808
1281351723127205891
1281351735651393536
1281351740697145346
1281351806455431169
1281351810444394496
1281351848373477378
1281351869168836613
1281351875057594370
1281351891239096320
1281351919626334209
1281351921941598208
1281351945400119301
1281351949204545547
1281351965734318080
1281351979235778560
1281351982897225729
1281351983228686343
1281351987875975169
1281352025134047237
1281352076711194624
1281352096235888652
1281352133619613696
1281352146341048320
1281352150375956482
1281352217195356161
1281352225349152768
1281352226183708672
1281352238221479939
1281352247889125376
1281352255950794755
1281352259872464898
1281352259876433920
1281352260077801473
1281352271629090818
1281352318617821184
1281352440093310976
1281352486192738304
1281352490659860483
1281352494220742657
1281352511715192832
1281352537271144449
1281352566090035202
1281352574399127552
1281352586663268353
1281352699880116224
1281352703969558529
1281352720843079682
1281352737364439041
1281352754846294016
1281352771535601671
1281352788304449536
1281352809724604416
1281352817316376576
1281352850665353223
1281352893686325249
1281352897507270657
1281352926976409601
1281352960514170887
1281352983704297472
1281352993389137920
1281352998443200515
1281353015279136768
1281353044702224391
1281353103032422400
1281353103254499328
1281353119394234369
1281353157386268674
1281353191343427585
1281353224214188033
1281353267046473734
1281353292203917312
1281353299065700352
1281353303050182656
1281353304455380995
1281353325070503938
1281353346540908545
1281353361883721729
1281353433199652865
1281353438509449216
1281353441621602304
1281353514363555847
1281353522999517184
1281353568348504069
1281353602490077184
1281353614271713280
1281353622681419777
1281353643376226306
1281353710640095232
1281353718856921088
1281353719402180610
1281353736271663104
1281353747700969475
1281353757767467012
1281353766084771853
1281353808140886016
1281353812683431936
1281353828034650117
1281353866487922694
1281353884947156998
1281353887308378112
1281353895961341952
1281353929926733824
1281353935404457984
1281353983911698435
1281354012294406144
1281354101029298176
1281354101541003265
1281354110877306880
1281354134881542145
1281354158214451202
1281354159502106627
1281354290171383809
1281354369087102976
1281354433385897985
1281354453816401928
1281354504017973248
1281354507960684544
1281354521256644608
1281354562838896640
1281354574830370816
1281354595076382720
1281354667574865925
1281354693587894273
1281354706841997313
1281354711723982848
1281354734889295877
1281354830326444045
1281354860055744514
1281354912832663552
1281354951747350531
1281354956935749633
1281354960702255105
1281354969061433344
1281354973222023168
1281355006382407681
1281355027567837184
1281355084887187457
1281355145268342784
1281355191288242178
1281355197881692163
1281355204026404864
1281355247982608384
1281355334917992448
1281355404723789824
1281355413997400064
1281355414014251009
1281355422230892549
1281355497799475202
1281355539704766464
1281355548554928130
1281355564833034241
1281355592821604353
1281355610416541697
1281355615579762690
1281355674350505985
1281355816315039745
1281355862326509570
1281355875362369536
1281355887588724736
1281355905016172544
1281355912599359490
1281355968027086849
1281356059743907840
1281356068275326976
1281356077926408192
1281356084670869504
1281356106644824071
1281356109681324032
1281356122507493377
1281356143491559424
1281356160789028867
1281356164668612609
1281356180485402624
1281356206762860547
1281356336354086912
1281356343798988800
1281356383581990913
1281356412560371712
1281356444592336896
1281356452951728129
1281356481514831872
1281356482781609984
1281356491325411328
1281356571684077569
1281356575983022080
1281356592101896196
1281356638503370752
1281356643356180480
1281356663618850817
1281356672791801856
1281356685035151360
1281356726399152130
1281356763397263360
1281356799493447680
1281356801968082945
1281356852140228608
1281356890610577413
1281356935405551617
1281356936336879622
1281356953524908032
1281356986995683329
1281356990447587329
1281357010492170240
1281357041676713986
1281357100552204288
1281357153459150848
1281357166251737088
1281357179908263937
1281357194374647810
1281357230198198275
1281357230374150145
1281357236342788099
1281357267762327554
1281357295730012160
1281357302793109505
1281357306115117057
1281357338784468992
1281357393222238210
1281357393910091778
1281357421441622016
1281357435249192960
1281357452156559360
1281357477754404865
1281357486512111616
1281357498868543490
1281357540455002115
1281357574533574656
1281357590233063425
1281357613549056000
1281357670285553667
1281357674328752128
1281357683036237824
1281357683053010946
1281357691131224065
1281357700434137088
1281357724781969409
1281357733971800070
1281357737104830464
1281357741320097793
1281357741718753280
1281357741752119296
1281357754054017024
1281357762258178049
1281357796622118913
1281357888603197440
1281357985034510338
1281357985357484033
1281357989631242240
1281358018987175936
1281358019163500544
1281358041791827968
1281358044375523329
1281358046552178688
1281358060368404481
1281358079502712832
1281358140030754817
1281358147727306752
1281358165423071232
1281358190362464259
1281358190714683398
1281358195072495618
1281358224571146241
1281358257181908992
1281358269701709825
1281358290505486336
1281358310604668929
1281358341105684481
1281358425201549320
1281358438002388992
1281358538451845120
1281358592772386822
1281358605329985537
1281358630693015552
1281358631322021889
1281358635378106370
1281358656131543040
1281358677308403713
1281358681142104064
1281358693888663553
1281358721017245696
1281358726893625351
1281358733046620160
1281358739006685184
1281358899694563328
1281358903825973248
1281358911669366784
1281358937053372417
1281358941788598272
1281358958037331968
1281359059065679876
1281359071053062145
1281359100811653126
1281359129999814658
1281359133644652544
1281359139084492805
1281359142498623489
1281359150929387521
1281359180683763712
1281359205908115456
1281359210324738048
1281359214254817280
1281359381712343040
1281359436112703491
1281359499132116995
1281359503716487168
1281359553741811712
1281359591708807179
1281359598239338502
1281359629272920064
1281359637640630275
1281359650252873734
1281359661887881221
1281359679654944771
1281359700898902016
1281359730380808193
1281359742825304064
1281359754858766338
1281359771937931265
1281359790065635328
1281359821862731776
1281359838518247424
1281359901525250048
1281359931782754305
1281359955241705474
1281360031338729473
1281360040700588033
1281360069653786624
1281360098833707019
1281360107637485568
1281360136490102784
1281360157356810249
1281360161865707522
1281360174998081541
1281360207835168769
1281360275648569345
1281360292128215040
1281360329700790277
1281360359258030080
1281360375976534018
1281360400936841216
1281360410789072896
1281360411053264897
1281360446885437440
1281360451604021248
1281360467735326720
1281360477105381376
1281360484868845568
1281360506515841029
1281360514506018816
1281360515025928192
1281360527080353792
1281360551700881411
1281360560211329028
1281360572647264258
1281360618914709504
1281360644013355010
1281360739769421829
1281360817464606721
1281360820157337602
1281360824821374976
1281360845671407617
1281360878869164033
1281360879670484993
1281360912809590785
1281360925543534592
1281360944262774785
1281360962935590912
1281361022247407617
1281361030438883329
1281361063397609472
1281361103700754432
1281361144054190081
1281361168192294913
1281361168259403776
1281361197577707528
1281361204980613120
1281361235024453632
1281361273536610306
1281361273557581834
1281361303177621505
1281361341010243586
1281361374111625217
1281361411919110146
1281361512192327680
1281361543326826496
1281361551065141248
1281361576054988803
1281361609491914757
1281361655763525639
1281361697190510592
1281361733819551746
1281361764316258304
1281361768007249922
1281361788156522496
1281361872093171718
1281361940925874176
1281361957308825606
1281361957770063872
1281361991190188033
1281361995183382528
1281362007686393859
1281362026393145344
1281362055296163849
1281362081959247872
1281362146224472064
1281362217196191749
1281362243360305152
1281362277204135938
1281362280098091008
1281362283499859968
1281362284141588481
1281362288331509760
1281362314151616512
1281362406472638464
1281362413946900480
1281362426600943617
1281362430988128256