1284880681370173440
1284880684343939074
1284880767949180928
1284880775515639810
1284880797376405504
1284880805739847680
1284880806532481025
1284880810148016128
1284880856088227849
1284880865227497472
1284880890275999747
1284880924795113472
1284880928045768704
1284880962074161153
1284881048652873728
1284881048988516352
1284881070077415424
1284881091833270272
1284881112414601216
1284881171307016192
1284881178756108288
1284881197508833280
1284881208430780417
1284881240475279362
1284881259152515078
1284881267771805699
1284881284427284480
1284881286105124866
1284881301099642882
1284881305159602176
1284881314013949955
1284881359736111108
1284881368405680129
1284881368690950145
1284881380321767424
1284881385006739456
1284881389570215936
1284881401435820038
1284881433060925441
1284881435011186688
1284881439008395265
1284881447233425410
1284881460306931715
1284881501734219779
1284881596063969281
1284881616322678786
1284881646345494530
1284881648660754435
1284881661507842051
1284881680365322240
1284881683410563073
1284881703459098624
1284881714268049409
1284881732945223681
1284881745834319874
1284881800960106504
1284881816550342658
1284881850331287556
1284881862805127170
1284881905159217152
1284881943700615168
1284882018363416591
1284882031181209601
1284882056368009219
1284882072952352769
1284882081223516160
1284882089662447616
1284882090023149573
1284882098512437248
1284882116640219136
1284882151159332869
1284882186483781632
1284882261511413760
1284882270608908288
1284882295158124544
1284882303836028928
1284882311864111105
1284882319627685888
1284882387592253440
1284882430898438146
1284882442273402880
1284882458652147713
1284882470295318528
1284882480126996480
1284882491765952512
1284882532622831617
1284882555552989184
1284882584388931584
1284882601820463104
1284882609663664129
1284882624800976897
1284882625778397184
1284882689623875586
1284882722633027584
1284882724449394690
1284882741054578693
1284882751892545542
1284882798516600832
1284882827977293830
1284882848516841475
1284882928661602310
1284882936500645889
1284882958600544256
1284882976543633408
1284882995099230209
1284883012774232064
1284883013034278918
1284883035071152130
1284883053899325442
1284883120936947719
1284883184350633984
1284883184367304705
1284883196279128064
1284883214352420871
1284883235084935170
1284883242613645313
1284883263450906630
1284883277300539392
1284883305855422464
1284883317968576515
1284883332921270273
1284883352324120578
1284883373325000705
1284883510751371265
1284883553017307136
1284883620059131906
1284883659313553414
1284883662698233856
1284883688061378560
1284883704087752707
1284883752297074688
1284883763143618560
1284883788342996993
1284883828964757505
1284883838435565568
1284883859524317184
1284883911906979840
1284883919557537797
1284883927157489665
1284883950889062400
1284883998242754562
1284884005637234691
1284884014575218688
1284884019155525634
1284884044036157443
1284884049149001735
1284884056690360321
1284884106443030528
1284884111576858624
1284884114156527622
1284884133785657344
1284884172671266816
1284884187342712832
1284884203289616386
1284884203805356032
1284884216443023361
1284884236516892673
1284884245207379970
1284884249653342209
1284884265843531776
1284884266866872322
1284884321657118723
1284884387859886083
1284884391567732739
1284884396022079489
1284884438019567617
1284884457078628360
1284884463017693187
1284884529036107776
1284884530466258945
1284884589341814787
1284884601584914434
1284884644576366592
1284884647831371777
1284884647953010695
1284884672971829248
1284884690206429185
1284884692462907392
1284884702277406720
1284884786671161344
1284884801585950722
1284884803666554881
1284884849791315968
1284884908545056768
1284884983107158017
1284884999922221058
1284885000043630592
1284885033728139268
1284885038727823367
1284885067802775553
1284885084735143937
1284885104846950400
1284885105987719169
1284885121976242178
1284885163915141121
1284885164557062144
1284885206114213890
1284885207833772034
1284885210526605312
1284885211474518016
1284885261676097537
1284885268840030208
1284885278025486336
1284885281657753602
1284885386154713088
1284885390105575424
1284885398607540224
1284885432396898305
1284885466240765953
1284885469222907906
1284885478399975430
1284885582880145408
1284885610533199877
1284885637993246721
1284885640941887488
1284885646201491457
1284885654313357314
1284885664924934145
1284885670822064130
1284885674706055169
1284885679567245314
1284885721229201415
1284885730611822594
1284885741731012609
1284885746432782336
1284885747108057090
1284885750929076224
1284885751214362625
1284885776170459136
1284885788648525824
1284885796994994176
1284885797330546688
1284885801898143744
1284885818390216705
1284885818440593408
1284885818465759234
1284885830511845378
1284885831782748161
1284885835297566725
1284885848249556992
1284885864640851976
1284885877169238017
1284885905623470080
1284885918898364416
1284885944726958080
1284885957058199553
1284885990537035778
1284885998623694851
1284886015065260032
1284886032178126850
1284886078424600576
1284886080857280519
1284886107512098816
1284886112876605441
1284886136901558273
1284886170435018767
1284886174226681857
1284886182413950978
1284886186776043520
1284886203704029184
1284886204291284994
1284886204572409856
1284886220665835520
1284886222268137473
1284886248117669889
1284886265393868801
1284886309216161792
1284886318061948936
1284886341650718720
1284886372176863232
1284886376668897280
1284886399695687680
1284886413826285569
1284886426182733824
1284886430309920768
1284886460139618305
1284886460483530753
1284886477479051265
1284886511175991296
1284886539579924482
1284886556688482306
1284886569892089856
1284886573931204608
1284886602599133185
1284886606428635136
1284886677685772290
1284886686653009920
1284886723479195649
1284886762049777664
1284886828986793984
1284886845143187457
1284886891653935104
1284886904773791745
1284886905310543872
1284886966979268609
1284886967113510912
1284886971811340288
1284887017721966592
1284887072759787521
1284887080389218304
1284887097753690112
1284887134399340544
1284887135619813378
1284887173272162305
1284887188115804162
1284887194541477889
1284887202472685568
1284887235624501248
1284887252959670272
1284887275034288129
1284887280818237440
1284887312963264512
1284887339844550658
1284887343774736390
1284887349340467200
1284887349432909825
1284887382060392449
1284887404709646336
1284887470774124544
1284887521332097024
1284887539225178113
1284887580199096320
1284887605054668801
1284887659765276673
1284887707202867201
1284887709492772866
1284887755856674818
1284887755915358208
1284887768267726854
1284887810881748996
1284887823175344128
1284887877655179265
1284887890309324801
1284887891756408838
1284887901785001987
1284887903408132097
1284887945409974273
1284887947645460480
1284887957548068865
1284887985947844609
1284888015639379974
1284888016234872845
1284888024959062016
1284888082286891010
1284888108605964288
1284888112011894786
1284888138108874752
1284888146019311618
1284888229901197312
1284888256778252289
1284888268274905088
1284888297387569152
1284888329285185537
1284888348004356096
1284888387745439744
1284888388001320961
1284888391264460800
1284888393718038529
1284888408645685248
1284888431370342405
1284888469400166403
1284888476081504258
1284888507266199552
1284888542728974341
1284888560693379072
1284888573229981699
1284888623775649792
1284888632919302156
1284888660949651457
1284888666658267137
1284888708060192769
1284888766742777856
1284888816679976960
1284888842215063553
1284888846455504899
1284888850834300928
1284888863379423232
1284888863819870210
1284888915158204416
1284888972699873280
1284888983172939777
1284889005771784194
1284889014059835392
1284889031260737537
1284889033752088579
1284889056506150913
1284889068178997249
1284889081378291713
1284889106510761985
1284889111220944896
1284889120750227456
1284889123216429056
1284889144741826563
1284889156980822023
1284889173367939073
1284889234478903296
1284889234483154944
1284889282449006592
1284889292754391041
1284889311934967809
1284889325260410881
1284889337465901057
1284889339705675776
1284889345263099904
1284889404235034626
1284889416549502977
1284889492151611392
1284889492650962946
1284889497700913153
1284889538406625285
1284889555435429891
1284889555825459200
1284889559059312641
1284889563362664450
1284889564042063873
1284889571554201601
1284889677024157701
1284889719302692865
1284889735773724673
1284889825649348611
1284889834360672256
1284889874202537984
1284889960600961030
1284889962031263744
1284890024975228929
1284890045833531396
1284890058634469378
1284890070886080512
1284890091903758338
1284890160950214658
1284890188594937857
1284890201278431233
1284890218240278528
1284890224015937536
1284890302608801792
1284890310795907074
1284890354974519296
1284890387350511617
1284890406560256002
1284890427183726593
1284890436465643520
1284890453712744454
1284890477880324096
1284890492753281025
1284890519919898624
1284890524759937026
1284890572788908045
1284890582691672069
1284890586722402305
1284890589104705536
1284890599523602432
1284890603688538113
1284890612362346497
1284890659157991424
1284890667156680706
1284890668700258304
1284890674689724416
1284890688320966656
1284890712987713537
1284890714644582400
1284890720961167360
1284890744306544640
1284890758751952896
1284890761402646528
1284890767102586882
1284890771284426752
1284890802561282048
1284890805988208641
1284890847234981889
1284890848337903617
1284890872107204609
1284890872627298304
1284890965061271553
1284890981238808579
1284890989572784131
1284891015204048896
1284891065619808258
1284891081646256128
1284891102881996801
1284891166039666688
1284891172939411459
1284891191234957312
1284891191633420289
1284891224281735168
1284891224407789568
1284891257911873536
1284891287855009798
1284891288077316097
1284891302476357638
1284891317030486017
1284891325041725440
1284891365810331648
1284891438212280320
1284891468482650115
1284891479861866503
1284891497893158912
1284891530730381313
1284891577224060928
1284891615065108480
1284891627073527808
1284891660556566528
1284891698401705989
1284891706509283328
1284891715795652608
1284891743272398848
1284891792291188736
1284891804744196096
1284891825166102528
1284891928992022528
1284891962047442944
1284891963091759106
1284891992128991232
1284892055324549120
1284892113600155648
1284892193921130497
1284892226930110464
1284892227018211329
1284892240393965569
1284892267942051840
1284892272312627200
1284892281565134848
1284892306512871424
1284892341124263936
1284892355343122432
1284892407042121733
1284892411647361031
1284892420447121409
1284892459970035712
1284892466143883274
1284892479729348613
1284892483244228610
1284892521362006018
1284892537497374723
1284892563275579392
1284892574906548224
1284892638559170561
1284892647396724736
1284892664702345217
1284892701528395777
1284892839936053249
1284892942981881857
1284893018370248704
1284893128453951488
1284893164805988357
1284893166475325441
1284893175157596160
1284893188075991041
1284893194514305026
1284893225287921665
1284893229670969345
1284893233416474625
1284893233856872454
1284893246720749569
1284893342342369280
1284893354988208128
1284893401683566592
1284893417844215809
1284893422793392129
1284893489189154816
1284893527512580096
1284893582617436162
1284893591559692288
1284893623843266561
1284893703165771776
1284893723348938758
1284893725059997696
1284893745662488577
1284893808891703298
1284893834799874049
1284893837832474624
1284893858258538497
1284893896951115776
1284893913774542848
1284893927225655298
1284893950353059841
1284893959056171009
1284893980140937216
1284894026085392384
1284894090631491584
1284894101888856067
1284894164392595458
1284894177034153984
1284894181618528258
1284894236060647424
1284894278305452035
1284894319283810305
1284894341241212928
1284894353941504002
1284894403971014656
1284894429149573121
1284894433792733184
1284894446258057216
1284894484208259072
1284894505314000896
1284894528831393792
1284894567674851329
1284894572955533315
1284894651514847232
1284894677976723459
1284894726513033216
1284894743273418752
1284894782775427072
1284894784717500416
1284894856742088707
1284894873758334978
1284894956750950401
1284894966855217173
1284894978544750594
1284894978737504257
1284894983254880258
1284895024660877314
1284895044785319936
1284895104545828867
1284895108861530113
1284895146979422208
1284895150049841154
1284895158773915648
1284895171117748226
1284895234183311366
1284895297802559491
1284895301224919041
1284895314466439169
1284895347966345216
1284895362403074048
1284895372213514240
1284895389158649867
1284895414571892738
1284895452954075138
1284895465318674432
1284895502765457410
1284895506595012608
1284895515860185088
1284895528074059780
1284895532121575424
1284895547782987776
1284895561036988421
1284895587108712448
1284895589726072833
1284895595208019974
1284895637369225218
1284895645535363072
1284895695883825152
1284895708886302722
1284895716465356800
1284895724463894529
1284895750703525889
1284895763043094528
1284895768151826432
1284895774619435008