1285469560515198976
1285469566496317442
1285469569595748352
1285469631591911428
1285469677423144963
1285469699845902339
1285469705755557888
1285469719680745473
1285469762177265664
1285469774521208833
1285469804120293376
1285469828711690241
1285469837813329921
1285469962056822786
1285469967903625219
1285469992536940544
1285470017841254400
1285470034375012352
1285470038439297030
1285470068852260865
1285470070618181632
1285470086803881984
1285470120689598465
1285470137164853250
1285470178508247040
1285470197814444033
1285470203246186497
1285470228521132034
1285470248418902016
1285470253296652288
1285470278852571137
1285470299413192710
1285470328588648449
1285470337098903553
1285470353561497600
1285470354186674177
1285470373765677056
1285470378526212096
1285470399636156418
1285470417659011082
1285470438513168386
1285470441738567681
1285470454984007680
1285470542661914624
1285470544545095680
1285470651457781760
1285470697888927747
1285470711239172096
1285470727307583488
1285470811680374785
1285470815215972353
1285470840549789696
1285470848405536768
1285470856534097920
1285470870220288000
1285470948666363905
1285470961454551043
1285471039816790019
1285471049321259009
1285471074201853953
1285471097186594816
1285471193118543872
1285471284990668800
1285471318117253121
1285471328565374976
1285471343824318464
1285471386232918016
1285471447624716288
1285471473604325376
1285471476901015557
1285471627774316546
1285471628487344130
1285471632132169728
1285471653519138817
1285471693427716097
1285471729184198656
1285471733357506560
1285471767667060738
1285471830485000193
1285471834238906369
1285471921749078016
1285471947841658880
1285471963989839879
1285471981819752449
1285472021820829697
1285472053479391232
1285472078053998592
1285472078880288769
1285472170316050432
1285472179795243008
1285472182106296320
1285472211021828096
1285472395172536320
1285472408384581632
1285472464101761024
1285472475548135425
1285472529579032581
1285472546285068288
1285472585262735360
1285472661422907392
1285472669815566337
1285472710949314560
1285472730922409985
1285472740569382912
1285472781795233792
1285472782948732929
1285472853228314624
1285472865215709185
1285472908282703874
1285472924569411584
1285472967699369984
1285472979841884160
1285472982823890944
1285472985944653824
1285472997315350528
1285473109571764230
1285473130018820096
1285473158745686018
1285473167390081024
1285473181575323648
1285473198218371072
1285473198491021313
1285473296440418304
1285473332662431749
1285473344540889088
1285473503823540229
1285473511822233600
1285473525755715584
1285473533875744768
1285473567287545857
1285473591119814657
1285473684367564801
1285473708644147200
1285473718462844929
1285473743318458369
1285473758648496128
1285473839028342786
1285473839334387713
1285473914760593408
1285473990358831106
1285473994246885376
1285474006662086657
1285474023896313856
1285474128644861953
1285474141601071105
1285474216477941765
1285474216477970434
1285474224845410305
1285474225302765568
1285474326532235266
1285474351639334913
1285474372249989130
1285474427237523459
1285474456140419072
1285474523207340034
1285474527535742978
1285474551443320832
1285474589313654784
1285474594435063809
1285474601619750912
1285474624122257408
1285474648734474245
1285474663594725376
1285474665066979328
1285474724668223488
1285474736294621185
1285474765248102401
1285474789922967553
1285474853479419904
1285474870550122496
1285474875231145985
1285474883938508801
1285474945900908544
1285474958609702912
1285475059507892224
1285475069179727874
1285475076234592259
1285475094735667200
1285475127463948288
1285475146929668096
1285475197408223232
1285475201963233287
1285475254824054785
1285475266542940160
1285475274457600002
1285475319529435138
1285475347551514624
1285475348105162757
1285475355889991680
1285475394913804288
1285475395018473479
1285475399007260674
1285475433929211907
1285475468150546432
1285475484520681472
1285475491302998016
1285475516938625026
1285475698040115200
1285475730197843968
1285475813941444609
1285475819326849025
1285475836112576512
1285475865615314945
1285475873261383681
1285475894446796800
1285475937308610561
1285475978144149504
1285475990001442816
1285475995680559104
1285476021047898112
1285476037095297025
1285476055323566080
1285476116602540032
1285476179559043072
1285476277164609537
1285476281027461120
1285476289000824833
1285476301651017728
1285476334550933505
1285476343279280128
1285476344550182913
1285476355015147520
1285476397956431874
1285476460057161728
1285476477006422016
1285476510971777042
1285476565661483009
1285476591267532800
1285476599991681024
1285476637841059841
1285476653934706689
1285476666320531456
1285476690563436544
1285476691968618496
1285476694514561025
1285476701636526081
1285476711551778816
1285476716115369985
1285476759132143617
1285476817390927872
1285476829575315456
1285476840946180096
1285476845585002496
1285476912886882304
1285476946810490886
1285476960211066882
1285476971984478208
1285476981195202561
1285477001801936896
1285477044327833601
1285477086082154496
1285477092822417413
1285477108656017409
1285477139911815168
1285477225043763200
1285477244249485313
1285477252667506689
1285477299383500803
1285477332325720064
1285477341909614592
1285477345214644225
1285477395881844736
1285477421299363847
1285477435371216896
1285477513091674112
1285477539419262976
1285477571828883456
1285477602489069570
1285477627604549632
1285477693652209664
1285477751772905472
1285477777182007297
1285477795980705792
1285477814733385728
1285477820471422977
1285477840293593088
1285477848359346176
1285477848468402176
1285477914348269568
1285477932656459776
1285477980517457920
1285477999496753153
1285478022267666432
1285478054857510912
1285478055050272768
1285478079192690688
1285478087874891778
1285478090261647360
1285478130010869762
1285478188353638400
1285478193609216000
1285478214278746112
1285478232096202753
1285478234465820673
1285478260592177153
1285478267563073536
1285478276530614272
1285478294951993344
1285478314950316033
1285478319622885376
1285478353244487680
1285478360441860097
1285478382013161472
1285478435985461248
1285478486593822720
1285478504327331842
1285478528398626817
1285478545884684289
1285478570710704128
1285478595943714816
1285478632606105600
1285478645730025473
1285478654567473153
1285478688390352896
1285478703326265344
1285478732929662976
1285478801301032961
1285478801502121984
1285478811123908609
1285478880162308096
1285478901884440576
1285478972772540416
1285479010106060801
1285479031140474880
1285479041965981696
1285479114745556993
1285479124627120130
1285479174904270848
1285479210107232256
1285479295171919874
1285479301660450821
1285479352805797888
1285479367120953345
1285479388667170816
1285479488126504960
1285479489808433158
1285479493193265152
1285479493797380097
1285479501816791040
1285479505172340736
1285479522264121344
1285479542488854529
1285479589771345920
1285479678472409088
1285479690262781952
1285479756624883713
1285479765412122624
1285479782507925504
1285479798383550468
1285479807241932805
1285479816226058240
1285479876447756289
1285479937042812934
1285479950557077504
1285479954902323206
1285479979049005059
1285479992265068544
1285480008270532608
1285480017997307904
1285480021373616128
1285480029414199296
1285480055343177728
1285480058350690305
1285480080337252352
1285480118098567169
1285480172649619463
1285480181105213440
1285480181428183040
1285480203033235456
1285480208901054465
1285480256594489345
1285480273115779077
1285480280883630080
1285480370222194688
1285480439294156800
1285480457925201920
1285480466812813313
1285480469228855297
1285480475197399040
1285480494960803840
1285480507719979009
1285480532529291273
1285480557900595200
1285480570982674432
1285480658660470784
1285480688230240257
1285480691585691648
1285480709616840704
1285480717615587329
1285480816093597696
1285480883001020416
1285480885006086150
1285481040463777792
1285481041256382464
1285481098219327488
1285481133614997505
1285481167467294720
1285481194977734656
1285481199780139008
1285481209837924352
1285481210215452673
1285481228804608000
1285481253869883393
1285481262900301824
1285481264187875328
1285481290419113984
1285481297649864705
1285481331670081536
1285481438884896768
1285481457268543488
1285481459659075585
1285481463572574209
1285481560913911808
1285481603674841091
1285481745584807936
1285481755017793536
1285481797162156032
1285481812093960193
1285481833388544000
1285481836978802698
1285481854238371844
1285481863084036096
1285481884743589894
1285481892641484801
1285481937952546817
1285481962786951168
1285481966771466240
1285482097709391872
1285482099529703424
1285482105577730048
1285482139497017345
1285482140134780931
1285482160174981121
1285482169327128576
1285482234716332034
1285482241511100417
1285482295248539650
1285482461921673216
1285482465205743616
1285482470532476928
1285482563520262145
1285482617199091718
1285482644487262209
1285482724275351555
1285482780735021057
1285482809365331968
1285482841183186944
1285482945562566657
1285482957419905024
1285482983860756481
1285482987023470598
1285483033202589696
1285483035161358336
1285483042404876290
1285483127180124163
1285483143072374784
1285483200937111552
1285483215059324928
1285483219324940288
1285483260345061376
1285483291890638848
1285483305874399232
1285483327282184192
1285483355320905748
1285483357199974400
1285483368679907328
1285483385666732032
1285483407762309120
1285483469511036930
1285483503396827139
1285483506752266242
1285483583268769792
1285483602822737922
1285483652944625664
1285483678093709312
1285483709479768064
1285483800932356097
1285483824927973376
1285483888203030533
1285483951465930753
1285483987155038208
1285484036056645632
1285484036308246529
1285484064879923200
1285484123872608256
1285484220308172801
1285484265992413185
1285484324175835136
1285484328164691968
1285484355561775106
1285484358686715904
1285484443134767105
1285484504245661696
1285484506011631616
1285484584587714562
1285484596197380096
1285484644452966400
1285484648022278144