1286073556611276803
1286073569865355266
1286073573753466881
1286073607450501120
1286073611334201344
1286073619769065473
1286073622784872449
1286073641030037507
1286073733178777600
1286073767358341122
1286073779093897216
1286073791290806272
1286073804654022656
1286073825831129088
1286073842226454528
1286073859779821568
1286073862858260482
1286073862912909312
1286073891782299648
1286073900972081153
1286073919632367616
1286073927911890944
1286073928612487172
1286073935000416263
1286073943502123009
1286073947423997952
1286073947432329216
1286073954348740608
1286073956131172352
1286073988825747457
1286073992822943745
1286074016172826629
1286074045998530563
1286074060200280064
1286074086842499072
1286074103137542144
1286074170007265286
1286074185878581249
1286074235916554241
1286074240463069184
1286074262273499136
1286074281382809603
1286074307463061504
1286074329483087872
1286074350098096130
1286074379131125771
1286074396499738625
1286074412383350784
1286074412538757122
1286074454196604928
1286074459326230531
1286074461918236672
1286074463168143360
1286074505358540800
1286074508781199360
1286074509288710146
1286074509397839873
1286074538334142465
1286074584626683905
1286074612036644872
1286074634970988546
1286074659801309192
1286074664373166082
1286074668416466946
1286074715094650880
1286074718257373185
1286074726863867904
1286074748523483138
1286074748535881728
1286074765237563393
1286074782161739779
1286074786473377792
1286074789220814848
1286074828550811651
1286074861413072896
1286074895114223616
1286074903251185664
1286074949132857346
1286074999741263873
1286075012319981568
1286075048034435072
1286075066158125057
1286075100173864962
1286075100417200135
1286075189021859846
1286075251344867328
1286075293195743239
1286075319062073344
1286075340192980994
1286075406009774080
1286075427774173189
1286075478500167681
1286075478848069636
1286075490470526976
1286075519990202369
1286075562054778881
1286075570405756929
1286075573895417857
1286075620745592832
1286075641721430043
1286075646352003074
1286075671383613440
1286075696411025408
1286075709597847558
1286075717013381120
1286075788371144708
1286075796570935302
1286075834395234304
1286075868771749890
1286075872168968193
1286075876321439745
1286075884512972803
1286075910278586370
1286075926720081920
1286075964456235008
1286075972597321729
1286075976858861570
1286076007213150211
1286076018495754242
1286076039861547012
1286076047709081602
1286076060589842436
1286076187404640262
1286076188318789632
1286076233139261441
1286076241985052674
1286076385459675137
1286076409127948289
1286076415042093056
1286076426370908160
1286076451868082183
1286076455189975040
1286076458654486529
1286076468255236096
1286076489075580928
1286076505869692928
1286076546420224000
1286076602481348609
1286076644818472961
1286076673776066560
1286076696232210432
1286076698811723776
1286076699109621761
1286076729191100417
1286076769511055360
1286076770215759873
1286076777845141505
1286076791749255168
1286076808106999810
1286076809725931525
1286076820362862592
1286076855611777026
1286076865334128640
1286076865560473600
1286076866630160384
1286076921068040201
1286076945164382208
1286076975665291265
1286077017671307266
1286077030455443456
1286077034582736904
1286077052848869376
1286077089041588224
1286077096910086144
1286077106724540417
1286077113695690753
1286077155323994112
1286077189801222150
1286077197988425728
1286077202426101762
1286077241500327938
1286077260479463424
1286077297351626755
1286077312417452032
1286077327852605441
1286077332470599680
1286077344113922048
1286077365106421764
1286077390482014212
1286077420441829379
1286077429111558151
1286077445079097346
1286077465920548864
1286077470706298880
1286077496505634822
1286077577916891137
1286077617872031745
1286077618354368513
1286077625094479873
1286077652680531968
1286077700940210176
1286077705038057473
1286077730153521164
1286077751682674691
1286077759484239872
1286077771064672256
1286077814077235200
1286077865180700675
1286078020332052480
1286078028846637057
1286078103442391040
1286078129660932096
1286078170433826817
1286078241871212549
1286078314499772417
1286078334779248640
1286078343452844032
1286078351644352512
1286078363598229505
1286078384137596929
1286078401154035713
1286078401413910528
1286078405885202432
1286078414345179138
1286078467654791169
1286078502488297472
1286078518707621888
1286078571363041283
1286078583014858759
1286078593949470724
1286078647347027968
1286078682147233792
1286078694054928387
1286078716238598150
1286078774472314887
1286078796676947968
1286078796848861192
1286078799558463489
1286078867308830720
1286078876146216960
1286078909193355265
1286078913693790208
1286078951245455367
1286079135769661445
1286079192711532544
1286079269999788032
1286079284159959041
1286079366632529921
1286079424685801473
1286079454784237568
1286079463042748416
1286079487344545792
1286079495712186370
1286079563508850688
1286079579992535041
1286079610061455360
1286079643804741633
1286079651299958784
1286079722540216321
1286079740206551042
1286079815246700544
1286079824868642818
1286079828366565376
1286079864735272960
1286079890580742145
1286079900462600197
1286079912202444800
1286079949586206721
1286079953264574465
1286080037633110017
1286080046000738305
1286080062358523904
1286080073368399872
1286080087780134915
1286080095451373568
1286080150690574344
1286080204511670272
1286080226036838400
1286080247037927424
1286080251370418176
1286080292978122754
1286080293691183109
1286080321432297473
1286080341136912384
1286080347554435075
1286080364352503808
1286080368261632007
1286080372992700416
1286080376130035712
1286080393867939841
1286080402332024832
1286080523832459264
1286080603285315584
1286080637062066178
1286080679760089088
1286080683652177920
1286080685673975809
1286080734265057280
1286080767173386240
1286080801818517504
1286080843761348609
1286080850660962304
1286080850732482560
1286080892662947843
1286080896458579968
1286080972497223680
1286081031204986880
1286081035994898436
1286081077300342784
1286081088067112961
1286081088494821376
1286081089598095361
1286081115346927617
1286081140324020230
1286081143809478656
1286081173744005120
1286081207189602304
1286081232531587075
1286081237157851136
1286081261832941573
1286081262030118913
1286081269210775552
1286081311904538625
1286081405164740608
1286081416871190528
1286081434432675841
1286081441386856449
1286081476379975680
1286081496634318848
1286081513696657408
1286081614502486016
1286081652997922817
1286081744815312896
1286081766072020993
1286081794014457856
1286081794442395656
1286081823743901697
1286081874159448069
1286081925577408512
1286081936952303627
1286081963086852096
1286081970301067265
1286081992048562176
1286081992585428993
1286082021161185280
1286082034281189377
1286082071727951872
1286082105085005824
1286082186295336960
1286082192662302723
1286082201977860098
1286082210488102916
1286082256877101057
1286082285922586625
1286082335499141120
1286082345225859072
1286082348342218752
1286082349269168131
1286082406664085506
1286082507633496064
1286082507922968576
1286082508338143234
1286082520107245569
1286082583038701568
1286082600319287296
1286082638672003073
1286082646041399303
1286082658892525568
1286082688126918657
1286082704472248320
1286082741331611648
1286082914254495745
1286082927193919490
1286082948920418304
1286082962644185090
1286083007678304256
1286083024220753922
1286083073151340544
1286083096001957888
1286083099105857536
1286083099827134465
1286083111818756097
1286083162045521920
1286083174418853889
1286083180605235200
1286083188427649024
1286083203762016256
1286083239308865537
1286083279649738755
1286083287686021123
1286083296305315840
1286083305448906754
1286083334188208133
1286083338810335232
1286083346121011201
1286083380799344641
1286083434792747009
1286083438861266944
1286083438911651840
1286083444544544769
1286083468787671040
1286083485657006080
1286083493907365888
1286083518284562434
1286083518343208960
1286083522478911488
1286083524207022082
1286083534885658624
1286083593853448193
1286083640078659586
1286083649004277760
1286083665332768769
1286083736182956032
1286083774065729537
1286083858736328706
1286083872653037568
1286083962524360704
1286083980559896576
1286083991641128960
1286084030371450880
1286084071798366208
1286084143047036929
1286084168263311361
1286084193521487873
1286084227658809344
1286084239935537152
1286084315235913728
1286084345363599360
1286084357225160704
1286084390922137606
1286084395552694272
1286084399818248195
1286084441077678080
1286084441610346496
1286084449692680197
1286084450049306625
1286084462099472384
1286084495691702273
1286084503769714688
1286084524992917506
1286084575253401600
1286084580185903104
1286084600498925574
1286084688872976386
1286084742924902401
1286084751619751936
1286084756170584064
1286084820657770497
1286084827230490635
1286084862764490752
1286084862839943168
1286084874961551366
1286084893860982784
1286084957488594948
1286084999570010112
1286085006805303296
1286085007556202496
1286085116859691008
1286085162808336385
1286085213294964736
1286085217149739008
1286085246367096832
1286085259193458689
1286085268878000130
1286085284082442243
1286085288943656963
1286085301576691713
1286085328953106435
1286085335160676354
1286085337740120064
1286085355448537094
1286085368761200643
1286085430644023296
1286085434817286145
1286085527318470656
1286085540010430470
1286085581311741955
1286085606829891584
1286085617139343360
1286085649595019264
1286085665222873088
1286085666418425856
1286085682730016771
1286085754037219329
1286085759099953163
1286085772735426560
1286085783330402304
1286085788942217217
1286085821427093504
1286085854516183040
1286085899458142208
1286085934702825472
1286085934887211008
1286085981003812864
1286085983021211648
1286085997248249856
1286086019696275462
1286086039032004609
1286086136687808513
1286086144388558849
1286086156405428225
1286086226433527813
1286086232137707520
1286086232309731329
1286086236784951297
1286086237116407810
1286086237468733442
1286086240895295488
1286086253042171909
1286086261124603905
1286086349347524609
1286086354346971136
1286086382759211008
1286086437486698497
1286086443492728832
1286086455622868995
1286086496496152576
1286086513449668608
1286086580990509056
1286086609553829889
1286086620253282306
1286086634627313664
1286086668496171009
1286086679808233472
1286086689870491652
1286086714881187840
1286086730945241088
1286086748209057796
1286086765099589632
1286086782069612545
1286086789925687297
1286086794757304320
1286086806568566785
1286086806967062529
1286086869743071232
1286086899136897024
1286086948860428288
1286086951108517891
1286086987775193088
1286086995781926914
1286086999825416193
1286087083803770883
1286087106448826368
1286087153840279552
1286087184756416513
1286087281170939904
1286087285327290368
1286087295788027911
1286087301714587649
1286087318655266817
1286087318667849728
1286087338398023680
1286087380634673152
1286087410703458304
1286087428004954112
1286087428860604416
1286087435756036100
1286087452747325441
1286087482723819520
1286087486146519040
1286087507445264386
1286087512289611777
1286087515661914119
1286087528831909889
1286087532971786241
1286087567650295808
1286087685636001798
1286087695714979840
1286087727184846850
1286087760760254472
1286087776534814720
1286087809737138176
1286087847368437770
1286087850895736833
1286087862149091331
1286087910534651906
1286087917706850305
1286087931548127234
1286087956021870592
1286088023080185856
1286088027895472129
1286088058903961600
1286088127862280192
1286088132052635648
1286088144979464192
1286088169885179904
1286088178168823808
1286088178307219457
1286088225010987009
1286088261790625792
1286088355093127170
1286088370897199105
1286088452862246914
1286088456993734658
1286088464111489024
1286088468507041795
1286088476438470661
1286088505672769536
1286088506192912390
1286088534781116416
1286088568545456134
1286088606264832000