1286360429556457472
1286360434493120514
1286360464818135041
1286360498032783361
1286360512251428867
1286360568371314689
1286360588612964353
1286360598532493313
1286360631608737792
1286360635224317952
1286360715528462336
1286360718376423424
1286360757786095618
1286360772461899779
1286360824668397573
1286360846147284994
1286360858512236552
1286360925419831298
1286360931333742592
1286360942293340160
1286360944377917440
1286360944570851329
1286360953668407297
1286360962543452160
1286360976246415361
1286360983557087233
1286360992021176320
1286361004989964289
1286361009108680707
1286361021591048193
1286361041450885120
1286361046261923845
1286361050942595072
1286361063102058498
1286361072673275904
1286361127551631362
1286361165065523200
1286361181477834752
1286361204823293953
1286361210406019075
1286361211039170561
1286361231880847360
1286361250482532354
1286361257566711808
1286361282183077890
1286361324507877381
1286361328546914304
1286361332388777985
1286361385266548738
1286361390924599297
1286361391499079680
1286361392002396160
1286361409257971721
1286361433110982659
1286361446880882688
1286361464572383234
1286361466770259977
1286361483237109763
1286361491210305537
1286361499779334145
1286361516934078467
1286361545857875971
1286361550287245314
1286361563650195459
1286361664988708864
1286361684123226112
1286361709146517505
1286361781603045385
1286361810292150272
1286361814675140612
1286361928374222848
1286361929900945409
1286361952407756800
1286361973987262464
1286361999191027714
1286362020217053187
1286362057852493830
1286362066291511297
1286362133345775617
1286362175125233666
1286362209388355584
1286362229982601217
1286362255056146432
1286362255169183744
1286362271661400070
1286362317932728320
1286362326568824832
1286362334630313985
1286362480294260737
1286362495397924864
1286362511462281216
1286362518953197568
1286362545536868360
1286362608522723329
1286362612251242497
1286362616047206400
1286362679108665345
1286362685316182017
1286362685425291264
1286362690227548161
1286362762793410560
1286362763598716928
1286362767142850561
1286362779729895424
1286362828560117760
1286362830879387648
1286362854535438337
1286362854606680068
1286362858268303362
1286362863314128896
1286362896537182208
1286362946705281024
1286362958038212609
1286362958260514817
1286362968217681920
1286362988803391490
1286363040905125891
1286363060349931522
1286363064724525065
1286363077030682624
1286363085951860736
1286363131619545089
1286363144504274945
1286363207771332608
1286363211080622085
1286363240700809216
1286363278613131264
1286363336964288521
1286363348666388481
1286363370623348736
1286363396263346176
1286363407734771712
1286363412486914050
1286363412885377025
1286363429830180864
1286363479725703170
1286363497539018752
1286363564308148225
1286363571778138118
1286363618351689731
1286363618632638464
1286363697259175946
1286363723448320003
1286363745757716481
1286363748081586176
1286363748811386881
1286363761914208257
1286363874191540225
1286363903274803200
1286363976373170177
1286363978705375232
1286364105100726279
1286364116362428420
1286364209878642688
1286364276022804482
1286364318448132100
1286364327440678912
1286364356264038402
1286364368062603264
1286364386001649665
1286364423884603397
1286364474258141189
1286364499054862339
1286364513000812545
1286364515484008448
1286364529140604928
1286364534366785540
1286364545443934214
1286364579283513344
1286364583008010246
1286364678067761154
1286364687530184705
1286364695839100928
1286364726927097856
1286364731230629888
1286364784355676160
1286364788654657537
1286364826076360705
1286364826445516801
1286364934050385920
1286364948340367362
1286364968288485376
1286364976094076929
1286364990262386689
1286365069887057921
1286365069995995137
1286365086483963908
1286365106008403969
1286365157493551106
1286365197028986882
1286365211339956226
1286365237512298496
1286365239588483072
1286365255627616257
1286365300049551360
1286365308786102279
1286365328201650176
1286365387949514755
1286365417624272898
1286365429959741441
1286365467645550599
1286365488805752832
1286365497336963075
1286365511090085896
1286365526751666177
1286365564303179776
1286365588613402625
1286365597442494466
1286365606724370432
1286365624164331520
1286365673233424384
1286365736185876483
1286365753030184962
1286365814380204034
1286365858143653888
1286365921494339586
1286365924258230273
1286365946236612608
1286365950649020416
1286365991744819202
1286366097256701952
1286366115820711941
1286366151749128192
1286366244187316224
1286366264907235328
1286366298402938880
1286366358444204032
1286366398990766085
1286366403793125377
1286366407480008704
1286366507849654273
1286366513721741313
1286366516569505793
1286366520340176901
1286366596252893185
1286366659134005248
1286366675613491200
1286366692789100544
1286366706361925638
1286366739253661697
1286366742961414150
1286366772384468993
1286366775450501122
1286366809915109382
1286366827212414976
1286366868790562817
1286366898590900224
1286366932136910849
1286366940437417984
1286366964781395970
1286366973727846400
1286366978240925699
1286367008976756742
1286367010906136576
1286367020167172097
1286367052706377728
1286367065889280000
1286367179948974080
1286367215177129985
1286367279886761989
1286367291471527936
1286367325336137728
1286367376213258240
1286367480869457920
1286367481674838017
1286367510179147781
1286367514755248129
1286367535894536195
1286367556895465475
1286367557176496137
1286367570593898497
1286367590730924034
1286367592979013635
1286367602525298689
1286367632313200643
1286367637052764168
1286367665620049920
1286367673815912450
1286367715033255937
1286367724848009216
1286367758578589696
1286367778652524545
1286367787154317316
1286367800089550848
1286367867391430659
1286367867575963648
1286367979857276928
1286368030847467521
1286368030952271872
1286368097666990087
1286368099227373568
1286368102020718592
1286368102280650752
1286368139777892354
1286368140771733504
1286368160187219968
1286368224297263104
1286368261727309824
1286368266676568064
1286368274389884931
1286368297336872960
1286368349799288833
1286368384368758785
1286368447040049153
1286368479227019264
1286368508759212038
1286368517353353222
1286368584487313408
1286368613515948032
1286368617689276418
1286368630897352707
1286368660131586050
1286368676686508032
1286368701969825792
1286368722660347906
1286368732026028033
1286368743082385410
1286368744084836353
1286368777165307909
1286368777593065472
1286368786690584581
1286368840868401154
1286368921558253570
1286368924859326465
1286368948997554179
1286368957302267905
1286368996766502914
1286369029091926017
1286369070301028357
1286369099937873921
1286369108741763072
1286369200672354304
1286369232570273796
1286369238609850369
1286369246688182272
1286369280867491840
1286369283669467148
1286369293689446405
1286369347032809477
1286369369736478722
1286369420831592448
1286369437789159425
1286369537160609793
1286369574347317255
1286369620857946113
1286369670996668423
1286369700230893573
1286369703368069121
1286369708648935431
1286369713040183296
1286369720879456258
1286369729519554561
1286369739829202946
1286369762788945926
1286369763355234304
1286369764764418048
1286369792912429056
1286369802760720384
1286369804509741056
1286369808607584257
1286370009967517701
1286370017777524736
1286370018675097606
1286370038178439168
1286370068918669312
1286370177710469126
1286370185813917697
1286370224586006528
1286370283310505990
1286370287844388864
1286370302444830720
1286370391292870656
1286370405117235202
1286370425937723392
1286370430325071874
1286370433940553729
1286370438524928001
1286370493117931521
1286370493260378112
1286370513556774920
1286370534398328832
1286370552924569606
1286370568367828992
1286370589016391681
1286370593374441472
1286370626702389254
1286370668402085890
1286370748345483265
1286370769392545793
1286370770780913664
1286370782289883137
1286370848283045889
1286370862212550656
1286370865467318272
1286370870173130752
1286370957062365185
1286370961881731074
1286370962271645696
1286370962804547584
1286370962926075905
1286370974842011648
1286370987534155778
1286371066659704832
1286371105842720768
1286371122905153536
1286371126529187840
1286371147315941376
1286371214001348609
1286371266501529600
1286371331311915009
1286371331714371584
1286371364878704640
1286371427738963970
1286371454880079873
1286371482193539073
1286371515538329605
1286371515936776192
1286371530331414533
1286371541970817024
1286371684203692032
1286371709629718529
1286371738683617280
1286371826025639936
1286371866039521280
1286371867456991233
1286371877594836999
1286371884288942085
1286371895571558407
1286371898927063046
1286371919147696131
1286371927540609025
1286371932061958144
1286371939641176064
1286371956544086016
1286371973178720262
1286371995316375558
1286371998134702080
1286372064883085318
1286372115575377923
1286372159665975298
1286372197628600320
1286372217241120769
1286372233653493760
1286372241584746496
1286372246458642432
1286372267539214336
1286372325357694978
1286372355514626049
1286372372245880834
1286372401958322184
1286372405313708032
1286372417737240586
1286372430370541570
1286372430425010176
1286372439543382028
1286372444622729216
1286372447231471616
1286372492844527616
1286372518358470661
1286372523165138944
1286372590429167617
1286372615456727043
1286372636558266368
1286372694683004929
1286372727570538497
1286372747254403073
1286372778631888898
1286372912451248129
1286372925742944258
1286372929295581185
1286373009033371648
1286373025101811716
1286373064528273408
1286373080621817857
1286373114012672000
1286373122225176576
1286373131616223232
1286373135344951305
1286373167141777408
1286373203749806083
1286373227896492035
1286373231881060353
1286373274876653568
1286373281151426560
1286373336558309377
1286373370242772992
1286373390756933633
1286373420289097729
1286373437254991874
1286373453650690049
1286373474605268997
1286373479680487434
1286373504393322498
1286373508633763845
1286373517236240384
1286373554242478080
1286373575914643458
1286373588203909122
1286373634664062976
1286373638841737221
1286373648425721858
1286373676351254528
1286373719666024448
1286373756840161280
1286373785894039552
1286373936016564224
1286373952844177408
1286373977179422721
1286374066153234434
1286374128266752009
1286374154048958464
1286374175892963329
1286374196335919110
1286374204766593024
1286374236886532097
1286374292964466688
1286374317836521473
1286374318222372865
1286374347515592704
1286374355631394817
1286374365651771392
1286374410816020480
1286374461160083456
1286374519326887939
1286374527589445632
1286374560355495937
1286374574129664000
1286374581801025537
1286374599433678850
1286374644807802885
1286374670862712832
1286374679247228928
1286374712424030208
1286374733647241216
1286374745034887171
1286374745827614722
1286374749514366976
1286374762474864643
1286374825448136704
1286374829139152896
1286374834801455111
1286374846646059013
1286374850454532096
1286374867697373186
1286374977034309634
1286374981086019584
1286374984923983873
1286375010517635074
1286375035045851144
1286375102339112960
1286375136191328256
1286375220002127872
1286375290814464000
1286375318282997761
1286375328668168193
1286375337199153154
1286375337610420226
1286375356442783750
1286375399971225601
1286375425241833472
1286375427481772033
1286375429318664192
1286375450734931975
1286375496142532615