1281226603779944449
1281226604178337793
1281226606091087873
1281226623208042496
1281226640547291136
1281226645857337345
1281226646868164609
1281226665671028736
1281226677750726662
1281226766099582977
1281226786647560193
1281226790548234240
1281226828821204993
1281226850321170433
1281226888061628417
1281226905266450434
1281226920072482816
1281226959091978240
1281226980319531010
1281226989895127043
1281227000758308866
1281227022488924161
1281227026591100928
1281227034547703812
1281227076247252993
1281227147349295104
1281227164470263808
1281227230631387138
1281227231574937603
1281227263162429441
1281227299480899584
1281227378526740480
1281227379076214785
1281227398529331200
1281227408067223554
1281227415671525376
1281227420247314437
1281227447296561156
1281227474580406273
1281227517182050309
1281227529186140162
1281227538422026241
1281227557921271815
1281227717950746624
1281227720639250433
1281227756093820932
1281227806521937921
1281227837433876481
1281227861542699010
1281227966039707657
1281228007412322306
1281228016119623685
1281228066040283137
1281228078610558981
1281228192620126214
1281228205093945344
1281228206952103939
1281228221044809729
1281228229718740993
1281228242322690050
1281228297817321473
1281228330457587713
1281228330629554176
1281228370789847041
1281228388271820801
1281228405761949696
1281228481247002629
1281228482014396418
1281228524628652032
1281228556744474624
1281228578080780288
1281228586087624706
1281228632967524354
1281228670749814785
1281228709614120962
1281228716182581249
1281228737326047233
1281228794460811264
1281228810554413059
1281228877814251520
1281228903441477632
1281228904498442240
1281228930930933761
1281228951126519808
1281228993929400325
1281229026552668161
1281229031153729539
1281229051185659905
1281229122778382336
1281229123210235906
1281229149013770240
1281229213006266368
1281229346221502465
1281229350008811522
1281229416971067392
1281229454488961025
1281229518196391937
1281229529332080640
1281229551243149313
1281229587498835968
1281229602182926338
1281229690259324928
1281229744097411074
1281229760593629185
1281229798975639552
1281229860929765377
1281229941594640387
1281230009110269953
1281230069516644352
1281230075673927681
1281230176165212160
1281230186713944067
1281230257757052929
1281230259963285505
1281230277147320325
1281230298269835265
1281230335624142849
1281230335825633289
1281230356197359616
1281230380129849345
1281230394222927873
1281230397402222602
1281230512561012736
1281230536749355013
1281230536925536257
1281230650230616064
1281230683965399040
1281230687471898629
1281230689665454083
1281230746225647618
1281230767327252480
1281230803431837696
1281230805528952832
1281230822406852610
1281230905349152768
1281230995346329601
1281231060957724672
1281231086463279106
1281231103370592257
1281231113013342208
1281231178935091201
1281231225315876871
1281231249328140299
1281231274321932290
1281231295654195201
1281231334300692485
1281231388792913920
1281231442538684418
1281231446598959104
1281231459051806721
1281231467989757952
1281231480983883776
1281231501141528576
1281231539423121412
1281231569110384647
1281231569517248514
1281231596369174528
1281231602195091456
1281231626337320965
1281231665084485633
1281231692104163330
1281231698470899718
1281231765617569793
1281231774350102530
1281231782730510339
1281231790519267328
1281231791282696192
1281231858244767744
1281231861973495808
1281231875608997888
1281231938330619904
1281232055641096192
1281232058216562688
1281232069226618883
1281232076621185025
1281232096560889857
1281232099643703297
1281232100939743232
1281232187728097282
1281232256892207104
1281232302102765568
1281232319194501124
1281232388622704640
1281232394499043329
1281232415332151296
1281232474442350593
1281232483271479296
1281232495996833792
1281232541765308416
1281232568214523906
1281232612938432512
1281232650741653505
1281232658983510016
1281232671537053696
1281232719054282754
1281232817448292352
1281232856413605889
1281232886100709376
1281232906225139712
1281232943848054791
1281232952454721537
1281233028514230274
1281233116066177027
1281233133250187266
1281233161674829824
1281233229723381763
1281233372195545092
1281233372493176832
1281233438821974017
1281233580816044032
1281233595001008133
1281233655202033664
1281233656359632903
1281233691046481920
1281233711925809154
1281233741147516928
1281233755592507392
1281233782633377792
1281233820939890689
1281233858235699200
1281233997406732291
1281234013697515520
1281234015685468161
1281234060078178304
1281234093951332354
1281234096270655491
1281234153220894721
1281234188381929472
1281234204764798981
1281234240533860352
1281234249207734272
1281234259789963264
1281234307793780744
1281234325736914946
1281234361912668160
1281234433731891203
1281234438228045824
1281234441885691905
1281234533673832449
1281234555383566337
1281234570717904896
1281234583921528837
1281234584185655296
1281234601151795201
1281234638858366976
1281234660131889152
1281234756563279872
1281234781129367552
1281234861253156864
1281234931805372421
1281234982766350341
1281235047085936640
1281235100286562305
1281235150920179712
1281235191533637637
1281235213578887168
1281235288770174977
1281235297800540161
1281235397645750274
1281235424279760896
1281235473730613248
1281235477547417601
1281235490071613442
1281235497235419136
1281235502843207684
1281235510980218882
1281235515510001664
1281235549374894081
1281235560863072257
1281235636821909504
1281235637283237889
1281235670254727168
1281235679029145602
1281235712042504193
1281235788735279105
1281235792199737345
1281235914086285318
1281235943454846976
1281236010148429830
1281236027341000704
1281236077383122950
1281236163408297988
1281236207217905665
1281236315531440128
1281236316643119104
1281236335836135425
1281236387145093120
1281236404127719425
1281236419118276609
1281236464592797698
1281236509191024640
1281236518070358017
1281236535048900616
1281236546545430531
1281236639986135040
1281236645413617667
1281236702418341891
1281236755811897345
1281236778314276865
1281236792792973312
1281236794407862272
1281236904554442753
1281236928294092800
1281236949630619648
1281236950343655425
1281237050755362817
1281237092664827915
1281237096611696640
1281237129784446976
1281237146591023105
1281237214094123008
1281237243060015104
1281237359791570944
1281237361792294912
1281237398597312513
1281237457015582720
1281237461373353990
1281237486434496512
1281237499277381634
1281237562330243077
1281237562497970177
1281237575118749698
1281237577446522882
1281237587286425600
1281237637345533957
1281237708686471169
1281237726273077248
1281237729620131842
1281237742832287744
1281237764005117953
1281237805243523072
1281237813841854465
1281237847874375685
1281237850852220929
1281237852517470213
1281237859589128192
1281237864181833728
1281237897413304320
1281237905738891264
1281237944238354432
1281237977172021248
1281238010865037312
1281238011070623777
1281238023364055042
1281238052975906816
1281238056771649536
1281238095292239872
1281238194281988096
1281238271159177216
1281238346912718850
1281238350427566080
1281238388595740679
1281238455473840131
1281238455784280064
1281238476655144960
1281238530149085185
1281238715516452865
1281238790997237761
1281238900195954689
1281238919015616512
1281238941899919361
1281238975869485057
1281238984090243074
1281238988821495809
1281239038901583874
1281239043146223618
1281239074217635840
1281239080978825217
1281239160033087496
1281239183462486018
1281239260679540736
1281239318422384642
1281239329709404162
1281239337171116032
1281239366031962112
1281239440938205185
1281239445547687942
1281239445900066816
1281239449616003073
1281239463839117313
1281239470541594624
1281239481803210757
1281239499872235520
1281239561780289539
1281239563256696833
1281239633708417024
1281239639819300864
1281239663605362689
1281239670479822849
1281239688485969922
1281239700594987010
1281239742059892736
1281239752058994689
1281239793389768710
1281239809873399808
1281239817880133632
1281239831666995203
1281239860796260353
1281239894988374021
1281239907193597952
1281239913841688581
1281239923572584450
1281239923849338882
1281239940374777856
1281239965519810561
1281239972331294720
1281239976395636736
1281239982158553090
1281239990597550080
1281240033400414224
1281240070125740033
1281240116355350530
1281240137330905091
1281240144549498886
1281240154179604483
1281240186303766528
1281240191772979201
1281240191924080640
1281240200514023426
1281240217555554304
1281240217870053376
1281240221884076032
1281240326695464960
1281240368697180164
1281240431280427010
1281240441564753922
1281240467590578176
1281240481146515461
1281240498062139392
1281240509151838210
1281240573987479552
1281240621789970434
1281240745412870144
1281240792087093248
1281240811632500736
1281240817282277376
1281240821417771008
1281240851746885635
1281240904611663872
1281240909787602948
1281240921565286403
1281240922110320641
1281241085692518401
1281241114515824642
1281241152499470338
1281241161039073280
1281241178084708354
1281241185785446400
1281241186192277516
1281241261178060800
1281241296536027146
1281241298859487232
1281241304064831490
1281241324516069377
1281241334800506880
1281241379209871366
1281241500530114560
1281241527965057026
1281241562916290560
1281241609577869321
1281241617165430784
1281241692847443968
1281241697616347137