1282857360348807169
1282857390333931520
1282857397237710848
1282857398710018050
1282857465445519361
1282857497443930112
1282857524165738496
1282857544952799237
1282857549205663744
1282857583234121730
1282857599604527104
1282857602553204736
1282857632806699015
1282857661139222528
1282857662565228545
1282857675735236609
1282857704164212737
1282857713324527616
1282857771290038273
1282857788989833218
1282857828915580929
1282857829976535041
1282857830094000130
1282857851396882432
1282857860007899138
1282857864504193025
1282857890286452738
1282857892828372992
1282857900915019780
1282857952106254338
1282857973409251328
1282857980288008192
1282857988525633536
1282858024093323264
1282858028111261696
1282858095069159424
1282858099024572416
1282858107673153536
1282858119886860288
1282858119895355393
1282858136039088128
1282858179106353156
1282858182403031045
1282858182923022336
1282858187625058316
1282858228246736896
1282858274992189440
1282858293841596418
1282858335809581056
1282858423118229504
1282858502516609026
1282858513702817793
1282858518219878400
1282858552198082563
1282858555809214464
1282858561278803971
1282858577229746181
1282858589388967942
1282858626965790720
1282858633722834946
1282858645705949185
1282858702001696768
1282858724294451200
1282858736596508672
1282858824337108992
1282858852048764929
1282858878510612480
1282858899641700352
1282858954519961600
1282858958336798720
1282859071628914689
1282859180697645056
1282859222053445632
1282859226222690304
1282859234971930625
1282859261043724288
1282859360801230848
1282859378274697216
1282859395219517441
1282859415524302848
1282859416207994881
1282859486143709185
1282859559141466112
1282859570361184268
1282859571451703297
1282859573301444614
1282859599931101191
1282859638401056768
1282859667132121090
1282859677152358402
1282859705472299008
1282859709062619136
1282859728838832128
1282859864285483008
1282859885063962624
1282859907319058433
1282859912511406080
1282859935718612992
1282859940084932608
1282860002517057536
1282860007717994496
1282860020355366918
1282860032011333634
1282860036411158529
1282860089834078213
1282860094783238145
1282860153646092293
1282860162236035072
1282860214891446274
1282860245648195585
1282860271959248897
1282860273062367234
1282860275540979713
1282860275708895232
1282860313902305281
1282860375969419266
1282860376892362752
1282860380419551233
1282860404713107457
1282860410010578946
1282860451521536003
1282860488200802307
1282860543758475264
1282860666311909376
1282860690982809601
1282860698754670594
1282860703687352323
1282860729104601089
1282860788013625345
1282860892514848769
1282860896545538048
1282860933866455043
1282860933878956032
1282860950853386241
1282860971783069697
1282860997565440001
1282861047649644544
1282861064242130944
1282861069036171264
1282861093245923328
1282861097498943493
1282861151957790720
1282861152565944321
1282861152746299394
1282861157036982272
1282861177391869952
1282861190155304960
1282861198971527169
1282861200485888001
1282861206303387650
1282861219477504002
1282861228373749763
1282861236774936576
1282861374167830529
1282861378299207680
1282861387472084994
1282861391158947840
1282861399878905856
1282861479083950081
1282861537917579264
1282861554745184257
1282861555143421952
1282861579894165505
1282861583929094144
1282861600718721025
1282861625909878786
1282861688660738048
1282861731233124359
1282861781002723329
1282861836119838721
1282861836153520129
1282861857355845632
1282861865278857216
1282861885948342278
1282861928461860864
1282861936565092352
1282861957813592069
1282861966558560256
1282861968395612161
1282861970232729600
1282861974158802944
1282861981922463745
1282861999597084672
1282862032048418817
1282862037614202882
1282862045331894277
1282862050134429696
1282862066454257665
1282862081209806848
1282862108049317890
1282862125732360192
1282862150814445569
1282862231982534661
1282862238282522630
1282862267650826240
1282862280280018949
1282862343978979330
1282862377327714305
1282862385154396161
1282862441429217280
1282862452883898369
1282862486014824451
1282862486044028928
1282862498329382912
1282862520563372035
1282862569133400065
1282862594831855616
1282862611705413633
1282862619255242753
1282862653619265536
1282862746065702914
1282862792509394944
1282862800658788352
1282862843046567940
1282862884431769600
1282862896918269958
1282862905222889472
1282862917877039104
1282862925967953921
1282862959979421698
1282862964253642753
1282862980942532608
1282862997321297920
1282862997724176384
1282862997833003009
1282863006049693696
1282863010151690245
1282863023099609088
1282863027197534208
1282863033518190592
1282863069123751937
1282863069324963841
1282863103621902338
1282863110517227521
1282863157543919617
1282863174165901318
1282863198488727552
1282863261923160065
1282863277320486912
1282863404332601350
1282863467293282306
1282863488529031173
1282863492106600448
1282863510305857539
1282863588118368257
1282863597538795520
1282863633274372096
1282863656666046464
1282863664580763648
1282863673522847744
1282863722424348672
1282863786957910016
1282863823888711680
1282863849109102592
1282863856960671746
1282863857891979264
1282863861490692102
1282863865706020864
1282863874073604098
1282863874694434816
1282863924912680960
1282863946634944512
1282863970592763904
1282864032890916866
1282864042197938176
1282864058560118784
1282864091128897536
1282864155515650048
1282864179737554944
1282864180983472137
1282864213820612608
1282864242975051783
1282864260188692480
1282864271425232896
1282864276408020992
1282864310406930432
1282864315205332994
1282864327486128128
1282864348478574592
1282864369878151168
1282864381215178754
1282864432352309250
1282864515927941120
1282864700687036421
1282864709327360006
1282864717866971141
1282864759587495936
1282864788339593218
1282864843679125504
1282864881616785421
1282864885278244865
1282864896175149056
1282864900654551040
1282864926713958414
1282864944283652096
1282864947689590786
1282864996385468416
1282865006426550274
1282865019135254529
1282865047782514688
1282865050974400514
1282865082095988736
1282865095979089920
1282865149737447424
1282865153671757824
1282865202896138241
1282865208642244608
1282865304243253248
1282865333146128384
1282865360262230016
1282865371972800512
1282865467854589952
1282865507302084608
1282865531331047424
1282865539812073472
1282865551719702528
1282865556702457857
1282865580614119424
1282865587455025152
1282865606379937792
1282865653196546048
1282865677523578881
1282865677951365120
1282865682359570433
1282865694527426567
1282865719458373632
1282865723845382144
1282865762252795904
1282865770725285888
1282865778128310272
1282865781664108544
1282865786797936641
1282865787158425601
1282865811598827520
1282865820692090881
1282865845333405696
1282866039093682176
1282866046571970561
1282866080055201794
1282866092818542592
1282866106059894784
1282866134245609472
1282866152679636999
1282866184707289090
1282866185172922369
1282866210091098112
1282866214625320960
1282866286536597504
1282866359819481089
1282866394514649089
1282866404014739456
1282866432481677313
1282866462294552576
1282866512613838855
1282866517588283392
1282866520461316103
1282866534008815618
1282866554829443077
1282866576904118277
1282866605110620165
1282866609401585670
1282866675365404672
1282866698882703360
1282866724619137025
1282866753949831169
1282866777320546304
1282866856886276096
1282866864796958723
1282866898661781504
1282866932253949952
1282866935710068737
1282866957285376001
1282867002999070720
1282867095479504901
1282867103461253122
1282867104018923520
1282867121731575808
1282867153943711744
1282867167067688960
1282867171224412161
1282867183937257474
1282867187787550720
1282867192967696384
1282867196448739328
1282867221086314497
1282867230338949120
1282867261997449216
1282867279059988481
1282867296344522752
1282867296562827267
1282867297422585856
1282867301277224969
1282867339088855040
1282867404800958474
1282867461247787008
1282867464653561856
1282867476905316355
1282867540839075840
1282867623617794049
1282867635974074368
1282867653414027266
1282867703938715648
1282867749710991362
1282867758577917954
1282867792337948678
1282867807051345920
1282867808506916865
1282867817273069570
1282867829914689537
1282867839406407684
1282867858758725632
1282867872633688066
1282867896906125313
1282867912772956162
1282867921472172032
1282867959149387777
1282867967932366851
1282868009711947776
1282868010391179264
1282868013889458177
1282868022495948800
1282868051625406466
1282868052250497024
1282868064405659648
1282868097251254274
1282868102351527937
1282868185629208582
1282868198673719302
1282868235902345216
1282868240847458304
1282868244672544769
1282868249659682821
1282868261965697025
1282868265849696258
1282868283385901056
1282868286380601344
1282868307444588552
1282868379624194050
1282868408799789057
1282868454161362944
1282868526638743553
1282868606141902848
1282868652149071872
1282868676341968896
1282868693270007808
1282868718935126018
1282868727197790208
1282868739415797762
1282868751499538432
1282868761213784065
1282868772857143296
1282868776170655744
1282868840070873091
1282868920572051456
1282868966180958209
1282868997206269952
1282869012565639168
1282869025928704002
1282869056828321799
1282869062419337217
1282869075509743616
1282869083193704448
1282869104651776002
1282869113317199872
1282869151946510336
1282869171940818945
1282869197324931072
1282869212852232192
1282869254577180676
1282869292850012160
1282869293076615176
1282869297749069824
1282869314693939201
1282869402594160640
1282869473167511552
1282869482315231232
1282869490213150720
1282869558127104000
1282869587214774272
1282869612120604672
1282869721516384257
1282869733088468992
1282869758933819393
1282869771294461955
1282869859412594689
1282869872142229505
1282869884779671552
1282869888873357313
1282869959757094914
1282870007106428929
1282870065029763072
1282870065159761920
1282870065579339778
1282870153496100864
1282870169208070145
1282870199163793409
1282870199688073216
1282870203982974977
1282870212514152454
1282870263013470209
1282870274560536577
1282870283494457344
1282870306630250496
1282870322795085824
1282870346136395776
1282870426431918080
1282870468341571585
1282870489438777345
1282870514248228865
1282870563090976768
1282870606220886021
1282870641893363713
1282870644569509890
1282870653260095488
1282870681873428480
1282870743798145024
1282870757178187778
1282870765344509953
1282870769899286530
1282870811561525248
1282870820419842050
1282870824442236928
1282870845006909447
1282870857925382145
1282870933020082177
1282871143276347394
1282871162817716224
1282871180756738048
1282871185647247360
1282871192907644929
1282871195680088064
1282871205276430342
1282871205960220673
1282871308930314240
1282871323979649024
1282871327880171520
1282871332070457344
1282871352622546945
1282871362579824641
1282871407563563008
1282871440967110656
1282871486953353217
1282871495279161344
1282871533325688833
1282871539344515072
1282871600363307008
1282871608579776512
1282871628003553280
1282871680491290625
1282871722602004480
1282871725584089090
1282871859973885953
1282871946628206595
1282871990987046912
1282872037216858114
1282872040886853635
1282872053129818112
1282872057923923969
1282872080246030337
1282872129139159040
1282872145685643269
1282872170322903040
1282872174571732993
1282872184117944320
1282872187813273602
1282872216288325633
1282872245694717952
1282872254976622593
1282872296462528512
1282872392293982208
1282872429820469248
1282872432060018689