1284472995054903297
1284472996862844929
1284472997948960774
1284473001967312897
1284473006429962240
1284473011555438593
1284473018886926339
1284473023412744192
1284473057583693824
1284473096372510725
1284473116136296455
1284473126051614721
1284473128941350914
1284473132061986818
1284473133232279556
1284473145089568770
1284473158011981826
1284473163607400449
1284473177113059334
1284473182196572161
1284473191382032385
1284473192145399810
1284473194922102785
1284473225536245760
1284473232788271104
1284473239574654978
1284473241185202176
1284473255189872640
1284473279512752128
1284473283015049217
1284473288119521282
1284473294343864320
1284473299293085697
1284473359019974657
1284473367085686784
1284473416842711040
1284473421053730817
1284473439668117504
1284473442679414784
1284473480008945664
1284473481984344065
1284473527760871426
1284473531577892864
1284473539127648256
1284473547537002497
1284473587060154368
1284473596203524096
1284473644006031360
1284473653174898689
1284473749270659073
1284473754366730240
1284473791104651264
1284473804282945540
1284473888127225857
1284473921279066115
1284473946402721792
1284474021338382336
1284474023070638081
1284474026631585792
1284474027591888901
1284474027755606019
1284474038711193600
1284474068822040577
1284474084768854018
1284474185025191938
1284474197553676289
1284474227312254977
1284474264691904513
1284474301798854656
1284474362326929408
1284474388637679621
1284474390646751232
1284474415791644674
1284474432724127745
1284474436482068480
1284474453573894144
1284474454538625024
1284474456769998857
1284474457524801538
1284474554728022016
1284474582011834368
1284474655240159235
1284474684025851905
1284474760748032000
1284474814250594304
1284474826980298753
1284474897595498497
1284474956399681537
1284474960816340992
1284474995507372032
1284474998841847808
1284475007230410755
1284475014725677056
1284475057096609794
1284475124054466566
1284475130199117824
1284475137048412160
1284475146384879616
1284475187291971585
1284475190236327937
1284475192295776258
1284475237623640065
1284475254924996608
1284475323875299330
1284475351268298757
1284475359363301377
1284475393337106437
1284475401092431872
1284475460152373249
1284475460957741057
1284475472957657088
1284475481904025600
1284475489348771841
1284475494562435076
1284475503185977346
1284475531891810307
1284475544235651072
1284475544416006144
1284475557841862656
1284475572756905984
1284475580021440514
1284475677513863170
1284475689975111680
1284475720186712065
1284475754718232576
1284475762473607168
1284475815669821441
1284475879847088128
1284475883357708288
1284475897282789376
1284475971987537922
1284475992631910401
1284476001376927744
1284476053629677575
1284476084864659457
1284476098068307968
1284476129072549888
1284476139231227904
1284476139235352580
1284476157165961218
1284476236006330370
1284476287046881280
1284476299541729280
1284476305254293505
1284476323843407872
1284476325156323328
1284476328729808899
1284476354180734976
1284476361302781959
1284476400175652865
1284476442311397378
1284476476604260353
1284476500859744256
1284476559794020354
1284476605138640896
1284476634930667520
1284476676064391169
1284476751930961925
1284476785757954051
1284476793567805440
1284476795417432067
1284476844914421760
1284476874463293441
1284476882084405249
1284476882369617921
1284476916397899778
1284476960895315968
1284476969736966150
1284476970588418048
1284477013068263424
1284477020039024642
1284477045800493056
1284477053912453125
1284477062162587648
1284477075248873472
1284477142198153216
1284477217276399616
1284477241968058369
1284477246577803265
1284477284959899649
1284477312214405122
1284477317801181184
1284477317876797451
1284477347140378625
1284477405831323648
1284477424328232969
1284477450081185793
1284477457157050368
1284477460998795264
1284477466082410496
1284477468796055552
1284477506330951681
1284477567773347842
1284477583380238336
1284477587486642177
1284477607766106112
1284477637646094337
1284477637830807553
1284477670655324160
1284477678893109251
1284477682953191427
1284477687600316416
1284477707540140035
1284477709209526273
1284477713223426050
1284477721637249025
1284477729539325953
1284477732626128902
1284477750380843011
1284477750498267136
1284477769536110594
1284477791606657024
1284477821746847749
1284477850649853952
1284477867603251201
1284477922540171265
1284477993574969344
1284477996003463169
1284477997983182850
1284478029260099585
1284478030832967680
1284478040161091585
1284478064580337664
1284478069617709057
1284478073325461504
1284478124181381120
1284478148873265152
1284478178535321600
1284478211334832130
1284478275817885697
1284478276623233025
1284478326422286337
1284478327147900929
1284478349931413505
1284478371334742017
1284478378259746823
1284478380075876358
1284478400082526209
1284478405623324675
1284478487248744448
1284478531263696897
1284478535055233024
1284478537819447296
1284478546539417600
1284478547608981505
1284478551195099138
1284478559927574529
1284478567724781570
1284478589052821505
1284478618039656448
1284478656736161793
1284478671076687875
1284478689204301824
1284478745009631233
1284478811199934464
1284478818871279617
1284478866489319425
1284478870801068032
1284478895002202113
1284478904460337152
1284478976560369666
1284479020613148674
1284479022357983232
1284479081950728192
1284479118315343874
1284479150682669057
1284479175886135296
1284479201190477824
1284479252004569090
1284479294627078145
1284479302118121472
1284479344472186880
1284479410934931456
1284479428731392001
1284479457496125440
1284479480048816128
1284479483425304578
1284479486545756160
1284479528866320384
1284479540958560256
1284479544980889602
1284479554103341057
1284479557299568640
1284479624714620928
1284479731971362818
1284479743426011139
1284479747683213313
1284479754750627840
1284479851995508738
1284479860853874692
1284479865106960387
1284479906848673792
1284479914880765956
1284479919205109762
1284479926683541505
1284479931162951680
1284479940482736128
1284479956597252096
1284479998624227331
1284480043574427655
1284480141280903168
1284480145542328323
1284480158406246400
1284480165784018944
1284480174621372416
1284480179587305473
1284480187095228416
1284480195999617024
1284480196490526720
1284480220205125635
1284480223845785606
1284480243709800449
1284480284172460033
1284480300211478528
1284480330083246081
1284480368507224065
1284480372282138626
1284480389264945156
1284480390460137472
1284480393106862080
1284480413528817664
1284480413717590016
1284480417257582595
1284480417538678787
1284480438870904833
1284480497343696896
1284480518298521600
1284480518743101445
1284480573512331265
1284480574288265216
1284480619234328577
1284480629762129923
1284480652969205760
1284480667451940865
1284480691317530625
1284480694715142146
1284480736108650498
1284480782887788545
1284480787228884993
1284480820078501891
1284480820720410625
1284480836956352512
1284480850265026561
1284480857743462402
1284480871047856128
1284480946557857799
1284480967844024320
1284481015860334592
1284481026090250245
1284481029902749698
1284481034642489350
1284481049397952512
1284481077311045632
1284481088446922753
1284481088530731009
1284481098328621057
1284481109758287872
1284481144403251200
1284481188825047040
1284481201722531841
1284481298619199491
1284481299143462912
1284481315291660289
1284481316587745280
1284481320182321153
1284481367800270852
1284481390692782082
1284481400146726913
1284481457843388423
1284481470619365377
1284481507835478017
1284481513149673475
1284481516723228672
1284481521156415490
1284481554941718535
1284481578312204288
1284481579599921155
1284481600605085698
1284481609702477825
1284481622130163712
1284481664241086467
1284481691965206531
1284481698076516352
1284481702417448960
1284481819417747457
1284481831417634821
1284481932554797056
1284481936422043648
1284481945670430720
1284481961604591626
1284482012393472000
1284482028881272833
1284482032249249798
1284482062003527680
1284482083906183169
1284482103640498176
1284482116986834944
1284482129385136128
1284482154018344960
1284482213287833603
1284482247387734016
1284482250164191232
1284482263829315586
1284482275888029696
1284482325183696896
1284482327062679552
1284482347899985920
1284482392925798406
1284482439512031232
1284482439625216001
1284482481555738624
1284482485489999873
1284482509703647234
1284482516116819975
1284482530100551680
1284482574010601472
1284482577575956485
1284482582583926784
1284482612061442052
1284482623952293888
1284482631955030016
1284482670588829696
1284482687525433346
1284482690683744256
1284482721193041920
1284482724837748736
1284482775572271106
1284482783029661696
1284482785680359425
1284482795746856960
1284482829188030465
1284482863740735488
1284482871764365312
1284482872036868096
1284482892052086784
1284482905788551168
1284482917671018497
1284482925367631873
1284482927003402241
1284482930425966592
1284482934540505088
1284482935266189318
1284482941377228801
1284482961048588288
1284482964307443714
1284483064920334336
1284483098932121603
1284483114543255552
1284483118251081736
1284483166636580864
1284483177860476929
1284483182348378114
1284483219505778690
1284483264573579264
1284483268486631425
1284483299008811016
1284483329002266626
1284483335864057857
1284483353694146562
1284483375139561478
1284483387592306690
1284483391795200000
1284483425328562177
1284483472090947586
1284483478659248129
1284483659916021762
1284483697584955392
1284483704451031043
1284483727544942594
1284483811171078144
1284483820520116224
1284483888958636032
1284483891357724673
1284483916586348544
1284483924035547137
1284483937549639682
1284483945195876353
1284483948228345858
1284483984085463040
1284483999986061312
1284484014997471232
1284484037571219456
1284484045397778432
1284484102423486465
1284484122048593925
1284484150754451456
1284484163865686017
1284484175584808966
1284484191611232259
1284484222242000901
1284484226901880832
1284484235773050885
1284484281209847808
1284484293906042882
1284484316890890240
1284484319608807428
1284484342467747842
1284484356166291456
1284484372872265730
1284484376269660162
1284484385593536514
1284484397320876040
1284484402110554112
1284484403247243265
1284484415180210177
1284484436323520514
1284484448654888961
1284484481882173442
1284484494251233280
1284484511024152578
1284484514409000962
1284484561804701699
1284484566560972800
1284484612534661120
1284484616636833793
1284484683720544256
1284484684014071809
1284484689256947713
1284484692280881152
1284484744315461632
1284484759507304448
1284484765224075265
1284484779501662208
1284484779816222720
1284484788364161024
1284484802461044742
1284484805787353089
1284484838179794944
1284484839190781957
1284484875064614913
1284484881028874245
1284484936351789056
1284484956148977665
1284484960091611136
1284484961026932736
1284485015338975233
1284485044795473922
1284485084851179520
1284485094032408576
1284485170188496898
1284485190467883020
1284485204174934016
1284485212819222533
1284485227788853249
1284485237502816257
1284485241009328129
1284485254137470979
1284485270499233792
1284485308474687488
1284485350975516673
1284485355262091264
1284485398207619073
1284485400690667520
1284485413671927808
1284485434597183488
1284485443443097600
1284485472283004930
1284485481024172032
1284485529476771847
1284485547508080640
1284485551488405513
1284485556588761093
1284485568122978304
1284485591804055552
1284485622577668098
1284485623684964353
1284485652248068096
1284485653019848705
1284485664675975168
1284485679200837634
1284485681926950913
1284485685555200000
1284485689602568193
1284485694946148352
1284485711593443328
1284485719122161664
1284485720342765568
1284485727997304832
1284485728160841729
1284485757810376705
1284485760993943552
1284485767104999427
1284485786142998528
1284485786788913152
1284485833043529731
1284485837309333504
1284485854166048769
1284485869261344768
1284485874579898373
1284485904183234561
1284485906897022979
1284485928942219264
1284485929458184192
1284485933400719361
1284485949892820995
1284485967034961920
1284485975465316356
1284485983296159751
1284485984294326273
1284485991974273025
1284485995950374913
1284486029056135168
1284486045581504512
1284486054687514625
1284486064338423810
1284486071301046273
1284486077961703424
1284486138133127169
1284486164464963589
1284486173264449537
1284486185759408128
1284486218806427649
1284486281339252738
1284486297025904641
1284486327283535872
1284486332639842304
1284486332727926785
1284486391368503302
1284486403712331779
1284486442513838084
1284486466152824832
1284486482422620161
1284486496062328835
1284486504895709184
1284486507903029250
1284486621069561857
1284486625154736129
1284486629055488000
1284486662567784448
1284486662974840832
1284486663272636418
1284486675633262592
1284486675729657856
1284486688329420801
1284486692624388098
1284486734911287298
1284486738786869248
1284486738904338432
1284486741152247809
1284486742565888000
1284486761343852545
1284486793468022785
1284486806092877824
1284486830864265218
1284486838825164800
1284486868810293248
1284486869061959680
1284486880977969152
1284486889345622016
1284486889655996418
1284486893036593152
1284486917644529665
1284486947038060544
1284486956555145216
1284487007138451458
1284487007159427072
1284487009478889474
1284487020073684992
1284487040571236353
1284487044639621123
1284487073861378049
1284487120590041088
1284487137564352512
1284487141821689859
1284487145776807937
1284487154098302976
1284487174340173824
1284487187518676992
1284487187631874051
1284487195475271680
1284487200558788608
1284487212822867968
1284487234104840192
1284487271744524289
1284487339146870784
1284487359069933568
1284487375767375872
1284487380208979971
1284487384638410758
1284487388501291010
1284487401096785926
1284487417660088320
1284487535671087109
1284487586153746432
1284487619930468352
1284487654957080578
1284487665858076673
1284487683260252169
1284487691275575296
1284487703992532999
1284487725685579776
1284487745155588096
1284487782711218177
1284487811941498885
1284487846070415361
1284487908293050368
1284487913909161985
1284487937875251200
1284487938106101775
1284487963141902342
1284487985313075200
1284488005131042818
1284488009946193922
1284488014089973766
1284488018376695808
1284488030678446081