1285046775682916359
1285046777683550208
1285046805386887168
1285046830321950721
1285046861485793282
1285046917538316290
1285046940523061248
1285046946449829888
1285047038498021376
1285047051974139904
1285047064259436544
1285047081598582790
1285047135491235840
1285047139664490497
1285047148191547394
1285047165790773248
1285047248280326144
1285047262234783744
1285047281641611268
1285047349979435009
1285047350084415488
1285047374457470976
1285047375220764674
1285047399879254016
1285047437279854594
1285047466396717056
1285047475087302658
1285047485061165056
1285047504824745986
1285047509782417409
1285047511552589832
1285047519341232128
1285047555680800769
1285047559640121344
1285047572575457280
1285047575654146049
1285047576501391362
1285047592452263937
1285047592708001792
1285047604888264710
1285047621443186688
1285047717622960131
1285047755962855425
1285047816021250050
1285047856898899968
1285047863001710592
1285047906882293760
1285047912129593346
1285047912376995841
1285047954265579520
1285047957507710976
1285048002256801792
1285048025442930688
1285048121513451521
1285048131860803585
1285048137749598210
1285048257123688449
1285048314258391040
1285048322932330497
1285048369283563520
1285048393467867136
1285048401680314369
1285048414145830912
1285048448228585472
1285048498518401026
1285048530621562880
1285048569179836416
1285048628525047809
1285048670346330112
1285048721319661571
1285048760083439617
1285048796326449153
1285048822180253697
1285048884969054210
1285049022462427136
1285049031023108097
1285049058697125888
1285049068885082116
1285049069539295232
1285049078334672898
1285049098639413261
1285049140381130752
1285049149239500802
1285049192566501376
1285049217531047937
1285049233230290944
1285049238708248579
1285049257431650305
1285049261974073347
1285049288939233280
1285049295201341440
1285049325257543681
1285049326151114756
1285049333243613184
1285049369696362496
1285049509790142465
1285049540685500418
1285049547148988419
1285049568216920064
1285049584050483211
1285049635652792320
1285049644431683590
1285049648034443264
1285049656817442816
1285049819589992448
1285049908521828352
1285049962968092672
1285049992705712129
1285050025676959744
1285050026004303874
1285050081465577473
1285050104622317568
1285050223237246977
1285050226336768003
1285050243684409344
1285050243919368193
1285050253649952768
1285050256430776321
1285050327348047872
1285050368708112391
1285050402455425026
1285050449423294464
1285050456620691458
1285050478498283525
1285050482910781441
1285050508655431680
1285050625697419266
1285050655124537345
1285050709600337922
1285050709608726529
1285050721461624832
1285050781951913984
1285050914810802176
1285050960625184769
1285050960692346881
1285050978132267010
1285050984935362560
1285051031823368193
1285051048667738112
1285051129923923968
1285051167785902081
1285051278800936960
1285051282986655745
1285051284115132417
1285051313097768962
1285051337747558400
1285051376171511811
1285051378935595008
1285051409810030593
1285051426968940545
1285051476247826432
1285051493721096192
1285051540076498945
1285051597819645953
1285051613514731522
1285051619302875140
1285051665113112581
1285051716057083905
1285051724768608257
1285051760223105027
1285051761619685385
1285051800211476482
1285051833547763712
1285051849108680705
1285051858927652869
1285051947003736064
1285051959733608449
1285051971427278848
1285052004843368448
1285052005380026374
1285052088762933248
1285052089559920640
1285052118777450497
1285052122048888833
1285052122246131714
1285052193113071617
1285052247794229248
1285052265233932289
1285052315867598848
1285052333018185728
1285052400777097217
1285052411418234882
1285052470230646786
1285052475129696256
1285052512261877761
1285052513402499072
1285052534151884802
1285052549813305344
1285052554704035846
1285052571531575296
1285052580612075521
1285052592062488576
1285052655677722624
1285052655996407811
1285052704960712710
1285052748187275266
1285052757469257733
1285052769053728768
1285052785046806528
1285052797642330113
1285052805913309184
1285052831020527616
1285052835982344193
1285052894161637377
1285052944677769218
1285052974730022912
1285053007521099777
1285053074395070465
1285053136831500289
1285053192003346432
1285053298836336642
1285053318113394688
1285053328083185665
1285053375998918656
1285053384739958784
1285053393241690112
1285053444563234816
1285053447352528896
1285053477891174407
1285053522732634112
1285053539568558086
1285053565564645377
1285053576910221312
1285053609218990081
1285053615422476289
1285053615879720960
1285053619784552449
1285053627892027392
1285053640374353922
1285053641552916480
1285053658262994945
1285053674864037888
1285053679133814785
1285053690550849536
1285053703544856576
1285053722708643843
1285053778660675584
1285053788450168834
1285053858423554048
1285053943085707266
1285053955417022465
1285053961289039873
1285053993169956864
1285053997368463361
1285054068415578112
1285054106432876544
1285054201454825473
1285054240524767232
1285054241581629440
1285054278948839425
1285054291527397376
1285054305830084608
1285054324993740800
1285054329590878208
1285054333655097349
1285054384007794688
1285054422154792962
1285054458192437248
1285054476630536199
1285054476752171008
1285054500126900224
1285054643286859783
1285054673393614849
1285054685318184962
1285054723247218689
1285054741144391680
1285054752032722944
1285054765219512323
1285054778502938624
1285054849109889025
1285054971830919169
1285054991946964992
1285055008816259073
1285055025866145793
1285055058329997313
1285055058799816704
1285055071961714688
1285055087342227458
1285055095156154370
1285055103528046598
1285055125526962176
1285055150953046018
1285055188118773762
1285055192971567104
1285055196456837120
1285055197815832577
1285055205734854661
1285055213200535552
1285055217491308546
1285055268917702656
1285055301918568449
1285055314530893825
1285055339042308096
1285055355668627458
1285055389722189824
1285055406553923589
1285055418901962755
1285055419073740800
1285055422789976064
1285055457028042753
1285055474337972225
1285055474384027649
1285055510907981825
1285055577454972934
1285055590985863168
1285055595381428224
1285055687572312064
1285055691703455744
1285055713329455104
1285055724867985408
1285055725274791936
1285055737865990144
1285055817243226113
1285055838554484737
1285055842291560456
1285055855738544129
1285055863472959488
1285055889435746304
1285055893512400896
1285055898050863107
1285055977721487360
1285055980754132999
1285056048898830336
1285056073754390528
1285056098232422402
1285056115596722176
1285056140837937153
1285056204897751040
1285056234484367360
1285056282991431680
1285056325429260290
1285056359088549888
1285056363064770560
1285056405565833216
1285056459676344320
1285056576689061888
1285056617218621441
1285056678174625792
1285056711988895746
1285056719635218432
1285056740460048384
1285056767311835136
1285056772462399489
1285056903454822400
1285056920760401920
1285056941845368832
1285056980462325761
1285056984245510144
1285057038616113152
1285057039341719552
1285057059000442882
1285057125010616320
1285057126151254016
1285057126528946177
1285057167763148806
1285057214265217024
1285057215141801984
1285057222242795521
1285057243843448832
1285057273493061632
1285057281147703297
1285057282020184065
1285057356452298752
1285057365964881920
1285057373946687488
1285057378027630593
1285057384914857984
1285057409027735553
1285057423779287045
1285057432671027201
1285057436332650496
1285057445061111809
1285057545581797376
1285057549398466560
1285057579018645507
1285057596215484418
1285057658286940160
1285057671180234758
1285057826327539715
1285057906677866496
1285057931675926528
1285057932896407553
1285057968837402624
1285057983278350341
1285058106163187712
1285058116300808192
1285058124823572486
1285058187062849538
1285058219082002436
1285058229819539457
1285058258714189824
1285058288858603520
1285058312866689025
1285058328633040897
1285058370890633216
1285058380512612352
1285058426234499077
1285058456215379973
1285058523177422850
1285058538419650561
1285058562109009920
1285058585467158528
1285058653385613313
1285058699946385408
1285058724764295168
1285058758067052544
1285058761619537921
1285058775444062209
1285058804984373249
1285058805504647170
1285058819018469378
1285058824554995712
1285058855198760961
1285058866896674816
1285058871468457984
1285058925252030464
1285058941886529537
1285058989315817477
1285058992591515653
1285058997398245376
1285059000636190720
1285059009695772673
1285059068269228032
1285059148791644160
1285059156844654594
1285059160028127232
1285059164591452161
1285059214784823298
1285059239912898560
1285059303477579778
1285059332233662465
1285059399673876480
1285059541894180865
1285059542716493824
1285059579873619970
1285059585040986119
1285059609275883520
1285059622123036673
1285059643044253696
1285059651659345920
1285059693493223424
1285059706793451525
1285059726720430081
1285059768827080704
1285059790020853760
1285059828315037696
1285059828444835840
1285059840860131328
1285059857800986626
1285059916219076609
1285059932115611648
1285059948179668994
1285059957889671170
1285060187515244544
1285060221942013962
1285060235242217472
1285060288442753024
1285060322991181824
1285060415110537216
1285060436283609090
1285060515018846208
1285060520358244355
1285060561068265477
1285060582681522181
1285060645658914816
1285060670862622721
1285060725396799489
1285060729779875840
1285060762356953088
1285060786692521984
1285060808796332032
1285060846377414657
1285060856645062656
1285060868305063939
1285060876601622529
1285060948705914880
1285060951109238784
1285060974911741953
1285061008395063297
1285061022487732224
1285061025650192384
1285061048735682561
1285061073025011713
1285061161839292417
1285061187084804102
1285061254231592960
1285061296061374465
1285061342202920961
1285061388650590208
1285061430681595905
1285061434691383297
1285061489208901632
1285061492950175745
1285061534394322944
1285061545286926337
1285061556917723136
1285061644213727240
1285061695195553792
1285061753177387011
1285061761000001536
1285061774090203138
1285061786660515840