1285303470057299970
1285303483328061441
1285303513459949569
1285303515993309184
1285303537228898305
1285303545030488064
1285303548708827139
1285303565112705024
1285303573706756096
1285303579344084993
1285303600164593672
1285303618787250179
1285303621945622532
1285303633979101185
1285303683744489473
1285303698566963201
1285303705458417664
1285303709824688128
1285303731844788236
1285303772634329091
1285303788815908870
1285303792561528836
1285303806104932358
1285303845967593486
1285303876934144005
1285303877563289600
1285303910987698181
1285303926380793857
1285303928452784133
1285303956776738816
1285303973902036992
1285303977198985223
1285303978637615104
1285303986581626885
1285304000729014273
1285304012581949441
1285304032383442949
1285304048200056832
1285304053690437632
1285304065837142021
1285304070375440385
1285304083226808321
1285304087458848780
1285304098443665416
1285304108229038081
1285304111722827776
1285304116596609026
1285304121004679168
1285304141074530312
1285304145344249856
1285304170363289600
1285304195671666688
1285304208560988161
1285304213099229184
1285304224998404096
1285304262944264200
1285304291788558337
1285304301112320001
1285304301225680899
1285304304883073029
1285304309576536064
1285304313556893698
1285304329595912192
1285304342397038592
1285304347610447873
1285304351016341504
1285304397103132672
1285304401209548801
1285304409505890306
1285304422436876290
1285304422948634625
1285304476996382720
1285304481677221890
1285304493551185920
1285304502006894592
1285304514686353411
1285304518436102144
1285304518977245184
1285304548878237696
1285304556138762240
1285304556620926976
1285304561331130368
1285304619892125697
1285304631476711424
1285304632315650055
1285304635587047424
1285304656483061765
1285304686606716931
1285304691048546305
1285304703149117442
1285304707901251591
1285304712313679873
1285304719506726912
1285304724766498821
1285304729812123648
1285304756710313986
1285304765522407424
1285304779011510272
1285304791879409664
1285304812934852608
1285304837148512256
1285304862587191296
1285304901019430913
1285304904781889536
1285304917050167297
1285304946397716481
1285304998423920640
1285305038156554240
1285305057924182017
1285305076198694912
1285305101830311938
1285305108151119873
1285305110612938752
1285305118129360897
1285305143471345664
1285305152090464256
1285305161020145664
1285305185506603008
1285305203290337281
1285305206855667712
1285305210420826124
1285305212236787712
1285305230284947456
1285305232163930113
1285305244180783105
1285305248513314822
1285305254112661504
1285305256939847682
1285305277462523905
1285305289063964674
1285305328041590785
1285305344110075906
1285305350518910978
1285305361025687553
1285305377802776577
1285305387621572608
1285305393820782595
1285305403534766080
1285305404294074370
1285305420509134848
1285305437387096064
1285305446048370688
1285305492387106819
1285305512200986624
1285305521797570561
1285305559307223041
1285305563061137411
1285305572347142144
1285305576818266112
1285305606698606598
1285305617565900800
1285305634871631872
1285305647064653828
1285305651422539781
1285305662273212419
1285305694548369408
1285305722960523267
1285305731571429376
1285305735405068289
1285305751611768834
1285305764437995520
1285305768355536896
1285305772134371328
1285305780242124805
1285305804426407936
1285305819031011330
1285305822822772736
1285305839797121028
1285305843517448194
1285305844049969152
1285305881949806592
1285305886408417282
1285305887981109248
1285305936236576768
1285305949046046722
1285305983103795200
1285305986375450624
1285305995019911168
1285305995443363840
1285306001558831108
1285306016566059009
1285306024187002882
1285306049906475011
1285306051076796416
1285306055942168576
1285306078318780424
1285306108941422600
1285306133737947136
1285306135717838848
1285306159046557704
1285306162687152131
1285306163072884736
1285306183612461056
1285306184501727236
1285306192496140293
1285306204617498625
1285306204915294208
1285306232463659008
1285306242857082880
1285306246355128321
1285306255167365120
1285306275861946368
1285306284988719106
1285306289225072643
1285306318589435911
1285306334993358849
1285306385064955906
1285306410268610566
1285306418598424577
1285306431479185410
1285306483740078080
1285306489838731269
1285306494645305344
1285306494901080065
1285306502102888448
1285306503059124225
1285306511263137792
1285306514220163074
1285306519081357315
1285306540040364033
1285306549540401154
1285306578447429632
1285306615743123456
1285306620491292672
1285306645648740353
1285306646969954305
1285306649679298560
1285306657996668928
1285306686866169856
1285306689449799681
1285306708034818050
1285306725139128324
1285306746844540928
1285306760597831681
1285306771763015682
1285306867728736263
1285306877207875585
1285306904890277892
1285306907629150210
1285306910187675650
1285306913274630144
1285306913861718016
1285306929124970498
1285306934392844289
1285306942769049605
1285306945365323777
1285306951874813953
1285306976889708551
1285306980370837504
1285306984946900992
1285306984967757824
1285306992857354245
1285306997978681344
1285307017620361216
1285307018744455168
1285307052299100165
1285307060825894913
1285307113594654720
1285307114878115844
1285307116387893248
1285307122977312780
1285307128773840896
1285307135627350021
1285307156804272128
1285307170532155392
1285307185648500736
1285307195303825415
1285307195350044673
1285307205537931273
1285307226941345792
1285307237335019520
1285307249561239557
1285307274643288064
1285307291017678848
1285307299238686728
1285307332839256065
1285307358407725060
1285307375440793602
1285307421364289537
1285307442197344257
1285307479862267905
1285307484815659010
1285307487978164224
1285307519783579649
1285307530453962755
1285307551383314432
1285307551416975360
1285307551475814405
1285307561370058752
1285307584535199744
1285307584635797504
1285307606282706948
1285307635277996033
1285307652436897794
1285307660678475776
1285307677195853825
1285307681687961607
1285307706069471234
1285307723047985153
1285307734116761606
1285307735005974528
1285307768895877124
1285307786146967557
1285307806782910464
1285307819772739586
1285307824399101952
1285307836659126273
1285307840832446470
1285307848126332928
1285307899124883462
1285307916099215361
1285307983753367553
1285307991227428866
1285307995535048705
1285308012467490816
1285308015961239552
1285308025075568642
1285308046386900992
1285308056277004294
1285308056386117633
1285308062736289792
1285308062946000896
1285308067408539648
1285308083519062016
1285308084408074240
1285308100778561537
1285308101453914113
1285308103144153094
1285308105350414342
1285308121603362818
1285308147486384135
1285308184912068615
1285308185130209283
1285308209411088384
1285308210480545792
1285308213685104640
1285308213819146241
1285308235419979776
1285308238917967881
1285308255246458880
1285308260128444417
1285308264570331136
1285308268592508928
1285308292248543232
1285308295142690818
1285308297663246336
1285308301958197248
1285308302331715584
1285308332937564160
1285308339421958144
1285308343666573315
1285308381339607041
1285308398464954370
1285308419663110145
1285308436696248323
1285308444925452288
1285308456761581568
1285308478484094976
1285308486805577728
1285308497169485825
1285308505323438080
1285308507483508737
1285308507634364416
1285308511837093888
1285308519508410368
1285308554598060034
1285308558133940224
1285308566241517569
1285308582788046849
1285308586705526787
1285308587766476801
1285308603881185281
1285308617294372864
1285308623053369346
1285308624995221504
1285308662899187713
1285308675243081733
1285308680687280129
1285308705399902208
1285308717563547649
1285308722575597568
1285308767236751364
1285308800971440129
1285308801365803009
1285308813994864640
1285308826598600704
1285308830079836161
1285308847867879424
1285308849881309185
1285308855484731392
1285308901538365441
1285308955309355010
1285308968441716741
1285308981171286016
1285308999601205249
1285309016915226625
1285309039837143041
1285309048850534400
1285309081851322368
1285309090596556807
1285309103120605185
1285309119709302785
1285309128089440259
1285309154211639298
1285309174872563712
1285309183005523970
1285309186839064578
1285309203582783488
1285309212340494336
1285309216509628416
1285309224835260417
1285309245047615489
1285309272549728259
1285309296562012160
1285309305319718914
1285309311368007680
1285309338559684610
1285309342422634497
1285309346419576832
1285309376438210562
1285309392443682816
1285309396709306368
1285309400597639168
1285309406545158144
1285309489651097602
1285309543543521280
1285309543686209542
1285309573008629760
1285309575307112453
1285309583209172993
1285309618835599361
1285309619468894208
1285309621251584004
1285309622614712322
1285309627521851392
1285309627618463747
1285309627794698242
1285309677736202241
1285309686363955202
1285309688708562947
1285309690138722304
1285309694131806210
1285309755922227202
1285309774272266240
1285309790286155776
1285309790701355010
1285309828479492105
1285309833088925696
1285309836880752642
1285309843201503237
1285309853754224640
1285309863074168833
1285309914605391874
1285309917419601920
1285309950722478083
1285309963196342272
1285309979495464960
1285310029755813890
1285310047577399296
1285310055806644227
1285310068100149249
1285310075037417472
1285310101495128064
1285310151910723584
1285310154376970243
1285310155966558208
1285310156062863366
1285310172571865089
1285310184558956545
1285310190036889600
1285310243077906432
1285310245145841672
1285310260539011075
1285310265211461634
1285310269443510275
1285310269552496640
1285310274723934208
1285310281674108930
1285310285511876616
1285310306101506054
1285310307225735169
1285310311608836099
1285310323587715073
1285310335981957121
1285310340478230528
1285310345003913220
1285310345272160256
1285310361151795200
1285310362368323586
1285310366260625410
1285310379573121024
1285310395197136896
1285310403107594249
1285310403145281536
1285310415896039425
1285310444991897600
1285310445834862594
1285310449274155008
1285310453942542336
1285310487115137024
1285310495369637889
1285310495545683968
1285310496372031489
1285310517397958656
1285310538067542016
1285310541892902913
1285310551040634883
1285310587648401409
1285310592593666048
1285310605273047043
1285310634133991425
1285310650512576512
1285310717856378880
1285310726471548929
1285310730347196417
1285310759552131075
1285310772923564035
1285310776706838529
1285310776832491520
1285310776929067009
1285310782180405255
1285310787964133376
1285310798038958081
1285310822844116994
1285310843756744705
1285310852288004096
1285310875545608193
1285310889718153216
1285310931195629568
1285310931975708675
1285310937436770309
1285310957158268928
1285310968621408258
1285310969845964800
1285310970173239297
1285310978066800640
1285310990742163458
1285310993833144321
1285311015111057412
1285311028633366528
1285311028868390921
1285311043296735235
1285311056844410882
1285311074636423169
1285311095138205696
1285311095398453248
1285311099508793344
1285311105187762177
1285311112389570569
1285311129435004933
1285311133876772864
1285311163081744385
1285311184204378112
1285311184292515846
1285311204618051590
1285311241888706563
1285311288474828801
1285311292258033666
1285311297396105217
1285311313820790784
1285311340677079040
1285311393562951680
1285311406146031616
1285311417520807936
1285311423447552004
1285311423468298240
1285311431227912194
1285311485200044032
1285311493760864261
1285311502531076097
1285311526354604032
1285311531580903424
1285311536018403329
1285311648840982529
1285311659255439361
1285311683129298944
1285311707812945927
1285311712565104643
1285311716528582657
1285311741069418497
1285311782374871040
1285311782958116865
1285311783096463365
1285311783264309250
1285311795385626624
1285311806026776577
1285311814193106944
1285311841263026182
1285311852650602496
1285311879103934465
1285311892681035780
1285311900507607040
1285311904903290883
1285311929700028422
1285311929712427008
1285311934527680514
1285311967562027020
1285311967763128320
1285311980681732097
1285311996976664577
1285312018375827457
1285312034545041408
1285312039041130496
1285312060746862592
1285312081940676608
1285312085874941954
1285312110797508608
1285312131806580736
1285312181941276672
1285312224035315712
1285312234105630720
1285312250140647425
1285312270038228992
1285312287880785920
1285312294914863106
1285312307262664704
1285312333229613056
1285312337394589696
1285312354364915713
1285312359460941825
1285312361482551304
1285312370710056960
1285312382835793920
1285312387193679872
1285312395720757249
1285312422149074946
1285312425453973504
1285312427861651456
1285312477690044416
1285312481695543299
1285312483935191040
1285312495666655237
1285312509784862722
1285312513463246849
1285312609902833664
1285312621260845056
1285312656015011843
1285312656308686854
1285312726768799749
1285312751699730433
1285312758821662720
1285312785690193925
1285312802706644992
1285312805390954503
1285312807039307777
1285312859614978053
1285312867835744258
1285312907199356934
1285312932344143872
1285312953676296192
1285312957778452480
1285312982801690625
1285312983346941953
1285312999511797761
1285313003777175553
1285313031195557895
1285313032952979458
1285313049746907138
1285313125798084609
1285313133683277825
1285313150569586689
1285313205560999936
1285313209281343488
1285313217464500226
1285313222518681601
1285313272292360192
1285313293364662272
1285313300876664836
1285313312301871105
1285313320631914509
1285313325031620608
1285313330446557184
1285313335551037440
1285313339841810434
1285313347269783552
1285313356539105281
1285313410645860357
1285313411136405504
1285313414336860164
1285313418614812672
1285313419311276032
1285313427112693767
1285313436105216000
1285313465435865088
1285313533283008512
1285313549317877767
1285313557320605703
1285313562345447425
1285313564333371392
1285313565994319872
1285313569811320832
1285313612060344320
1285313637964566530
1285313658680156161
1285313662006243328
1285313662329159681
1285313666506731520
1285313680574418944
1285313683292401664
1285313703433383943
1285313713889656832
1285313724975382528
1285313728783675392
1285313750443134976
1285313752531861505
1285313822710996992
1285313828880887820
1285313838708121600
1285313842977931265
1285313858035425280
1285313867871064067
1285313875777290240
1285313887076855808
1285313898497732609
1285313918726926337
1285313948540116993
1285313962993647618
1285313964054687744
1285313964067389447
1285313964738576384
1285314019482640384
1285314021323874305
1285314033516765186
1285314035920056323
1285314040340848643
1285314064747565057
1285314076462272526
1285314085836468229
1285314119143481346
1285314131785125893
1285314136453402625
1285314161828933632
1285314178346094594
1285314182905298944
1285314194938765315
1285314203130253312
1285314227717255185
1285314228316930049
1285314228585299968
1285314237041008640
1285314237183787008
1285314241264619520
1285314241315115008
1285314249460453376
1285314286190043136
1285314286605172738
1285314295438376961
1285314320591654913
1285314330372825089
1285314338257952768
1285314339138928645
1285314344138321921
1285314354502463490
1285314396948967425
1285314400694546433
1285314449864380417
1285314450594160641
1285314454830424066
1285314459469316096
1285314476082946049
1285314480000425989
1285314480604250112
1285314492105203712
1285314493464150017
1285314531254767618
1285314535084236802
1285314537080655872
1285314588947263488
1285314589165576199
1285314602373390337
1285314614343938048
1285314631708233728
1285314660330332160
1285314685542301698
1285314687576477696
1285314689732431883
1285314706421342208
1285314749140332544
1285314772465061888
1285314777682792454
1285314782627876870
1285314795038629889
1285314810859659265
1285314836478517248
1285314858389573633
1285314890924785666
1285314895681138692
1285314899753697280
1285314904711282688
1285314911690620928
1285314941432537093
1285314966543900672
1285314966782980096
1285314975033155585
1285314987192274944
1285314988220076032
1285314991814516745
1285315004988895232
1285315013914382337
1285315046478938118
1285315059279945728
1285315079542575106
1285315096177250307
1285315105018740742
1285315113868603392
1285315117110849536
1285315163634065409
1285315168289697793
1285315172031234049
1285315180411236353
1285315230755688449
1285315273445302272
1285315277257940996
1285315285449412614
1285315319477628928
1285315323336564737
1285315331486031872
1285315341271420928
1285315342684782595
1285315361345122306
1285315365661179906
1285315425266524167
1285315427514580992
1285315429364359175
1285315430123401216
1285315432363298817
1285315432501506048
1285315444673576966
1285315444803592198
1285315453779193856
1285315461555650560
1285315516605911041
1285315525275418624
1285315558666272776
1285315562286067714
1285315583047872512
1285315583739703296
1285315599795707909
1285315600483586048
1285315601255354368
1285315603738361856
1285315638454620168
1285315661577826304
1285315683924885505
1285315688517849089
1285315692116533248
1285315728153833472
1285315733644140544
1285315751054839809
1285315755379228681
1285315780809117696
1285315785074843648
1285315821942771713
1285315831262478338
1285315847825887232
1285315864301051905
1285315872379342853
1285315872895238144
1285315889546645505
1285315890704252934
1285315894093045760
1285315898451136512
1285315922018873347
1285315942365433858
1285315981565296640
1285315989803073536
1285315994500632576
1285316008836833280
1285316028000374784
1285316040507953152
1285316066898522115
1285316070577000450
1285316078491578370
1285316082790793218
1285316086951485440
1285316095243689984
1285316099609960448
1285316125077704704
1285316206497431552
1285316234142117888
1285316237988450306
1285316245303234567
1285316246251151361
1285316271312117760
1285316283764965380
1285316334230933504
1285316351133876224
1285316380112240640
1285316429546508289
1285316439914827776
1285316489147322368
1285316535620444161
1285316536639655936
1285316556000460801
1285316584496607234
1285316597066788864
1285316611658797056
1285316644693213186
1285316673508200453
1285316674313314304
1285316678532964352
1285316682420908033
1285316686204346371
1285316703421956103
1285316709704962050
1285316720580796421
1285316740688171009
1285316751165620224
1285316753158004737
1285316766202236929
1285316766407655424
1285316771134812160
1285316774234411009
1285316795470090241
1285316833449566209
1285316837203378177
1285316837438304258
1285316837459341315
1285316838776123392
1285316854030807040
1285316876323758080
1285316888189378567
1285316896045387777
1285316975657250816
1285316992665292805
1285317016333811714
1285317064408862721
1285317151621079040
1285317165038604292
1285317172634333190
1285317181543251973
1285317231375679491
1285317257405632513
1285317257493716994
1285317257598509057
1285317286451122177
1285317298614665217
1285317298727911425
1285317301412265986
1285317312732712963
1285317320940883969
1285317348501708801
1285317361642471424
1285317383217917953
1285317390876770304
1285317403279265794
1285317454319759361
1285317474305454080
1285317475366838277
1285317479678357505
1285317486427230211
1285317504152285185
1285317550486806529
1285317567360442368
1285317575291940869
1285317579947544576
1285317583885893632
1285317611123859459
1285317613975793666
1285317621878063105
1285317663821041670
1285317684805070849
1285317688919646208
1285317693520916480
1285317697014644736
1285317701691494400
1285317709396430852
1285317713854955520
1285317729071890433
1285317755957321733
1285317760533368832
1285317818804654080
1285317835829293057
1285317848861204481
1285317891898978304
1285317906721640448
1285317920084697092
1285317927617495040
1285317952972238848
1285317977882206208
1285318024233390080
1285318038439550976
1285318041136500736
1285318053505437699
1285318077891186690
1285318095649640448
1285318115077885954
1285318165535260674
1285318170941808656
1285318189451227138
1285318201300180995
1285318202961141765
1285318213639835648
1285318215942451200
1285318230106660869
1285318246418309122
1285318248226004992
1285318250591670272
1285318259286441984
1285318343105417217
1285318375762264074
1285318407194382342
1285318409572560898
1285318414391750657
1285318414798589953
1285318427142488064
1285318439574224898
1285318444179750914
1285318460432510976
1285318461028134913
1285318465457356802
1285318469177602048
1285318486441500674
1285318498038816775
1285318498911232001
1285318499439726594
1285318536076894209
1285318543995809792
1285318553198120966