1283204690658852866
1283204753460273152
1283204778097598466
1283204787626930176
1283204795730280448
1283204798741794816
1283204803921838081
1283204828403871744
1283204842945687559
1283204883433181184
1283204896565714945
1283204934192836609
1283204959039893506
1283204975288627200
1283205010038362113
1283205022243856386
1283205068485832704
1283205083463929858
1283205085175087106
1283205110772846593
1283205122772750336
1283205148093771781
1283205177663647744
1283205178246656000
1283205187964993538
1283205220416118784
1283205264854913025
1283205286728290305
1283205294080720897
1283205349583929345
1283205383188885506
1283205460884160518
1283205462192648192
1283205549950025728
1283205651573997568
1283205722277199873
1283205727130025984
1283205833023578113
1283205852430819329
1283205852510527490
1283205854507008000
1283205894621151232
1283205932810416128
1283206032710402048
1283206045809205253
1283206066654924800
1283206116638208003
1283206159302893568
1283206263594254342
1283206293268959234
1283206297412947969
1283206314869633024
1283206348671528960
1283206385740783616
1283206398294319106
1283206405877465089
1283206435640193024
1283206443945140227
1283206460030087168
1283206486471118849
1283206523561422848
1283206548672716800
1283206576170467329
1283206595246161924
1283206607955021825
1283206632525234176
1283206762699653123
1283206775387361280
1283206901367549955
1283206943566266368
1283206950143000579
1283206951946653696
1283206980065062912
1283207123082653697
1283207173837922305
1283207174332674048
1283207186760585216
1283207201742639106
1283207254049558528
1283207282571042816
1283207291005739010
1283207303953551365
1283207329501057025
1283207341823778816
1283207361054814208
1283207377441951746
1283207379518214150
1283207379773947906
1283207390687617024
1283207391723520000
1283207429581205504
1283207450355814401
1283207472451186688
1283207493284323328
1283207513769484291
1283207514218258432
1283207543259648000
1283207658867064834
1283207664189739008
1283207671462551552
1283207681977790464
1283207747450933248
1283207761162108928
1283207761489272832
1283207769903038466
1283207810973499393
1283207874374770689
1283207882742226944
1283207899637002240
1283207939797458945
1283207946135130112
1283207987188957184
1283208004012109824
1283208073029586944
1283208138808852480
1283208164163428355
1283208226373136384
1283208227111526403
1283208249181982724
1283208252990332929
1283208259399290883
1283208294128144384
1283208327116226564
1283208332191440896
1283208386377666564
1283208398838923270
1283208428035465217
1283208453050294273
1283208571052855296
1283208616497934338
1283208721452212224
1283208727965900800
1283208730142822406
1283208737054953472
1283208743019261952
1283208851597271042
1283208881007661056
1283208893389320192
1283208991582162944
1283209010598957058
1283209018966708224
1283209019188932608
1283209040429043712
1283209040445820931
1283209045181116416
1283209045298438144
1283209052680368128
1283209082363613186
1283209082501918722
1283209174671712257
1283209195630686208
1283209234922958853
1283209254481133574
1283209265155465216
1283209283199545347
1283209334349017090
1283209339306676225
1283209350358671360
1283209358860525568
1283209384663953409
1283209393048367104
1283209395900420096
1283209425524862976
1283209476573671425
1283209489412325376
1283209514108493824
1283209543313510400
1283209552381521920
1283209566138834946
1283209583746404352
1283209611005263872
1283209670228762624
1283209673533870082
1283209694232883201
1283209698783580161
1283209714864709632
1283209740412162055
1283209757713747968
1283209828593209344
1283209828735815680
1283209846200901638
1283209892455735298
1283209933161263105
1283209933626814465
1283209981916057600
1283210063558119425
1283210076111507457
1283210076304613378
1283210118096662531
1283210143749025794
1283210156117876736
1283210158152138757
1283210181375963140
1283210210505523201
1283210223021416448
1283210248300494849
1283210256294838273
1283210269338923008
1283210282035228677
1283210287915696129
1283210315463897088
1283210362142294016
1283210466123227137
1283210473073045504
1283210593315385344
1283210622105157632
1283210676329164800
1283210722986659843
1283210723108192256
1283210732641951746
1283210763369279491
1283210797821222912
1283210852427079681
1283210890066583554
1283210957184000001
1283211010338324481
1283211045042085888
1283211069960392706
1283211138973306880
1283211196309532672
1283211213598593026
1283211242086084608
1283211253180030976
1283211275087093760
1283211276357980160
1283211301418938372
1283211314077282309
1283211338437873669
1283211371857969152
1283211393609674752
1283211410705649665
1283211439902081026
1283211498094043137
1283211552951275521
1283211607439560709
1283211641002180608
1283211649176997888
1283211696060825600
1283211704407601154
1283211704512335872
1283211729573310466
1283211754319654912
1283211826608529410
1283211871886155782
1283211873878454278
1283211878412414976
1283211886134255617
1283211900499755008
1283211936008724481
1283211938634358785
1283211942451011584
1283211974378127360
1283212085841653770
1283212261310500870
1283212282588270593
1283212352662278144
1283212358417108994
1283212372904235010
1283212405305114624
1283212627938770944
1283212659899469824
1283212666392047616
1283212727184429057
1283212735875080199
1283212752320786432
1283212763506982912
1283212785850122242
1283212794737770496
1283212807371132928
1283212871896305665
1283212878095552513
1283212936576671753
1283212966284804096
1283212969027891201
1283212970168856577
1283213046488403974
1283213110275305477
1283213162884603905
1283213165380210691
1283213175945601025
1283213195428036608
1283213221579628556
1283213243071119363
1283213264005074945
1283213265208774656
1283213313820839936
1283213318577102852
1283213331575209985
1283213354132176897
1283213372578725889
1283213435581366272
1283213448273371154
1283213481660108801
1283213617379389446
1283213628997545984
1283213656965222401
1283213689789779971
1283213708823420930
1283213741790724096
1283213752431591424
1283213770249179137
1283213779627638787
1283213792156024841
1283213957805871106
1283213979012169730
1283214034939117568
1283214052743766016
1283214149053345792
1283214170440310784
1283214253738975232
1283214254217150469
1283214262933037057
1283214308449619970
1283214312132182017
1283214316624318466
1283214321414287360
1283214336941490176
1283214342394130432
1283214407502200832
1283214480164315138
1283214488947367937
1283214501186138112
1283214513618264064
1283214571864559616
1283214572661374979
1283214595499458561
1283214640533712901
1283214656853737473
1283214677271474176
1283214682166370305
1283214690605240321
1283214692760997888
1283214735996067840
1283214740307599360
1283214767604277248
1283214790844973057
1283214881559179264
1283214971569135616
1283215017307967490
1283215021909123072
1283215067056615424
1283215130919088129
1283215142231183361
1283215147683721216
1283215159419445250
1283215160015028227
1283215184245358598
1283215234958864385
1283215239677444096
1283215281716895744
1283215335630401536
1283215369663111168
1283215369872781313
1283215373949710337
1283215434582495233
1283215441280851968
1283215482531831809
1283215491092357122
1283215509698179073
1283215534356598784
1283215537728827392
1283215582909931520
1283215608180506625
1283215615507996674
1283215633161826309
1283215650928750593
1283215682071601153
1283215734609330177
1283215789332459522
1283215859759099910
1283215859926929409
1283215893976223744
1283215944094044162
1283215959638052865
1283216027967463427
1283216028420288512
1283216036611985408
1283216057252052994
1283216057352761345
1283216058921496576
1283216099220369408
1283216162474594304
1283216162667376640
1283216166564106242
1283216174637973504
1283216189473333248
1283216196402155521
1283216197270540290
1283216254191501313
1283216275360165889
1283216287351492608
1283216317659729921
1283216317978488833
1283216325826039810
1283216409305190404
1283216416628527104
1283216418125705217
1283216447263711233
1283216564813209601
1283216606726770689
1283216617787269121
1283216653308878853
1283216682438332421
1283216733008990211
1283216881113903104
1283216913116606464
1283216955109863425
1283217014497128450
1283217026446757891
1283217030133342208
1283217042246471680
1283217063964803075
1283217068221923334
1283217072810532864
1283217082553901057
1283217144197664768
1283217185364738051
1283217229484634114
1283217231774613504
1283217244701560833
1283217253316558855
1283217256185552898
1283217307674783744
1283217315346231297
1283217333100609536
1283217337026588686
1283217378395000832
1283217395990044672
1283217420237193217
1283217426784583680
1283217440231456768
1283217441598906368
1283217446221099009
1283217462452826112
1283217483764248577
1283217483940462597
1283217508858761216
1283217525048737795
1283217553259732992
1283217608951488512
1283217613255057408
1283217634398527488
1283217655915098113
1283217754514952194
1283217760739368967
1283217772588273665
1283217780850987008
1283217818725556225
1283217890439598080
1283217916029214720
1283217923100651520
1283217923448860673
1283217945762516992
1283217965479944192
1283217977572069376
1283218062129410049
1283218070174150658
1283218091644723200
1283218091921551361
1283218096384245761
1283218121373945856
1283218141586300928
1283218145919066117
1283218174654251009
1283218238583668736
1283218267474018304
1283218267494969344
1283218293415763969
1283218293705322496
1283218306242142208
1283218313783410688
1283218314089693184
1283218377389924355
1283218381353693190
1283218402069422094
1283218514984271874
1283218603106545665
1283218611730100227
1283218620374450176
1283218624589766656
1283218683343470592
1283218725152288768
1283218747180777472
1283218763089874947
1283218767250468864
1283218800171790339
1283218842563547137
1283218842643132416
1283218914583949314
1283218914667724802
1283218917796859906
1283218939179409408
1283218951619715078
1283218955847565313
1283218968652570626
1283218981768306691
1283219081382879232
1283219148252774400
1283219177088614400
1283219204288786432
1283219205219921921
1283219216661913600
1283219244499566594
1283219248517713921
1283219278989271048
1283219308085116928
1283219329106886656
1283219358140043266
1283219387827265536
1283219407209103360
1283219412804227072
1283219450259484673
1283219475572170753
1283219492084920320
1283219522481053696
1283219602063921152
1283219689599098881
1283219692522332165
1283219697811337216
1283219727746293760