1286375535904342017
1286375537515143169
1286375538974773248
1286375555257032704
1286375563855306755
1286375564195049475
1286375577583198209
1286375617164980224
1286375631207317508
1286375634818576385
1286375635477200896
1286375643102371840
1286375643190419457
1286375664921313280
1286375668482220035
1286375689239887873
1286375702040911872
1286375704318402560
1286375718159556621
1286375726992822272
1286375730734075905
1286375760685494272
1286375767664922624
1286375782168895490
1286375789752180738
1286375907842822144
1286375918227935233
1286375932647936000
1286375985206759424
1286376008325705730
1286376025757224960
1286376037392224256
1286376089166573568
1286376121290891265
1286376123425853447
1286376160536989697
1286376160713211910
1286376172205613058
1286376193055494145
1286376193248370688
1286376196943630337
1286376244335058944
1286376271421857796
1286376285288177664
1286376309514555396
1286376325788434433
1286376343387672578
1286376356763271169
1286376373406367746
1286376374463332361
1286376377130852352
1286376402695213057
1286376428272078848
1286376444923346945
1286376470034747392
1286376474354700288
1286376486820339712
1286376510019063815
1286376528201289728
1286376549529325569
1286376570815315968
1286376658207940608
1286376667582287874
1286376713988055041
1286376737899556864
1286376772041428995
1286376777678544896
1286376792668987392
1286376815221706759
1286376817851424768
1286376836226781186
1286376839041163265
1286376842174365698
1286376846842568704
1286376893223231489
1286376912307331075
1286376923438952449
1286376942518796288
1286376952115281920
1286376972789190658
1286377049402286080
1286377069404971010
1286377106885279747
1286377131858169863
1286377169921482753
1286377298434961408
1286377300116811776
1286377312922095619
1286377337383260161
1286377350951837697
1286377413903933440
1286377417611902982
1286377463900143616
1286377466387456001
1286377505520267267
1286377514412122112
1286377532330143744
1286377541855399938
1286377555776372736
1286377564655636480
1286377596893241344
1286377649766531072
1286377660365578242
1286377661066031104
1286377665226735618
1286377694800891908
1286377769618857984
1286377773611618304
1286377778133303302
1286377819837100034
1286377850279469058
1286377864410148865
1286377870894362624
1286377889949200384
1286377904478314498
1286377913286352899
1286377928956289024
1286377937680433152
1286377937957257219
1286377984442740741
1286377987441594372
1286378046665060352
1286378071566802948
1286378100159381509
1286378126327476225
1286378155582906370
1286378180580868097
1286378181566529541
1286378286852046850
1286378289645465607
1286378310340050945
1286378330846093314
1286378340849528834
1286378355072237570
1286378393936822273
1286378407211802627
1286378407652134912
1286378457815900160
1286378496365703169
1286378499331235841
1286378558793715712
1286378562505920513
1286378571343245312
1286378659251662848
1286378674892214273
1286378709067366401
1286378726058594306
1286378747327705089
1286378769125646336
1286378784774475776
1286378791800131584
1286378793838534662
1286378799928692736
1286378806224265218
1286378830916194304
1286378923580960770
1286378982615552000
1286379013452136453
1286379015712931843
1286379108658810880
1286379162551410689
1286379193878503424
1286379196609105928
1286379224979443712
1286379233669865473
1286379259297234951
1286379291895164928
1286379309569986560
1286379317904146433
1286379367862501380
1286379374636343297
1286379386195841027
1286379392935944192
1286379473366126592
1286379497571389443
1286379544014987264
1286379577720414210
1286379592643678209
1286379624734351362
1286379703654326272
1286379724399357954
1286379753021353984
1286379773569183744
1286379786252750848
1286379808759390209
1286379816544088066
1286379824764911618
1286379858789105664
1286379896915275782
1286379900954443777
1286379913164054534
1286379926338154502
1286379961939632128
1286379963705438209
1286379984643227648
1286379996630650881
1286379997138214912
1286380009335160832
1286380024229064709
1286380040146620419
1286380060644081666
1286380072505663488
1286380087940710400
1286380143699730432
1286380147940233222
1286380165241745409
1286380167393353730
1286380210745679872
1286380227862593536
1286380231826083840
1286380244660703232
1286380261005864961
1286380327691333632
1286380354454970368
1286380370489991168
1286380416291627008
1286380420548894720
1286380433731653634
1286380471446724609
1286380474433183745
1286380475876081667
1286380479143452672
1286380525272399872
1286380531358273536
1286380547569311744
1286380592410615816
1286380596692955138
1286380635226091520
1286380635305779200
1286380639483236353
1286380727072886784
1286380731695091712
1286380744215080960
1286380772618907655
1286380776943243265
1286380777475682304
1286380819280351233
1286380821545353219
1286380848502181889
1286380861223510020
1286380904299073536
1286380916487618561
1286380927963336705
1286380928638607361
1286380966156607488
1286380982317326336
1286381008468815873
1286381049853800453
1286381112600793091
1286381116937703426
1286381137862983682
1286381187854983175
1286381221799329792
1286381225310064642
1286381251805446149
1286381268087832584
1286381278879678464
1286381347926351873
1286381394260828162
1286381426682859520
1286381448757481475
1286381477526032384
1286381485747044352
1286381494798352388
1286381515778080768
1286381544819404800
1286381590638211081
1286381616387051521
1286381645440851968
1286381658149720072
1286381703792070657
1286381704685420546
1286381708066127878
1286381712885391362
1286381717876379648
1286381721114554369
1286381755176550408
1286381763325865984
1286381773589549056
1286381796356239361
1286381796679188481
1286381804950298627
1286381838332760064
1286381843235745792
1286381846792753152
1286381888697966595
1286381893001154560
1286381933782474752
1286381939897667584
1286381951876837383
1286382064606932992
1286382088153894912
1286382124061294599
1286382132424847361
1286382179744993280
1286382190981332994
1286382219993456641
1286382226767323144
1286382308786933761
1286382312762904577
1286382330706370560
1286382421273743360
1286382472041816070
1286382493080444940
1286382505097125894
1286382505692667904
1286382530560548864
1286382564177928192
1286382567781027840
1286382568112365569
1286382577566318593
1286382589704626178
1286382613368799236
1286382627553972224
1286382727982350339
1286382737050542080
1286382740204474369
1286382772437778433
1286382807015596032
1286382807392989184
1286382817157447680
1286382851974283264
1286382899516674048
1286382983419777025
1286382983671427073
1286382995813937153
1286383021659246598
1286383037572251648
1286383071328178177
1286383092752678912
1286383097194270721
1286383117662642176
1286383121546584067
1286383121664036864
1286383138764201984
1286383202404360199
1286383227394043911
1286383260159762438
1286383269211066368
1286383269856989192
1286383359942258688
1286383419652485126
1286383445208436737
1286383445552365568
1286383457451597824
1286383488367841280
1286383507963547649
1286383516301897731
1286383520110333955
1286383522119262209
1286383533242683395
1286383548572762113
1286383608689647617
1286383629984301058
1286383655561166848
1286383664591441920
1286383692458471424
1286383712893128704
1286383721365422080
1286383733067657217
1286383733579423744
1286383771739136003
1286383784624087041
1286383881315405824
1286383882624016384
1286383914211319810
1286383965465649155
1286384012706156544
1286384023489544194
1286384084500066305
1286384127906848770
1286384153731235842
1286384163009028096
1286384179127693313
1286384199495225350
1286384284060663808
1286384334052536321
1286384336258781184
1286384347059232769
1286384355447672832
1286384388238802949
1286384417456496643
1286384418219798531
1286384420530913280
1286384471915114496
1286384472724779010
1286384480723316741
1286384560918409216
1286384560960352258
1286384567704748032
1286384569013268480
1286384685644492800
1286384720293634050
1286384737095954432
1286384749917790214
1286384757434179587
1286384770453299202
1286384781652103168
1286384824362516481
1286384833023729664
1286384839449440256
1286384841416683520
1286384855505346563
1286384924866428928
1286385013244780545
1286385013500583940
1286385045712732161
1286385048770543617
1286385059377946625
1286385063614087171
1286385068001366018
1286385072623370240
1286385129586339840
1286385151413452800
1286385243948232705
1286385275153739778
1286385281587978240
1286385316392316928
1286385323610722305
1286385357005742081
1286385429089067009
1286385458063253515
1286385487440236545
1286385491290488835
1286385504209055745
1286385506398478338
1286385533577568256
1286385541479571457
1286385558671863808
1286385576069955585
1286385584081076224
1286385618092785664
1286385684249481216
1286385759000371204
1286385764041883652
1286385764490776577
1286385766722084865
1286385810070265856
1286385835873574912
1286385836301463552
1286385840697094144
1286385865212608512
1286385897903185920
1286385948884951041
1286385974080081920
1286385977552928769
1286386049275420672
1286386147896090624
1286386154837889024
1286386167009533953
1286386183933693953
1286386224979152898
1286386279035412484
1286386321645285376
1286386329828225024
1286386334282776577
1286386340045770754
1286386347704373248
1286386418428907531
1286386443577892870
1286386460883660800
1286386492785307648
1286386498657427456
1286386551769841665
1286386582384029696
1286386593989828614
1286386619856166912
1286386654480084997
1286386659240677377
1286386683189932032
1286386707752001537
1286386728949825536
1286386732733145088
1286386735455318018
1286386757664112647
1286386766518333442
1286386769823297536
1286386796650086400
1286386804279648256
1286386829504241672
1286386829525057536
1286386842254954497
1286386853432549376
1286386867286532099
1286386886215446528
1286386918155059201
1286386951042605058
1286386973792301056
1286387056072163328
1286387087130927104
1286387102788157441
1286387114364612612
1286387124305092608
1286387137013841929
1286387160841584641
1286387161252519936
1286387179518746624
1286387211152183296
1286387240587931649
1286387332741046272
1286387336931160064
1286387366157004801
1286387379998281730
1286387400034250752
1286387432729059335
1286387450420424704
1286387462798024705
1286387480497991682
1286387505273737216
1286387559162155008
1286387588346130433
1286387609464430593
1286387639285940226
1286387672982986758
1286387701814525953
1286387702204637186
1286387710718967809
1286387714963705856
1286387731833278465
1286387742402924545
1286387790104555520
1286387794340909056
1286387836313198593
1286387882538622976
1286387911127183366
1286387916252557312
1286387924452417537
1286387941703430145
1286388024276811776
1286388037937577985
1286388046254940160
1286388050386444290
1286388070187769862
1286388091742298113
1286388120653639681
1286388121731510272
1286388139452436480
1286388142514348032
1286388197358997506
1286388225993580544
1286388228803584000
1286388335691341824
1286388348383371265
1286388398102634497
1286388398819815425
1286388401382592512
1286388402896678914
1286388414674345985
1286388418730172417
1286388436249784323
1286388444005007368
1286388469217009670
1286388494856749056
1286388507687043072
1286388532173406208
1286388548875083776
1286388591309008902
1286388591350951936
1286388608778338306
1286388612515405829
1286388616357392385
1286388617724665856
1286388649475674115
1286388654076825605
1286388674481893376
1286388691708063744
1286388751262982144
1286388797375037440
1286388797609930752
1286388799069728774
1286388830547988480
1286388830812151809
1286388833651752963
1286388857722765312
1286388860201525248
1286388867185160195
1286388876517371904
1286388881256902656
1286388882162974723
1286388885006639104
1286388906636845060
1286388994486317056
1286389019920801792
1286389029919846400
1286389072274042883
1286389073192669184
1286389083196071936
1286389115861086208
1286389120361566208
1286389124035940352
1286389124249919489
1286389159201050626
1286389171100299266
1286389182429122560
1286389216977588224
1286389217963122688
1286389225215197188
1286389296363175939
1286389312460857353
1286389328671682560
1286389355188191234
1286389369310457859
1286389388373561346
1286389400293847041
1286389421550579713
1286389437291728897
1286389474843414528
1286389497358426120
1286389539263729665
1286389539687235591
1286389573266931714
1286389577599590405
1286389585182949385
1286389589347770368
1286389593424769024
1286389607177674752
1286389623686561793
1286389682331426818
1286389687037329408
1286389689373646860
1286389698470899712
1286389701851717638
1286389702841569298
1286389728309321733
1286389753290657792
1286389785532207106
1286389799889362944
1286389802544369665
1286389810740035584
1286389833175359489
1286389853295456256
1286389874837381120
1286389892491157507
1286389899478867980
1286389917204000769
1286389950586531840
1286389971688054785
1286389983771873281
1286389996623208448
1286390017443508225
1286390068521971714
1286390096481136640
1286390124608094208
1286390144598183937
1286390146066153474
1286390151246118912
1286390172301631491
1286390189527506944
1286390206195798021
1286390243890003971
1286390255642435584
1286390261438963713
1286390285728178178
1286390366166540293
1286390386878029825
1286390453512949760
1286390500065456128
1286390525361377281
1286390554251730952
1286390587537711104
1286390612615471104