1286586923125895168
1286586944462495746
1286586948598075393
1286586960342142976
1286586969779310595
1286586974002982913
1286587003887390722
1286587008186494976
1286587016516382722
1286587024250671105
1286587036158373888
1286587065996632064
1286587067787620352
1286587069758939136
1286587097726550016
1286587111907512322
1286587166156562432
1286587213388689408
1286587239120670725
1286587241020690432
1286587293533384705
1286587325376413696
1286587343902773249
1286587344674590721
1286587377503404034
1286587398927921153
1286587494574809088
1286587537834807296
1286587560014340096
1286587603312095232
1286587612124213248
1286587615148494848
1286587640410710016
1286587670504910850
1286587678864150528
1286587688804589568
1286587698736758790
1286587699957202944
1286587736359612422
1286587775391760384
1286587786829746176
1286587787328856064
1286587794987638784
1286587812821659648
1286587858912862208
1286587863941906432
1286587872003276801
1286587885240700930
1286587889296572417
1286587892085567490
1286587892102381574
1286587926328086528
1286587939556745216
1286587964630298624
1286587966866022400
1286587968484970497
1286587981227270144
1286587988609294336
1286588014408474625
1286588051423035398
1286588052962500608
1286588081731239936
1286588087624175616
1286588132364877824
1286588238799437824
1286588241890750467
1286588250262589441
1286588262337974273
1286588267085824002
1286588278041456640
1286588320886198275
1286588333909405697
1286588412745715712
1286588428973477888
1286588450024628226
1286588454126714880
1286588461638660103
1286588477027614720
1286588493607645187
1286588583441244160
1286588584691216385
1286588605415251968
1286588626457866240
1286588665205075968
1286588674340196352
1286588703847018496
1286588714781728768
1286588748944363520
1286588760004734977
1286588774105993216
1286588819127640064
1286588848584232960
1286588873695465472
1286588881895223296
1286588947263627265
1286588954372907008
1286588962891595776
1286588975105413120
1286588979085807616
1286588982147588097
1286589008219377664
1286589012673810434
1286589014246662146
1286589045024448512
1286589046660182017
1286589050850365443
1286589078172053504
1286589079090470912
1286589144395911168
1286589185122598913
1286589213002137600
1286589255733649409
1286589255960211458
1286589264147492865
1286589302458200064
1286589305100685313
1286589306929328133
1286589322439925762
1286589323803086848
1286589335094079488
1286589378056409088
1286589403767304193
1286589407034773505
1286589410134437888
1286589414572007424
1286589419340759040
1286589469009670144
1286589470372794368
1286589482586832896
1286589489910079489
1286589527394582528
1286589562488336384
1286589587226337280
1286589598873903104
1286589599188496384
1286589612488560640
1286589641076998144
1286589641802555393
1286589666121011205
1286589704268320770
1286589704733954048
1286589717887291392
1286589724862435329
1286589750896283650
1286589812775047169
1286589821855715330
1286589867405778944
1286589878332018688
1286589885445550081
1286589929502507008
1286589939568779265
1286589959663751168
1286589965850292224
1286589972250873858
1286589972481531904
1286589986901557248
1286590007529082880
1286590030857883649
1286590034842353664
1286590103033458688
1286590115553386497
1286590129386258435
1286590160650543106
1286590165910196225
1286590173845708801
1286590211187716097
1286590216569061377
1286590267328475137
1286590279156412416
1286590295807864835
1286590299251376129
1286590299905699840
1286590313277120513
1286590313440727050
1286590324803018753
1286590358525227009
1286590366955733000
1286590389365936134
1286590418113703937
1286590424988233731
1286590467006767105
1286590521658441728
1286590527027191809
1286590527471788032
1286590527547355136
1286590547663163392
1286590552960634880
1286590559201538048
1286590572858310656
1286590626637598721
1286590648695447552
1286590690667847682
1286590698582679557
1286590700654649345
1286590739418423296
1286590770812719105
1286590807512952832
1286590879822749696
1286590882087542784
1286590886747475970
1286590893097717765
1286590903843315713
1286590904703135744
1286590950077272065
1286590955076956160
1286590958105006083
1286591017236406273
1286591030607745024
1286591040321986560
1286591051868897280
1286591055165624321
1286591076514529280
1286591076741120002
1286591113436860417
1286591126061883392
1286591138506342401
1286591206349312002
1286591244639129600
1286591295088205825
1286591302491148290
1286591306597367811
1286591324578291714
1286591332354600960
1286591377434763265
1286591390819012609
1286591395336089600
1286591448033394688
1286591448490692608
1286591473677488133
1286591524961214464
1286591549229469697
1286591567445331968
1286591576249171969
1286591608083931138
1286591696092844032
1286591731178196993
1286591763000496128
1286591822299639808
1286591827395653632
1286591830491095040
1286591844416184321
1286591863361646592
1286591870206980096
1286591876603273218
1286591877958045696
1286591902771544064
1286591936632102913
1286591976490635265
1286591998405697536
1286592048498450432
1286592066047418369
1286592066965839872
1286592071047012352
1286592073664167936
1286592082027651072
1286592150189363201
1286592179926978561
1286592199313051648
1286592246553419777
1286592255374036997
1286592271643795459
1286592274592182272
1286592274860617728
1286592275934588928
1286592366380556288
1286592367416549376
1286592371531173888
1286592378065821697
1286592378065870853
1286592397388939264
1286592400727527424
1286592408940052482
1286592410621865984
1286592443744493570
1286592453781467136
1286592489022009344
1286592505941643274
1286592514816790528
1286592524866420736
1286592528200990721
1286592549143154693
1286592577156915200
1286592611621502977
1286592673491693569
1286592679527288833
1286592682702147585
1286592683411218433
1286592710938329089
1286592720597852160
1286592744668958720
1286592760007598081
1286592772439515136
1286592786867814401
1286592800176381953
1286592824906067968
1286592836675174400
1286592976483950592
1286593000680886273
1286593022948511744
1286593061410287617
1286593122655522816
1286593153269719040
1286593189592408064
1286593192750731266
1286593199415459842
1286593213810257925
1286593239949041666
1286593284266229760
1286593291425808384
1286593293413789696
1286593303652323328
1286593311990525952
1286593329451458561
1286593348967362560
1286593366143176706
1286593394765180930
1286593412792233984
1286593417582084097
1286593441649106945
1286593508984467456
1286593529268101122
1286593541985021953
1286593546372493313
1286593550298185734
1286593579285196800
1286593580316995584
1286593592962711552
1286593644561129477
1286593645030727680
1286593667952771073
1286593677431902209
1286593694091677701
1286593696474058753
1286593701427519488
1286593711359565824
1286593749137723392
1286593810794008576
1286593835665993728
1286593848035217409
1286593870151778306
1286593917237026816
1286593919241736193
1286593932390993920
1286593933854875648
1286594019745816578
1286594020353835009
1286594027752570880
1286594078121930754
1286594108493115392
1286594146514243584
1286594157847470082
1286594171298615296
1286594184485330944
1286594217528233984
1286594231461646337
1286594239258746880
1286594280539250689
1286594296532078593
1286594369429045248
1286594384494985217
1286594398017314817
1286594406829744128
1286594419559366657
1286594469182267392
1286594470650302464
1286594481870045191
1286594497430917121
1286594497984360449
1286594523007791104
1286594526790983680
1286594560962039814
1286594589915258880
1286594590997389312
1286594628708261894
1286594654637559808
1286594734010462211
1286594750842318849
1286594762275946496
1286594772858273792
1286594791355162630
1286594797218783234
1286594809629675521
1286594813748543489
1286594858749231104
1286594863354568704
1286594879993389057
1286594917339410434
1286594962981826562
1286594971450200064
1286594974553985024
1286594976152002560
1286594977355780096
1286594988483268608
1286595002479579136
1286595010117414913
1286595043223109633
1286595103168045057
1286595115675459590
1286595137628524544
1286595203386748929
1286595207228784641
1286595207396569088
1286595228401635328
1286595290456305664
1286595307309019137
1286595322525945858
1286595345078726657
1286595401412378625
1286595409511690240
1286595462611468291
1286595467078492160
1286595518773243906
1286595522698989568
1286595523017945088
1286595534833287168
1286595535512768512
1286595542462554114
1286595551241347072
1286595555137921024
1286595561123123201
1286595617633062915
1286595629720969216
1286595657143328768
1286595703679127552
1286595728127795201
1286595740568113152
1286595750365986816
1286595760142913536
1286595765922660353
1286595787317796864
1286595829705441280
1286595833937514496
1286595844419072000
1286595870780252160
1286595875444334592
1286595882872213506
1286595891160387596
1286595920356945922
1286595922110152705
1286595928665849856
1286595979882434562
1286595996886151170
1286596029219926017
1286596032760090626
1286596041958207489
1286596066758934528
1286596088397475840
1286596091711029250
1286596092096733185
1286596104709079041
1286596105908649989
1286596115945725957
1286596126183809024
1286596137617690624
1286596139018522624
1286596159205605378
1286596217791819776
1286596264877006848
1286596305570201600
1286596344887402498
1286596361698377733
1286596365385117697
1286596388583866368
1286596403926577152
1286596407688912896
1286596444552482817
1286596471811383297
1286596528157659136
1286596559350706176
1286596571187032064
1286596587163136001
1286596629387186177
1286596683804049410
1286596688879202304
1286596704179978240
1286596704876269568
1286596712061075457
1286596722819563520
1286596727802396674
1286596763395198977
1286596768478580736
1286596771041378308
1286596808861528064
1286596810514079746
1286596826062360576
1286596868487524358
1286596885952827392
1286596900280573952
1286596913681141761
1286596914457145344
1286596951878905857
1286596953082605569
1286597002168610816
1286597005838626818
1286597053062287360
1286597062260224000
1286597078232293376
1286597093113704449
1286597109035171840
1286597110566195200
1286597112617197569
1286597120104050689
1286597150239936513
1286597162529443840
1286597167642218496
1286597177708617729
1286597212617801731
1286597254900572160
1286597271090536448
1286597293630803968
1286597330385408001
1286597341697527808
1286597354729005057
1286597372345225216
1286597388153610240
1286597389952876546
1286597409938833409
1286597439617736706
1286597468336148481
1286597489102065666
1286597509767364608
1286597521645740038
1286597526230044672
1286597527400316928
1286597540637544448
1286597551853109248
1286597552314490884
1286597552830390272
1286597694102876161
1286597712562008066
1286597761534697473
1286597787044450304
1286597787455565824
1286597803922403328
1286597820632436736
1286597862823002112
1286597884041887746
1286597901251219457
1286597924852400128
1286597925968076801
1286597947170357248
1286597950433615877
1286597963280678920
1286597969001754625
1286598018129702913
1286598022281990144
1286598035359911936
1286598058541748224
1286598064103399424
1286598065022001153
1286598069291810816
1286598108982386688
1286598165735641088
1286598195125133312
1286598214347640832
1286598239064662017
1286598244437549056
1286598283612368896
1286598319800819713
1286598336691281921
1286598378701369345
1286598415141355521
1286598425568583684
1286598475103318017
1286598490928361475
1286598491196862466
1286598584746549248
1286598591604232192
1286598596025110529
1286598604812169224
1286598616916938752
1286598624214999040
1286598714258124801
1286598759842029568
1286598764422148096
1286598777390993409
1286598827596750849
1286598872454836224
1286598873637625856
1286598890280583168
1286598906810433536
1286598911143153665
1286598925445726209
1286598930936078336
1286598965534896128
1286598966768009217
1286598982567952384
1286598983213887493
1286598994051858432
1286599001547124736
1286599012389466114
1286599015468077057
1286599028428472321
1286599052960858113
1286599071021576192
1286599094711066625
1286599103103655936
1286599138625425408
1286599142039486464
1286599150738571265
1286599159068401665
1286599209894981634
1286599212440915968
1286599213179166724
1286599228748369920
1286599234289111041
1286599241952092161
1286599251594805249
1286599254144950273
1286599291528794112
1286599309597835264
1286599356381093888
1286599385191718914
1286599441810460673
1286599449108602880
1286599477025890305
1286599501529198592
1286599517748379650
1286599527596724227
1286599540544544772
1286599586971344897
1286599630227218432
1286599634119536642
1286599644898893824
1286599673915092992
1286599716046741511
1286599725404295169
1286599783902306306
1286599808434798594
1286599858254733312
1286599862524555264
1286599879222005760
1286599888566759424
1286599897047801859
1286599909890822146
1286599918010826755
1286599934268051456
1286599939598950400
1286599960398446593
1286599963779137537
1286599984595587077
1286600001326419970
1286600018430963712
1286600043709988864
1286600067152072705
1286600149557551105
1286600172512972802
1286600181853687810
1286600206210011136
1286600215915425793
1286600233544187904
1286600245900541953
1286600254746394624
1286600257216958464
1286600324472623104
1286600332383072258
1286600336606715904
1286600357263683586
1286600365958467584
1286600370509275137
1286600393410121735
1286600395024994304
1286600410220945408
1286600421398765568
1286600459738849282
1286600462842638337
1286600530664415233
1286600533244092417
1286600538482761729
1286600554320408576
1286600580748779520
1286600656753758210
1286600702173696000
1286600702706495488
1286600739943518209
1286600742871195648
1286600753298255872
1286600760692793345
1286600765226844160
1286600768896868352
1286600805953474560
1286600823804432384
1286600841001148416
1286600853454041088
1286600854221533184
1286600865642668033
1286600865651073030
1286600891387252736
1286600899633262593
1286600903148089349
1286600957602729985
1286600980004560900
1286600980314951687
1286601013890187265
1286601021393735681
1286601024300625921
1286601040171851777
1286601040226222085
1286601050951221248
1286601086787297280
1286601119448408065
1286601134736539660
1286601139287461889
1286601217955651585
1286601231310430208
1286601251560607745
1286601265531691010
1286601270619451393
1286601334742036480
1286601340534349824
1286601343122186240
1286601351724781568
1286601372834594820
1286601376739610625
1286601410159808512
1286601414790254593
1286601423879376896
1286601448600547329
1286601452413214720
1286601498210836480
1286601527457718272
1286601529433165824
1286601533250043905
1286601540195749893
1286601569123930112
1286601579219619841
1286601599935303681
1286601625272975360
1286601625495318529
1286601659288715264
1286601662799413254
1286601678586810373
1286601682659553280
1286601697687633922
1286601732760449026
1286601738011770881
1286601738456379392
1286601763022426117
1286601771012456448
1286601788297183233
1286601828759633922
1286601842332442624
1286601859474612224
1286601888419532800
1286601888880832512
1286601909919535106
1286601923416723456
1286601939619319808
1286601947756335104
1286601956337819649
1286602002630356992