1285258168537210880
1285258171397951488
1285258174455578624
1285258175508340736
1285258229988110337
1285258230101274624
1285258247063175171
1285258259775934464
1285258263647252481
1285258309012983811
1285258318789988352
1285258327623000065
1285258343540502528
1285258343997755392
1285258372569235456
1285258444333776898
1285258473870163977
1285258498792620038
1285258532254777344
1285258579797303298
1285258608007995392
1285258619999653890
1285258628727889921
1285258674601164800
1285258684101271556
1285258712962289666
1285258721636102150
1285258737800884230
1285258741596774402
1285258771837550597
1285258777890115586
1285258783615258624
1285258823100502016
1285258838489419776
1285258868034015232
1285258881145483265
1285258905711411200
1285258931078651909
1285258990105100289
1285259041501921280
1285259081272500224
1285259094467567616
1285259181381914624
1285259191406473216
1285259234351906817
1285259320872054786
1285259333404471296
1285259342573338629
1285259451159793665
1285259484437282817
1285259513583427584
1285259626171293697
1285259673780854784
1285259675466780673
1285259677387886593
1285259703367458816
1285259712301326340
1285259719234338816
1285259736443752449
1285259739027214337
1285259765900247041
1285259845680201729
1285259853288497153
1285259866408288256
1285259891058241541
1285259902525505544
1285259912495468546
1285259912726151174
1285259933492051968
1285259935995924480
1285259988181684225
1285260037355638784
1285260134290087937
1285260139474427904
1285260198127505411
1285260223154991104
1285260228729004033
1285260247578247168
1285260251936120833
1285260255920746497
1285260272949698565
1285260277412507651
1285260290582548485
1285260335511777280
1285260341505449984
1285260348568862723
1285260394433597441
1285260401794445312
1285260454475038721
1285260470216265731
1285260529150373888
1285260566945239040
1285260569516183553
1285260578773032961
1285260604815679489
1285260608858927107
1285260659379392512
1285260697039859712
1285260713938882561
1285260717474689024
1285260730489544706
1285260751691808769
1285260766199734272
1285260802040176642
1285260805550858240
1285260860462686208
1285260867727171592
1285260884114202624
1285260926418116610
1285260969111945219
1285260994978226178
1285261024543666176
1285261078545477632
1285261116675956736
1285261177069740033
1285261199513354240
1285261206186536962
1285261227011248130
1285261271072292864
1285261284263559168
1285261296435437569
1285261317238972416
1285261332401590273
1285261347173871619
1285261384754880512
1285261401553088513
1285261408863531008
1285261418263007233
1285261422444732416
1285261485409742850
1285261489029312514
1285261497476747265
1285261506150576128
1285261509363404801
1285261515700887557
1285261516304834560
1285261539377926144
1285261543911743489
1285261558596214789
1285261562828206081
1285261565114159104
1285261626560729088
1285261683523559427
1285261777937276929
1285261812842332160
1285261837450149888
1285261849890484224
1285261866244210698
1285261938289782790
1285261954660147201
1285261967913963521
1285261979901255682
1285262013401268225
1285262064160854016
1285262091000086528
1285262097270501376
1285262097723453441
1285262101930340352
1285262110373617664
1285262114404233216
1285262118267297792
1285262119022231557
1285262164094341120
1285262194486194190
1285262210772672515
1285262214862118912
1285262269539127296
1285262269551718400
1285262269744652291
1285262273456603136
1285262311482171392
1285262324253757442
1285262357908905986
1285262374035836928
1285262416109084673
1285262420198522881
1285262422606061569
1285262444382900226
1285262450292436992
1285262470123327488
1285262475726934016
1285262537689313284
1285262538213654529
1285262538452631553
1285262573789560832
1285262588222361601
1285262592429248513
1285262608329842691
1285262609046843392
1285262621235720192
1285262622669959168
1285262739452170242
1285262741486350336
1285262743432552453
1285262756380323841
1285262765205016576
1285262816077742080
1285262866795331586
1285262877662871552
1285262878044545025
1285262901633265665
1285262935330365440
1285262987163504642
1285263000102985729
1285263021414191104
1285263058202484737
1285263076699316224
1285263092293742592
1285263218265513985
1285263255288438785
1285263288809459712
1285263293263667205
1285263306651910154
1285263406468075521
1285263414986588160
1285263418551947264
1285263443373654018
1285263452001501184
1285263468740792321
1285263476940607489
1285263486700810240
1285263503272620033
1285263507404075009
1285263518258786304
1285263523191435265
1285263576559579136
1285263577583169536
1285263616032243724
1285263628527116290
1285263658621104128
1285263733221142533
1285263770768617474
1285263774920904705
1285263779106873345
1285263787948482561
1285263794336419841
1285263796026527745
1285263832818937857
1285263846316347392
1285263867879337985
1285263873461780480
1285263875726876672
1285263888381030401
1285263892587872256
1285263909579096067
1285263913387323392
1285263922057052163
1285263938624671744
1285263968244830212
1285263979665924099
1285263985038766080
1285263991678197761
1285263993054126092
1285264026889379840
1285264051002540032
1285264067867955200
1285264115662028802
1285264119357034496
1285264123811500034
1285264134041489408
1285264203176189953
1285264244838146050
1285264262135521281
1285264291810213888
1285264384126853122
1285264393312378880
1285264457279533056
1285264471687036933
1285264549352837120
1285264550766362625
1285264570874036229
1285264571788414977
1285264702189297666
1285264704764612610
1285264706412797953
1285264707905925120
1285264711353868291
1285264760695451648
1285264773303738373
1285264794124201985
1285264803234226181
1285264814978342912
1285264852731166720
1285264864546451456
1285264869978181634
1285264870087127041
1285264924537577472
1285264978258407425
1285264982897233921
1285265003910770690
1285265011577765888
1285265082813833216
1285265129404162049
1285265192708956161
1285265221586755585
1285265231900360704
1285265241866108930
1285265331460677632
1285265365031964680
1285265369490493440
1285265378738872321
1285265415099125760
1285265478479306753
1285265513657118722
1285265515880091648
1285265536805478401
1285265545588342785
1285265575237885953
1285265609228509186
1285265633949573121
1285265638139637760
1285265641449062402
1285265658008276997
1285265708822269958
1285265724953501702
1285265739004485632
1285265747892002816
1285265751125958658
1285265751264419841
1285265767479427072
1285265804389384192
1285265843186737153
1285265929174163457
1285265977882615810
1285266005845999616
1285266015421476865
1285266017372065792
1285266027773861888
1285266031578095616
1285266045507211264
1285266047076114432
1285266119587237891
1285266153162645505
1285266165225275392
1285266249547567105
1285266270632521729
1285266278656159744
1285266291654299654
1285266304832884736
1285266324982243330
1285266371308208129
1285266438605791232
1285266530683387904
1285266543446650880
1285266551462137857
1285266551755726849
1285266573100539904
1285266623620939782
1285266664695779331
1285266703618912259
1285266710703026176
1285266731867480064
1285266732739784704
1285266736523034624
1285266744571985920
1285266752977473538
1285266765849608192
1285266770261991428
1285266781586649089
1285266799299182592
1285266912637857792
1285266937686171648
1285266938189365248
1285266942111166464
1285266951128985600
1285266987531329543
1285267006007185410
1285267008544595970
1285267034754826240
1285267063825526785
1285267092388757505
1285267122864582656
1285267156028936194
1285267168536469504
1285267172206555141
1285267206859821058
1285267268973342726
1285267273888890881
1285267298400468993
1285267356705595392
1285267360958619651
1285267396429832193
1285267415681716226
1285267424271622144
1285267465983975432
1285267470534705154
1285267508044292096
1285267516688924685
1285267523865399298
1285267558988488706
1285267574746382336
1285267587572654080
1285267601522749441
1285267621290618880
1285267621336674309
1285267660066959361
1285267663455948802
1285267671437717505
1285267674331860998
1285267696733560833
1285267747279007744
1285267835762212864
1285267839486701568
1285267877726171138
1285267894159507461
1285267923414724608
1285267931354615808
1285267956470091777
1285267960903368704
1285267978062200832
1285267990544613379
1285267994797629440
1285268033649483777
1285268045712076800
1285268110551822341
1285268116625403908
1285268154101399554
1285268161630277632
1285268200381231104
1285268219742363649
1285268233533227010
1285268234137219073
1285268262897496064
1285268263430164480
1285268278051590144
1285268317377302529
1285268318006517760
1285268368493166593
1285268406493741058
1285268420821385221
1285268429499293697
1285268434901774336
1285268452140298241
1285268463527833602
1285268468607193089
1285268479172468736
1285268484780425216
1285268485686296581
1285268539645943808
1285268599163191296
1285268611842691072
1285268612480196609
1285268644772143105
1285268670084677633
1285268691450343425
1285268732726607872
1285268735033356289
1285268741203189760
1285268782584406016
1285268812934180864
1285268900486275074
1285268922053386246
1285268937882599424
1285268938092236800
1285268967867781120
1285268998049927170
1285269097987571714
1285269155294347275
1285269202614521858
1285269211191947264
1285269211468697603
1285269226211729409
1285269261414535168
1285269278053199873
1285269311842467840
1285269362581164033
1285269395980394503
1285269443568967683
1285269492730417154
1285269496178061312
1285269529585569793
1285269542206349318
1285269578205954048
1285269606257569798
1285269622367948801
1285269626138423297
1285269664814247937
1285269669604143104
1285269701489233921
1285269798797148160
1285269802232229891
1285269864970629120
1285269865155231744
1285269865461420032
1285269919903383553
1285269928690413570
1285269937280483333
1285269999402319873
1285270037897650180
1285270053936488448
1285270088153694208
1285270095476989954
1285270109183864832
1285270141702373382
1285270175240130561
1285270230932037639
1285270247272898561
1285270249600765952
1285270278977794048
1285270301480280068
1285270302163902465
1285270306328723461
1285270364692664322
1285270427720278016
1285270473157287938
1285270477687132167
1285270478001786881
1285270507214995458
1285270544175247360
1285270562022084608
1285270565012398086
1285270590790737923
1285270645476032523
1285270671375790081
1285270675133992962
1285270678577569801
1285270685573689345
1285270687142289412
1285270742553288705
1285270746416242688
1285270763197562886
1285270784261275650
1285270792364675075
1285270808869457922
1285270825558474753
1285270863730880514
1285270884387901443
1285270926590914560
1285270977132322822
1285271010485448705
1285271064944099330
1285271073815240709
1285271098783928320
1285271140412211205
1285271153511206913
1285271165825683457
1285271205042323457
1285271249892061186
1285271286520766464
1285271299892432904
1285271305013604352
1285271366602616832
1285271401012830208
1285271405010006018
1285271430163320835
1285271446126813197
1285271471854628867
1285271485339361280
1285271491580293120
1285271505241333761
1285271526238019587
1285271601488027652
1285271605820755968
1285271631657684992
1285271669200871425
1285271677035741186
1285271704143634432
1285271714964795392
1285271732178153472
1285271732312584193
1285271761291018241
1285271781784182785
1285271823958114307
1285271870615498754
1285271891209359360
1285271898306285568
1285271961472565251
1285272051037745154
1285272147078905857
1285272172022439938
1285272179412738049
1285272189177073664
1285272205694324736
1285272254566342656
1285272273142808577
1285272318831472640
1285272349298896896
1285272420870430721
1285272508455936000
1285272557994663937
1285272675766595584
1285272675976437766
1285272680048947200
1285272714249461761
1285272721371193344
1285272721761460224
1285272722126393344
1285272751524188166
1285272818029076481
1285272826359025664
1285272851814195202
1285273040331378695
1285273052373118976
1285273053329596416
1285273077463478273
1285273082693857282
1285273111357566976
1285273117347151874
1285273149475483649
1285273191703699456
1285273218874368000
1285273225270906880
1285273247332917249