1285167573739491330
1285167590432702466
1285167599588913152
1285167644765814784
1285167646003134465
1285167661828190211
1285167697358196736
1285167751645061121
1285167868078940162
1285167880758341632
1285167938576748545
1285167942909534208
1285168014812274691
1285168024027303941
1285168039173005312
1285168099650666496
1285168120475394050
1285168177433935873
1285168215744745472
1285168266722390021
1285168285135273987
1285168292978728961
1285168312679309312
1285168325358579712
1285168369457602566
1285168409362169856
1285168414911332352
1285168438466547714
1285168480027901952
1285168510620938241
1285168624009871362
1285168661754531840
1285168694763692032
1285168715416375297
1285168726556516352
1285168744600416258
1285168820706070530
1285168837109977088
1285168881779302400
1285168896249667585
1285168946270949381
1285168988381753346
1285168995876982784
1285169021902393346
1285169039455784960
1285169063505743872
1285169075858046978
1285169135740166144
1285169151703572485
1285169156409618433
1285169216769994752
1285169241029779457
1285169241243578369
1285169265830756354
1285169306775494656
1285169327025590272
1285169371665530882
1285169395631890435
1285169479794622464
1285169479865864198
1285169501932343299
1285169509892907008
1285169521129598977
1285169538464702468
1285169587923943426
1285169625601208321
1285169659667456000
1285169701979598848
1285169709692997632
1285169786100621313
1285169789510529025
1285169827494207489
1285169838797860864
1285169839569600514
1285169891293700097
1285169892807905281
1285169966002692098
1285169967881531392
1285169974395445248
1285170049351929856
1285170158949076992
1285170163248070663
1285170179610234880
1285170185196969984
1285170302390087686
1285170351790608384
1285170498486362115
1285170498998022144
1285170535878529025
1285170582015877120
1285170631408078849
1285170674097623040
1285170720213999616
1285170723653287941
1285170825755111424
1285170846429044736
1285170863571177473
1285170909662400517
1285170913055436802
1285170959901589504
1285170977421369346
1285171055900991491
1285171075072978945
1285171082564177921
1285171114776367104
1285171140382646272
1285171210863562752
1285171233424904193
1285171278954078209
1285171300454072320
1285171307647307776
1285171333349937152
1285171375125274626
1285171396490989568
1285171400282537985
1285171441940393985
1285171446822645760
1285171501495472129
1285171505358229504
1285171577122746369
1285171577240379397
1285171611436380160
1285171622551461888
1285171652586856450
1285171748305084416
1285171823789977601
1285171933693214720
1285171946032783360
1285171948650102784
1285171979704827911
1285172012038660096
1285172025384939526
1285172025837776899
1285172041734217728
1285172045614063617
1285172063255158785
1285172071165759489
1285172146197737472
1285172172328247299
1285172184344752128
1285172196604870657
1285172223221866496
1285172252850499585
1285172311113568256
1285172314724864002
1285172327223713793
1285172332152020994
1285172339211218944
1285172345200676869
1285172352393846785
1285172380680232964
1285172393695227904
1285172403165962241
1285172405586006016
1285172439895474178
1285172448380379136
1285172511353851905
1285172591016255488
1285172625065619458
1285172653888868353
1285172742539665410
1285172743202394113
1285172797027876865
1285172818380902400
1285172827264634881
1285172853365600256
1285172915625963520
1285172939315388416
1285172976720191491
1285172986396344320
1285172989139447808
1285172995003084801
1285173018919043073
1285173052146245633
1285173057653559297
1285173085553950721
1285173106986942464
1285173109524496384
1285173183289741313
1285173183763681282
1285173222820855810
1285173241959473152
1285173245356978177
1285173249374969856
1285173270824787968
1285173312574951424
1285173312906244099
1285173375934103552
1285173400529403905
1285173412269371392
1285173460940009473
1285173513880510464
1285173543408414721
1285173558046490625
1285173564023476224
1285173594629308416
1285173597640765440
1285173629760806912
1285173635796348929
1285173691316396033
1285173699247824896
1285173712208175105
1285173729002127370
1285173745385005056
1285173819930443776
1285173826628857859
1285173840985886720
1285173846195093504
1285173853463904256
1285173860044685321
1285173873139486720
1285173891556446209
1285173917036904450
1285173962587230209
1285173976419926018
1285173995902570500
1285174025522679809
1285174033865224193
1285174034519523328
1285174064408072193
1285174064537980933
1285174117881110528
1285174122490859521
1285174126437695488
1285174126798409728
1285174135409332225
1285174185057292288
1285174193819136005
1285174239595622400
1285174273758420992
1285174276350332928
1285174290048925696
1285174339793371137
1285174353794129920
1285174353911578625
1285174357061447683
1285174369715580929
1285174415395819521
1285174437545832449
1285174473683947520
1285174486665494529
1285174553971265537
1285174554910789632
1285174593070800897
1285174614440591362
1285174642798473216
1285174705733857281
1285174721143869442
1285174735416946688
1285174743327551488
1285174768983961600
1285174785614458881
1285174830917181440
1285174856678612992
1285174883027165184
1285174896813899776
1285174924693340160
1285174927906140162
1285174932746510336
1285175032474370049
1285175118151315458
1285175119724154880
1285175143753555970
1285175143799517184
1285175145707921408
1285175166922784770
1285175178369081351
1285175216260382720
1285175221444472834
1285175241862520834
1285175252117487617
1285175267661619200
1285175337056382978
1285175418270765059
1285175536684355584
1285175540362747910
1285175577222107136
1285175603977748480
1285175652870569985
1285175662387617792
1285175692964093952
1285175739105660928
1285175744986066945
1285175750530945025
1285175775168094215
1285175872262033408
1285175927228555265
1285175966806036480
1285175975601463297
1285176026801278976
1285176030521524225
1285176058900148225
1285176078642757632
1285176101623529473
1285176102818906117
1285176122850725888
1285176182317752321
1285176202488090624
1285176240727449601
1285176265696305153
1285176270016393216
1285176278577041408
1285176296855805953
1285176329361481730
1285176349284610050
1285176349959782401
1285176451680043009
1285176471913472000
1285176553551400961
1285176583804706821
1285176626091896833
1285176634308546562
1285176638502834178
1285176639312338947
1285176643066028032
1285176685889900544
1285176706437980160
1285176772934475776
1285176781633466368
1285176782035935237
1285176832124497921
1285176881080233989
1285176898348351488
1285176916295770113
1285176997711187974
1285177078904754176
1285177092708208640
1285177093345730561
1285177122865254400
1285177151017365511
1285177162593718272
1285177175751049218
1285177209062174721
1285177247209594882
1285177277110681600
1285177278192910336
1285177289450369028
1285177370287263745
1285177377769881600
1285177380726804481
1285177414520320000
1285177470090653701
1285177483780861953
1285177494824419331
1285177519294029826
1285177663100006401
1285177716728373248
1285177721107210240
1285177762374975488
1285177769983381504
1285177771606577152
1285177792091561984
1285177808835301377
1285177834756083713
1285177847368359938
1285177888900288512
1285177913319608320
1285177917320896512
1285177922521882624
1285177952385335296
1285178018529521664
1285178029552160770
1285178069855215618
1285178087135744000
1285178126268424192
1285178149089824769
1285178160615534592
1285178182241574916
1285178254664650752
1285178265578229763
1285178309043580928
1285178310977155073
1285178425536217093
1285178462760828930
1285178463985504256
1285178522076577792
1285178605656518656
1285178681501966337
1285178681925697537
1285178694189948928
1285178702129704962
1285178761378508800
1285178807457067008
1285178845113483264
1285178893012475905
1285178893494702080
1285178920598298624
1285178924402536449
1285178941938917378
1285178955020951553
1285179004052484097
1285179016937431045
1285179025149886464
1285179091604377600
1285179171312996353
1285179172306980866
1285179192951427074
1285179212358275074
1285179234739204096
1285179241521348608
1285179265114353665
1285179377408528385
1285179391270690816
1285179487085264897
1285179525312196608
1285179537014370307
1285179540805947392
1285179596158251008
1285179605025005569
1285179607902302209
1285179625744805889
1285179641754341376
1285179643192991745
1285179666869956608
1285179675573198849
1285179701334507521
1285179725632217090
1285179765167730689
1285179775661875201
1285179814215745536
1285179831378948096
1285179836701347840
1285179850572136448
1285179893819613186
1285179901528637441
1285179931874426880
1285180023184470016
1285180023771738112
1285180066373292032
1285180068000485378
1285180106273628163
1285180134647984129
1285180141916884994
1285180146006335488
1285180154612981770
1285180212498423809
1285180226033594369
1285180227094798336
1285180227551985669
1285180262767300609
1285180284045012992
1285180296137109506
1285180296565067776
1285180335119052802
1285180388805971970
1285180392367153152
1285180464756645888
1285180484104921088
1285180484633452550
1285180535325831168
1285180584948531200
1285180602363387904
1285180686937100288
1285180698958221312
1285180711553699842
1285180745967951874
1285180753966497792
1285180830252437505
1285180833217884160
1285180853665107968
1285180875873951744
1285180912976703495
1285180942894522370
1285180954668158979
1285180975694131203
1285181001942081538
1285181025480515584
1285181088495800320
1285181108104069120
1285181114039107587
1285181143281618944
1285181147828359168
1285181180762107904
1285181199145730048
1285181214089830405
1285181274668204032
1285181281366691840
1285181332486750208
1285181341257150464
1285181352946655232
1285181379999932418
1285181497431879680
1285181512938221568
1285181513118687233
1285181537818943488
1285181625811296263
1285181647227412481
1285181656735899649
1285181670820392961
1285181751334187008
1285181784984973312
1285181815968403458
1285181818598232064
1285181877616291841
1285181968536109056
1285181995526561792
1285182002191200266
1285182034877579265
1285182054452338688
1285182071057584128
1285182128880328705
1285182133716295680
1285182141660196868
1285182148568285187
1285182182596608001
1285182192289746944
1285182209427558400
1285182228901830656
1285182247528574977
1285182317934325762
1285182367661989888
1285182368907702272
1285182369025216512
1285182372120494080
1285182431503552517
1285182438826795008
1285182441871872000
1285182443436347392
1285182451602644992
1285182453079040002
1285182472804806656
1285182490466975745
1285182523392307201
1285182532007407617
1285182577473728512
1285182581969911809
1285182602815709185
1285182624382750724
1285182628132421634
1285182633115373568
1285182640476188674
1285182648785215488