1279339163528003584
1279339165188907009
1279339185061662721
1279339191940325377
1279339308667883520
1279339313566752769
1279339359154704385
1279339368197484544
1279339426448060417
1279339456126844928
1279339459385966592
1279339492428722181
1279339511210815488
1279339563866116099
1279339612557762562
1279339614579220481
1279339661379371008
1279339661526208514
1279339758586642432
1279339768602677248
1279339816476442624
1279339878887587840
1279339908017070080
1279339951746887680
1279340009338933248
1279340024266321921
1279340121939197952
1279340131678330880
1279340220597653505
1279340236389187584
1279340242957262849
1279340285559005184
1279340320128249857
1279340382707466240
1279340530254692353
1279340584411394048
1279340585011290112
1279340652157972482
1279340727932194816
1279340797507371009
1279340889878532096
1279340935667765248
1279341011618185217
1279341149493309440
1279341171752534017
1279341268104028160
1279341289323069443
1279341308721590279
1279341334084665346
1279341347850391553
1279341385238241280
1279341423024799744
1279341449272856576
1279341485704577025
1279341562435174401
1279341606785581057
1279341633578795008
1279341691099439104
1279341716911292416
1279341732501618688
1279341739476746240
1279341783986495490
1279341809005518848
1279341830291828736
1279341880409329666
1279341963314110464
1279341975653711872
1279342014912442368
1279342052845604864
1279342131392331777
1279342136081567745
1279342136962490368
1279342177227886593
1279342178502873095
1279342249713774592
1279342367892439040
1279342374930411520
1279342414877151233
1279342416672124928
1279342424423305218
1279342471508643840
1279342593877446657
1279342643722543104
1279342680556912640
1279342794188996611
1279342809921859586
1279342823205040128
1279342831627309056
1279342832772399106
1279342871343173632
1279342886694387712
1279342950389108736
1279342962078560257
1279343008555716610
1279343021658648577
1279343059306676224
1279343066470588416
1279343099605639170
1279343099748196353
1279343269072244737
1279343338844536832
1279343364220035073
1279343397841580032
1279343465902587904
1279343526631755776
1279343615878279168
1279343750532251650
1279343812763160576
1279343825371238406
1279343847697346560
1279343854664200197
1279343898599571457
1279343913271091207
1279343926470557697
1279343931898068997
1279343979058864128
1279343985086140417
1279344005667577856
1279344190372052994
1279344203948908544
1279344211096207360
1279344312732581889
1279344392889720832
1279344458631311361
1279344488754769921
1279344502646374400
1279344547894571009
1279344614491795456
1279344622410530817
1279344631306690560
1279344665540657155
1279344769584381953
1279344769613942784
1279344840694796288
1279344850085838848
1279344988636266496
1279345037709651969
1279345096241098752
1279345167728689152
1279345209529135104
1279345209692884992
1279345268022861824
1279345285026676737
1279345324268666881
1279345331981840384
1279345343692328960
1279345389527633920
1279345482452647936
1279345572131090432
1279345592632655874
1279345683473072128
1279345706663280640
1279345797830635523
1279345994841370624
1279346108922118144
1279346147635507202
1279346440125526016
1279346510019342337
1279346534987988992
1279346543255060480
1279346606542934016
1279346616441372673
1279346657386278912
1279346685571891200
1279346713598152704
1279346732460134400
1279346753255493632
1279346755327287296
1279346825020014592
1279346962257543171
1279347093157679104
1279347128171667456
1279347140905431041
1279347211856379905
1279347327325667328
1279347509261934592
1279347562793877505
1279347593978343425
1279347619551207424
1279347625733640192
1279347744218505218
1279347776665550848
1279347890947850241
1279347918894444550
1279347919120982016
1279347974737473536
1279348011873828864
1279348041879678978
1279348046082392065
1279348102235918336
1279348166844911619
1279348175342575617
1279348187925549056
1279348247719542784
1279348452070129664
1279348457862397952
1279348469430398976
1279348590331248640
1279348654692843520
1279348682358501376
1279348696812081153
1279348770891800576
1279348770950516737
1279348820673998849
1279348825585565697
1279348834813063178
1279348888865038337
1279348905998598144
1279348954971492352
1279348965842890753
1279348978275045376
1279349077017272321
1279349136823775232
1279349140414066690
1279349141076938752
1279349255002603520
1279349264024567810
1279349342437093376
1279349353333821440
1279349390247890944
1279349418874097664
1279349422808236032
1279349429796036610
1279349460712243201
1279349480815501312
1279349525660995585
1279349534242594816
1279349539212652544
1279349882076246016
1279349917505540097
1279349941228326913
1279349958928478209
1279350013252915207
1279350151694467078
1279350159013363713
1279350168576352257
1279350175732023299
1279350215141502976
1279350229939208192
1279350234607349761
1279350273039912961
1279350413813260289
1279350436554653696
1279350469727584258
1279350508138962944
1279350531538878464
1279350534592479234
1279350544818221056
1279350634878296064
1279350649918980096
1279350674493526017
1279350718197936128
1279350746417332224
1279350772526768136
1279350797491474433
1279350816567169024
1279350890101485570
1279350994556469249
1279351015834255369
1279351031885959169
1279351087355400192
1279351123950940160
1279351204233932801
1279351343224848391
1279351347414999041
1279351409037783042
1279351409369059328
1279351420370771970
1279351430168621056
1279351446299906049
1279351484208107520
1279351505687060482
1279351563706826752
1279351597148012544
1279351631537004546
1279351635454521344
1279351653402120192
1279351763871526913
1279351778635546625
1279351853243871232
1279351879831564288
1279351937532678144
1279351954624385024
1279351962455113729
1279351998215786501
1279352156961878021
1279352274192654337
1279352280563605504
1279352285747908608
1279352299752755200
1279352310590836737
1279352392002277376
1279352437397217280
1279352466493132800
1279352499988766720
1279352520419221504
1279352529080381440
1279352593211424768
1279352603369811968
1279352605022588928
1279352617722720258
1279352681413427200
1279352688321462277
1279352735373156353
1279352768340193280
1279352773235146753
1279352805589872641
1279352818990800896
1279352847373565952
1279352898670022656
1279352945054830592
1279352964927369216
1279353016865472514
1279353204665442305
1279353221559943168
1279353287020630016
1279353318540824576
1279353446672371715
1279353514909528064
1279353524099284993
1279353561877446656
1279353616629821441
1279353762579009536
1279353784729288705
1279353918426939393
1279353942372167680
1279353947250196481
1279354237135261697
1279354254432645120