1280124339484934144
1280124352483045378
1280124356547547137
1280124379557515265
1280124380496850944
1280124389669863430
1280124389791596545
1280124397928538117
1280124450197954560
1280124456736821249
1280124482670092290
1280124490450518022
1280124523887464448
1280124536458010625
1280124552933236737
1280124578446979073
1280124608218370048
1280124640573169664
1280124665122435072
1280124691936686080
1280124750925348864
1280124754935062528
1280124805069656064
1280124838435143682
1280124850825289730
1280124855464136704
1280124855594233856
1280124885566722048
1280124887127003137
1280124905674010624
1280124908387946496
1280124921843245056
1280124980831891458
1280125010246537216
1280125010884132866
1280125082220838913
1280125085869912064
1280125099572695040
1280125106577117184
1280125119147282437
1280125203255668737
1280125255374299137
1280125282804994048
1280125291248173056
1280125349649661952
1280125354133336066
1280125421397389312
1280125425688162309
1280125438543769600
1280125482709553152
1280125482730577920
1280125483997204482
1280125488254423040
1280125492738187264
1280125585256316930
1280125614327037952
1280125624112291840
1280125707901902848
1280125757017206784
1280125765636575232
1280125788335951872
1280125847425466370
1280125891763417089
1280125962399735809
1280125963192451073
1280125996847501312
1280126018343272448
1280126038425681920
1280126088874725379
1280126113432338433
1280126125931454464
1280126182705553411
1280126185662328834
1280126188883783680
1280126197343621130
1280126214506557441
1280126285247889409
1280126301974781953
1280126311055286273
1280126317317500929
1280126336326082562
1280126391158059008
1280126473618075648
1280126495067906050
1280126508292435977
1280126509731151873
1280126516370776064
1280126516802670592
1280126540710318082
1280126558355820545
1280126596654010368
1280126629730086913
1280126642837307392
1280126655164559362
1280126729902649351
1280126746805895170
1280126791110111233
1280126835683020800
1280126860060483592
1280126886077763585
1280126895393300481
1280126901814792193
1280126939131453444
1280126940431687680
1280126952599285760
1280126956818829313
1280126970160873472
1280126980973887491
1280126995062497281
1280127032047939585
1280127037072703488
1280127069658193921
1280127079078559746
1280127111643217922
1280127112175853569
1280127116336492545
1280127144451080193
1280127182963163144
1280127187769794560
1280127203829788673
1280127204115058693
1280127219331891202
1280127229775790081
1280127242048114689
1280127296947523584
1280127372595998720
1280127388391702529
1280127401775828992
1280127409950461952
1280127434977918976
1280127463725596672
1280127589554753539
1280127593660981249
1280127616096145408
1280127635998347264
1280127636501659650
1280127692168294402
1280127753971515398
1280127816797954048
1280127837866004483
1280127900155609089
1280127911291469824
1280127912788647937
1280127925228986368
1280127959127523328
1280127992912654340
1280127997534666752
1280128010130198530
1280128113108815872
1280128122709585920
1280128130708094976
1280128205458833413
1280128211117051904
1280128219325231106
1280128252963631107
1280128285981265927
1280128342503690240
1280128379048669184
1280128379338076161
1280128400024371200
1280128416298291201
1280128420551278592
1280128420731592704
1280128425320210434
1280128453317181440
1280128483369390082
1280128491451633664
1280128508912717824
1280128533998772225
1280128613812187136
1280128665628614659
1280128689657671681
1280128705419935744
1280128714051895296
1280128739213340674
1280128867294826497
1280128878225186818
1280128923947241477
1280128938224898049
1280129032798035969
1280129080583753728
1280129154604765185
1280129175060459522
1280129192357621760
1280129234657296384
1280129259629981696
1280129280073019393
1280129343520477185
1280129385866158080
1280129410071330816
1280129417306611717
1280129423044378624
1280129431286296576
1280129506884423683
1280129520998027265
1280129578468507648
1280129581924716545
1280129633032327174
1280129725000794112
1280129749973495811
1280129750682480640
1280129760232984578
1280129767333867520
1280129812326166537
1280129825827704832
1280129876171857921
1280129878403289093
1280129914017112064
1280129921038368768
1280129963694477318
1280129988755361794
1280129997919924226
1280130043935670272
1280130071039270912
1280130072893173761
1280130093805965315
1280130098989916160
1280130128085946368
1280130128152952834
1280130149170794496
1280130187024314371
1280130228443066368
1280130236487589888
1280130253059493888
1280130358214868992
1280130363004780546
1280130375386198018
1280130391500701698
1280130429639630848
1280130433221615616
1280130475550371841
1280130487772573697
1280130488376721410
1280130521532596224
1280130548527235073
1280130664918970368
1280130703670345730
1280130710695817219
1280130752756289542
1280130769332113408
1280130806929936385
1280130807424745474
1280130816098607104
1280130819357659136
1280130855130877953
1280130861208346629
1280130873745006592
1280130886642675712
1280130915948269569
1280130945912274944
1280130971375931392
1280130980083314688
1280131059523387392
1280131113646768128
1280131130029682688
1280131131824898050
1280131135813627906
1280131167665164289
1280131168839426049
1280131172241195008
1280131206147796994
1280131217829105666
1280131268848635906
1280131314562236417
1280131331607932929
1280131360825520129
1280131406841200640
1280131457520984067
1280131507479293952
1280131541188915200
1280131578811777025
1280131629143461888
1280131634797428740
1280131642233729027
1280131675910025216
1280131679437414401
1280131697237995521
1280131725683757056
1280131743392108544
1280131791186202625
1280131818616913920
1280131826950995969
1280131888355643398
1280131901571739651
1280131901995520000
1280131926762946560
1280131927304011778
1280131928579100673
1280131947675566085
1280131969523814406
1280131993733173248
1280131998481362944
1280132022749614082
1280132031737999362
1280132094413492229
1280132139715981317
1280132145370075136
1280132157898399744
1280132166102298625
1280132207546433541
1280132222390095872
1280132236860424192
1280132240672948224
1280132258960195584
1280132295966576643
1280132325762830336
1280132367982694401
1280132379751837699
1280132446596370432
1280132459422760960
1280132476183117824
1280132488656850944
1280132510412705799
1280132514556915713
1280132677132312577
1280132677987962881
1280132681586663433
1280132684635922432
1280132694773506048
1280132724192415747
1280132731943260161
1280132833210773506
1280132841477734402
1280132904115462144
1280132925623693313
1280132937594408960
1280132945492111363
1280133034054909954
1280133071564681219
1280133083870576640
1280133089101074433
1280133115000881152
1280133131052486659
1280133206017261575
1280133206738698240
1280133224405127169
1280133227345256448
1280133250887942150
1280133273314877440
1280133311902310400
1280133349189791744
1280133361760194562
1280133373709737984
1280133445272862720
1280133461886382080
1280133466013786118
1280133474838511617
1280133487169695746
1280133537652342784
1280133575699058688
1280133595982692358
1280133721769852929
1280133742909100033
1280133777948319748
1280133778095079424
1280133800731611136
1280133814401073152
1280133822718361600
1280133843341672448
1280133864715890688
1280133878406156288
1280133911906058241
1280133932894359552
1280133997889282048
1280134011222974464
1280134104332357634
1280134157889404928
1280134250684190721
1280134279234752512
1280134375993155597
1280134377347956739
1280134380552323072
1280134424533893120
1280134426605703170
1280134502698770432
1280134506385678336
1280134548718829568
1280134603546787840
1280134619938029568
1280134661566615556
1280134674266947585
1280134674413694977
1280134679098777601
1280134707456376832
1280134741942042624
1280134770786263041
1280134808262361089
1280134837337305090
1280134905364729856
1280134909496082432
1280134909844230145
1280134930220146688
1280134937782259713
1280134950864519170
1280134963635994624
1280134980455333888
1280134992534872064
1280135001003220992
1280135024520695812
1280135119173541889
1280135135459860480
1280135223863361537
1280135240820895750
1280135269560324096
1280135309028741121
1280135337562472449
1280135341085806592
1280135385478303751
1280135404193267712
1280135446534795266
1280135453849550854
1280135493800398848
1280135538444566529
1280135571348828160
1280135576553951232
1280135651174813696
1280135664751779840
1280135685480030208
1280135689288536065
1280135743927713792
1280135792392798210
1280135827788529664
1280135882444615681
1280135903222980608
1280135940942356481
1280136011880644609
1280136036253827073
1280136049306464256
1280136049314934784
1280136071167143936
1280136075592122370
1280136113353625600
1280136115022856203
1280136225765109760
1280136268249042944
1280136289044529152
1280136372767113216
1280136373081706496
1280136373215920128
1280136469584240640
1280136478077698049
1280136505961385986
1280136577931493378
1280136582427631616
1280136608025624576
1280136657967001600
1280136694394650624
1280136779916599297
1280136783628505093
1280136836187402240
1280136892659499009
1280136897835270152
1280136961928294405
1280136964398776320
1280137006371176448
1280137036385697792
1280137037144829954
1280137138202308617
1280137182590746624
1280137199854522369
1280137203478401024
1280137224449699841
1280137262014050304
1280137269366702080
1280137275012235264
1280137300308099072
1280137328934236160
1280137342209179648
1280137350413201409
1280137466767388674
1280137509838688258
1280137520135704576
1280137633709129729
1280137753070645248
1280137761115254784
1280137878467678208
1280137891017101313
1280137900521381889
1280137925456474112
1280137991856353281
1280138063377846273
1280138117467435008
1280138118004260864
1280138126485315584
1280138149461704704
1280138176477179904
1280138197587156993
1280138205434650625
1280138220005584898
1280138398309761024
1280138479096258560
1280138490949361664
1280138507101634560
1280138549430493184
1280138562214588416
1280138577708490752
1280138579394596864
1280138595475603457
1280138617244069889
1280138633593356292
1280138763553865728
1280138784802308096
1280138932513095680
1280139019456667648
1280139111949631494
1280139212868603907
1280139245856980995
1280139255017160711
1280139288177336320