1282208096303976448
1282208103555989505
1282208159453646848
1282208161970163713
1282208170417491968
1282208178684518401
1282208188499030016
1282208194618695680
1282208199358255104
1282208213383786497
1282208222057644032
1282208226323369985
1282208245759844353
1282208258942357504
1282208306694586368
1282208319323754497
1282208367998578690
1282208372792729602
1282208401456533507
1282208402081484800
1282208414643318784
1282208444192362496
1282208510588198913
1282208522382348288
1282208543769341952
1282208627248381952
1282208644080103426
1282208648152915969
1282208661457207297
1282208674832879617
1282208703727333376
1282208706990505984
1282208794592698368
1282208841241784320
1282208859864670208
1282208875182084097
1282208935055958021
1282208975031693312
1282208976348700678
1282208988986142721
1282209002936340480
1282209006392573953
1282209085639651329
1282209134339710977
1282209152018853888
1282209155994939392
1282209159300120578
1282209203331923969
1282209248018083840
1282209290418155520
1282209293970763777
1282209312320913410
1282209320109834245
1282209327059800064
1282209336371097601
1282209336647983106
1282209366544748546
1282209404130140161
1282209450082947072
1282209454235234304
1282209524909174785
1282209534082191361
1282209572019732481
1282209579288481792
1282209587760775168
1282209635299061760
1282209694283685890
1282209717520146432
1282209723194978305
1282209731738841088
1282209757034475520
1282209794816987136
1282209801620066304
1282209806544064519
1282209824906727424
1282209829017145344
1282209856263303168
1282209890874863616
1282209915969380352
1282210007790977026
1282210037373386752
1282210129954439168
1282210166931222528
1282210178440392704
1282210180428636160
1282210208530432000
1282210209407086593
1282210223780921346
1282210226276532226
1282210314860277760
1282210338675490816
1282210356136419329
1282210361266102273
1282210384561098753
1282210418904227842
1282210422523924480
1282210431931645956
1282210451691102209
1282210485660573696
1282210532959948800
1282210542694928384
1282210603004760064
1282210628174782466
1282210637171396608
1282210674614165506
1282210713310826499
1282210721346936832
1282210738036248576
1282210778938916870
1282210825936265217
1282210828259930112
1282210879585558528
1282210885218402304
1282210895653769216
1282210923202187265
1282210945541050368
1282210981846888448
1282210988465553408
1282211006186500098
1282211019729899520
1282211023039205377
1282211069352570882
1282211081394380801
1282211114638618624
1282211122955706369
1282211133013843969
1282211154169864193
1282211169114046468
1282211186302267394
1282211207102058497
1282211215968620549
1282211236751511552
1282211244116770817
1282211251012145152
1282211274957434881
1282211284327575552
1282211299318009857
1282211375222145024
1282211392091824128
1282211408114069506
1282211413822287872
1282211417026891776
1282211417995849729
1282211434177363971
1282211446705856515
1282211508517253121
1282211543539691525
1282211577156874240
1282211597667241985
1282211605481025537
1282211635403255814
1282211678508261377
1282211697856589826
1282211710573543424
1282211719344005122
1282211727287910400
1282211729120862209
1282211744258027520
1282211754773282816
1282211842299957248
1282211873564143617
1282211878219976704
1282211920481792000
1282211929910632448
1282211932217327617
1282211999418593281
1282212008537075713
1282212010479030273
1282212012089630720
1282212012278382603
1282212042305425408
1282212089084260352
1282212101176557568
1282212124442402816
1282212133686538248
1282212146839867393
1282212210366836737
1282212282576117760
1282212307196674048
1282212340163846145
1282212345100619776
1282212382568144900
1282212398607347712
1282212403309092865
1282212414801485824
1282212415552159745
1282212457625329666
1282212465942704129
1282212516559556610
1282212528194551809
1282212562050912258
1282212592640032768
1282212623606407169
1282212654459887616
1282212670955978753
1282212680502214657
1282212683429941249
1282212730267504640
1282212767055990784
1282212767139803137
1282212804758560770
1282212822663852032
1282212826837327872
1282212855522050048
1282212880893411328
1282212925856460805
1282212936539344899
1282212936572907520
1282212960795004930
1282212976712282112
1282212985793019905
1282212988917694464
1282213010413547520
1282213022946091008
1282213062624317441
1282213078382325761
1282213166387277824
1282213171219124224
1282213212558065664
1282213288298905600
1282213339007860736
1282213343005220864
1282213388387364865
1282213425641332737
1282213451784323073
1282213472474890240
1282213493903462400
1282213511851118595
1282213518477889536
1282213519094497281
1282213568499326977
1282213602510778368
1282213603987292160
1282213612757479424
1282213635792818176
1282213666440478720
1282213668818767872
1282213677903601665
1282213681615400961
1282213702893101057
1282213703031586816
1282213754437017600
1282213766852038658
1282213786456395777
1282213791619399681
1282213864550158336
1282213899136270336
1282213913258455040
1282213936914464770
1282213938625576964
1282213946309644288
1282213954949914626
1282213980799332352
1282213991834628096
1282214002341232640
1282214043441401856
1282214063595020288
1282214082653720577
1282214092350971904
1282214094431383553
1282214123007246336
1282214133639917570
1282214143278428160
1282214156276396032
1282214159455670272
1282214169081716736
1282214192947302406
1282214197766631424
1282214223817441280
1282214223834157058
1282214227726553088
1282214247733182464
1282214248563617792
1282214252548198401
1282214264556658690
1282214272660054019
1282214286677467138
1282214289563164672
1282214345263460354
1282214357523468288
1282214432127324166
1282214432563703811
1282214442701189120
1282214463077310464
1282214464947920897
1282214467061743616
1282214471448969216
1282214475563769856
1282214482773770240
1282214532958564357
1282214639305031682
1282214664886202371
1282214680195457025
1282214700751757314
1282214709316530176
1282214720536055808
1282214731009277952
1282214741939679233
1282214742711349250
1282214747287556096
1282214754979733504
1282214755810242560
1282214837011886080
1282214849188114433
1282214894302101504
1282214898483687424
1282214898991116288
1282214933850193920
1282214962056900610
1282214972873990144
1282214984269746176
1282214987499483137
1282215003370803200
1282215057581957120
1282215090796638210
1282215094252974080
1282215141115867136
1282215146493026305
1282215158413029376
1282215178872868865
1282215184338227200
1282215284120662017
1282215309584236544
1282215326256594944
1282215347962236929
1282215389821313024
1282215405197627392
1282215426500567040
1282215436180795393
1282215439414759426
1282215463808831488
1282215482821685248
1282215490585350144
1282215493370347522
1282215509463912448
1282215509908434946
1282215541479034880
1282215557388009473
1282215570050514945
1282215574286860289
1282215622231896064
1282215628942737408
1282215637385977856
1282215741832531968
1282215767832961024
1282215779895738368
1282215799764258816
1282215834371403777
1282215841992499208
1282215880726904832
1282215887580336128
1282215900221804546
1282215921730363392
1282215985508835328
1282215989174730752
1282216009852694529
1282216010649686016
1282216014717968384
1282216097446494208
1282216114068627464
1282216124378165248
1282216158092046336
1282216223602769920
1282216240820506625
1282216258331570176
1282216277868572673
1282216333153906688
1282216354473336832
1282216361461051392
1282216367068938240
1282216372257333248
1282216372357881856
1282216383678484481
1282216396022218752
1282216429597720576
1282216443191398401
1282216476078829570
1282216491723755520
1282216492579397635
1282216535465943041
1282216546690105349
1282216594790326274
1282216598472986634
1282216622548279296
1282216626461511682
1282216652080324608
1282216652961189888
1282216689346764800
1282216706685927424
1282216714852335618
1282216718090342400
1282216771127320577
1282216773270433798
1282216773933096961
1282216787052867584
1282216838932451328
1282216865893249027
1282216916984225792
1282216938010226688
1282216950043537409
1282216953273364486
1282216974240681984
1282216987897344000
1282216992519454720
1282216999876210689
1282217004372566016
1282217024647618561
1282217033464082432
1282217150799904768
1282217175638581250
1282217202872090624
1282217217296408578
1282217222153224194
1282217222950105088
1282217229615091712
1282217243095506945
1282217254868803584
1282217268999606272
1282217292680450048
1282217310690988032
1282217313182220288
1282217326369058817
1282217339627372544
1282217353154048001
1282217359802064896
1282217365325983750
1282217372380737536
1282217375857664000
1282217389006848000
1282217432388702209
1282217443650347008
1282217443772030980
1282217456413675522
1282217495080972288
1282217520515223552
1282217544707788800
1282217565297750016
1282217600555126784
1282217642401640448
1282217679282028544
1282217697120575493
1282217716846223360
1282217737079738368
1282217745665462272
1282217757942124545
1282217771338694656
1282217851135246336
1282217851512860672
1282217858899021824
1282217859297533952
1282217918357536768
1282217961290334208
1282217969502703617
1282217972237557760
1282218016206237697
1282218040269176834
1282218086612062211
1282218110674591744
1282218123815538690
1282218130312486912
1282218142027132928
1282218183143776256
1282218190651691008
1282218204136235008
1282218233056108544
1282218249644580864
1282218304401178625
1282218308767567873
1282218343525576705
1282218347388645376
1282218405626441728
1282218413893357569
1282218446269214721
1282218494285815808
1282218505853706240
1282218530608488448
1282218543401127936
1282218567325421569
1282218571821547522
1282218614989389825
1282218619045216257
1282218668315815936
1282218686065938434
1282218703095029760
1282218757255905280
1282218766626152450
1282218791129186304
1282218795029815299
1282218811563753472
1282218824125886464
1282218889347321857
1282218890869665792
1282218912516636672
1282218920083025920
1282218921496633345
1282218925174947840
1282219005353304067
1282219026958213121
1282219034268897280
1282219055546380288
1282219058448879617
1282219062597169155
1282219177755979776
1282219197167263744
1282219198303830016
1282219202242174979
1282219241333129216
1282219247729598464
1282219252225908737
1282219299030077440
1282219311805935616
1282219328209932288
1282219394358226944
1282219444471623681
1282219463266332672
1282219470493151232
1282219470551834624
1282219478390956032
1282219524356485120
1282219528735383552
1282219533663637505
1282219537430007810
1282219541418741761
1282219592337641472
1282219659014680582
1282219659648012289
1282219729084530688
1282219730208583682
1282219758801256448
1282219802065547266
1282219805865582592
1282219827164315649
1282219862195081216
1282219868465635330
1282219882386345984
1282219886048141312
1282219890578010114
1282219918335721472
1282219998249922560
1282219999873118210
1282220023726198784
1282220078679851009
1282220130936684544
1282220132421509120
1282220146757472258
1282220210079109120
1282220267511504896
1282220309706346496
1282220333852815360
1282220350810595328
1282220373266718721
1282220388869644289
1282220392099147776
1282220430359531521
1282220459715518464
1282220494679236609
1282220535456432128
1282220555706363905
1282220610396061702
1282220610505125888
1282220611234758657
1282220628829929472
1282220681682317313
1282220691534774280
1282220732253122561
1282220737101733888
1282220745888878592
1282220749730639875
1282220770035367936
1282220783205412864
1282220811621933056
1282220842286346243
1282220879699537923
1282220897127071744
1282220930396192768
1282220942505189376
1282220976974036993
1282220979515559936
1282221014542430209
1282221046578503681
1282221110235484161
1282221122260357120
1282221123611045890
1282221139817902080
1282221172604768256
1282221192045199365
1282221198332616705
1282221207509774337
1282221219056689154
1282221303257346049
1282221304041668608
1282221317417099269
1282221327747887106
1282221328716771328
1282221366662639627
1282221442516619264
1282221443024068609
1282221445024641024
1282221457959817221
1282221458161164288
1282221475408289792
1282221487013998592
1282221492252618752
1282221500460871680
1282221520975097857
1282221527883292673
1282221533465739265
1282221539278991360
1282221541887848448
1282221575559938055
1282221584535740416
1282221590738952192
1282221640169000960
1282221714072633346
1282221751288692738
1282221756598693890
1282221780984356866
1282221786642485248
1282221789083348992
1282221789381160960
1282221809941852165
1282221811619573760
1282221836818763778
1282221856209043456
1282221869219950592
1282221874789810176
1282221892561182721
1282221897997078528
1282221912098320384
1282221924018421760
1282221925436133376
1282221970893844483
1282221978653323264
1282222037675782144
1282222083473174528
1282222107040944128
1282222112393113600
1282222124703330304
1282222136845885440
1282222158844956673
1282222175026647040
1282222185310941185
1282222210032304128
1282222239249768450
1282222268983267328
1282222283285725184
1282222296510328832
1282222355184406528
1282222355587178496
1282222360892968962
1282222398788395008
1282222430698696704
1282222431155843072
1282222476563537921
1282222488978632704
1282222506640838656
1282222548470489089
1282222595522170880
1282222638027374593
1282222638098788353
1282222646114099200
1282222705832583173
1282222708575657984
1282222730952298497
1282222750082506753
1282222758857003009
1282222763638489090
1282222772551385089
1282222800107798528
1282222875504791552
1282222901106794497
1282222922644373506
1282222943238594561
1282222956836466689
1282222976012820480
1282223010322227200
1282223047823577089
1282223056220553216
1282223110993969152
1282223152811192322
1282223161174568960