1285816884030353408
1285816886484021248
1285816907703017472
1285816910710558720
1285816924065210368
1285816969565020160
1285816975504138240
1285816985054478336
1285817062447710209
1285817082253172737
1285817099412074497
1285817104936075266
1285817169201201154
1285817188763328512
1285817234376409089
1285817311383953412
1285817322435825664
1285817345517039616
1285817450701950976
1285817496369586176
1285817548089339904
1285817566942961664
1285817600350576640
1285817617861795841
1285817622160867328
1285817642440224769
1285817694810304512
1285817717862301698
1285817722740195329
1285817738582282244
1285817746521944064
1285817751785754624
1285817869129756672
1285817964512583680
1285817995118252038
1285818003238596608
1285818028991541248
1285818070263459840
1285818087221022720
1285818087426547714
1285818133022826497
1285818199582416896
1285818208210104322
1285818212823650310
1285818232654508032
1285818278971990017
1285818312539074560
1285818345938399232
1285818372337410048
1285818385113051136
1285818410220220416
1285818479006773250
1285818510023761921
1285818510724067328
1285818512129224706
1285818513710555136
1285818543083151360
1285818543271890946
1285818560950857728
1285818597848297472
1285818632828665857
1285818701749551106
1285818737845694466
1285818748918628352
1285818775032311809
1285818796201181185
1285818808179908608
1285818850903314432
1285818880019988487
1285818884457500672
1285818887917854720
1285818895841079296
1285818901260115969
1285818920750981120
1285818954359771136
1285818992691761153
1285819000161738752
1285819059146092544
1285819063411912705
1285819064112168961
1285819068910645249
1285819126708006914
1285819127274315776
1285819186502152193
1285819189928787970
1285819266244186116
1285819269150720000
1285819294186700800
1285819328349253632
1285819344300072960
1285819345214439424
1285819351359266816
1285819358082670592
1285819358309240837
1285819567739150337
1285819576232615937
1285819681975275520
1285819755602096129
1285819799814254598
1285819831867060224
1285819843955109888
1285819897302441984
1285819927367049216
1285819947336130566
1285820002243956739
1285820024460959744
1285820074323062785
1285820082241888258
1285820100914941958
1285820107176869888
1285820186076106752
1285820196045811712
1285820202970578944
1285820208750276614
1285820233769459712
1285820296205946881
1285820301520109568
1285820312345391105
1285820321992372225
1285820334088699906
1285820357383819264
1285820401738756098
1285820427873460226
1285820507418324992
1285820508089520129
1285820640415617025
1285820661160570880
1285820720656809984
1285820770959200258
1285820838248198144
1285820854786568195
1285820967852273664
1285820985841643521
1285821010416005121
1285821148974985217
1285821160488415232
1285821189672308736
1285821224363241474
1285821270748102658
1285821271410913280
1285821279187148801
1285821279681929216
1285821304613068800
1285821309256110081
1285821319586570240
1285821342026280961
1285821354499903488
1285821400801062913
1285821504454668289
1285821542111182848
1285821558481661952
1285821572620722182
1285821608980918272
1285821617046728704
1285821648244006918
1285821680602865664
1285821701901737985
1285821709883453440
1285821718821396480
1285821831270866945
1285821836412977152
1285821857619251202
1285821857883656192
1285821885922463744
1285821953387884545
1285821955178762240
1285821990486413314
1285821996505477120
1285822030445711360
1285822033234886656
1285822135022129153
1285822143893299201
1285822191435571205
1285822201636065280
1285822213061357568
1285822293944356864
1285822356796170241
1285822365922996226
1285822414375415808
1285822422990467072
1285822428049014785
1285822454154309633
1285822532130467841
1285822575130574848
1285822649499820033
1285822706496286720
1285822730143580165
1285822735172730880
1285822762423070725
1285822806962438144
1285822847219306503
1285822863400767488
1285822875258114048
1285822905469763585
1285822910049841154
1285822926772531200
1285822931218632704
1285822985283055619
1285823041948323842
1285823065545306112
1285823069387358208
1285823083547209728
1285823115491258368
1285823136403873793
1285823148701765632
1285823166753812482
1285823182008705024
1285823412963663872
1285823439257980928
1285823467758055424
1285823470765408256
1285823563916861442
1285823568866095104
1285823572997320704
1285823613254414336
1285823783698235393
1285823816074006528
1285823906654216192
1285823979253424128
1285824017597964289
1285824069536014336
1285824126146486272
1285824130252779520
1285824282392776708
1285824331612745728
1285824365104431105
1285824365171372032
1285824385870368768
1285824396712529921
1285824403389980672
1285824461418180608
1285824462340984832
1285824502669156352
1285824546566799361
1285824614216556544
1285824619300237318
1285824726758301699
1285824730134544384
1285824735830347783
1285824830932058112
1285824835164110853
1285824848833343488
1285824864486653954
1285824903283908608
1285824915342528512
1285824940525056000
1285824994782646273
1285825024117501952
1285825024587370497
1285825036247601152
1285825049824501761
1285825050197671939
1285825071244693507
1285825100256665600
1285825153562292224
1285825186688667649
1285825251289575424
1285825263583072257
1285825280888709121
1285825300325072897
1285825359926005760
1285825364820983809
1285825398530433024
1285825423545257985
1285825551899348994
1285825572497698816
1285825572552286210
1285825606601539586
1285825624309772289
1285825647516901376
1285825661131722752
1285825670862561280
1285825930406109184
1285826006717050880
1285826027147665408
1285826034802159616
1285826038224822273
1285826048723222528
1285826091643539458
1285826114280095744
1285826142734290945
1285826173314969600
1285826183150448641
1285826228432195589
1285826235499794433
1285826275429371906
1285826304009547776
1285826307058593792
1285826332161503233
1285826442605940744
1285826529373626369
1285826571589255170
1285826612970295297
1285826650681352192
1285826706171998209
1285826735309639681
1285826735762800642
1285826751713566720
1285826772764733443
1285826941174648832
1285826978239655937
1285827084183642112
1285827096116264963
1285827105394053121
1285827175019622402
1285827196859437056
1285827216824246273
1285827228429955072
1285827328564703232
1285827416284430336
1285827550346907653
1285827557112180736
1285827561344253952
1285827579417698305
1285827623302512640
1285827665774039040
1285827679665688577
1285827694962368513
1285827705741574145
1285827712263675910
1285827734212472832
1285827805285056512
1285827969697460225
1285827972092628993
1285828002362736640
1285828044993769473
1285828090954907649
1285828100257910787
1285828129190273029
1285828143966646273
1285828173943443457
1285828199809597440
1285828202678513665
1285828202733035520
1285828227924099074
1285828241467596800
1285828263332458496
1285828375001604098
1285828442491981824
1285828445730156546
1285828459151921153
1285828498385276928
1285828539770712070
1285828555939540992
1285828582342905868
1285828628387958786
1285828650349195264
1285828723522990080
1285828789725847555
1285828825075466240
1285828849738096640
1285828858885943296
1285828882701193216
1285828928519774208
1285828955270811649
1285829097231441920
1285829109466099712
1285829205222207488
1285829210670428162
1285829218052399109
1285829254152777729
1285829289217150978
1285829306476908544
1285829334649860097
1285829343214579712
1285829349829042177
1285829369399848960
1285829369722621955
1285829400186019840
1285829432503005185
1285829440237268998
1285829489562472448
1285829503013380096
1285829528372166657
1285829613525053440
1285829633032826880
1285829637369733121
1285829642402881536
1285829732878225408
1285829760195670017
1285829785407520768
1285829804541927424
1285829822682247169
1285829907281440773
1285829910901198848
1285829911890980866
1285829985580781568
1285830045030744064
1285830049636077569
1285830116317306881
1285830137229897728
1285830137687298050
1285830142414204928
1285830166820933632
1285830199989243904
1285830208877191168
1285830242674720768
1285830348538953729
1285830350032125952
1285830367404896256
1285830368092844032
1285830388955467776
1285830395167154179
1285830446702444544
1285830455539965952
1285830553422495745
1285830565971636225
1285830586117042176
1285830632841580549
1285830653687107585
1285830670103633921
1285830674662846465
1285830687736631296
1285830693394747392
1285830708263620608
1285830738131193856
1285830763385102336
1285830763837972480
1285830807211274240
1285830807802613760
1285830838580588544
1285830869631094784
1285830896134701056
1285830937046122497
1285830972806533120
1285831006159659009
1285831038975881216
1285831041995898881
1285831069137158144
1285831083976613888
1285831187227795458
1285831189345865728
1285831296263102464
1285831303187828741
1285831337065291777
1285831346129117184
1285831394581610496
1285831398809464833
1285831402857078785
1285831432028344320
1285831482527772673
1285831525934694400
1285831596470411266
1285831637507485696
1285831655123488768
1285831671187738624
1285831738321666054
1285831794751713285
1285831814368710656
1285831853685895168
1285831878818304000
1285831902771937280
1285831916734775296