1284186108289409024
1284186128510259206
1284186144020860934
1284186170734379010
1284186174513266688
1284186191441596422
1284186198978760709
1284186229895036929
1284186236111015936
1284186254406344704
1284186258202333185
1284186283712163840
1284186283796058112
1284186299226902528
1284186304792498176
1284186318868828160
1284186325361528832
1284186326540128257
1284186363345215488
1284186369951137792
1284186382039158791
1284186383934910464
1284186389387649030
1284186412963823616
1284186426674946048
1284186427010449409
1284186461995249665
1284186484791291904
1284186493431488513
1284186501471854592
1284186526801420288
1284186529347170308
1284186531645681664
1284186537207271426
1284186581331574786
1284186597571932160
1284186615217152002
1284186618866339840
1284186619801632769
1284186631650578434
1284186646620110855
1284186722993991680
1284186735069540353
1284186757357957120
1284186760398942209
1284186774391193600
1284186795446620163
1284186814966829056
1284186820314574849
1284186823401639937
1284186854510809089
1284186900048293890
1284186926191456256
1284186928598978561
1284186929483800577
1284186950815977472
1284186966326685702
1284186996454424577
1284187006331830273
1284187030004670467
1284187030101032961
1284187040704335873
1284187040951660544
1284187059394015232
1284187062795730946
1284187101551038466
1284187101706231808
1284187114188529664
1284187123461976064
1284187143519248385
1284187148661354496
1284187156341194752
1284187164155273216
1284187282287865864
1284187282799558660
1284187286888869889
1284187305620770816
1284187324339965954
1284187332241833986
1284187381055324162
1284187383035043840
1284187404060917760
1284187416123801605
1284187458599481344
1284187471077445632
1284187489792598016
1284187495534485506
1284187495689748480
1284187508222439425
1284187508352286722
1284187508729733120
1284187529110073344
1284187533501444097
1284187538245083136
1284187554837741568
1284187561255215109
1284187571170484225
1284187571300466696
1284187629836173313
1284187630364590080
1284187659582218240
1284187683158396930
1284187742889377794
1284187748027506688
1284187784304091140
1284187810359107585
1284187835847725057
1284187872841564160
1284187877505560577
1284187889887141888
1284187911127212034
1284187915610984450
1284187924129615874
1284187927816343553
1284187930228121611
1284187932140675072
1284188003376738305
1284188016177819651
1284188024876576768
1284188066924515329
1284188069952753664
1284188071983022082
1284188106363527168
1284188147535020034
1284188158863843328
1284188175829696512
1284188192091123714
1284188233090379776
1284188233744748544
1284188280112603136
1284188280305541120
1284188288236974080
1284188301189099520
1284188322093465600
1284188330079346688
1284188362371366912
1284188364355383296
1284188372723019778
1284188410337529861
1284188506827481091
1284188515358535681
1284188521306058752
1284188541443026944
1284188598363779072
1284188619582791681
1284188674872225794
1284188682589790208
1284188771018317828
1284188775703121920
1284188779813707781
1284188817390362624
1284188830057336840
1284188834167525376
1284188834691977217
1284188846398160896
1284188873438965761
1284188889180143618
1284188900445978630
1284188942879752193
1284188955899047938
1284188963847188484
1284188964077871104
1284188985246408704
1284189001767936006
1284189011192410112
1284189018834341888
1284189023578144768
1284189030863654912
1284189038363148288
1284189097993605120
1284189102271877122
1284189105044230148
1284189114695327744
1284189156869115909
1284189177706213376
1284189219674628099
1284189219708194819
1284189257964322819
1284189274682748928
1284189293653692417
1284189320421638144
1284189337723318278
1284189425476472839
1284189476164702210
1284189484918218752
1284189488101507073
1284189492379885568
1284189504597897216
1284189525900529666
1284189534364696577
1284189547044188163
1284189547098710017
1284189588983033857
1284189693601411072
1284189723636969477
1284189732113649665
1284189743811629056
1284189756990029831
1284189760412692481
1284189773087662080
1284189773834395648
1284189774010445825
1284189777462345729
1284189801713893376
1284189811247419392
1284189814506442755
1284189814686994433
1284189824455520256
1284189833946992640
1284189852880318465
1284189895167221769
1284189897033752583
1284189900468879366
1284189905963409410
1284189924145733633
1284189941493374979
1284189953480511488
1284189984790949888
1284190008107323394
1284190008228880386
1284190012586811392
1284190024523603969
1284190037534482432
1284190037869879296
1284190050641731587
1284190063287570432
1284190071336218625
1284190092685434880
1284190105306112001
1284190159639130114
1284190163971842048
1284190172146434053
1284190172213661701
1284190196993384448
1284190199573078016
1284190226483752961
1284190226672492544
1284190242690359297
1284190243097321472
1284190259685675008
1284190269085286402
1284190272121794561
1284190293185589249
1284190293462482945
1284190306301345793
1284190315100987396
1284190348584144896
1284190364841070592
1284190398597009409
1284190406352273408
1284190419191046144
1284190425444540417
1284190428087177216
1284190431958437889
1284190448572141573
1284190490280316928
1284190507363643392
1284190551680548864
1284190563764404224
1284190595850723328
1284190595926208513
1284190615899602945
1284190621167755264
1284190629145333760
1284190642017427456
1284190687735382016
1284190712901382144
1284190730345492486
1284190736506933252
1284190767389392896
1284190784502276097
1284190827426848768
1284190851682508800
1284190863611105281
1284190875686506496
1284190876281958400
1284190901733134338
1284190928056528897
1284190930954846208
1284190931294416896
1284190939460837379
1284190964542836738
1284190993898774528
1284190999426859010
1284191027868270592
1284191045463482368
1284191052778405892
1284191060848185344
1284191109522976774
1284191111645261824
1284191183246209025
1284191192935276544
1284191195204251648
1284191212333916161
1284191225105399808
1284191229060808705
1284191271355944960
1284191271448268801
1284191271456854016
1284191295767023616
1284191311185285121
1284191311998918656
1284191334065201153
1284191337978494982
1284191393041326080
1284191405225594880
1284191457230954497
1284191481058799618
1284191485177495554
1284191497341079553
1284191506098720771
1284191614634729474
1284191625032241153
1284191630065577986
1284191637413990400
1284191643852091392
1284191661602549760
1284191670112866305
1284191688198684674
1284191769920512001
1284191807690113026
1284191850132393985
1284191852590018566
1284191853823361025
1284191861851262977
1284191874463539200
1284191880029274112
1284191883779084291
1284191916633063424
1284191937742942208
1284191942151229440
1284191946660032513
1284191952808734720
1284191979862020096
1284191980176551936
1284191988275990528
1284192015551430656
1284192020936835072
1284192021805244417
1284192025915478016
1284192047231127552
1284192109797441542
1284192136397615104
1284192139350507522
1284192151501504514
1284192151916523521
1284192156102676480
1284192167976673280
1284192184779116544
1284192185122910210
1284192185303199745
1284192188608331777
1284192189464150016
1284192198624337920
1284192298192994305
1284192312155877376
1284192327439966208
1284192352492572677
1284192353222365185
1284192365607923712
1284192370637119492
1284192406263476224
1284192410587856897
1284192432628789248
1284192453986095104
1284192461565370368
1284192491776823302
1284192503663521792
1284192533267058696
1284192549817643008
1284192592368812032
1284192604276621312
1284192655019257857
1284192658135625728
1284192670726991873
1284192730458071040
1284192738120998914
1284192743569281025
1284192744529780736
1284192765652299778
1284192776893202437
1284192860204662784
1284192877397106689
1284192906304204803
1284192907055042561
1284192910448058368
1284192914181173248
1284192919176515584
1284192922997387264
1284192956539375616
1284192964974084098
1284192971785560064
1284192977808744448
1284192986604208137
1284192986696429568
1284192998520168448
1284193040555479042
1284193061531201539
1284193075338727425
1284193079948443649
1284193082477436928
1284193120339603456
1284193124466728960
1284193132884762624
1284193133069312001
1284193182205583363
1284193225713111046
1284193237327126530
1284193253022208000
1284193255244980224
1284193279995781120
1284193284349280256
1284193296458428417
1284193313936101376
1284193364762677256
1284193372664553472
1284193376062050304
1284193399428444160
1284193400569331713
1284193414485929984
1284193414544670722
1284193422601883648
1284193426943234050
1284193452398444544
1284193464272355328
1284193476872220672
1284193484195262464
1284193536053780481
1284193561391529985
1284193587899621382
1284193632736534528
1284193640399732738
1284193682393116674
1284193691037564929
1284193719428812800
1284193724432613387
1284193749971562497
1284193751062151169
1284193757898801153
1284193766795075588
1284193791524499456
1284193796041973762
1284193804594098176
1284193834021392385
1284193838337269766
1284193864417447936
1284193874706038784
1284193886789869568
1284193901276876801
1284193921296457728
1284193954733400065
1284193967597395968
1284193968121614338
1284194002200223744
1284194005593419778
1284194043862319104
1284194073469845504
1284194093250359296
1284194104138764290
1284194164977082372
1284194198862864386
1284194223663636481
1284194227438657536
1284194269952188417
1284194303695130624
1284194362348441600
1284194372872019968
1284194391729545216
1284194406204149761
1284194407974162432
1284194414038888449
1284194428916166658
1284194438793723905
1284194454027599875
1284194458645471233
1284194460881084416
1284194493307056133
1284194512705712129
1284194517235703808
1284194567902961665
1284194576069058560
1284194602904252417
1284194608973377542
1284194629970276356
1284194634621546496
1284194653923872768
1284194664858484739
1284194678657687555
1284194692356362240
1284194697792102412
1284194710450405376
1284194714866946048
1284194726560686081
1284194747020652545
1284194789496442881
1284194797956235266
1284194849705648128
1284194852708716551
1284194861168709632
1284194890491006980
1284194907402334208
1284194923999305728
1284194926620811269
1284194936535961600
1284194972846002177
1284194990806175744
1284195032581517315
1284195041661972480
1284195063539601410
1284195066144333824
1284195066655977472
1284195087157731333
1284195104236994560
1284195104710889472
1284195104857546757
1284195129801052160
1284195213322444800
1284195213796274176
1284195239100469248
1284195251918450688
1284195255735263232
1284195259317198850
1284195293374840834
1284195298059968514
1284195351805726720
1284195368758984705
1284195405710921736
1284195418323259394
1284195427890462721
1284195470768844800
1284195482202497024
1284195486644277249
1284195506609172481
1284195511264661505
1284195519741538304
1284195532051808257
1284195534702510080
1284195583050371077
1284195594647425024
1284195628403372032
1284195667519377408
1284195679015927808
1284195695461756928
1284195695910477824
1284195697965895680
1284195700251725824
1284195704232005632
1284195723706347520
1284195750537080833
1284195889075179520
1284195922033799174
1284195926253481985
1284195947669360640
1284195951737896960
1284195953008873473
1284195956175499266
1284195988471676928
1284196001331412992
1284196064552038400
1284196073766924292
1284196093098680321
1284196098349895680
1284196153240588288
1284196190435921920
1284196203778002944
1284196218894155777
1284196228113272841
1284196233180073989
1284196249831264256
1284196262271528961
1284196324657766404
1284196333490810880
1284196408489390082
1284196438226935809
1284196441158594561
1284196496477351937
1284196509299486722
1284196509307871237
1284196530140766208
1284196546989428736
1284196560507559936
1284196576945229824
1284196581013467136
1284196623434698752
1284196643559149568
1284196685682315264
1284196723242553345
1284196778603155456
1284196784756133890
1284196785737654272
1284196895246684160
1284196920647270400
1284196936455602176
1284196962762293248
1284196974783344640
1284196983469748224
1284196991208173568
1284197028407513089
1284197071776604160
1284197088885116932
1284197146753814528
1284197148985262080
1284197188776558592
1284197198109048832
1284197226915323905
1284197248012886016
1284197257995313152
1284197287229452289
1284197290056572933
1284197381781823488
1284197437700296707
1284197454930485249
1284197500027641856
1284197520521015296
1284197521028333569
1284197528288845824
1284197549323280386
1284197550074007552
1284197569556553728
1284197662737289216
1284197671054573568
1284197698095087616
1284197788339843072
1284197801501622274
1284197813463785472
1284197826084458496
1284197827350913024
1284197830626734080
1284197835198599171
1284197851594059777
1284197873115107329
1284197877422723072
1284197889359609857
1284197905096757249
1284197907609063425
1284197950810402818
1284197961065312256
1284197985619005441
1284198002303946753
1284198015029452802
1284198033920598016
1284198036298584064
1284198036571336704
1284198057488166912
1284198066564685824
1284198081706070016
1284198083727949826
1284198087469133829
1284198100735844352
1284198103550173189
1284198120063209472
1284198141043052550
1284198145564475393
1284198161305739264
1284198166292844544
1284198204083404803
1284198262820401152
1284198271129395203
1284198321536393218
1284198345708371968
1284198363173474305
1284198363865333760
1284198405695254528
1284198409176522753
1284198418265473024
1284198430705725442
1284198443007827968
1284198450729373696
1284198451161505793
1284198488931209218
1284198522372358144
1284198548381237250
1284198568958529538
1284198577108131840
1284198577376550916
1284198606824779776
1284198612453531650
1284198624130367490
1284198635190837248
1284198676341182466
1284198689188335619
1284198690043785216
1284198770188660738
1284198803566923776
1284198803768135682
1284198841755942913
1284198849234571265
1284198871078510604
1284198883783061504
1284198892104450051
1284198925910474753
1284198929509355526
1284198988271489026
1284198997205409792
1284199009280761856
1284199038548692993
1284199038687076353
1284199042499727360
1284199046978998272
1284199059654422528
1284199071872409603
1284199126616272896
1284199130877886467
1284199139820150785
1284199168773218304
1284199199773528066
1284199223358107648
1284199223530008580
1284199273953923073
1284199298545131520
1284199302672211968
1284199319352905728
1284199353343782917
1284199410507776000
1284199428824412162
1284199432817463297
1284199441445072897
1284199462278053888
1284199487347531776
1284199508822261760
1284199520838930433
1284199546478899200
1284199550677209089
1284199583749414912
1284199584194011142
1284199588048576512
1284199588098904065
1284199594407206915
1284199653785780224
1284199659318185990
1284199706000752641
1284199719997186048
1284199760442925058
1284199763752230913
1284199818773094400
1284199835630002181
1284199857377415170
1284199890017497088
1284199894874456071
1284199898716557314
1284199899081277442
1284199970124574720
1284199974297907200
1284200020410085378
1284200020938498051
1284200025237516289
1284200034314133504
1284200053750497280
1284200054450987009
1284200091767771138
1284200107865505793
1284200129122058240
1284200137875763211
1284200144456560643
1284200149821132800
1284200154409689088
1284200175049879553
1284200176727531521
1284200190338052103
1284200230431240192
1284200246357053440
1284200263276879872
1284200275817967616
1284200355262341120
1284200489492480001
1284200490079854600
1284200509247717376
1284200523021918208
1284200531523784705
1284200535294451712
1284200548313358336
1284200558149206016
1284200603892297737
1284200640953167878
1284200642093948930
1284200688193376256
1284200691716755462
1284200766903812097
1284200770796171264
1284200822679666688
1284200837238198273
1284200888467423234
1284200901088030720
1284200938480304130
1284200955735609345
1284200976002547712
1284201005261844480
1284201052267577345
1284201093581414402
1284201104822149122
1284201110442405889
1284201181703626752
1284201186275602432