1278569107282178048
1278569130145148929
1278569142912761856
1278569167462031360
1278569184121716737
1278569215046213633
1278569218041016320
1278569271854010368
1278569358155972610
1278569539408560129
1278569577912233984
1278569626327085056
1278569663195017216
1278569714709442561
1278569716244779008
1278569734708105216
1278569754673008640
1278569766958116864
1278569902081597440
1278569910306770944
1278569924663947265
1278569935049031680
1278569988685774848
1278570089948872704
1278570111385743360
1278570119707361280
1278570145896677377
1278570203043885057
1278570206449860608
1278570220035215363
1278570312074801152
1278570316868927489
1278570341061636101
1278570346157797377
1278570347919368192
1278570392215584769
1278570429716758528
1278570510121684992
1278570531084808193
1278570543004782594
1278570555160104960
1278570575926042625
1278570597971161089
1278570610575081472
1278570631248797697
1278570643575803910
1278570674047639553
1278570714627313665
1278570720390311937
1278570741739384832
1278570746361417730
1278570758696919043
1278570870236082176
1278571009155592192
1278571034652758017
1278571060544385025
1278571076138614785
1278571117721124867
1278571164386963456
1278571178752225280
1278571185207275520
1278571188659208192
1278571196930555904
1278571197165232128
1278571197572059136
1278571360583901184
1278571369555349506
1278571414803677184
1278571605820669953
1278571634203299841
1278571641748852742
1278571667225272320
1278571696371441670
1278571708262293504
1278571760015888384
1278571827569229825
1278571873262075905
1278571959228432384
1278571976580378625
1278571994800324608
1278572003868332032
1278572006380732421
1278572032838467584
1278572062605479938
1278572096231178241
1278572121002856448
1278572233615650817
1278572267132325888
1278572309259980800
1278572380814745605
1278572413152890881
1278572484350971904
1278572514914910208
1278572606254280704
1278572652035108865
1278572674369884161
1278572719924228098
1278572762047508482
1278572817114488832
1278572834294501377
1278572836882268160
1278572841877639168
1278572883724259328
1278572886152880134
1278572896684826624
1278572921141825537
1278572929102438400
1278572963457953792
1278572984467324930
1278572991933304832
1278573031040978944
1278573076238794752
1278573093867458560
1278573131293233153
1278573201933471745
1278573202197880833
1278573210125115393
1278573239711731712
1278573328022802432
1278573344410030081
1278573351343013888
1278573352852918278
1278573428795215872
1278573432507109376
1278573458805477377
1278573463523991552
1278573582008926210
1278573582315139072
1278573599797006336
1278573659771203584
1278573676108017664
1278573686966988800
1278573696790040577
1278573710308499456
1278573886934847489
1278573948595208193
1278574003804766208
1278574117550084101
1278574128841310208
1278574158637674496
1278574282247942144
1278574352712097793
1278574393891926016
1278574418071924737
1278574465400569856
1278574472547545088
1278574536452190209
1278574538985320448
1278574589979897857
1278574607813865474
1278574611660017664
1278574723341979648
1278574724856111105
1278574869014290433
1278574942649413632
1278574943840673792
1278574993706754050
1278575038673965056
1278575051567173634
1278575091110907904
1278575113630183424
1278575202952249344
1278575240839344130
1278575252625334274
1278575315472670720
1278575378437509120
1278575407483310080
1278575433986932737
1278575516002353152
1278575518477103104
1278575526295203842
1278575558868307970
1278575597053149186
1278575623456219136
1278575673469104130
1278575680846848000
1278575732038524935
1278575744835190785
1278575781392928768
1278575853140537344
1278576027518808064
1278576033667538944
1278576086927003648
1278576099018960896
1278576104559636481
1278576108519264256
1278576114684669952
1278576120212926466
1278576130254147584
1278576140618133505
1278576174382243840
1278576188605165570
1278576314098675712
1278576314602184704
1278576352074117122
1278576382700740609
1278576395296243712
1278576402896490496
1278576667116613635
1278576667443822592
1278576678860722176
1278576704064229376
1278576725043994631
1278576775207895046
1278576919265472512
1278576926446288896
1278576965382012929
1278577132227031041
1278577214343114753
1278577237294489606
1278577252934881281
1278577295452598272
1278577434707689473
1278577467255517184
1278577479842582528
1278577534477561856
1278577653054877696
1278577685837553672
1278577711921889281
1278577731417104384
1278577735502307328
1278577887059345414
1278577946823778305
1278577968109871108
1278577998132805632
1278578009805516800
1278578034942136320
1278578076465553408
1278578131670982656
1278578188915007492
1278578222419062785
1278578235400425473
1278578491089453056
1278578547557371905
1278578558168903683
1278578625315389440
1278578642314915840
1278578689228374016
1278578713588793344
1278578792571777029
1278578797638332416
1278578797688655872
1278578914676203520
1278578978316410880
1278579048696905729
1278579092007407620
1278579107521945600
1278579111946973186
1278579113104674816
1278579121715580928
1278579157392166912
1278579179039178755
1278579230566043649
1278579234307538944
1278579246697332737
1278579298396340225
1278579320730955776
1278579347444715520
1278579349470339077
1278579353207660544
1278579381133283329
1278579548293140480
1278579573140213762
1278579590454272000
1278579613740998656
1278579622733443072
1278579711937875968
1278579745542639616
1278579855185985538
1278579883665473537
1278579925516247041
1278579942595293184
1278579988858535936
1278579994625638400
1278580013458051072
1278580055682269185
1278580093196079105
1278580118022172672
1278580118114320385
1278580127820124160
1278580231314395137
1278580303351742464
1278580325313056769
1278580341763080192
1278580361971159045
1278580408653713408
1278580416706949122
1278580483266404352
1278580531773362177
1278580541680283650
1278580592955793409
1278580604703891457
1278580609284071424
1278580730017112066
1278580731615178753
1278580752066711554
1278580756227469313
1278580827182391296
1278580872438886400
1278580900716896256
1278580919599869952
1278580970019385346
1278580982694785024
1278581016781885440
1278581038071967745
1278581121236729856
1278581143416209408
1278581179873198082
1278581272193925120
1278581310026588160
1278581335762915333
1278581340439527425
1278581343652364288
1278581352175144960
1278581354960228352
1278581372173651969
1278581424396722177
1278581430193397760
1278581431422169089
1278581499114278913
1278581505879470081
1278581518709989379
1278581536443400192
1278581594035380235
1278581674029142017
1278581685911683073
1278581708594372608
1278581779901943809
1278581788420366337
1278581796955799552
1278581804920791040
1278581855307001856
1278581871904010244
1278581997368205314
1278582001168252933
1278582034793926657
1278582038497505280
1278582139559305217
1278582162346979328
1278582187185573889
1278582215581020162
1278582241455738880
1278582266478784513
1278582270618554368
1278582307985768448
1278582408107962374
1278582451418193920
1278582509027176450
1278582605596758016
1278582622940098560
1278582640476475392
1278582672709701632
1278582702619254784
1278582707023482882
1278582710370328577
1278582723670614016
1278582739722264577
1278582857464557569
1278582887445643267
1278582891925000194
1278582966663274496
1278582976926932994
1278582992105963520
1278582996145037312
1278583008941883397
1278583084049301506
1278583091716448256
1278583135366639616
1278583158884229120
1278583185530642432
1278583204987969537
1278583285975666689
1278583311221141504
1278583323137241088
1278583382390132736
1278583390325796864
1278583449096458241
1278583506935767040
1278583526015762432
1278583606382923776
1278583687278284801
1278583688872243201
1278583689077641218
1278583714755141634
1278583733868773377
1278583761148555264
1278583764541558784
1278583773383151618
1278583809475252224
1278583813631873028
1278583863405502466
1278583871710298112
1278583881990635521
1278584031953723392
1278584078359502848
1278584111884644352
1278584151474659328
1278584165810790401