1280063958028869633
1280063983014330368
1280063991797039104
1280063992837406720
1280064032834228232
1280064050878021633
1280064232256466946
1280064270001213443
1280064291077382144
1280064302121189381
1280064352150839297
1280064390914551808
1280064461932544001
1280064520669577216
1280064579427590144
1280064587535134721
1280064601552416768
1280064609500778498
1280064638575673346
1280064642241437697
1280064680363352066
1280064696947814400
1280064708716847108
1280064731290537984
1280064844972974080
1280064861217513473
1280065006466285569
1280065041795072004
1280065079204085770
1280065086216974336
1280065116726104065
1280065154508558336
1280065211463094272
1280065251250016257
1280065259148128261
1280065338927972353
1280065515797590022
1280065702225993729
1280065824888360960
1280065837412413440
1280065842168946689
1280065867879866370
1280065952554442752
1280065980660678656
1280065985324748800
1280066019030183938
1280066137796022272
1280066260764688384
1280066310857056257
1280066424992673792
1280066491656941568
1280066558744723462
1280066568437723137
1280066623504867328
1280066711123877889
1280066757059887104
1280066772868177920
1280066836202020865
1280066860516442113
1280066886277820416
1280066899477434369
1280066954892439552
1280066970063384576
1280066970629500929
1280067007723921413
1280067071087435777
1280067167648575488
1280067175450120192
1280067229493735424
1280067238662270977
1280067415615787009
1280067474398953472
1280067490425389056
1280067519651381248
1280067536009248768
1280067540669149184
1280067562559156224
1280067594884653058
1280067621317013504
1280067662698160129
1280067683770302464
1280067712081973248
1280067771817250816
1280067796605513728
1280067804415307776
1280067866956640256
1280067900905308160
1280067910929530880
1280068026814148608
1280068111455014912
1280068141385539589
1280068161619058688
1280068169047171072
1280068198537330688
1280068279961300993
1280068329001168897
1280068332276899841
1280068404905496577
1280068479622643712
1280068572266532864
1280068594244759553
1280068664797134849
1280068796183728128
1280068962374410240
1280068966824755200
1280069004456005634
1280069016464379904
1280069156574904320
1280069188594200576
1280069192931250176
1280069224074002432
1280069226858975232
1280069294504603648
1280069415233638402
1280069566157078528
1280069566652125185
1280069604522577920
1280069605348663303
1280069919061630976
1280070003937685504
1280070056685207552
1280070061500309504
1280070078625546240
1280070099295240192
1280070176474611712
1280070278773686272
1280070291960418304
1280070338634809344
1280070447233720321
1280070469425737728
1280070484634349569
1280070585632976897
1280070635704717313
1280070637625544705
1280070812750491648
1280070816785285120
1280070846502129666
1280070875967094784
1280071021194870785
1280071193949691904
1280071202095222784
1280071273280749568
1280071286794915840
1280071318369689601
1280071337596325888
1280071340272336896
1280071382953533441
1280071445595533314
1280071457431711745
1280071517217398785
1280071527753568256
1280071531104817153
1280071537090080769
1280071578936631296
1280071711942156289
1280071959854776326
1280071970814656513
1280072188708524033
1280072334171201536
1280072435673505797
1280072465671237632
1280072574035202050
1280072591043108864
1280072621124509697
1280072639395102721
1280072885009186817
1280072901669109760
1280072963413467136
1280072975748923392
1280073030086131712
1280073286169382912
1280073315386826753
1280073335221649409
1280073361444528129
1280073371401756673
1280073374471868418
1280073458043494400
1280073517803933697
1280073537865334784
1280073551949725700
1280073593427197952
1280073702823116800
1280073726189543424
1280073730547347456
1280073732363554817
1280073735748431873
1280073744300552192
1280073759970357248
1280073780493193220
1280073795408146432
1280073860944146434
1280073932968792067
1280073986567745538
1280073995031916544
1280074045594230784
1280074160522362880
1280074193254723590
1280074213286490114
1280074309759905794
1280074315103436802
1280074339514298370
1280074378445758465
1280074507261218816
1280074530191544321
1280074538013818880
1280074558805086208
1280074587036946434
1280074623871340555
1280074775117742080
1280074795917479936
1280074909603987459
1280074943376416768
1280074969133862912
1280074970073165824
1280074987030876160
1280075070954704898
1280075186772025344
1280075199740772352
1280075204862107648
1280075220057878528
1280075255462137856
1280075351432015872
1280075477269405696
1280075484018151425
1280075488057319426
1280075513852096512
1280075623101333504
1280075627396284419
1280075677916520450
1280075747508576256
1280075753342803969
1280075887208067072
1280075996272758785
1280076076702740480
1280076080330821632
1280076377950162949
1280076498020569088
1280076541494546435
1280076554521972738
1280076587409563648
1280076742988828673
1280076789583249408
1280076797183496192
1280076847297048580
1280076897783865344
1280076906247979011
1280076906822610946
1280076907523039232
1280076922618339328
1280076986270900224
1280076987722326017
1280077021805260801
1280077035747057664
1280077070228389888
1280077074938712066
1280077097076232192
1280077103921274881
1280077164340281346
1280077196539899904
1280077229565734912
1280077231595929600
1280077283777183744
1280077285257854977
1280077292002250753
1280077304115400705
1280077305549852672
1280077312927686657
1280077337745403904
1280077338844291073
1280077414387732482
1280077453298409479
1280077602221408256
1280077623511695360
1280077686749245441
1280077777320976387
1280077825446379522
1280077875341701122
1280077900688109570
1280077925182615552
1280077965410385920
1280078101330792448
1280078118116569088
1280078165533167617
1280078218842669056
1280078269841395713
1280078306809798657
1280078319187304448
1280078378603892736
1280078382659563520
1280078399709511680
1280078403924660224
1280078483587284992
1280078521654788097
1280078546103402497
1280078558916993026
1280078630304038915
1280078651938222081
1280078790153166848
1280078809027547136
1280078902140891136
1280078944981655554
1280078952799731715
1280079016691593216