1279505259564601346
1279505259568623616
1279505285317570562
1279505326413316096
1279505332067356672
1279505357619027968
1279505369098788865
1279505385930420224
1279505386958184448
1279505415781388288
1279505416402038785
1279505421846396931
1279505449331687424
1279505513370333186
1279505520148307969
1279505520945238021
1279505532387299334
1279505537177092104
1279505541325156352
1279505562351202306
1279505591543758850
1279505617577668609
1279505634187259904
1279505678659473409
1279505713799278595
1279505737992077312
1279505783303147521
1279505787006713858
1279505801305079808
1279505818660954113
1279505868489240576
1279505880522919938
1279505885513920512
1279505894594752512
1279505901825687552
1279505965637869568
1279505989805449216
1279506019761127430
1279506028422475776
1279506112946098176
1279506124841070592
1279506145196093441
1279506212984426497
1279506238594785284
1279506241396469760
1279506255250255872
1279506279459782656
1279506287609417729
1279506321797079040
1279506335420170240
1279506351694233600
1279506388662628352
1279506430811398146
1279506480920698880
1279506568564764672
1279506589544845315
1279506593730703360
1279506611728453632
1279506637154398213
1279506641055035394
1279506708214226944
1279506716133072896
1279506740619415552
1279506741315731458
1279506792016310272
1279506808630120452
1279506833699409920
1279506849964986369
1279506917308665857
1279507022736580609
1279507071667445768
1279507085051547650
1279507097793826819
1279507120031961090
1279507134401712130
1279507168782401539
1279507172481798147
1279507185886793728
1279507186222133249
1279507248679714817
1279507291654557696
1279507311636119552
1279507313007538176
1279507341621071873
1279507403759693824
1279507412463083520
1279507423661895680
1279507473611788290
1279507504255447041
1279507517563953152
1279507546009530369
1279507575697006592
1279507602624430080
1279507605048700928
1279507659998330880
1279507667929587713
1279507713572118528
1279507718538223617
1279507728692662272
1279507752163799040
1279507756320526336
1279507798200475658
1279507803007332352
1279507851841540100
1279507852193935360
1279507856992145414
1279507868111142912
1279507878001340417
1279507884326490114
1279507915339190272
1279507924151197696
1279507936868397056
1279507954073559041
1279507981583949830
1279507982213173250
1279507986298351616
1279508011539718144
1279508032863551489
1279508078132703234
1279508095350300675
1279508123804479489
1279508141927829504
1279508184923766784
1279508188476215297
1279508237629288448
1279508241563574272
1279508305006731266
1279508313605132293
1279508395247239168
1279508464612622336
1279508469989675009
1279508494295732224
1279508506769424384
1279508565204533248
1279508573274464261
1279508595558830081
1279508640064401408
1279508658645282817
1279508687409692672
1279508719961886720
1279508733689823233
1279508754678132736
1279508774810763266
1279508779227381762
1279508791139041281
1279508813117132800
1279508821623427077
1279508832264175616
1279508844696293377
1279508892658081793
1279508973293580295
1279508989336674304
1279509003635171330
1279509018139033601
1279509043262849024
1279509051748081667
1279509058626695168
1279509098040635394
1279509114939412482
1279509169075179520
1279509228823158784
1279509245902413825
1279509307432873986
1279509336893517824
1279509340370673665
1279509345982656515
1279509350697046017
1279509370200567808
1279509375338586113
1279509387657326598
1279509417487036416
1279509451058352129
1279509467894177792
1279509516799762432
1279509522646577152
1279509529760317441
1279509539063304193
1279509542120951809
1279509543203020802
1279509560823341058
1279509568595189760
1279509588912623616
1279509597221502976
1279509600253943809
1279509602221113344
1279509634873729028
1279509739353722880
1279509744550440961
1279509748820271108
1279509852704956416
1279509912159125508
1279509931624980480
1279509933785067523
1279509959177371648
1279509990957596672
1279509995361624068
1279510017155227650
1279510091834830848
1279510095999598592
1279510100479225856
1279510134083825664
1279510160227131392
1279510181014122496
1279510196562407429
1279510209627664384
1279510230125228032
1279510242653614082
1279510247455854592
1279510280750485504
1279510285510991872
1279510381707374594
1279510440276422656
1279510470131683329
1279510482811043841
1279510502247456771
1279510528742748161
1279510532282695680
1279510541694898177
1279510569947738112
1279510578298585093
1279510586540335109
1279510625509675008
1279510629070581761
1279510629368373253
1279510629422899200
1279510643448483840
1279510681415413760
1279510700382011392
1279510722112782338
1279510809668919296
1279510831366094850
1279510847702720512
1279510850844463105
1279510855353237505
1279510871882989568
1279510918259453958
1279510926715207681
1279510994423857153
1279511015596539905
1279511049864183810
1279511057132740608
1279511069795520513
1279511157884280835
1279511170697900032
1279511195888676864
1279511234740658176
1279511260971835392
1279511262376923137
1279511270845186048
1279511280143994883
1279511328961552387
1279511351442972672
1279511357457608704
1279511438776819713
1279511511594139648
1279511531118616576
1279511535820439558
1279511570037555201
1279511572931579968
1279511585329823745
1279511610063818754
1279511623695249409
1279511631609753601
1279511673011765248
1279511681630998528
1279511682725920773
1279511689734639616
1279511707862384640
1279511740649107457
1279511828998086656
1279511829308420096
1279511853828206592
1279511866021040128
1279511957800796161
1279511979565121541
1279512063719555072
1279512072569700352
1279512086138302464
1279512137786896389
1279512155528679424
1279512204627152902
1279512290769936384
1279512357027246080
1279512390191570944
1279512395325440000
1279512407115591680
1279512411599278080
1279512420369805313
1279512475218710529
1279512486702542849
1279512500128542720
1279512504830275584
1279512579765866496
1279512583846985729
1279512620479983618
1279512630357606401
1279512655074676736
1279512693733539842
1279512700884848645
1279512705108410370
1279512768593268736
1279512772775010304
1279512827808681986
1279512839259119617
1279512869168721920
1279512877926420480
1279512886478544898
1279512894888165377
1279512907458412544
1279512994582388736
1279513005655539712
1279513054695358466
1279513057752948738
1279513100371165190
1279513211692187648
1279513221246976000
1279513221636988934
1279513254969192449
1279513271528235008
1279513288859148288
1279513308639313920
1279513334115598341
1279513347361308672
1279513356215476224
1279513367988916228
1279513393162940416
1279513426763689984
1279513431557771267
1279513459521196032
1279513459692933120
1279513465535844352
1279513493457244160
1279513524541313024
1279513574369628163
1279513599447314445
1279513661841776641
1279513758025449473
1279513766225342464
1279513775222206465
1279513792661975040
1279513803936403457
1279513867597631493
1279513880021123072
1279513894650863616
1279513917631475713
1279513938351329281
1279513985080049670
1279514039274680323
1279514042587942912
1279514058052571136
1279514080953405440
1279514123085189121
1279514147986833409
1279514169818087428
1279514185345437698
1279514215942782977
1279514282044960768
1279514287422095360
1279514290945495041
1279514295601115136
1279514311312814080
1279514311702900736
1279514341683818496
1279514344993120256
1279514345882386435
1279514346238775296
1279514369999634432
1279514378522423296
1279514396222320642
1279514408549363712
1279514408671215616
1279514433635508224
1279514454640807945
1279514484097388545
1279514496705462273
1279514504846626818
1279514557870792704
1279514566200721408
1279514595766476801
1279514621762658305
1279514626967781376
1279514634232397826
1279514709830623233
1279514715283001345
1279514727782084608
1279514773604818945
1279514801761288205
1279514827845664774
1279514831452848130
1279514898691772417
1279514916534222850
1279514924150996992
1279514932556505089
1279514948763127809
1279514978312163342
1279514993759789056
1279514995508817921
1279515027041595393
1279515078941913088
1279515145987690497
1279515192317997056
1279515297557499905
1279515301806137344
1279515305442775044
1279515355145220101
1279515360480370695
1279515406038781952
1279515435298324480
1279515452339822593
1279515491086872578
1279515524242771968
1279515553774866433
1279515569440436224
1279515603351502849
1279515622083264512
1279515692316987392
1279515692337938434
1279515716983627776
1279515721429639170
1279515737183436800
1279515741772005380
1279515742514237440
1279515754308743168
1279515787481374720
1279515809996574720
1279515878787125248
1279515879924011008
1279515897313583105
1279515972307746817
1279515973352120323
1279515976443322368
1279516026108088321
1279516030402826240
1279516056005095424
1279516056076406788
1279516094500306945
1279516098367377409
1279516141241741317
1279516200460926977
1279516243842658304
1279516254655651840
1279516265879609344
1279516321080733696
1279516333219164162
1279516346842329090
1279516379507548160
1279516416664842240
1279516450382704640
1279516459044147205
1279516463481708548
1279516468229570562
1279516479520727041
1279516500529942528
1279516614170480645
1279516628422705152
1279516644079853568
1279516676548067329
1279516727920013312
1279516752884518919
1279516782819078145
1279516819880017922
1279516829933699072
1279516836955070469
1279516857901318144
1279516865383944193
1279516877631311873
1279516882605707264
1279516899911532544
1279516924385296386
1279516945486950400
1279516959474941955
1279517000344186880
1279517017960337410
1279517076936368130
1279517081013153792
1279517096624427011
1279517171773825025
1279517226366676997
1279517256054120448
1279517264052699139
1279517298018136064
1279517323544666119
1279517324270342144
1279517331446792193
1279517331669073920
1279517332537323521
1279517356499169280
1279517373167366145
1279517377420562441
1279517380637601793
1279517432558825472
1279517453744144384
1279517460698263552
1279517478641520640
1279517479107211264
1279517511764054016
1279517524208558081
1279517548506230787
1279517549986820097
1279517561906958336
1279517570119471105
1279517575597092864
1279517582937092096
1279517591678025728
1279517612637147138
1279517646153756679
1279517659110035461
1279517680257597442
1279517680408702976
1279517734339051520
1279517746506563584
1279517767742320640
1279517804023054336
1279517847253901323
1279517893131030528
1279517893164544000
1279517906393587713
1279517935862788097
1279517986601218049
1279518024190644230
1279518036844613633
1279518053714313216
1279518081597837312
1279518081971347456
1279518092524228621
1279518119585894400
1279518125084545026
1279518200573673477
1279518200686948352
1279518213106216964
1279518216923025409
1279518229786845184
1279518238045622278
1279518258236981249
1279518288498884610
1279518289362735104
1279518295595446272
1279518408384512001
1279518426592133121
1279518435349680130
1279518450986205184
1279518456094711810
1279518497358458881
1279518514152423425
1279518552790315011
1279518626475847682
1279518636932300801
1279518653554274304
1279518661938577408
1279518665378070534
1279518732243656714
1279518736534257664
1279518741093650438
1279518752858533888
1279518761767317508
1279518775105257472
1279518787289702405
1279518799427964928
1279518804582653952
1279518837998788609
1279518842335698944
1279518853593280518
1279518857963560965
1279518874879361025
1279518920819556353
1279518921012502538
1279518943892385793
1279518950695432193
1279518953795137541
1279518984468140036
1279518993116692480
1279519013794693122
1279519030441840640
1279519063912460288
1279519072250736640
1279519122284589056
1279519155172061184
1279519155541213189
1279519160989626370
1279519164810625027
1279519165234233344
1279519170489614345
1279519187514413056
1279519189640732673
1279519323422244865
1279519361993265153
1279519411658010626
1279519433044656128
1279519457820508161
1279519491353751552
1279519491865665539
1279519528624496646
1279519575885975552
1279519592377995269
1279519606097317888
1279519638175416320
1279519680571604995
1279519722695020545
1279519738822119424
1279519776700850178
1279519785206808576
1279519790256750592
1279519823437987840
1279519840324079617
1279519843629162496
1279519856593784833
1279519867813498881
1279519881319202816
1279519932112179200
1279519940442275840
1279519951032852480
1279519965473890306
1279520054074322950
1279520080007757825
1279520117366444033
1279520121543954433
1279520124957978624
1279520138409148421
1279520141257183232
1279520170780876802
1279520188698890241
1279520196571561985
1279520229727645696
1279520234056093698
1279520267530895360
1279520275256578053
1279520275621720064
1279520284085760000
1279520288359747584
1279520305887588352
1279520351672623104