1282223168854228993
1282223168887771136
1282223189565767682
1282223207412531200
1282223207592992769
1282223208809271296
1282223216107425792
1282223241721937920
1282223258394386432
1282223279122440192
1282223287381168133
1282223307681607680
1282223409477423105
1282223414585864192
1282223416339292162
1282223425701007361
1282223458882129920
1282223474447208448
1282223505191448576
1282223531326136321
1282223589303783424
1282223619431714816
1282223634988376064
1282223672149839872
1282223680735477760
1282223723337195520
1282223726252027905
1282223735186096129
1282223739447508995
1282223776931840004
1282223837690638336
1282223907454324736
1282223919785795584
1282223946268659717
1282223954892120064
1282223958066991104
1282223959866396673
1282223971765833728
1282223991885881344
1282223996629651457
1282224075339960320
1282224109196382208
1282224113508143106
1282224148236898306
1282224164863193088
1282224249193639936
1282224251110436864
1282224260082278401
1282224260740775942
1282224280479117314
1282224319838339073
1282224331645423617
1282224334392766465
1282224340751261698
1282224376734199813
1282224393989558272
1282224524558249985
1282224576454373376
1282224604665315332
1282224633878470657
1282224713163399171
1282224720750968833
1282224730205040641
1282224754875699201
1282224768276717568
1282224777730510848
1282224820139241473
1282224825050832896
1282224825650618368
1282224848337620993
1282224863957188609
1282224885721255937
1282224888757932034
1282224890217549830
1282224901848432641
1282224930889793537
1282224939395772416
1282224961759907840
1282224982983139329
1282224989786136576
1282224997944172545
1282225007670763520
1282225039996223488
1282225056139980801
1282225081050001408
1282225111710396416
1282225116852756481
1282225129284665344
1282225187635621888
1282225200583421952
1282225243466207232
1282225255021531136
1282225266232823808
1282225271190372352
1282225280233492480
1282225283786047489
1282225324860809216
1282225371941765120
1282225374106181632
1282225413360672768
1282225439419727873
1282225444712902656
1282225455282761728
1282225477759926272
1282225481379647490
1282225494239244289
1282225498454740992
1282225500941717505
1282225501185155072
1282225509628293122
1282225588946849793
1282225605983920128
1282225607514836992
1282225610597769216
1282225631896330240
1282225635176386560
1282225677568270338
1282225682072973312
1282225695364546561
1282225697923182592
1282225719049945089
1282225738968641538
1282225745989783554
1282225753497600000
1282225766399389697
1282225782677540864
1282225799580524544
1282225825086144513
1282225827950686209
1282225828105990144
1282225863782801408
1282225930585415685
1282225960297869313
1282225989636943873
1282225992690524162
1282226013209079809
1282226063117037574
1282226079978192896
1282226093177679874
1282226101113155585
1282226113276764161
1282226138409041920
1282226139029700608
1282226148508827648
1282226164220731392
1282226174161301505
1282226181404872704
1282226227198164994
1282226238669688832
1282226264884076544
1282226287205990400
1282226319980462081
1282226320282394624
1282226365484478464
1282226371343851520
1282226382970462210
1282226395649847297
1282226418483527680
1282226507893501953
1282226520283635715
1282226530102411266
1282226559236149248
1282226562956435463
1282226564504211457
1282226567813496833
1282226584837971969
1282226593381912577
1282226647115067392
1282226668271280131
1282226739830292481
1282226747786829824
1282226752308355072
1282226759543533568
1282226771933433856
1282226798357385216
1282226819740073984
1282226823066275842
1282226878284288001
1282226889487261697
1282226918645993472
1282226970340864001
1282226974325448704
1282226990330851329
1282227008571727875
1282227010857775104
1282227016373329927
1282227019498094593
1282227120257634304
1282227133411135488
1282227202004746240
1282227229510918144
1282227243226365952
1282227254743822336
1282227258627850245
1282227296229904384
1282227317302059009
1282227345626214403
1282227436499984384
1282227443588378624
1282227443797901312
1282227464916340736
1282227561418956800
1282227686723616769
1282227704385769475
1282227715815481346
1282227805179318283
1282227812489781252
1282227826020753409
1282227914193244160
1282227950822146048
1282227967125487616
1282228014647062528
1282228018220433411
1282228069223325696
1282228077704036353
1282228164987621378
1282228170259935238
1282228182595166213
1282228200945463296
1282228214681817093
1282228219073245184
1282228223015882752
1282228227029766144
1282228232192880640
1282228256859709440
1282228277969657856
1282228279462764547
1282228328049577985
1282228338031984640
1282228345032208384
1282228438263230465
1282228462762299392
1282228505372049408
1282228513236492289
1282228513311989762
1282228558828642304
1282228567196274688
1282228618085593089
1282228622808551424
1282228652436975616
1282228664143425543
1282228677158342656
1282228713896148992
1282228730442768389
1282228748780294145
1282228798445047808
1282228811988434946
1282228844594778112
1282228859635548162
1282228879466344448
1282228881445892096
1282228900047859712
1282228946373881856
1282228949720854528
1282228971212386304
1282228982520455171
1282228999444475904
1282229041634791424
1282229067547160576
1282229079211737088
1282229080700657665
1282229101433167873
1282229138737238019
1282229142390550528
1282229150783287296
1282229166600060928
1282229200489873408
1282229213949505538
1282229233981419521
1282229249034813441
1282229251673133056
1282229277308657664
1282229285659521025
1282229309772529665
1282229364218896385
1282229443818409989
1282229472415100928
1282229540694011904
1282229582339411970
1282229611871559680
1282229617470758912
1282229628262907904
1282229641542074368
1282229657509654528
1282229699817746433
1282229746760216576
1282229766976868356
1282229779995877376
1282229868793679874
1282229903031767040
1282229913341227008
1282229913924313090
1282229922191179777
1282229963693920256
1282229970119602179
1282229981255434241
1282230126974042113
1282230132921577472
1282230134645288960
1282230192166121477
1282230207450099712
1282230208104407040
1282230224596471808
1282230226521661441
1282230255176912896
1282230270813450241
1282230299015835649
1282230337775566848
1282230353923629060
1282230353936240640
1282230354841972736
1282230388765741056
1282230396198031360
1282230400165613568
1282230425168027648
1282230458516779011
1282230475566624768
1282230484261572608
1282230514074738688
1282230564477562880
1282230649089392640
1282230680865234944
1282230694220124161
1282230730936979456
1282230751442812928
1282230808166764544
1282230819612962817
1282230861757329416
1282230895739580416
1282230983400607744
1282231049922084864
1282231062693842944
1282231096684445697
1282231113247678464
1282231113440571398
1282231121040691203
1282231121263001600
1282231137486671872
1282231163667517446
1282231185096298497
1282231225961385985
1282231243699113985
1282231319615934464
1282231330005295105
1282231378805960704
1282231382639616001
1282231402587619330
1282231403514671105
1282231470552223744
1282231482140983296
1282231515909251073
1282231520464375809
1282231538344701952
1282231578903683072
1282231579209850880
1282231592597852161
1282231595517325317
1282231596653834242
1282231612273459200
1282231637967806464
1282231655923683328
1282231657857155074
1282231658138218496
1282231717630291970
1282231722671845377
1282231752468168706
1282231763696263168
1282231772030402561
1282231777315229697
1282231781068951552
1282231809787322368
1282231835645210627
1282231859003265024
1282231861444370432
1282231864472801280
1282231873251532800
1282231873750605824
1282231878427144192
1282231898719363072
1282231923272712192
1282231935935414274
1282232010128470016
1282232033499119616
1282232053484998656
1282232054189629441
1282232091447418880
1282232124880441347
1282232129695256576
1282232146078257153
1282232157474299904
1282232188256358403
1282232191934533633
1282232195646582784
1282232200205873152
1282232208783224832
1282232283689295872
1282232283764862976
1282232342699024384
1282232350303227909
1282232373166215168
1282232392766443521
1282232434335965184
1282232436214992896
1282232455945162752
1282232456733745153
1282232457199321088
1282232498039201792
1282232517886525443
1282232522684891136
1282232536261898240
1282232542792347650
1282232555643830273
1282232559573794816
1282232585985433601
1282232598383570944
1282232602112524290
1282232619539795968
1282232631728517121
1282232636556156929
1282232669854666752
1282232712275820545
1282232713232121856
1282232726599413760
1282232744769204224
1282232750649618432
1282232762368495617
1282232779590316032
1282232811949371394
1282232861031096320
1282232870002548736
1282232896175116289
1282232903708168192
1282232933227606016
1282232946397605888
1282232950436716552
1282233035467956225
1282233039146360832
1282233059069186048
1282233093269725184
1282233121837133826
1282233173049577475
1282233199574360064
1282233224190668802
1282233227109793794
1282233244075925504
1282233264783138817
1282233270529384448
1282233284210987010
1282233284483665920
1282233371645575168
1282233379203592192
1282233396635357184
1282233402926739456
1282233416851890176
1282233430600638473
1282233457972830208
1282233508522536965
1282233525878640640
1282233572041068547
1282233575081943040
1282233584439267329
1282233596598771712
1282233638210371585
1282233642140479488
1282233648398438401
1282233708511207424
1282233736545759232
1282233738815066112
1282233754338066432
1282233772704923649
1282233772729970688
1282233781903130624
1282233789796810753
1282233844553396225
1282233894125948928
1282233950031814657
1282233969820434432
1282234050032340992
1282234103904055296
1282234109461487616
1282234112548503553
1282234150070738946
1282234191552188416
1282234201878794240
1282234204844183552
1282234269025230853
1282234272909336576
1282234297894625280
1282234304702099457
1282234320338292737
1282234340160630784
1282234340244623360
1282234359068663808
1282234359878242309
1282234406283825152
1282234427817385984
1282234482024747008
1282234490056663040
1282234494230188033
1282234495228411904
1282234502996209665
1282234541957173250
1282234562156929024
1282234569677320197
1282234581777866754
1282234652694999041
1282234687956619264
1282234694986346502
1282234696164880385
1282234709209239552
1282234741937377280
1282234746546933760
1282234781003059202
1282234846836817921
1282234876473667585
1282234909973676032
1282234930257248256
1282234934070042624
1282234934623641603
1282234945944117248
1282234989887868928
1282235019470073856
1282235034590683136
1282235090169401344
1282235111841378304
1282235123123884032
1282235124298350594
1282235134327087104
1282235148163903491
1282235206649417730
1282235228996739072
1282235249158762496
1282235258801475585
1282235293312135170
1282235328854663168
1282235345707425792
1282235356792999936
1282235366586580992
1282235374639681540
1282235417635454976
1282235425185247233
1282235504755441669
1282235551668563974
1282235567292461056
1282235572367454208
1282235597042720768
1282235681637621760
1282235694686121984
1282235705607852032
1282235748549136384
1282235765993271296
1282235807051456512
1282235870406414336
1282235891575119872
1282235898382495744
1282235904749236224
1282235949494263811
1282236028804378626
1282236055677067264
1282236059376656385
1282236088363257856
1282236172656414720
1282236182986928128
1282236198224830469
1282236207246774273
1282236238221672453
1282236242944376832
1282236259394449410
1282236265879031810
1282236272623288323
1282236328600428544
1282236353225216001
1282236355989438465
1282236411324903430
1282236486507692032
1282236561757593600
1282236574420185093
1282236590773829633
1282236634432327687
1282236634486972417
1282236683333836801
1282236688039739393
1282236725989740544
1282236737985622016
1282236844248358914
1282236864288751616
1282236923751231489
1282236953560260608
1282236974485692419
1282236981746049024
1282237010799923200
1282237141960069120
1282237161287356416
1282237161929089026
1282237238063927297
1282237262147837952
1282237279788888065
1282237282666283008
1282237296641748992
1282237322684256258
1282237334511996928
1282237339180371968
1282237350148337670
1282237364434276352
1282237389159583745
1282237392125075457
1282237396059402240
1282237510937128960
1282237523314401281
1282237526581731328
1282237534626619392
1282237539512803334
1282237568159846400
1282237633649872896
1282237685827080193
1282237709864652806
1282237745780396032
1282237749441949696
1282237777833160705
1282237787903852544
1282237836658380801
1282237840525590529
1282237855947874304
1282237881801564160
1282237888751599616
1282237897094000640
1282237934599626753
1282237959132057602
1282238070184607744
1282238081945546753
1282238110294827008
1282238167827922944
1282238224044306433
1282238249621061632
1282238260488605696