1283627426006863873
1283627426581491712
1283627485150707713
1283627489969860609
1283627578452873218
1283627631963848705
1283627664729944066
1283627690969296899
1283627694375104513
1283627695541297155
1283627699164987392
1283627779192426496
1283627783269371906
1283627783499870209
1283627783546195971
1283627854215905281
1283627921266012160
1283627980716011525
1283628026060632064
1283628041122582528
1283628055542497280
1283628076174315520
1283628127693012993
1283628153026555904
1283628160592998400
1283628160752529409
1283628161209708544
1283628164669861888
1283628178062356492
1283628189521043457
1283628202691366912
1283628210962313216
1283628298602344448
1283628302331252737
1283628348745191424
1283628441703768064
1283628450834599936
1283628454550867968
1283628466848649218
1283628499903766530
1283628508233625600
1283628558414487552
1283628563573465088
1283628593076039680
1283628600286011392
1283628646876565505
1283628651490279424
1283628658972930048
1283628709421789184
1283628722617118720
1283628726023004160
1283628785179533312
1283628932340813825
1283628970643279872
1283629019183931398
1283629020849016833
1283629036707573760
1283629045020856320
1283629070929059840
1283629088578699264
1283629091082522624
1283629099794087937
1283629120379748352
1283629149412659200
1283629150125907968
1283629183604854784
1283629225363288065
1283629239212879872
1283629295274000384
1283629310222442496
1283629339062370304
1283629352425410560
1283629363775172608
1283629368368128001
1283629387338797056
1283629388819570689
1283629405550542851
1283629414664810496
1283629485531815936
1283629527965421568
1283629531887067136
1283629561092231169
1283629590477508608
1283629623906127872
1283629636543492096
1283629637004742656
1283629654239313920
1283629657884176386
1283629663827316737
1283629691694391298
1283629693187485697
1283629708471500800
1283629723361263616
1283629741275336704
1283629764930985984
1283629783583203328
1283629884179456001
1283629884703555584
1283629968363143169
1283629968799367168
1283630031470596096
1283630061157969921
1283630065108963335
1283630114794684416
1283630120918372360
1283630139750801408
1283630228808450048
1283630257166102528
1283630287415472128
1283630321347342337
1283630328490397696
1283630366365044736
1283630438465118208
1283630443154206720
1283630487945252870
1283630538700451840
1283630545235148800
1283630577577418752
1283630584452046852
1283630609743482880
1283630621567246340
1283630627934412807
1283630656694521856
1283630658741432320
1283630677175545856
1283630677754359808
1283630710872584192
1283630719013658624
1283630719604936706
1283630724004839427
1283630727972757504
1283630778870427648
1283630786755862529
1283630806833995777
1283630814987726855
1283630828598308865
1283630836902961160
1283630857282936832
1283630888299843584
1283630908814360578
1283631016964354048
1283631038594347013
1283631075483201536
1283631082601144323
1283631092118040576
1283631133515755520
1283631155263139841
1283631197524865025
1283631201698435073
1283631226113458182
1283631247785250816
1283631280731688962
1283631288839278592
1283631306782445568
1283631322527862785
1283631352395509760
1283631352735244288
1283631368572985345
1283631385421455360
1283631400244203521
1283631422125887488
1283631436205973504
1283631473296322565
1283631513779593221
1283631515432374273
1283631654884356096
1283631743136927744
1283631757217193986
1283631759662301184
1283631809696342023
1283631856034906114
1283631889291653121
1283631905544511489
1283631923793932291
1283631973760512000
1283632002009374721
1283632015355633665
1283632065926303744
1283632078282723328
1283632080052682753
1283632086553972737
1283632170205171714
1283632178136584192
1283632195546972162
1283632199384870914
1283632217000939520
1283632224680771587
1283632249573797889
1283632277478608898
1283632304351404034
1283632312966504448
1283632346357395458
1283632347703676929
1283632380432064512
1283632393312763904
1283632494080782336
1283632511181107204
1283632598724608002
1283632598728794112
1283632695541501952
1283632722062213121
1283632748478029826
1283632754458947584
1283632812533231616
1283632819907055616
1283632840349868033
1283632841331560453
1283632958558044161
1283632985019789312
1283633025977167872
1283633026161876992
1283633054733524992
1283633085653934080
1283633092679340032
1283633113642369024
1283633123016802304
1283633133066362882
1283633172497018880
1283633191111151616
1283633211352903680
1283633227530473475
1283633265455202304
1283633268978601984
1283633340168302592
1283633444250095617
1283633483055804417
1283633542195367936
1283633563208830977
1283633592795639809
1283633634080161792
1283633634826543105
1283633647552094208
1283633689994375168
1283633693450317829
1283633734462234625
1283633746793684994
1283633795401281537
1283633836136337408
1283633894051516418
1283633894219108353
1283633927261786112
1283633986363969538
1283634007377354753
1283634011630231553
1283634016520941568
1283634018588581888
1283634049790038016
1283634066923888642
1283634070149357570
1283634224944357377
1283634258360188928
1283634318645108736
1283634330116521989
1283634355265581059
1283634431656226817
1283634439327633410
1283634456855629825
1283634469312684032
1283634489604931585
1283634498807017478
1283634531610828800
1283634573507584000
1283634594730987522
1283634646215991297
1283634656449986560
1283634683037835264
1283634699655475203
1283634771097075712
1283634802453815296
1283634804081262594
1283634838457552897
1283634858821062657
1283634863514415105
1283634889485701120
1283634896129290240
1283634896305610752
1283634900470394886
1283634908985020417
1283634912868749313
1283634912889917441
1283634950718148608
1283635052044320768
1283635073485611011
1283635080817250304
1283635089264513026
1283635110269652993
1283635127201853441
1283635144000233472
1283635168452857856
1283635184143933440
1283635290792267777
1283635306118279169
1283635315526295553
1283635382223921154
1283635424607432706
1283635449727090689
1283635454697517057
1283635479347257345
1283635482794983425
1283635492978741249
1283635514902548482
1283635532598259713
1283635538285735936
1283635539254665216
1283635567813681155
1283635592375365632
1283635605331558400
1283635654015033345
1283635701624569856
1283635763431841794
1283635785246191621
1283635815466168322
1283635860982738944
1283635878263353344
1283635907149668352
1283635941278576640
1283635958655705088
1283635960773836801
1283635990720950273
1283636004096802816
1283636020240474113
1283636024678244352
1283636041719541760
1283636046048096256
1283636087823294464
1283636091443191809
1283636108493041665
1283636121063182336
1283636213015085056
1283636217381175298
1283636218815746048
1283636228424859648
1283636228521447424
1283636228617842688
1283636246955188225
1283636306548006912
1283636351166889984
1283636368602812416
1283636457278779394
1283636485246377984
1283636509719969792
1283636548471263233
1283636561192591366
1283636642566242304
1283636661889335296
1283636662250151936
1283636729413619712
1283636795981410304
1283636807687536640
1283636813639249923
1283636838758928385
1283636843825655809
1283636881066831874
1283636900507639808
1283636906765344768
1283637027389530112
1283637073740623874
1283637088307621889
1283637115411144704
1283637149443796992
1283637182092193793
1283637187565637632
1283637198303096832
1283637289432866816
1283637325029728256
1283637569217949696
1283637580383178754
1283637581297545216
1283637660448444423
1283637698092314624
1283637706791124993
1283637716773560320
1283637735803310087
1283637815457329152
1283637832003710978
1283637853537423360
1283637875288858627
1283637878854242304
1283637893160992769
1283637904036765697
1283637912173600768
1283637950455132160
1283637966561251329
1283637975482462210
1283638008327974912
1283638026371883008
1283638029459042307
1283638071469187072
1283638084228329472
1283638084408692738
1283638089446039555
1283638090133671937
1283638097406758920
1283638138397577218
1283638168969936896
1283638211009564672
1283638223227490305
1283638235399413760
1283638255892590598
1283638260296638465
1283638306203410432
1283638321806225409
1283638323588866048
1283638328022065153
1283638343805394944
1283638370070138880
1283638382682398730
1283638394136883202
1283638403083509761
1283638453826183168
1283638457592451077
1283638461656756225
1283638466257932289
1283638515889131521
1283638583258120192
1283638587095801856
1283638596038209537
1283638722064457729
1283638725419958273
1283638776498184194
1283638788971995136
1283638801869557761
1283638830621495297
1283638839546871808
1283638854994538496
1283638901840674816
1283638906861187072
1283638919121141761
1283638921281200133
1283638986020474881
1283639007298060293
1283639015812431872
1283639019729940480
1283639032124248065
1283639037018791937
1283639045222998017
1283639074440581120
1283639099535097856
1283639104287145986
1283639111874686976
1283639136981676032
1283639152315994113
1283639179231068161
1283639208771350528
1283639308746883072
1283639325448720389
1283639346407436294
1283639459637071872
1283639508047663105
1283639540218044416
1283639542831108096
1283639548157874177
1283639589408669696
1283639590750912512
1283639627807485952
1283639645079773186
1283639712297611266
1283639728605192198
1283639799115419648
1283639799543283714
1283639828626706432
1283639842308530176
1283639892354859010
1283639945949622272
1283639950324437002
1283639962534121476
1283639963158843394
1283639983878950913
1283640017911296000
1283640022105817093
1283640025817796609
1283640047388856320
1283640123368910849
1283640126833176576
1283640143287431168
1283640182042800129
1283640201940578304
1283640207833620480
1283640223868559362
1283640228205359105
1283640239269900289
1283640240670990336
1283640317225435136
1283640437052338177
1283640450172088320
1283640466877976579
1283640507994865664
1283640535744499713
1283640567679774720
1283640597564190720
1283640630414135296
1283640651230388224
1283640655311331329
1283640681265692673
1283640696654700544
1283640706066595840
1283640709879390208
1283640718347481089
1283640752250040320
1283640764874936320
1283640782373650432
1283640786215751680
1283640789835436036
1283640805924564998
1283640827349102593
1283640840766713856
1283640873557749760
1283640881757790209
1283640949525151744
1283640991660953600
1283641012263383041
1283641045759127553
1283641049383141376
1283641062687268869
1283641066592370689
1283641121667678208
1283641137325105153
1283641138314960896
1283641145520558080
1283641158699188224
1283641187744780289
1283641188956778496
1283641234360238080
1283641234427269120
1283641249304633344
1283641310096891904
1283641334448914432
1283641378619056128
1283641400064651265
1283641403122151424
1283641419412971521
1283641431475642368
1283641440095080449
1283641472688877568
1283641498592931840
1283641523888885761
1283641535775547392
1283641579521994752
1283641598585139200
1283641600187314177
1283641616109121536
1283641635536949248
1283641640544907264
1283641645053784064
1283641653249490944
1283641661705220096
1283641843532673024
1283641859336802304
1283641880165650432
1283641892190773248
1283641907080425472
1283641947530330123
1283641968497762304
1283641982485770241
1283641989355970561
1283642064778014720
1283642072927539200
1283642085543796736
1283642106225946624
1283642122550128640
1283642144461389825
1283642154062090241
1283642190535602176
1283642207824732162
1283642215944925185
1283642257267097601
1283642266188382210
1283642269145456641
1283642289617698817
1283642295087247360
1283642295804473349
1283642298492841984
1283642388628402176
1283642389844783104
1283642400544448512
1283642427207819264
1283642501539131392