1279037181017784323
1279037209107103744
1279037265977712640
1279037302069755904
1279037323255013376
1279037337524207618
1279037368910204928
1279037375247679488
1279037425713643521
1279037444403408901
1279037483758518273
1279037548682252288
1279037549923536897
1279037561948835840
1279037565895671810
1279037574624022529
1279037591258566657
1279037599223631872
1279037603363217409
1279037641036455937
1279037645532905472
1279037691531718656
1279037712541134849
1279037721760141312
1279037734233845761
1279037741536329730
1279037741729222661
1279037751682269187
1279037779465338881
1279037804698316801
1279037843332124672
1279037846486122499
1279037884125732866
1279037901393838080
1279037918388948993
1279037940199559168
1279038112845500417
1279038141249265664
1279038144290017282
1279038171892809728
1279038188351303680
1279038224787214336
1279038304068009989
1279038304508424194
1279038329325907970
1279038341577502720
1279038346334011394
1279038371281752065
1279038371524947974
1279038375199158272
1279038376646246400
1279038384497782784
1279038410045489152
1279038434070401024
1279038446158438406
1279038470527352833
1279038480576888832
1279038492853534720
1279038493189160962
1279038500977983490
1279038588999684096
1279038589163225091
1279038593877585921
1279038621610360833
1279038652526538752
1279038706729594887
1279038723653591042
1279038727755649024
1279038770143268864
1279038807501914112
1279038849239470080
1279038851923824641
1279038928876691457
1279038939849011204
1279038945498628096
1279038945993486341
1279038954948513792
1279039004256743425
1279039037844717569
1279039075006234624
1279039118425686016
1279039122288623616
1279039155490754560
1279039155893346304
1279039248293924866
1279039264232222725
1279039315226628097
1279039356603256832
1279039374173315073
1279039398420586498
1279039431987605505
1279039436886597639
1279039457652617216
1279039536920539136
1279039558340931586
1279039617375899648
1279039629476364288
1279039667266924545
1279039681875730432
1279039710887915522
1279039713526104064
1279039725777702913
1279039805419130880
1279039805662416902
1279039822015930369
1279039844233011200
1279039847789932547
1279039923065061377
1279039935383769089
1279039981776846848
1279040040946073601
1279040057136025600
1279040061330395136
1279040065348554752
1279040074206851074
1279040124911792128
1279040137033220097
1279040137251500032
1279040137373065220
1279040144247578631
1279040162295681025
1279040166649266177
1279040179718799366
1279040217006116865
1279040234311888898
1279040270995243008
1279040288405614592
1279040305099083777
1279040308634955776
1279040321314271232
1279040322148929537
1279040359016935427
1279040367430635520
1279040380881821697
1279040404965322753
1279040422510280706
1279040451123785728
1279040456698011653
1279040512930885633
1279040551216648194
1279040556245692418
1279040577795833856
1279040606539591680
1279040618203922432
1279040682208964608
1279040686294261760
1279040699367690241
1279040711011241984
1279040719622004736
1279040799200571392
1279040807820038144
1279040850345984000
1279040870982049792
1279040883703365632
1279040886953967616
1279040904418951168
1279040963038588929
1279040963231592449
1279040968872910848
1279041013609369601
1279041043246329858
1279041047587414016
1279041059633483776
1279041093057875968
1279041105573621760
1279041135218843650
1279041136070443010
1279041198078877696
1279041227778715652
1279041231864111105
1279041261031260161
1279041263673753600
1279041278349578242
1279041340903510017
1279041394389086208
1279041398763896832
1279041448437039104
1279041471526600704
1279041472201924609
1279041475427414016
1279041485195939841
1279041486261288961
1279041517257142273
1279041521300525066
1279041552405237761
1279041575352492033
1279041588254126086
1279041608890101760
1279041609003347971
1279041609276014592
1279041671133638656
1279041672266072064
1279041684559597568
1279041687386501122
1279041728016769029
1279041764146532353
1279041775726977024
1279041785554182151
1279041847957078016
1279041878520991745
1279041894081802241
1279041912025071618
1279041913191051264
1279041917079052289
1279041928806440962
1279041936574361601
1279041936637202434
1279041940516790274
1279041981612724224
1279042012050841600
1279042026856755207
1279042034767147008
1279042082859081728
1279042095781683200
1279042120700084225
1279042121031393281
1279042143772966919
1279042210751709185
1279042238706745345
1279042245879005186
1279042259409928199
1279042264879300609
1279042272026398721
1279042292054138880
1279042323318558722
1279042329026990081
1279042332361478144
1279042349469966336
1279042397293424644
1279042397528301568
1279042412678168576
1279042452549103618
1279042476012118019
1279042514847174656
1279042515086249986
1279042527862104066
1279042532425465857
1279042561005563904
1279042594547400709
1279042603548381184
1279042610418589704
1279042661635092482
1279042770783567872
1279042859665027072
1279042901293621248
1279042905399681024
1279042909447340033
1279042917559083008
1279042926052597761
1279042926706860032
1279042930267865091
1279042930859077633
1279042959426625537
1279042968247324672
1279043014061699074
1279043052028465155
1279043068889575426
1279043073591435266
1279043098421735426
1279043187177291777
1279043211705663488
1279043245146804224
1279043308220747783
1279043320568852481
1279043341943013379
1279043349694078979
1279043379452620800
1279043383626027008
1279043398838685696
1279043400768069633
1279043408821129216
1279043421328617472
1279043475598708737
1279043479742676992
1279043484205416448
1279043520918179840
1279043575985115146
1279043685422903298
1279043685670240256
1279043724174069761
1279043743866388480
1279043747964125184
1279043775776555008
1279043789512941569
1279043802510983168
1279043823314886661
1279043824396972032
1279043848677834756
1279043861462036480
1279043899340750848
1279043899575558144
1279043918181564419
1279043924531830784
1279043933046259714
1279043968563662848
1279043983805726720
1279043999693631488
1279044008635817986
1279044033558560768
1279044062708891648
1279044091947421696
1279044108674187265
1279044108766580737
1279044112558313472
1279044154870333442
1279044167872675840
1279044213997547523
1279044229822545922
1279044230774734849
1279044272310935553
1279044281764925443
1279044306330738688
1279044339822444544
1279044360907165698
1279044394688172034
1279044398928605186
1279044485121523712
1279044507757973506
1279044511398793220
1279044566100959233
1279044579333939200
1279044591132585985
1279044663119405056
1279044721281839110
1279044733654855682
1279044733696909313
1279044749639499778
1279044768169963522
1279044785014050818
1279044813363568641
1279044817717211137
1279044842706939910
1279044843470274561
1279044856027983877
1279044859442147330
1279044925384949762
1279044965457375232
1279044980246544384
1279044983245484034
1279044990426112000
1279044998806286336
1279045002635677696
1279045005047484423
1279045016975966208
1279045040397049860
1279045098895015937
1279045165697687555
1279045167371087872
1279045178913886209
1279045182973898757
1279045186174083074
1279045190964187136
1279045220546510849
1279045250456203265
1279045336112259073
1279045346509938689
1279045362922196993
1279045375157063680
1279045404798201856
1279045425606131714
1279045426231083009
1279045440441217028
1279045472351653890
1279045484733067265
1279045485051994112
1279045518132498433
1279045533596676098
1279045540420952064
1279045564668080129
1279045606569398275
1279045652421500930
1279045655571415040
1279045753017470976
1279045753281957889
1279045790980354048
1279045793337561089
1279045837038014466
1279045849566392321
1279045851315408896
1279045867392114689
1279045938011607041
1279045942537342976
1279045954365202432
1279045958890688512
1279045958895099909
1279045975407878144
1279045975735250951
1279045982928474113
1279046021599944706
1279046042005188608
1279046063261966337
1279046077849706496
1279046121457946629
1279046130421108737
1279046135265595394
1279046143444475911
1279046160577990656
1279046193784504321
1279046201564938240
1279046311560577025
1279046319160475649
1279046321270403074
1279046331709808642
1279046334524403724
1279046355806085122
1279046394704265216
1279046419748392960
1279046475251679234
1279046496177074177
1279046505551323138
1279046525423955969
1279046541798453249
1279046545615261698
1279046558441504768
1279046576355278849
1279046583875747843
1279046595808387073
1279046630235353088
1279046647247507456
1279046654725894145
1279046676158779394
1279046680051175427
1279046685570760704
1279046692785045504
1279046752079937537
1279046785269485569
1279046806131765249
1279046851858178050
1279046860125200384
1279046910507200513
1279046911232630786
1279047002861469696
1279047020137742337
1279047045215481856
1279047129403658240
1279047137842659332
1279047168570068992
1279047191051542529
1279047242784092161
1279047245724372999
1279047309595152384
1279047447721971718
1279047447822700546
1279047495767650305
1279047573181829120
1279047582136795137
1279047582430494720
1279047590085120002
1279047595353088001
1279047598981156864
1279047620116299776
1279047628307783683
1279047653343428608
1279047662835245062
1279047733081509891
1279047742107594752
1279047765679620097
1279047768900874240
1279047776865681408
1279047779386626051
1279047787091505152
1279047796151259139
1279047842317942786
1279047866741174272
1279047904049520641
1279047904569831424
1279047913608556544
1279047915533713408
1279047967241093122
1279047971594780672
1279047996873662466
1279048064502648833
1279048093665820673
1279048118559006721
1279048135810187264
1279048139689938945
1279048147793326080
1279048177736470528
1279048198330503170
1279048211731296256
1279048232312754177
1279048248833880064
1279048252676100096
1279048252906704897
1279048261689540608
1279048263002456065
1279048340936818690
1279048343184764928
1279048358510891010
1279048379180257280
1279048403633287169
1279048475049517057
1279048487750062081
1279048525792370688
1279048525809156105
1279048543005794305
1279048561267740673
1279048563805130752
1279048580066619394
1279048585766735873
1279048641068453888
1279048657690669058
1279048693065437184
1279048722580672514
1279048790188621824
1279048823608881153
1279048848527241217
1279048890684227584
1279048902885457920
1279048908866551809
1279048919188717568
1279048920505749504
1279048957667180544
1279048970573099008
1279049004177907719
1279049012218396672
1279049044405485569
1279049052362022912
1279049062726209537
1279049079507619841
1279049084935036929
1279049095793926144
1279049152769351680
1279049155126726659
1279049182683299841
1279049242955468800
1279049250782031872
1279049263071342592
1279049265189474305
1279049280016261120
1279049305735794688
1279049344277192704
1279049385435947008
1279049418596143105
1279049469309288448
1279049490821832704
1279049500888162307
1279049503530799105
1279049510933745665
1279049515589414913
1279049545150877696
1279049566378176516
1279049570014674945
1279049582618587141
1279049586653442048
1279049587462942720
1279049590789070848
1279049688105304065
1279049695768260608
1279049708955209729
1279049737706991616
1279049742132150277
1279049746133536769
1279049771353886720
1279049829843337227
1279049901800898560
1279049909438742530
1279049913947611148
1279049914140495872
1279049947460108290
1279049977415831552
1279050006432022531
1279050039801847809
1279050073863831553
1279050086320943104
1279050117203529728
1279050128452661248
1279050140788105221
1279050169317830658
1279050187005190145
1279050191018979329
1279050202985439232
1279050208026996741
1279050219607506945
1279050266390654976
1279050305959800832
1279050312330985473
1279050346413916163
1279050362800926721
1279050373190254594
1279050375920787460
1279050459198697477
1279050492769902598
1279050509081509891
1279050512906715141
1279050576513335296
1279050581353562112
1279050584897675264
1279050593093464065
1279050593626095616
1279050623258775556
1279050664526729217
1279050664820293635
1279050673015992321
1279050684957106176
1279050693739982851
1279050701918830592
1279050781753253895
1279050796601147392
1279050807002923008
1279050819774681091
1279050836832923651
1279050861176672256
1279050861528768513
1279050880394936321
1279050902935154689
1279050947067555841
1279050949512830977
1279050958362882048
1279050977488900098
1279050982916329475
1279051004592472070
1279051016885932033
1279051046355116035
1279051057784651778
1279051058443096066
1279051113568886784
1279051265054593030
1279051280971968513
1279051281592713217
1279051331769171968
1279051348533817344
1279051352954601473
1279051369283031041
1279051369702400001
1279051374420992000
1279051381958213632
1279051474660741121
1279051487071666176
1279051501332303872
1279051542897680384
1279051570483732480
1279051637735096321
1279051657519792130
1279051717976436737
1279051726176301062
1279051772246609920
1279051810007855109
1279051810163036160
1279051818643927041
1279051826432622596
1279051844019511299
1279051856086552577
1279051869202141184
1279051898214064128
1279051902416818178
1279051923342024706
1279051956716265479
1279051961384435713
1279051994506891264
1279051998172766208
1279052010784911362
1279052010940059648
1279052012504702976
1279052032142381056
1279052063817830402
1279052073888182278
1279052097338703872
1279052116078796800
1279052121426530304
1279052129236328450
1279052141995401216
1279052162610446336
1279052199474139137
1279052271326806016