1280713252876333056
1280713269582483456
1280713283465609217
1280713284656795648
1280713290675609601
1280713320874405888
1280713326692126720
1280713387488546816
1280713416664068097
1280713493419888640
1280713494334189568
1280713495420579840
1280713555701125123
1280713596276703233
1280713601460797442
1280713622813986818
1280713652069261312
1280713664350298117
1280713684797526021
1280713706616356864
1280713708025425921
1280713824669184000
1280713858253041664
1280713913890291712
1280713915773726722
1280713921104621574
1280713928163680256
1280714008086089729
1280714147072667648
1280714151631953921
1280714160158978049
1280714176109973507
1280714226378539010
1280714232233779200
1280714255961149440
1280714348252418049
1280714369962332160
1280714390606508032
1280714425461178369
1280714477529214976
1280714602582425600
1280714608089718784
1280714637873479682
1280714667317497857
1280714763287265280
1280714780966367232
1280714781268127746
1280714802692677635
1280714855734038528
1280714898046103553
1280714935886962688
1280714964525670401
1280714967352827904
1280714968690757632
1280715002601586688
1280715024395194368
1280715039540776960
1280715077352488960
1280715103185166338
1280715145489104897
1280715187587354624
1280715190812565504
1280715221128982528
1280715270827409409
1280715325269393408
1280715334778052608
1280715355246256128
1280715384966934531
1280715441556484098
1280715552345010177
1280715569143205889
1280715585958092800
1280715627498438659
1280715669563113473
1280715686030069760
1280715715801120768
1280715800308056064
1280715803093078016
1280715807509495808
1280715812744187904
1280715845346316288
1280715858575339520
1280715959439941632
1280715979308310528
1280716000439214080
1280716096954232832
1280716119008063490
1280716231797084160
1280716243670978561
1280716260792086528
1280716261501042689
1280716398872784897
1280716414832095233
1280716424051212288
1280716443680677888
1280716772656640000
1280716791468048384
1280717405317033984
1280717557201276928
1280717735081775104
1280717791679533061
1280717796570279938
1280717858528350209
1280717859036041216
1280717867856605186
1280717875171356673
1280717911640989697
1280717917353578497
1280717938253877248
1280717938815729664
1280717947309301760
1280717950522216448
1280717992297283584
1280718093417766912
1280718094709768192
1280718144298942464
1280718182123286528
1280718182551035905
1280718185801506816
1280718205384704001
1280718211353399298
1280718250012073984
1280718298783477762
1280718303485399040
1280718308233236480
1280718358086746112
1280718358586044416
1280718375342280705
1280718408770781185
1280718416798781440
1280718454102929408
1280718458544517120
1280718458632548353
1280718467063181312
1280718479709089793
1280718480208097281
1280718492019417091
1280718501582381056
1280718503604092929
1280718538144133120
1280718647934300160
1280718673200713733
1280718681115328512
1280718689424285697
1280718731476299777
1280718741748269058
1280718753160929280
1280718802024620032
1280718906949275654
1280718919469170688
1280718947080437770
1280718978369777664
1280719031683690497
1280719033533259776
1280719141792616449
1280719200630292480
1280719253214310400
1280719257165344775
1280719318003494912
1280719377801908224
1280719406289518593
1280719410420842496
1280719411054366726
1280719415483326465
1280719426988490752
1280719449293611008
1280719582098046977
1280719591845646336
1280719616377909248
1280719654143569922
1280719712918343680
1280719757658865665
1280719770153889792
1280719828769075200
1280719859274395648
1280719872096256000
1280719910549798912
1280719914249211904
1280719957324713984
1280719966438936576
1280719973321715712
1280720033249923072
1280720039314784258
1280720043970629638
1280720182625869824
1280720208123092996
1280720232185843715
1280720241543147521
1280720282563600390
1280720290104987649
1280720296115228673
1280720299734863872
1280720332089892870
1280720391367884805
1280720434208673793
1280720464080285697
1280720506514104320
1280720521940910082
1280720563896373251
1280720568329756677
1280720580279504896
1280720608133816320
1280720643760283648
1280720694913851395
1280720717210726400
1280720791374618627
1280720833275625473
1280720841261621248
1280720860899311616
1280720874237079553
1280720875713556486
1280720886945976321
1280720915827847168
1280720916914135040
1280720925130919936
1280720930646433792
1280721018227589120
1280721033503354880
1280721079997280258
1280721180723310592
1280721269227388930
1280721339985408002
1280721387129393158
1280721432385855502
1280721488082059264
1280721522471075840
1280721528846315520
1280721536668692481
1280721560064552960
1280721587247943680
1280721604864081922
1280721622840811520
1280721629941829632
1280721748774645760
1280721773693145088
1280721785353191430
1280721810124759040
1280721822795722754
1280721868912128000
1280721893386043392
1280721906451144704
1280721945911341056
1280721999090745350
1280722086793637893
1280722111191904256
1280722113330999296
1280722120344035328
1280722124785594368
1280722141009215488
1280722203651211264
1280722224597663745
1280722225901957120
1280722233392893956
1280722246735212545
1280722249956417536
1280722255308349441
1280722372035612673
1280722390993866753
1280722406089187328
1280722439383760897
1280722442583851008
1280722451090100224
1280722476222144512
1280722502583386112
1280722506140155904
1280722556257878018
1280722569780432896
1280722581335601152
1280722610687524864
1280722619038343168
1280722638889824257
1280722648280883202
1280722665506918401
1280722682623885313
1280722690463223810
1280722699640360960
1280722711497658368
1280722739364605952
1280722795324981249
1280722799162769408
1280722816791273473
1280722817617723392
1280722866586214400
1280722937918533632
1280722979937292291
1280723018814087169
1280723085545607168
1280723090054483974
1280723097415491585
1280723114377216000
1280723122325524480
1280723135726157825
1280723172183154689
1280723240252395521
1280723252978036736
1280723269025361920
1280723327758172162
1280723332627750912
1280723349136539648
1280723449959157760
1280723453897617408
1280723455516610560
1280723471098675200
1280723504795488256
1280723512639004672
1280723519903580160
1280723525553344512
1280723567580114946
1280723572521041920
1280723629760602112
1280723630104641536
1280723650828800000
1280723685893189632
1280723710362529798
1280723718369615874
1280723729719242752
1280723739102117896
1280723748816117768
1280723770076954629
1280723781556699136
1280723822992392192
1280723831137730560
1280723869586853889
1280723882010243072
1280723902747082755
1280723903011344385
1280723904240197633
1280723920522444801
1280723962889043968
1280723966244671490
1280723970111594498
1280723986591039488
1280724007709487104
1280724204279656448
1280724267139645441
1280724313369382912
1280724347460575238
1280724390020186113
1280724406122184705
1280724445724684288
1280724451533807617
1280724477052022784
1280724542344826880
1280724576234803200
1280724591078510592
1280724703724949507
1280724801015799809
1280724888983154689
1280724892372123648
1280724951675404292
1280724997015814146
1280725010563260418
1280725051562573824
1280725093510008832
1280725094818631680
1280725114909319168
1280725169477046272
1280725206357737473
1280725253174579200
1280725322560724993
1280725396174934016
1280725400411353090
1280725420845993984
1280725455272701957
1280725513443725312
1280725534356451329
1280725550605037568
1280725560298258432
1280725664438591489
1280725715533606912
1280725752644808704
1280725786006298624
1280725831753629696
1280725849054961664
1280725858043310080
1280725870047424512
1280725912011431936
1280725958257864705
1280726008744734722
1280726049639153667
1280726066433310727
1280726078231699456
1280726108619579394
1280726130266222592
1280726131562479618
1280726139229609984
1280726225917317124
1280726231722471424
1280726247203459074
1280726272344088587
1280726298051018752
1280726345262067712
1280726347514552320
1280726348076548096
1280726394016677889
1280726440154202112
1280726440711987200
1280726465026416640
1280726473842651136
1280726490360020992
1280726512208154624
1280726555774251008
1280726645628903424
1280726645901492229
1280726702923157504
1280726710351040513
1280726725324832768
1280726743293165568
1280726835169562624
1280726864332500993
1280726868396609538
1280726911015178241
1280727002283155456
1280727031559438337
1280727241433812995
1280727297465692160
1280727315870146560
1280727322086137856
1280727350225760256
1280727355137445889
1280727383641853958
1280727396115779585
1280727404705701888
1280727495692767232
1280727505662443520
1280727551522947072
1280727568287764481
1280727573706596352
1280727656837926918
1280727676777492480
1280727686743285760
1280727689205334016
1280727766070157312
1280727794683719680
1280727796059267072
1280727816682655744
1280727820268908545
1280727852091047937
1280727866863386624
1280727938342608896
1280727941610123264
1280727959028985856
1280727973721706496
1280727987973808128
1280728035218636800
1280728068110213120
1280728114075586560
1280728117380775936
1280728135433105408
1280728154684915718
1280728277661806592