1283249951728754688
1283250059887378434
1283250131664621569
1283250149255503873
1283250152933818369
1283250194423992321
1283250236589105153
1283250278913855488
1283250333251248128
1283250387491815426
1283250388423057409
1283250430269505539
1283250455976517639
1283250457708654593
1283250463626850304
1283250483617050624
1283250509382549504
1283250518605750272
1283250530756657157
1283250564395143168
1283250635350183936
1283250668762005506
1283250672994062337
1283250673082159104
1283250694007304193
1283250701947170816
1283250723770306560
1283250739821912065
1283250765335801856
1283250788807012352
1283250818615898112
1283250819631058949
1283250841294602241
1283250849964146688
1283250857820262401
1283250864262647808
1283250893723295744
1283250904330895363
1283250916028628992
1283250928188088321
1283250934613774336
1283250953584611329
1283250988795781120
1283251054516137985
1283251058932944901
1283251072715288577
1283251117636255745
1283251142223224832
1283251196061335552
1283251223244812289
1283251238985969665
1283251251883528192
1283251285114880000
1283251323572490240
1283251335823937537
1283251388739444739
1283251409421393920
1283251411552219136
1283251412483350529
1283251472633933824
1283251479814471680
1283251482142412808
1283251482410856452
1283251520012800002
1283251527835021313
1283251541395165184
1283251557568577537
1283251612190998528
1283251649167810560
1283251649989890048
1283251688862740481
1283251764146233347
1283251826503094272
1283251830856790016
1283251839887118336
1283251864692158464
1283251932098945035
1283251973685297157
1283251978416472066
1283251989686546433
1283251998515777541
1283252011018809344
1283252031155822592
1283252039942844417
1283252145286860801
1283252198676324352
1283252200198692864
1283252207924764673
1283252246013190145
1283252291978461185
1283252305354272768
1283252337742577664
1283252338304659458
1283252358999420928
1283252434240929792
1283252443397132288
1283252489110917125
1283252502213910528
1283252522292056065
1283252522363150337
1283252548623892480
1283252552184803328
1283252574129254400
1283252608552046592
1283252613044150273
1283252626751213572
1283252640403484672
1283252703410270213
1283252732548325377
1283252777985232899
1283252786906324992
1283252789016064002
1283252800420343808
1283252816513916930
1283252824940388357
1283252840782352385
1283252883669102592
1283252945610395651
1283252980137910273
1283252996525236225
1283253009414189056
1283253010349662209
1283253029878325248
1283253040854773764
1283253088623693827
1283253089420673025
1283253160279187459
1283253179287842823
1283253204205985792
1283253213756416003
1283253222904406016
1283253290717896704
1283253352927834112
1283253374411046918
1283253416483934208
1283253533752676354
1283253558834495488
1283253584419631105
1283253592149962758
1283253596490883072
1283253629747466242
1283253651276996609
1283253692871905280
1283253714388766722
1283253772815343617
1283253776841728002
1283253819099447302
1283253844248600578
1283253866646179846
1283253881758052352
1283253928797376513
1283253941086703616
1283253945096302594
1283253948330045446
1283254020652650497
1283254028596641793
1283254049836617728
1283254083533578241
1283254087685791745
1283254120720154624
1283254129872306176
1283254197488480256
1283254198507671552
1283254272172466180
1283254338958143488
1283254373305528320
1283254426426380291
1283254426661195776
1283254439709741057
1283254472601370625
1283254519074140160
1283254523306229762
1283254557821112320
1283254569594769409
1283254658870304768
1283254699152400386
1283254741284397056
1283254743691751424
1283254783827161090
1283254789783117824
1283254859236405250
1283254867616772097
1283254892253949952
1283254900827324426
1283254955449692161
1283254972495400966
1283254992883810305
1283255010260811777
1283255035242176513
1283255138845679617
1283255190187945984
1283255245330690053
1283255249898266624
1283255251710050305
1283255262070046725
1283255274820730881
1283255278100676609
1283255283389812738
1283255286942388225
1283255292277469187
1283255303421587458
1283255349638725633
1283255370509623298
1283255433893949441
1283255467389726721
1283255492480045057
1283255552504627200
1283255576911323141
1283255618816679938
1283255656003203072
1283255672101052416
1283255675066421248
1283255680292409346
1283255689490477056
1283255739625213952
1283255870189711361
1283255928675086336
1283255934421135361
1283255954713305088
1283255967543697408
1283255992222756864
1283256008295448577
1283256083495165952
1283256096358973443
1283256100276461568
1283256137760952321
1283256142597152768
1283256230690131968
1283256301750034432
1283256315318546432
1283256330564894720
1283256358444441603
1283256423527452672
1283256427113373699
1283256445421662211
1283256507400847360
1283256524983472128
1283256659440070656
1283256708555403266
1283256712711991296
1283256734434226179
1283256792613392384
1283256797378142208
1283256834808217600
1283256879783829504
1283257022759219200
1283257097023557634
1283257148357607424
1283257149582454784
1283257150861541376
1283257161531957260
1283257166414192642
1283257229345542145
1283257275499474945
1283257390612140033
1283257447382122496
1283257479745269760
1283257483113291786
1283257486552772608
1283257505846571008
1283257520950317057
1283257531108700160
1283257535059972097
1283257569126100994
1283257635417055232
1283257716505485312
1283257735878934529
1283257740102643712
1283257769618034688
1283257841617428480
1283257900043927552
1283257933535510533
1283257949125775364
1283258009418960898
1283258012434456582
1283258050871209984
1283258051365990401
1283258067359076358
1283258110153498625
1283258196434403328
1283258241909022720
1283258252621279232
1283258280723152896
1283258416136368128
1283258474793586688
1283258553952636929
1283258656469876736
1283258659607400448
1283258659674509312
1283258670130831362
1283258698891005953
1283258722039496705
1283258755652689922
1283258760107102209
1283258793954926597
1283258798103310336
1283258806273585153
1283258855678451712
1283258855770722304
1283258860027838467
1283258881368395776
1283258952117936128
1283259086578913282
1283259124529020934
1283259190392348672
1283259234214449154
1283259241617219584
1283259254292582401
1283259344382046208
1283259368650072064
1283259397142085632
1283259397519675393
1283259401592287235
1283259426741379073
1283259498312773633
1283259556517285888
1283259556609449984
1283259565711044608
1283259594609852416
1283259630945103872
1283259645293785088
1283259694241525760
1283259699916398603
1283259719889481728
1283259746338783232
1283259809291218950
1283259842484895744
1283259858611957761
1283259864240795654
1283259933677555712
1283259993483952136
1283260009552343040
1283260068847329286
1283260072701784064
1283260131896066048
1283260152699924480
1283260210870534144
1283260232395902976
1283260312226078722
1283260429532368897
1283260613523763201
1283260620272328704
1283260652065304577
1283260688723587073
1283260698118639616
1283260701281312768
1283260735913635842
1283260759229652992
1283260769048698881
1283260797913911297
1283260802108022784
1283260840414793728
1283260852783775744
1283260868969537536
1283260889894772736
1283260958819840001
1283260966147289089
1283260982521819136
1283260987228004353
1283261012700008449
1283261016055451648
1283261057365155840
1283261092169474049
1283261129263849475
1283261167104929792
1283261188655079424
1283261226022305793
1283261241520279552
1283261256871354368
1283261271207555072
1283261286734868480
1283261294708064257
1283261347422183425
1283261392733310976
1283261439797583872
1283261461393838080
1283261467563683840
1283261557309243392
1283261612405723136
1283261643787505664
1283261654235373568
1283261691086753792
1283261735932014592
1283261780060442626
1283261792383193088
1283261910247329794
1283261961669611521
1283261964701929477
1283261968074379267
1283262001892913153
1283262035921436672
1283262048722354176
1283262065550012417
1283262116045168640
1283262119379689472
1283262127940284416
1283262150715138048
1283262215512928258
1283262228314099712
1283262275160141824
1283262279371198464
1283262299436986368
1283262349735079936
1283262406597046272
1283262415141036032
1283262425161031680
1283262459743211520
1283262517314109440
1283262568384073734
1283262585735872512
1283262631395172353
1283262660251807744
1283262783933448192
1283262930679549954
1283262946479468544
1283263037970030592
1283263117422665729
1283263121763827712
1283263326986948608
1283263440006651904
1283263490552102913
1283263495811866625
1283263528854405120
1283263533145350149
1283263621535903744
1283263624165785600
1283263638531432449
1283263671469314049
1283263719171133440
1283263720483950593
1283263735008620544
1283263748556222465
1283263781422989312
1283263788796399616
1283263801345798144
1283263848271601665
1283263859730464768
1283263931893465088
1283263939661508608
1283263951782973441
1283264007433052161
1283264010385678336
1283264132184145920
1283264145886867461
1283264183354585088
1283264266816983041
1283264270612918273
1283264283283881984
1283264333603110915
1283264396949626882
1283264405908660225
1283264493318012928
1283264559118262272
1283264686394310656
1283264703146471425
1283264719919316993
1283264820750368768
1283264878950653952
1283264899934826503
1283264904162619392
1283264916657287168
1283264978514894848
1283264980008292353
1283264996995067904
1283265004897067008