1286088639013965825
1286088639638904840
1286088648564211713
1286088663332458497
1286088669544296449
1286088682882183169
1286088685549740037
1286088686350737410
1286088745633161218
1286088765463830528
1286088778088476672
1286088782375247872
1286088807603941377
1286088879175475201
1286088897655648256
1286088918266454017
1286088926080503809
1286088955880824832
1286088967671037953
1286088983659847680
1286089027746136068
1286089033555283970
1286089051133673478
1286089079860363264
1286089101511241728
1286089118481440769
1286089121547595782
1286089139834691590
1286089160202178560
1286089180892733440
1286089202275360768
1286089235146117120
1286089251193577473
1286089298220130305
1286089310920482818
1286089334878134272
1286089352968392708
1286089361612824577
1286089373600145411
1286089373805686784
1286089390196957186
1286089419942813696
1286089478847815680
1286089489031532544
1286089524561547271
1286089570988294144
1286089575882989570
1286089608527319042
1286089688260980741
1286089712428634112
1286089754354888704
1286089755902521344
1286089768569311232
1286089796914298881
1286089843903209472
1286089856855269376
1286089859786928128
1286089872562782209
1286089907010785280
1286089909606916096
1286089919136518144
1286089936236687361
1286089940019838976
1286089952388878341
1286089973377019904
1286089977525198849
1286089982138974209
1286090011797073920
1286090019824979974
1286090036904169472
1286090096073150464
1286090128423870466
1286090176431714304
1286090209474408448
1286090246267035653
1286090258749194240
1286090272225538050
1286090313782747143
1286090316227936257
1286090384603586563
1286090426789908480
1286090430908518401
1286090445127208960
1286090452970737670
1286090467747270656
1286090481294643200
1286090564757147648
1286090568745943040
1286090573733142528
1286090602795474945
1286090636668686336
1286090657094762496
1286090741035470849
1286090753958006784
1286090762480791552
1286090792239394816
1286090825471066112
1286090904160350211
1286090917875679232
1286090953359384576
1286090955360108544
1286090968228298756
1286090980270018561
1286090984607092736
1286091056115617792
1286091118875033600
1286091142337978368
1286091147606142977
1286091189700177921
1286091197665038337
1286091198126526466
1286091236441354240
1286091236768493569
1286091253105532929
1286091336547008513
1286091362081951744
1286091365693218820
1286091382659190791
1286091389898457088
1286091396265451520
1286091440964149249
1286091446550966275
1286091458320035841
1286091458550751232
1286091467434258432
1286091504771985408
1286091516721725442
1286091521981206530
1286091551077212161
1286091626910224387
1286091638326964224
1286091642806702080
1286091727342714880
1286091732359282688
1286091815012184067
1286091822973046784
1286091835908202496
1286091840744292353
1286091852056276994
1286091872423702528
1286091909115633664
1286091937728978944
1286091987276324866
1286092000106692608
1286092003441364992
1286092054792228866
1286092058416087041
1286092062526525440
1286092083196039168
1286092115014029312
1286092151298781184
1286092152506736641
1286092158471147520
1286092183683072004
1286092196391747584
1286092226242592769
1286092237613531136
1286092272161849346
1286092309411565572
1286092326293712896
1286092352117850112
1286092402722185216
1286092412503252992
1286092412541050881
1286092419281362945
1286092423408398337
1286092465850724352
1286092485371060224
1286092532514983936
1286092595031158785
1286092595039309825
1286092607693586433
1286092628098985987
1286092629990670337
1286092643307380736
1286092649322094592
1286092706150780934
1286092749859704833
1286092779941007361
1286092814032543744
1286092834458742785
1286092880931512320
1286092900829298688
1286092935423913984
1286092964054278149
1286092968722653184
1286092989132148741
1286093018496466944
1286093089816195072
1286093094140682242
1286093094321041409
1286093107583258625
1286093134347173889
1286093164512710657
1286093211329392641
1286093295211487232
1286093333320802304
1286093333845217283
1286093350291087361
1286093358142611456
1286093388220190723
1286093475302318082
1286093559846903808
1286093561109209090
1286093651588702208
1286093660543647744
1286093693703745537
1286093732383797248
1286093740096933889
1286093786242781192
1286093836834476032
1286093854123290629
1286093854396096517
1286093857915109376
1286093911631503360
1286093932867325952
1286093935685914625
1286093992627785731
1286094041692745731
1286094063515521026
1286094096155791361
1286094096776531981
1286094167479730181
1286094177114128385
1286094193354510339
1286094196722536451
1286094230574727168
1286094238749462528
1286094269212549121
1286094276728954881
1286094277127180288
1286094301643104262
1286094381393403904
1286094393804496901
1286094424653680641
1286094466013569024
1286094485370408960
1286094549807505408
1286094553741774849
1286094600126500864
1286094604228538368
1286094645722640385
1286094646783795201
1286094658435551232
1286094734239252480
1286094750743965697
1286094754858631173
1286094818398085128
1286094834617520128
1286094856188833797
1286094893236936704
1286094914703392768
1286094918817988608
1286094930394439680
1286094960635199489
1286095024447459333
1286095031607205890
1286095040771629056
1286095069641158657
1286095095679397888
1286095141133078530
1286095141682454531
1286095157578862592
1286095166168862721
1286095166378512384
1286095211806904320
1286095228886061056
1286095292207513602
1286095309974773762
1286095338428719104
1286095384633319426
1286095396582957056
1286095460210552835
1286095485472825348
1286095510827409413
1286095564980080640
1286095567320383489
1286095610425143297
1286095615160545282
1286095619074002946
1286095661364965376
1286095765664751617
1286095787550679040
1286095803925368832
1286095841279737860
1286095913488769024
1286095942102458368
1286095950717624320
1286095975212343296
1286095990462861313
1286096005121880065
1286096013242118144
1286096033953398784
1286096051691089920
1286096067495436288
1286096126383280128
1286096170926985217
1286096173464539136
1286096196658855936
1286096210407948289
1286096227600392193
1286096252233449479
1286096253202378752
1286096256469798913
1286096282533138435
1286096304242909202
1286096343509929985
1286096400019849216
1286096403329159180
1286096457838338054
1286096470769197056
1286096508224335872
1286096527136522240
1286096541439135744
1286096659668258822
1286096663459901442
1286096700592070658
1286096710201221120
1286096714407899136
1286096759744352257
1286096793961406466
1286096805642612736
1286096826836213762
1286096851884625921
1286096869660164099
1286096910596616193
1286096998786113541
1286097024295690240
1286097045695213568
1286097112715886597
1286097141761544192
1286097162577707009
1286097163429318658
1286097183293538305
1286097199307337728
1286097246107435010
1286097246820290561
1286097258975551488
1286097277770248192
1286097304068468736
1286097334888062977
1286097335047593985
1286097355641626627
1286097446007967744
1286097490291326976
1286097527184347137
1286097547304611840
1286097590656802817
1286097594561835010
1286097616271532035
1286097628221054977
1286097653756039170
1286097658227064832
1286097699184553984
1286097728972431360
1286097847088078848
1286097855212658688
1286097876410499072
1286097888582356993
1286097908656349184
1286097951308226561
1286097960099557376
1286098043805155328
1286098144225304576
1286098203427971078
1286098265545424896
1286098273661587456
1286098345073745920
1286098346059468802
1286098416397881345
1286098429442052096
1286098433296568320
1286098442280894473
1286098475529183232
1286098495800111104
1286098533297225729
1286098576284749824
1286098605250449409
1286098606072766465
1286098651295735810
1286098651727699969
1286098701778161665
1286098739887833095
1286098803070828544
1286098832414081026
1286098832724504576
1286098856732655619
1286098920666468354
1286098949204398080
1286098970457055232
1286098978661003264
1286099074882646025
1286099079303438336
1286099113021448196
1286099175554203649
1286099250086965248
1286099250984542208
1286099260174290949
1286099267589939200
1286099276355928064
1286099323177107456
1286099348523188224
1286099354097528836
1286099365401108480
1286099367888211968
1286099419599863808
1286099440848314370
1286099444895604737
1286099469524705280
1286099482002644993
1286099487002370050
1286099511182581760
1286099528299552768
1286099532175081474
1286099553511407617
1286099590735781888
1286099620259479552
1286099661539876864
1286099662873731086
1286099668594831362
1286099752422125568
1286099767236399107
1286099813268959232
1286099817350025217
1286099841685368839
1286099856180862983
1286099914120990723
1286099942981816320
1286099943678070784
1286099968948940801
1286099985537302528
1286099997700665347
1286099997851652096
1286100048040923145
1286100068932694018
1286100081557377024
1286100093611933698
1286100198763245573
1286100208036839429
1286100219726385155
1286100246494195714
1286100262881505283
1286100274373959680
1286100326572007424
1286100412517384192
1286100468612177920
1286100510030942208
1286100547918008321
1286100551323639808
1286100558776958976
1286100564552474624
1286100631019716608
1286100640079454209
1286100686162149376
1286100784652804096
1286100791355269122
1286100795037904898
1286100800217858048
1286100891859329024
1286100921324384257
1286100949623136257
1286100996725174273
1286101071790661632
1286101088882642944
1286101118217420800
1286101146977759232
1286101147371974656
1286101173133406208
1286101194126000130
1286101227235926017
1286101238539460608
1286101239290376193
1286101327228133376
1286101340792524800
1286101358962077696
1286101416189128704
1286101444899172352
1286101516357697536
1286101533915058181
1286101562880819207
1286101579943350272
1286101596389113859
1286101684280860674
1286101691977347072
1286101723820376064
1286101730745364483
1286101747426041858
1286101759081844736
1286101759274844160
1286101830632706048
1286101836848664581
1286101850652106754
1286101852161900544
1286101852640219138
1286101885766623232
1286101898018189312
1286101902221029378
1286101930805256193
1286101931623030785
1286101952367955969
1286102008500498434
1286102019254693895
1286102099063971840
1286102145935110144
1286102149110390787
1286102153434509312
1286102162079129606
1286102167888236544
1286102183922941952
1286102202591969288
1286102217884225536
1286102234821001216
1286102241695240193
1286102242202918912
1286102288201908224
1286102297253208067
1286102329914200064
1286102355667189760
1286102372817743873
1286102435241627650
1286102481894768641
1286102589663150081
1286102606713159680
1286102620000538625
1286102623435673600
1286102662316986368
1286102664980451328
1286102697821831168
1286102707481088000
1286102795666563072
1286102824674136065
1286102837768814593
1286102846916775937
1286102871696531457
1286102926289764353
1286102938365001729
1286102945986043904
1286102975442759680
1286103001560743936
1286103105822572544
1286103106158288911
1286103127620345856
1286103135807774722
1286103152928923649
1286103165314752512
1286103200701980672
1286103221287579649
1286103244251570177
1286103258809819136
1286103276992241665
1286103299578462208
1286103308005003264
1286103332751323136
1286103336245243910
1286103344939806721
1286103391710728192
1286103417253847040
1286103441589379072
1286103495226077186
1286103634669961219
1286103672363945986