1286707739322974209
1286707742271516672
1286707769819758592
1286707781484130306
1286707782184579073
1286707794515763206
1286707799171293185
1286707819555753984
1286707836651675649
1286707840359501824
1286707848068685829
1286707853693247490
1286707870315220997
1286707882176778242
1286707895489396736
1286707937424150530
1286707943472234501
1286707981015552000
1286708033314160640
1286708038515273729
1286708068256866304
1286708120547254274
1286708171676033025
1286708188612624384
1286708213526618113
1286708222020255744
1286708222972239873
1286708243784511494
1286708252928024584
1286708304346001408
1286708317981745152
1286708318329868288
1286708327603269634
1286708343017537536
1286708377096257540
1286708377951916035
1286708389410746369
1286708430930051073
1286708465579307011
1286708468951453698
1286708490849984512
1286708513041977349
1286708516686790657
1286708522248437763
1286708527868911617
1286708541248516096
1286708574979100677
1286708599448903682
1286708641676947457
1286708650426470400
1286708679283281920
1286708690846912512
1286708694739292165
1286708742277357568
1286708778692354053
1286708788653940738
1286708817565061126
1286708871210426372
1286708935609679872
1286708960251252743
1286708996854837248
1286709032317681664
1286709073476554753
1286709074478989317
1286709097430233092
1286709099292499968
1286709178279636992
1286709194956009473
1286709195946045441
1286709246038548480
1286709253630296065
1286709266510995457
1286709271355428868
1286709285108551680
1286709353215660035
1286709363026034688
1286709392986050562
1286709401231884288
1286709405229223939
1286709455128866817
1286709468567396352
1286709476503031808
1286709491443146752
1286709501597491200
1286709534833160193
1286709589703041030
1286709635592916992
1286709664738992131
1286709700122365953
1286709736491163648
1286709778484547586
1286709784352133120
1286709785551704064
1286709803352350720
1286709805504053248
1286709812181442560
1286709858646085632
1286709938056724486
1286709955257667585
1286709968104718337
1286709971531501568
1286709980465369089
1286709983938306050
1286709988715528192
1286709993169969152
1286709996776980480
1286710013529120769
1286710035003912193
1286710042473852928
1286710046693322752
1286710076242354177
1286710105237598209
1286710122090176512
1286710138078814211
1286710138875904001
1286710184241516546
1286710193619980288
1286710194328801280
1286710214876639234
1286710239815962624
1286710252403138560
1286710252860301313
1286710273248829441
1286710293914058752
1286710303015743492
1286710332656779270
1286710348591050752
1286710353016041472
1286710358116372483
1286710373383512064
1286710391184035841
1286710404257845249
1286710437153832962
1286710452765052930
1286710470406266883
1286710477951827969
1286710486839386112
1286710503444819970
1286710504107499520
1286710512554668035
1286710512663683072
1286710532003815424
1286710554091036673
1286710566778818561
1286710567097384961
1286710567370096641
1286710579684446214
1286710592481497088
1286710637561884673
1286710650648047623
1286710654720782336
1286710687859970048
1286710688749150208
1286710709095526400
1286710716632793088
1286710726686646273
1286710734278111233
1286710775466336259
1286710790981132293
1286710831174975491
1286710886049161218
1286710890235035648
1286710894295166976
1286710958556151808
1286710959462129664
1286710969511620608
1286710977669595138
1286711011488272384
1286711019495202821
1286711035735367680
1286711041452376064
1286711052571496449
1286711074931257347
1286711095491735553
1286711099778269184
1286711116714913794
1286711120158433281
1286711132942729216
1286711146372767746
1286711200135487488
1286711200655564802
1286711212949090304
1286711250332684288
1286711252065157122
1286711275754598405
1286711325805236229
1286711331391860736
1286711431484899328
1286711435284713472
1286711464640872448
1286711475101478913
1286711527286939648
1286711539983167488
1286711552591015937
1286711556433014784
1286711599336652800
1286711603061194754
1286711628201779200
1286711640126349313
1286711653640425473
1286711720682061824
1286711720921235457
1286711737908187138
1286711745214644224
1286711770548240384
1286711778962014210
1286711875720421376
1286711884671057920
1286711918573621251
1286711946872532995
1286711959010902016
1286711967172800512
1286711971413463041
1286711971849678849
1286711989033730051
1286712022101565442
1286712089063628800
1286712110953660417
1286712123364708354
1286712136706686976
1286712148161429504
1286712152502534149
1286712200632008704
1286712261080485889
1286712270920265728
1286712278033801217
1286712291459661824
1286712300120891394
1286712307813355522
1286712327765622792
1286712336867299330
1286712395298086913
1286712399882522629
1286712431985795072
1286712432912564224
1286712456954421249
1286712467075108866
1286712491859419149
1286712512872939523
1286712530287484932
1286712538177011713
1286712539766591489
1286712550558769159
1286712564169277440
1286712587737083906
1286712592476471296
1286712613708144640
1286712647086374912
1286712736274096129
1286712755681210368
1286712765240037378
1286712773473312772
1286712810412609537
1286712814833487872
1286712861625135105
1286712874317033472
1286712890544676864
1286712900053340162
1286712941484613632
1286712963450249216
1286712968349192193
1286713001672933376
1286713013521862659
1286713091942744065
1286713100792745984
1286713108787015680
1286713113249812484
1286713127749292033
1286713195693060097
1286713243294150657
1286713297174245376
1286713318716190720
1286713326458658821
1286713356687089665
1286713368544411648
1286713379877302272
1286713423045132290
1286713440237576192
1286713478623793152
1286713590691569665
1286713596353839109
1286713624434601985
1286713637802070016
1286713675328495617
1286713682450317315
1286713725156823041
1286713758644154368
1286713767649312769
1286713888830939136
1286713897756561413
1286713931248078849
1286713947178045440
1286713951963820032
1286714010541449218
1286714048336338946
1286714089889120256
1286714106607738883
1286714140212461568
1286714190762315779
1286714241836290049
1286714242033504256
1286714245443457024
1286714340993835010
1286714346937163777
1286714354226925568
1286714357313929216
1286714400120815616
1286714463056326658
1286714463782088709
1286714467552821251
1286714488972955648
1286714489828790274
1286714490562596865
1286714494534717445
1286714496862609415
1286714518509412352
1286714538969178113
1286714560569913345
1286714585597325313
1286714603024646147
1286714609257283584
1286714652005666818
1286714689968156672
1286714690165452800
1286714714131779586
1286714715691876353
1286714743835758592
1286714745505144832
1286714750747934722
1286714769680949248
1286714788479930371
1286714794867924994
1286714799292919808
1286714804791422976
1286714898865684487
1286714929312079872
1286714938044682241
1286714984332791808
1286715004570554371
1286715013395251202
1286715017442754560
1286715038280163330
1286715105481236480
1286715109612691461
1286715112070557696
1286715224062664704
1286715226335870979
1286715267331088385
1286715272729157634
1286715280534540289
1286715294745088001
1286715301128798208
1286715308766564352
1286715314483286016
1286715319206256640
1286715319503990784
1286715323371130881
1286715341972934657
1286715349325484033
1286715351842136064
1286715354559979522
1286715370095513601
1286715381613199361
1286715383400075265
1286715386197692419
1286715425041141762
1286715427968647169
1286715444859228160
1286715445513523201
1286715469790093313
1286715512483803136
1286715520105025536
1286715520658681858
1286715521270984704
1286715532297805826
1286715603156377601
1286715613193281536
1286715616406253570
1286715617278648326
1286715646668165120
1286715688082714627
1286715710161420289
1286715730185138181
1286715747293634560
1286715760522309632
1286715782341304321
1286715797654646785
1286715813861433346
1286715818160590848
1286715825139875845
1286715852012716032
1286715902616940544
1286715964852244486
1286715967939194888
1286716057277943809
1286716074646355968
1286716137229574146
1286716152979296257
1286716158071246849
1286716170490597377
1286716176265953280
1286716192015691779
1286716195337641984
1286716203797483523
1286716301004746752
1286716410165698561
1286716454541369344
1286716464184078336
1286716502062792704
1286716550649716736
1286716581389762562
1286716598561062914
1286716614759546881
1286716666102112256
1286716720409989122
1286716748851544065
1286716755927355392
1286716761275072520
1286716788877799432
1286716799057137664
1286716817071841280
1286716820578172928
1286716896537128960
1286716912509091841
1286716929365938181
1286716933367369729
1286716941399465985
1286716959095050240
1286716967630643201
1286716975528529920
1286716985326342144
1286716996877516801
1286717025478496261
1286717030012465158
1286717037558009857
1286717059821338624
1286717088699240448
1286717122299666434
1286717124266917889
1286717126863212544
1286717130998714369
1286717131359322113
1286717151869571072
1286717165010219008
1286717223663546368
1286717235805872128
1286717262263537664
1286717274024488960
1286717277954506753
1286717285869203457
1286717286489837568
1286717328571293697
1286717336360288258
1286717365372293120
1286717374956265474
1286717433101787136
1286717437560291328
1286717445735161857
1286717445798076417
1286717541763686401
1286717559031640066
1286717567470415878
1286717589788516353
1286717631626645507
1286717650668867584
1286717663885107202
1286717671761944578
1286717698190131200
1286717717802672128
1286717724450787328
1286717783204478978
1286717831720075267
1286717851995430912
1286717856961495040
1286717861101219841
1286717867526782977
1286717873185005568
1286717923483160576
1286717940558159873
1286717971318968326
1286717978533388291
1286717980823363586
1286718007352459266
1286718008279392257
1286718027195613185
1286718029250928641
1286718045247823872
1286718070556438529
1286718087597826048
1286718095445417984
1286718109651365888
1286718125363388421
1286718193843789825
1286718196679159811
1286718205046607873
1286718242606784513
1286718326224248832
1286718351037923330
1286718351167938560
1286718368368586752
1286718389449371650
1286718410676633602
1286718435603382279
1286718460622450689
1286718474094608384
1286718483598839808
1286718490066456580
1286718503127519232
1286718523851583489
1286718536774086656
1286718548900028416
1286718569728733184
1286718591170154501
1286718594806472704
1286718611604766720
1286718611671920640
1286718729070481418
1286718788235386882
1286718791951560710
1286718809395650566
1286718825363316736
1286718825505988609
1286718833491836928
1286718838533427202
1286718846129364995
1286718859030999041
1286718872004038656
1286718879360667648
1286718891062972417
1286718913695420416
1286718926496333831
1286718926810882048
1286718981202522112
1286718981563387909
1286719005823135744
1286719047862759429
1286719123540586499
1286719138153496577
1286719149008396291
1286719162753015808
1286719211461541888
1286719220143861760
1286719228431740928
1286719229643939842
1286719237155778560
1286719249168441344
1286719282429210627
1286719303191080961
1286719312661815302
1286719316348608519
1286719383042174976
1286719408489070593
1286719413174050817
1286719415988490240
1286719466676592642
1286719479783727104
1286719543717568514
1286719544866865153
1286719546661928960
1286719593373999104
1286719610453209089
1286719639423246336
1286719647476146176
1286719656779186180
1286719731316273152
1286719732150874113
1286719741323808768
1286719802455728128
1286719848358334467
1286719958580367360
1286719966570455041
1286720067128893440
1286720080076840960
1286720092806545410
1286720104793812997
1286720118395936768
1286720171684626433
1286720188650606594
1286720252747943941
1286720254647906317
1286720351804760066
1286720356905082881
1286720397530918914
1286720411321868294
1286720411678343171
1286720430309482496
1286720456393920513
1286720473506762764
1286720496093007872
1286720507283410945
1286720587260260352
1286720604473786368
1286720616670932992
1286720674975952897
1286720725705994240
1286720738557394947
1286720813522128898
1286720855922413568
1286720863589601282
1286720872334721024
1286720896586190850
1286720949316997120
1286720960561807360
1286720985761120256
1286721014467104770
1286721023262564352
1286721048533184512
1286721070112706562
1286721228540129281
1286721228674338816
1286721283183476736
1286721287566643200
1286721305086169089
1286721317413281792
1286721338183311360
1286721342189051906
1286721388003373057
1286721459193286657
1286721459960688640
1286721463727403010
1286721495859957760
1286721504751661057
1286721518060343301
1286721520249851905
1286721521755607041
1286721522166628353
1286721544002076673
1286721560540135425
1286721571827179522
1286721572435374082
1286721581025132544
1286721639120502785
1286721682145763329
1286721706783014912
1286721728228528128
1286721728677380097
1286721745337155591
1286721770469302273
1286721776018489347
1286721782871928832
1286721786843979776
1286721794636881920
1286721800194449408
1286721816635928576
1286721881802973186
1286721933132705792
1286721937797001221
1286721960588611585
1286722018453458947
1286722025411747840
1286722030243545088
1286722039882174469
1286722122358894592
1286722122870484993
1286722139467452419
1286722151593267201
1286722168362065920
1286722174573776897
1286722185768456192
1286722211072663552
1286722269700661248
1286722273395777537
1286722285534093312
1286722327863078914
1286722352487649280
1286722445156724737
1286722487150141443
1286722507756666882
1286722522520723467
1286722548588257281
1286722625365057538
1286722633627840512
1286722722119274503
1286722726296723458
1286722738686701569
1286722763961569285
1286722805631860736