1284337126314737664
1284337131373174786
1284337144165793792
1284337160519397377
1284337185353859072
1284337187564204034
1284337208103702528
1284337224213987328
1284337266849087488
1284337341646200833
1284337358326857728
1284337367206121472
1284337370846855168
1284337400014008323
1284337455420841986
1284337463826112513
1284337530855284736
1284337543085912064
1284337627412357122
1284337657737285636
1284337682642907137
1284337736137076736
1284337774322233344
1284337774431215616
1284337814952452097
1284337882467983361
1284337920577605633
1284337951015686145
1284337991926927366
1284337992572829697
1284338004430135296
1284338044523417605
1284338076269993985
1284338084084146176
1284338088953569280
1284338101112893442
1284338137632854024
1284338138752704512
1284338163381465088
1284338202241667072
1284338214275362816
1284338214380027907
1284338231174144001
1284338231845113856
1284338235586621442
1284338264669851649
1284338269308715014
1284338281266712576
1284338284718698496
1284338286048292864
1284338310756933632
1284338327240376326
1284338351860940801
1284338361398734851
1284338378863853568
1284338441770106880
1284338451610042368
1284338458727604224
1284338461844086784
1284338473999183877
1284338483675291648
1284338708880089088
1284338729910439938
1284338768334458880
1284338794678947840
1284338823208603648
1284338877121978369
1284338920990408704
1284338932428107778
1284338950828523520
1284339001294376960
1284339040884535296
1284339048702783488
1284339090779865093
1284339095607619586
1284339137110212615
1284339139437948931
1284339169574060034
1284339194177839104
1284339200570122247
1284339225546985472
1284339228755865600
1284339231993856000
1284339250285015040
1284339263216193542
1284339300595884033
1284339300696502272
1284339313224945664
1284339313711312896
1284339362973528070
1284339372532232192
1284339375694680065
1284339388718231553
1284339396536393729
1284339397027139584
1284339414005514240
1284339438793957377
1284339444254863362
1284339465125675014
1284339469227896838
1284339499598663681
1284339526794571777
1284339577881124865
1284339584097300484
1284339590321639424
1284339593668710400
1284339612182175745
1284339615986376705
1284339648370794496
1284339673515655168
1284339722119086080
1284339733343031296
1284339736274800640
1284339790956068869
1284339829627449344
1284339854546014209
1284339854659039232
1284339876012400640
1284339898774720513
1284339912796442625
1284339926486654977
1284339929732898816
1284339955045564416
1284339967024562176
1284339979884400640
1284339989158023169
1284340019113668610
1284340034401902596
1284340042488516610
1284340088600588288
1284340097672900608
1284340100172677121
1284340126567608320
1284340126760366081
1284340140081426432
1284340160453369857
1284340176760659969
1284340274093850624
1284340281911934977
1284340308411658241
1284340358990594049
1284340361654042625
1284340382067838976
1284340387235020801
1284340400178823168
1284340403697709056
1284340508559638528
1284340530843795456
1284340538242666496
1284340542885761024
1284340592043085826
1284340617141800960
1284340635705774080
1284340705381322752
1284340719499595776
1284340735647444993
1284340740743733249
1284340743872622592
1284340766794448897
1284340801741500422
1284340802714566656
1284340819462434821
1284340867105542145
1284340889784115205
1284340894368436225
1284340900894777344
1284340936500076544
1284340974471110656
1284340975058530304
1284341008772165632
1284341012546990081
1284341045019512833
1284341058491437056
1284341062123716612
1284341070705369089
1284341116180017153
1284341133728833538
1284341171943161856
1284341185096699904
1284341186099056641
1284341209360551936
1284341213198458881
1284341292688830464
1284341296786821120
1284341338381545475
1284341351220305929
1284341360238063616
1284341377241960448
1284341397328482305
1284341420028055553
1284341430945800193
1284341440122765312
1284341440303132678
1284341478081417217
1284341490072924160
1284341502592913408
1284341594351697921
1284341678917197830
1284341700211748865
1284341717701926912
1284341749641547776
1284341780104777728
1284341804914094080
1284341822555410432
1284341825612861440
1284341842503491588
1284341854742306816
1284341893049069569
1284341913651490817
1284341952205520896
1284341985348902912
1284341985361330176
1284341985608970240
1284341989471911936
1284342001836740608
1284342048397484032
1284342082287464448
1284342105855467521
1284342128185946119
1284342135312068610
1284342153791954944
1284342220682919936
1284342227389612033
1284342240387768321
1284342257898754048
1284342265452716032
1284342272088104960
1284342308121583616
1284342312034684929
1284342366065831936
1284342388358619140
1284342408549994501
1284342408692371456
1284342442620329985
1284342493358718977
1284342500518486016
1284342522601517057
1284342525487022090
1284342529702404096
1284342550837424128
1284342555941928960
1284342576791711745
1284342606902620162
1284342618680254464
1284342621708660738
1284342626498609153
1284342659981561856
1284342691862581254
1284342719754539008
1284342815133020160
1284342903968600064
1284342907135115264
1284342916110942208
1284342949485006848
1284342987808546816
1284342990559993857
1284343046583185409
1284343059358965760
1284343064241242113
1284343175545597952
1284343251260985344
1284343252565594116
1284343297490575361
1284343302708432896
1284343307112308738
1284343351916068864
1284343364867915776
1284343364918185984
1284343373239922688
1284343406915969024
1284343456991604737
1284343475018829825
1284343564680355840
1284343600126582786
1284343750538309632
1284343800672878592
1284343818498846720
1284343893882855424
1284343977697845248
1284343978188578817
1284343982030573569
1284344004331659265
1284344015706419200
1284344035717472261
1284344145969111041
1284344170887299074
1284344266681180160
1284344292014686209
1284344313103572994
1284344445106708481
1284344454820880384
1284344462857179142
1284344463205302273
1284344471786840064
1284344549129646085
1284344601642328066
1284344619715764225
1284344661029588993
1284344685859794946
1284344686237360128
1284344790516039686
1284344793129267200
1284344812804636672
1284344863484338181
1284344933478998017
1284344963376074754
1284345022062694407
1284345025300766722
1284345034850988032
1284345037992505344
1284345076341145600
1284345114211389442
1284345189016891392
1284345206301765633
1284345226547523586
1284345240535601152
1284345260341067777
1284345262878547968
1284345264535265280
1284345265873453056
1284345287256014850
1284345312060928000
1284345348199116800
1284345394810347520
1284345454453567489
1284345487445770240
1284345546166214656
1284345546216337408
1284345555011997697
1284345647026634752
1284345672624414720
1284345708640759809
1284345719453708288
1284345738437316610
1284345757210800128
1284345864492929024
1284345894293458945
1284345920382013440
1284345920532946944
1284345982092750848
1284345983162150912
1284346017765179392
1284346041819635721
1284346046001434624
1284346070533902336
1284346087223042048
1284346175009718273
1284346180105887744
1284346195775651840
1284346205682782215
1284346306371170312
1284346317548982273
1284346342349758465
1284346360196718593
1284346393222615042
1284346410813607937
1284346430946066432
1284346448247615490
1284346457399521280
1284346489616175104
1284346553646419973
1284346577293676544
1284346669543247874
1284346687524241411
1284346691198619648
1284346693748772864
1284346708739186688
1284346711100600321
1284346744831172608
1284346877102694402
1284346892529266688
1284347005150494721
1284347119982256129
1284347165830258689
1284347178006335490
1284347201641156608
1284347286898737152
1284347290535116800
1284347291709722625
1284347315873091586
1284347400317018113
1284347479874387968
1284347487579299845
1284347538515075072
1284347584589385729
1284347624351387648
1284347626138329089
1284347630877921280
1284347630911459329
1284347716273950720
1284347722535825408
1284347748708425728
1284347761262055430
1284347772787990529
1284347802290724866
1284347815490023424
1284347823673143297
1284347847450587136
1284347848818139142
1284347958432092160
1284347959086321664
1284348001108979713
1284348012748091392
1284348066779197440
1284348075817885697
1284348090896400384
1284348104788054023
1284348121984753664
1284348141643472897
1284348143048556548
1284348167216074752
1284348208399790080
1284348219523121154
1284348252188553217
1284348315245481985
1284348319855071232
1284348375937110018
1284348427309129729
1284348483126714368
1284348494845751299
1284348540710318080
1284348561459752960
1284348577297371136
1284348641302306817
1284348657039441920
1284348671111372800
1284348713855418368
1284348726128136192
1284348729026174976
1284348742137606144
1284348793824129026
1284348796651044864
1284348805140414464
1284348812341936129
1284348813717561344
1284348826594078722
1284348834324373504
1284348843912572930
1284348851843936259
1284348860303912961
1284348864108138496
1284348906910908418
1284348916394348544
1284348925516877825
1284348942461947904
1284348960182644743
1284348981468753923
1284349044681129985
1284349065099083776
1284349086158782464
1284349119264370688
1284349143788462080
1284349144354750464
1284349166039203841
1284349166588776448
1284349203309682688
1284349220942565379
1284349221559250946
1284349259152670721
1284349303985704961
1284349358280859655
1284349409527058433
1284349455354003456
1284349491156377602
1284349514816655361
1284349563680067584
1284349652976971782
1284349722476466181
1284349740985901057
1284349744572059648
1284349748338659329
1284349749332779008
1284349810984845315
1284349824893059073
1284349883189690368
1284349898612191232
1284349900864589826
1284349924675481600
1284349996633128960
1284350075620208641
1284350100475650049
1284350100534431749
1284350114090254337
1284350129823195136
1284350139923156992
1284350159753744384
1284350164346568707
1284350188564316160
1284350217366777856
1284350219757346816
1284350243610320896
1284350256952508416
1284350260798582784
1284350285561958400
1284350297394024448
1284350362170740737
1284350406643130368
1284350432265924609
1284350511865630720
1284350550402830337
1284350604480065537
1284350612058984451
1284350697077604353
1284350705617170434
1284350731370164224
1284350763779739648
1284350769383329794
1284350814727929856
1284350826937344000
1284350864539492353
1284350879831908352
1284350905614135296
1284350927403716608
1284350957145321472
1284351007661662209
1284351019468460032
1284351027827941377
1284351109855944704
1284351163035537408
1284351170606067714
1284351183537074176
1284351195314700290
1284351222183419906
1284351225383784448
1284351271206518784
1284351309756411906
1284351351246462977
1284351380052799489
1284351422465802240
1284351433802842112
1284351464215732225
1284351499171053569
1284351533258244096
1284351560064147457
1284351611611930624
1284351628657569792
1284351652405874688
1284351653831999489
1284351656763809795
1284351658072272899
1284351711365210114
1284351711558144001
1284351745423020037
1284351748371615744
1284351845779959810
1284351866344812544
1284351922032517120
1284351924901498881
1284351951694520320
1284351976596213760
1284351996128948224
1284352000319250433
1284352000868712449
1284352056711503872
1284352093994627075
1284352129121976320
1284352139242778624
1284352172260499457