1287190952868630532
1287191028454297602
1287191052500250631
1287191053498494978
1287191054400335878
1287191074604285953
1287191086939529217
1287191092102922242
1287191098251784199
1287191137946464256
1287191140006072321
1287191151594713089
1287191211602784257
1287191222864564228
1287191306633203712
1287191314803625985
1287191318519844864
1287191327822811136
1287191368515964928
1287191373045800960
1287191406864478208
1287191470307528704
1287191478175965195
1287191519854620674
1287191519926067200
1287191523382059008
1287191539991683072
1287191569255165955
1287191582425452544
1287191599097819137
1287191611890229250
1287191616466243584
1287191691146006529
1287191724717211654
1287191762759348224
1287191774797025282
1287191809161080832
1287191855260524544
1287191948135149572
1287191985158270980
1287192035385106432
1287192040346968065
1287192052518854656
1287192068826132480
1287192086513680384
1287192144395014144
1287192146341068801
1287192147133857795
1287192216440647681
1287192220777545728
1287192230508167169
1287192308253769728
1287192354231918592
1287192363274776577
1287192367359901696
1287192408883695621
1287192413690355712
1287192421223333889
1287192431935488001
1287192443784437760
1287192447248990213
1287192464147779585
1287192471135371264
1287192497073070080
1287192534708637697
1287192560146898944
1287192564504973314
1287192647493275650
1287192664350134272
1287192669391732736
1287192685313503235
1287192685690916864
1287192697674043392
1287192715529265155
1287192719748730880
1287192752443269120
1287192780683476992
1287192878381441027
1287192890825936896
1287192907284455431
1287192920253239296
1287192937944686597
1287192971121577986
1287192979757772800
1287193034023723010
1287193062775521282
1287193088235053056
1287193131079725056
1287193142207356930
1287193170065928192
1287193172192514048
1287193264249081858
1287193264811057154
1287193269462601728
1287193284813524993
1287193298197594113
1287193352786644992
1287193358025326594
1287193378208153601
1287193383157395458
1287193390560444417
1287193398110232577
1287193400798842884
1287193402967306241
1287193411901100032
1287193421027868677
1287193450056765441
1287193457652649984
1287193478812884993
1287193491995533312
1287193524127952896
1287193537604456448
1287193581594320896
1287193634132103169
1287193643548368896
1287193647977357312
1287193726603976704
1287193744824045568
1287193746514358274
1287193755041140737
1287193759227113473
1287193785957572610
1287193796476669952
1287193814801604609
1287193821600600066
1287193885144301568
1287193893386301441
1287194013523750916
1287194039838597120
1287194058088218627
1287194069526028290
1287194107492872194
1287194111116824576
1287194128011243520
1287194175599910912
1287194213625532417
1287194232889909249
1287194241605578752
1287194262891896833
1287194359805259777
1287194384023224322
1287194401756700674
1287194410623565824
1287194423944556544
1287194425819566085
1287194447801810944
1287194452323311616
1287194460674285568
1287194469222289408
1287194478873317382
1287194501275095043
1287194699938373638
1287194711707521024
1287194766439059456
1287194825343660033
1287194846508093441
1287194950397034497
1287194967719514113
1287194968063385602
1287194985759219712
1287195001105969152
1287195017958678529
1287195065174171648
1287195078566453249
1287195152692293634
1287195163941642241
1287195176700719104
1287195245281603584
1287195303007920128
1287195306657042433
1287195340211400706
1287195345592647682
1287195352916000769
1287195365943291904
1287195420460896257
1287195425909272576
1287195524706308098
1287195596693020673
1287195605501120513
1287195614636367878
1287195638631981056
1287195639147683840
1287195650963066881
1287195688590245888
1287195849236373506
1287195885835661313
1287195939984355328
1287196011819970560
1287196012432576512
1287196016081612801
1287196025233584129
1287196046146199554
1287196130405646338
1287196133668708352
1287196133777911810
1287196134096732163
1287196255836229632
1287196281174020096
1287196323062702082
1287196448287858689
1287196464549113857
1287196497562370048
1287196535625854976
1287196552751185922
1287196561743572992
1287196577761697792
1287196628017872898
1287196634326106112
1287196644635824129
1287196654039310338
1287196654093950976
1287196713824837632
1287196784310149122
1287196787716038656
1287196810537246721
1287196858385743873
1287196952237608960
1287197015101919232
1287197031145123845
1287197051105705984
1287197073150861314
1287197155757891585
1287197157464866821
1287197223760134144
1287197291531689990
1287197291963510784
1287197303355342852
1287197337119490049
1287197362138554368
1287197418795274242
1287197470443937794
1287197496603746306
1287197514500837376
1287197551842725892
1287197581370630145
1287197639356715008
1287197646852165634
1287197652434784260
1287197744147259392
1287197792390254594
1287197811222732801
1287197812225183744
1287197915799322631
1287197939979259910
1287197966390960129
1287197966609113088
1287197982354337794
1287197982597640192
1287198006182371334
1287198045537472512
1287198067473690624
1287198067700244487
1287198083139293184
1287198112956784642
1287198180518408193
1287198209547411456
1287198241314881536
1287198269039403011
1287198276593254400
1287198293705895937
1287198347678212098
1287198357350424576
1287198378124861447
1287198387457097728
1287198394054836224
1287198398605598720
1287198406734229504
1287198414623502337
1287198424022970369
1287198456776450053
1287198464837931014
1287198486681858048
1287198511289765890
1287198536837271552
1287198561692798976
1287198633784414209
1287198649492148230
1287198653950636032
1287198656098111490
1287198806833061888
1287198808946991104
1287198812969164802
1287198842610315264
1287198892963041285
1287198894456287232
1287198897295818762
1287198906787430400
1287198959065157632
1287198981144154112
1287199016082477056
1287199019027095552
1287199039587377152
1287199112019017728
1287199123901472768
1287199127349100545
1287199132214419457
1287199187004583936
1287199200829231104
1287199204700372992
1287199222337601549
1287199241258053632
1287199291107311618
1287199344903573507
1287199372334309377
1287199446846111745
1287199464034361345
1287199520955068416
1287199530182742019
1287199601791926272
1287199610218450954
1287199622985908225
1287199625221271552
1287199627524091906
1287199770608640007
1287199827785388032
1287199829291016192
1287199869971595264
1287199911965073410
1287199937088937985
1287199946874077187
1287200005363773440
1287200038012116992
1287200072648859650
1287200219822559232
1287200235098447880
1287200281122549761
1287200365935353859
1287200403130638336
1287200412467167233
1287200432729788418
1287200491475070982
1287200495644184577
1287200508319395841
1287200525323309056
1287200570965544960
1287200596332892162
1287200600837353478
1287200630352879617
1287200663894519808
1287200692084461570
1287200776096555015
1287200786628452355
1287200793670504450
1287200843008290816
1287200852030246917
1287200880924688384
1287200882208063490
1287200889808224257
1287200889866870784
1287200899295666177
1287200899459198977
1287200931277426691
1287200935547146245
1287200935849218048
1287200967079927808
1287200976504414210
1287201040597622784
1287201078392418304
1287201099552710658
1287201158222643200
1287201158306693120
1287201195577278471
1287201195614822400
1287201216557133825
1287201271120670721
1287201275411599361
1287201344277946368
1287201351651426304
1287201384056655874
1287201389467271170
1287201438519590912
1287201451152826368
1287201455414231040
1287201460971765761
1287201526252023809
1287201546984394753
1287201556492771328
1287201623706460160
1287201657781202950
1287201677188067329
1287201722092453890
1287201745576144896
1287201774533672960
1287201812043440129
1287201812328710145
1287201817722359808
1287201871384510467
1287201879009755139
1287201900106940418
1287201909422473216
1287201938354982914
1287201960073089026
1287201980062896128
1287201994772549632
1287202005098868741
1287202060254031879
1287202069011554304
1287202085566521344
1287202124279865344
1287202130814799873
1287202140335767553
1287202153128484865
1287202160464125952
1287202213790543872
1287202379440390144
1287202391461433348
1287202403780100098
1287202427402240000
1287202445484003328
1287202448143192064
1287202473380388871
1287202525423312896
1287202576597909504
1287202580100255744
1287202584923639809
1287202614128631808
1287202621560889346
1287202639181094913
1287202642318565378
1287202667576475648
1287202670802083841
1287202726024105984
1287202773403160577
1287202785897799681
1287202857041698816
1287202873890267138
1287202925362712578
1287202928202145793
1287202940764090368
1287202948582268928
1287202949865889796
1287202999354265602
1287203006799380482
1287203019809947649
1287203040303255552
1287203058443788288
1287203116190842880
1287203129272958977
1287203133182156802
1287203134780170240
1287203158826127360
1287203166514110464
1287203184423862275
1287203184956579843
1287203199930322951
1287203200483958785
1287203263079682048
1287203263960547328
1287203277143257095
1287203298928480263
1287203423297970186
1287203440334999552
1287203471108616192
1287203473453285376
1287203503312703489
1287203518995222528
1287203545612193799
1287203557154807811
1287203569628848130
1287203587467214849
1287203595218108417
1287203662033571847
1287203666383056896
1287203683193827330
1287203686192566273
1287203695554203650
1287203733890203648
1287203745789607937
1287203758175399939
1287203759429484547
1287203762474491904
1287203804509855747
1287203836348837889
1287203864861646848
1287203917151875072
1287203935527133185
1287203969928843264
1287203977113636870
1287203985317720070
1287203998622081024
1287204008151658498
1287204056029712386
1287204087935664129
1287204123427758081
1287204123490820097
1287204144122650624
1287204164531924992
1287204195502891010
1287204221759246337
1287204244366356481
1287204245788413952
1287204257528152066
1287204260833304578
1287204337865953282
1287204358065516544
1287204367515488257
1287204384242200577
1287204405952094208
1287204437807771649
1287204477397864448
1287204568221155329
1287204605303173120
1287204666678231040
1287204685242404864
1287204698630610944
1287204702745026560
1287204711742025734
1287204718846988288
1287204732537315328
1287204769094709249
1287204773335375877
1287204823805329410
1287204862342635520
1287204883423268864
1287204920794525698
1287204984086568960
1287204995688005633
1287205016542076930
1287205033319096321
1287205049681219584
1287205067838246912
1287205099362639872
1287205117033406464
1287205223186837504
1287205236889858053
1287205297556160513
1287205336777019392
1287205382318891015
1287205386563604482
1287205407711207424
1287205428854571008
1287205431597600768
1287205457086558210
1287205465575874566
1287205553475850240
1287205571079426049
1287205578125656064
1287205604549951489
1287205621985501185
1287205625588482049
1287205691703406594
1287205706421211136
1287205721562648583
1287205743129550848
1287205783852253184
1287205881604722696
1287205889909325824
1287205906883764224
1287205919168909316