1286058440419422209
1286058440557842432
1286058441958658048
1286058465753010180
1286058472644268032
1286058486158299136
1286058512284618757
1286058515950379011
1286058528679972866
1286058533054750727
1286058537857187844
1286058562935037955
1286058587471720448
1286058659152302080
1286058667046051841
1286058717880950784
1286058721890664458
1286058745961885696
1286058755755565064
1286058768363483137
1286058776169070592
1286058780845731840
1286058826630930446
1286058852379693057
1286058868615909376
1286058882968756224
1286058902090588160
1286058906008064002
1286058923296882688
1286058946290225153
1286058964686376960
1286059002649030656
1286059058156322816
1286059061620797440
1286059073503453184
1286059082080825346
1286059141350465536
1286059161323798529
1286059161701232644
1286059168395341824
1286059170765168645
1286059196396388352
1286059199680610305
1286059208517935109
1286059249869688837
1286059271176589312
1286059302508212225
1286059309005074432
1286059366475595780
1286059379385565184
1286059401363599361
1286059510302486534
1286059536093048832
1286059552266485765
1286059563293323264
1286059640225067009
1286059644629274624
1286059686350004225
1286059694105255937
1286059710613983237
1286059711767261184
1286059734823510019
1286059745925672960
1286059749667151873
1286059752724877314
1286059783238320128
1286059790351896576
1286059803597516801
1286059816830541824
1286059900188217352
1286059925735645184
1286060009558859782
1286060013648216066
1286060026067656704
1286060050939670529
1286060089200250883
1286060118459781121
1286060164316110849
1286060181156032512
1286060197861941250
1286060227784302597
1286060230091198464
1286060273963397120
1286060336789852161
1286060339889680384
1286060341596692480
1286060345572749313
1286060365634306062
1286060387411144709
1286060411897470976
1286060428691410950
1286060462526722048
1286060488166703106
1286060525848231937
1286060537554571265
1286060538510942208
1286060549760061451
1286060559432126464
1286060564930859010
1286060575504699404
1286060576666509312
1286060638192590848
1286060655045480448
1286060676784566273
1286060679997186048
1286060720283623425
1286060744048599040
1286060844539875329
1286060869563166720
1286060878236983296
1286060936579575808
1286060969815244801
1286060986491781120
1286060992565321728
1286061066552782850
1286061089688391680
1286061123842842625
1286061146479276032
1286061183586500614
1286061197029122048
1286061221834178561
1286061302050197504
1286061313509097472
1286061381356118016
1286061448653705219
1286061490106175488
1286061519633911808
1286061532288356352
1286061540148379651
1286061582032592898
1286061589683208194
1286061616241487873
1286061631018074113
1286061645450612736
1286061661565198336
1286061695476039680
1286061737196879873
1286061770906439680
1286061789671755781
1286061800329535489
1286061859636903936
1286061863084740608
1286061901512933377
1286061914087477251
1286061921528053763
1286061964574285824
1286062022434656258
1286062024456392704
1286062056752455682
1286062061395546115
1286062064683950087
1286062084585816064
1286062086251065344
1286062123051888643
1286062147475300352
1286062149152849920
1286062195059699716
1286062248394399744
1286062253050138627
1286062270494265345
1286062308859564032
1286062357844840449
1286062454708084736
1286062466359672832
1286062513403174913
1286062550816362498
1286062600543825920
1286062605308657665
1286062616713076736
1286062641459474432
1286062710220890114
1286062712867500032
1286062713958019074
1286062735860670464
1286062823634866186
1286062836033056768
1286062840269410304
1286062848943194125
1286062851380195329
1286062878693310464
1286062916932898817
1286062932300881921
1286062949220716547
1286062953725272064
1286062979503587328
1286063063473557504
1286063079386746882
1286063107257905152
1286063172726784009
1286063178758135811
1286063193455026176
1286063209355587585
1286063279887077376
1286063297519931392
1286063300262805504
1286063334907944967
1286063356231606272
1286063385579266049
1286063386048987139
1286063510867320837
1286063540546211840
1286063550012817408
1286063601334321157
1286063608473047045
1286063633307504642
1286063638219034626
1286063671274332162
1286063684159262722
1286063692065406977
1286063733987516416
1286063805588545536
1286063818850926596
1286063825347842048
1286063872596742144
1286063889092943872
1286063892897116162
1286063905832304641
1286063938556264452
1286063951659388930
1286063956298170374
1286063972857217024
1286064075752046593
1286064148825042944
1286064170153246724
1286064182555639814
1286064215317516289
1286064226021396481
1286064236695887874
1286064251694657536
1286064283802050568
1286064321567641600
1286064329448718343
1286064333529780224
1286064333852749832
1286064342601879558
1286064363309338626
1286064375028015104
1286064381160112128
1286064384566079488
1286064408460955649
1286064416635658252
1286064427767398400
1286064463662256128
1286064476287107074
1286064478468153350
1286064510411759616
1286064526559858688
1286064535191711744
1286064538836590594
1286064579949273088
1286064584915169280
1286064607258451968
1286064619161890822
1286064682160263171
1286064719951011842
1286064744521240577
1286064748392583170
1286064788712415232
1286064820718940160
1286064845876600835
1286064859050778624
1286064862603251712
1286064883214307330
1286064934179295234
1286064992102551558
1286065031705243650
1286065043206025220
1286065050638151682
1286065075128680448
1286065084805132293
1286065168921907202
1286065198504251394
1286065204594343936
1286065235632238598
1286065236059934720
1286065255819419650
1286065327701401601
1286065345162293249
1286065437571194887
1286065474414010371
1286065565610778624
1286065595952164864
1286065597889957888
1286065701099311105
1286065746792132609
1286065756543709184
1286065759949590528
1286065793508155392
1286065812931936258
1286065827058290689
1286065841637859333
1286065876752650241
1286065886139473920
1286065915222790147
1286065932004073472
1286065935711952904
1286065940808052747
1286065948814970882
1286065961553088513
1286065978703589383
1286065986026659840
1286065986395877378
1286066002749423618
1286066003751981057
1286066010953592832
1286066073981329410
1286066116163334146
1286066122010361856
1286066167463972865
1286066174682206208
1286066183477714945
1286066229875290113
1286066230546358272
1286066233893359617
1286066237932437504
1286066250557390850
1286066262997479424
1286066270832492544
1286066284531154944
1286066356794740736
1286066377045028864
1286066385567744000
1286066473404960768
1286066486277296129
1286066498713264129
1286066507001270272
1286066548361383937
1286066563217608711
1286066564899516417
1286066574043107328
1286066606968320000
1286066642007592960
1286066644708552711
1286066648600973313
1286066732398936065
1286066749952135168
1286066789701562369
1286066812686422016
1286066820781309957
1286066897105162240
1286066900464799746
1286066913236451335
1286066926309920768
1286066934233145346
1286066980005412864
1286066984040316929
1286067005087457282
1286067009634131969
1286067021504024578
1286067080677093376
1286067081549475840
1286067098670727170
1286067114604990465
1286067127741485057
1286067160972816385
1286067164655624193
1286067165003743232
1286067173530562560
1286067177863483392
1286067198625292295
1286067211057143809
1286067228501250054
1286067248541638658
1286067253310562304
1286067268657586177
1286067274667839488
1286067328959090688
1286067347283939328
1286067357555634176
1286067383153635328
1286067394658500608
1286067421086994432
1286067424677236737
1286067491853271043
1286067496114675713
1286067516859703298
1286067530528747520
1286067550300897280
1286067550455861250
1286067550510559236
1286067563185790977
1286067572518129665
1286067584773828609
1286067605124468736
1286067605686702083
1286067639777988609
1286067649508552705
1286067698154127360
1286067700234702848
1286067701547499521
1286067702197518338
1286067723508695041
1286067754144083968
1286067759953084422
1286067768052178944
1286067768731860992
1286067773681147904
1286067782317088768
1286067848943730689
1286067873627148288
1286067887048884225
1286067903025033216
1286067953583165440
1286067979625668609
1286067983043964930
1286067987313827840
1286067995102474240
1286068016153796610
1286068050224123905
1286068083807985664
1286068108818558979
1286068138476556293
1286068145094983681
1286068150858133507
1286068171800285189
1286068196060135424
1286068255501815810
1286068284991975427
1286068285407203336
1286068343129202695
1286068392844242945
1286068419469533186
1286068423521263616
1286068427828768769
1286068457310691329
1286068486062522368
1286068553758552064
1286068588739063808
1286068599057190918
1286068610776076289
1286068628358680587
1286068645723078656
1286068653881004038
1286068669567696902
1286068670582550530
1286068700597178368
1286068720704659456
1286068722768257025
1286068749242695684
1286068767244550144
1286068767567609859
1286068893803520000
1286068897351962627
1286069018835779589
1286069018894508033
1286069023243870208
1286069069289074690
1286069073739014145
1286069098808410112
1286069106576429062
1286069108518289410
1286069115090808834
1286069115371716609
1286069124418818049
1286069127979753472
1286069139728224259
1286069182921150465
1286069258464632832
1286069321014288384
1286069350173233156
1286069370926637056
1286069399133224960
1286069400056008706
1286069400496246784
1286069408868085760
1286069410961260551
1286069412404092928
1286069443013955584
1286069471044657153
1286069546848260098
1286069563990224896
1286069588598423554
1286069596873785356
1286069644080676865
1286069728147124224
1286069740063068162
1286069744970366976
1286069757079240706
1286069766763888640
1286069778998865921
1286069790881099776
1286069824011907072
1286069844899766273
1286069861974593537
1286069869796974592
1286069908673974273
1286069949300006914
1286069958519078912
1286069971307520000
1286070024663216128
1286070046813560833
1286070051259334656
1286070059081838593
1286070159858372608
1286070167617798144
1286070181199052801
1286070188526444550
1286070193794494466
1286070198521364481
1286070243174035456
1286070277915512839
1286070308903030784
1286070348681797634
1286070352972521473
1286070373319159811
1286070377794482183
1286070463987191810
1286070466030043136
1286070516273602561
1286070536083185665
1286070557679792130
1286070574263885825
1286070574687629315
1286070579590832131
1286070622355959808
1286070644904308736
1286070680245633024
1286070692425981957
1286070696456728576
1286070709031071744
1286070752651948033
1286070785182806017
1286070804946378752
1286070814408937475
1286070838899298304
1286070839675363328
1286070868787916800
1286070923318177794
1286070931769757697
1286070964782903296
1286070973599371265
1286071065517658114
1286071154067804165
1286071158568255491
1286071212112859136
1286071217535873024
1286071242836127744
1286071270879240193
1286071274729398273
1286071322133458944
1286071329855242242
1286071342350176261
1286071342547206145
1286071364743385088
1286071376340815878
1286071383525490689
1286071396787982342
1286071397043834880
1286071397337440262
1286071401644847106
1286071413695275015
1286071427146317825
1286071434557759488
1286071438491783170
1286071493198262274
1286071501880524800
1286071526505160705
1286071538685489153
1286071565541670912
1286071597984612358
1286071686438289408
1286071714833719306
1286071724799188992
1286071731506098177
1286071732969889793
1286071807892586496
1286071812783247361
1286071872359141382
1286071896258293765
1286071913178116112
1286071938230747136
1286071963543392257
1286071967892856832
1286072038667571201
1286072047857090561
1286072077032677376
1286072114265694209
1286072173824630784
1286072210193387520
1286072211002945537
1286072341412433921
1286072403009970193
1286072420663689218
1286072424354766849
1286072441564024833
1286072525680570369
1286072592311267328
1286072620627050497
1286072626276958208
1286072641003180038
1286072653191708672
1286072655385251840
1286072663425916928
1286072722653577216
1286072736440172544
1286072747483967491
1286072756241674241
1286072760469467138
1286072761568227328
1286072814773112832
1286072822712991744
1286072869072461824
1286072869127168000
1286072890031562757
1286072890195148801
1286072898608934914
1286072907257413633
1286072927843168263
1286072931924099072
1286073017664077824
1286073087427899393
1286073096030392320
1286073100388507651
1286073136241401870
1286073162418061312
1286073184270221314
1286073187743207425
1286073204826673152
1286073207049654272
1286073223420022785
1286073263081357312
1286073276456996864
1286073299852820481
1286073338654121984
1286073342974361600
1286073447626477570
1286073451938275331
1286073502689361920
1286073536285736963
1286073536776269825