1280834013486125056
1280834015705083905
1280834016220811264
1280834018569748480
1280834018863386626
1280834046084493312
1280834064665149440
1280834072827310080
1280834087230615552
1280834124291473414
1280834132940066817
1280834141009989632
1280834145141133314
1280834145279762432
1280834160312098816
1280834195787571201
1280834196395700224
1280834224090689536
1280834257003393031
1280834300737466369
1280834358853672960
1280834384736763905
1280834389300125697
1280834409868886016
1280834418463125508
1280834468329250816
1280834485832089600
1280834527477346309
1280834552777314304
1280834565637095425
1280834737708335104
1280834813478555649
1280834879496826880
1280834904725639169
1280834928192692236
1280834970223808517
1280834972341825537
1280834976531939328
1280835047235485696
1280835065916747776
1280835076465602567
1280835138780356609
1280835152256610304
1280835189799706625
1280835210918191104
1280835255293927425
1280835270192050178
1280835281063641088
1280835302240727040
1280835315759005697
1280835325049405440
1280835354552004608
1280835357626466304
1280835358436065285
1280835407563894785
1280835461066481664
1280835512660643846
1280835522076672001
1280835533309181953
1280835542264020994
1280835599855955968
1280835616884785152
1280835659645816834
1280835676607590405
1280835688053735425
1280835718550601728
1280835897932386304
1280835912314826752
1280835937803608075
1280835961501315072
1280835962222735360
1280836035254063104
1280836044787716097
1280836048822689793
1280836063381065728
1280836078958718978
1280836078958776320
1280836083199152130
1280836129562824704
1280836142816952320
1280836172101701632
1280836197250732039
1280836240401719296
1280836242998013954
1280836260232298496
1280836263755595778
1280836435575177218
1280836470564163584
1280836536347561985
1280836578198392833
1280836675653046272
1280836679171964929
1280836721547120640
1280836746952019968
1280836750315683840
1280836801570144257
1280836840623226880
1280836854703628289
1280836935112630274
1280836980918693891
1280836993786826753
1280837073491111937
1280837114863718400
1280837159877070849
1280837161487564800
1280837162112606213
1280837204357664770
1280837291800432641
1280837295700992000
1280837348146774019
1280837358812790784
1280837375946641408
1280837392308383745
1280837435895709696
1280837476425306112
1280837501024944131
1280837502446657537
1280837543492288513
1280837573095669760
1280837622945001479
1280837631606128642
1280837736182755329
1280837757565374465
1280837789739868160
1280837835700998146
1280837912591040513
1280837959974076423
1280837999257882624
1280838089276096512
1280838090312073217
1280838117801504768
1280838251985563656
1280838260395331585
1280838277898133505
1280838295568564225
1280838332113543172
1280838377626050561
1280838425038422016
1280838451458433031
1280838478872432640
1280838516352651264
1280838529518460929
1280838611722661888
1280838634615320577
1280838713795391489
1280838742752837632
1280838785442492418
1280838809698082816
1280838826785726467
1280838860029792256
1280838863972438016
1280838869227880453
1280838872813973505
1280838921673338880
1280839002623561729
1280839039466246150
1280839066259345409
1280839236908974080
1280839241652674560
1280839246308409348
1280839275194376193
1280839311898918913
1280839380517695488
1280839435089784834
1280839452273913857
1280839484364357632
1280839502416744448
1280839523392520192
1280839552320458753
1280839619815374848
1280839652887400448
1280839661691207687
1280839694889242625
1280839745569017858
1280839750895538176
1280839764808290317
1280839770361548800
1280839799524528135
1280839832999129090
1280839833380773889
1280839867124121600
1280839883238576129
1280839894668120066
1280839896123531264
1280839921381642247
1280839942319550464
1280839971369291777
1280840009420062720
1280840038373306370
1280840053380571136
1280840055792099328
1280840060426846208
1280840102197985282
1280840114986455040
1280840173182431233
1280840201942839297
1280840231969841152
1280840305525305350
1280840425264349186
1280840445656829953
1280840494550069248
1280840499859988480
1280840588699500544
1280840592121950208
1280840642508263426
1280840689513881600
1280840706957946882
1280840727019360257
1280840734392844289
1280840734757867521
1280840793708773376
1280840798066610177
1280840823320395777
1280840844380160001
1280840848029204480
1280840857407586306
1280840860498870273
1280840940043874304
1280840956384808963
1280840957471215616
1280840987196129283
1280841003755278338
1280841008037728256
1280841015616815105
1280841020410920961
1280841038945452032
1280841053311033345
1280841066497933313
1280841070708834304
1280841090581569537
1280841107941863425
1280841116640841728
1280841254851444737
1280841267837009920
1280841314179993602
1280841321624637447
1280841380353519621
1280841397764005888
1280841406089703424
1280841461064482816
1280841465011322881
1280841476918751232
1280841477313232896
1280841527946645504
1280841549790601218
1280841554794622981
1280841564697382912
1280841582195937281
1280841665545199617
1280841665830252544
1280841685749153797
1280841725079171074
1280841733136429061
1280841773523390465
1280841804506640385
1280841821627785216
1280841841299030016
1280841875570610178
1280841893958447104
1280841959842689024
1280841997255933952
1280842030868860928
1280842062804500482
1280842085210509317
1280842110514626561
1280842110581854211
1280842110829072385
1280842111106134016
1280842202860515328
1280842206178242561
1280842211635200000
1280842244975734784
1280842257231278080
1280842270162538499
1280842307835768834
1280842371270242304
1280842392254345217
1280842412018085889
1280842417327861762
1280842450454659072
1280842467781165057
1280842504401825793
1280842535921782785
1280842537742274561
1280842548593012736
1280842572072714243
1280842727601684480
1280842731342856192
1280842740171976704
1280842772929376256
1280842781892784133
1280842789807370240
1280842795884916737
1280842824263426048
1280842858669289472
1280842862410838019
1280842890885967872
1280842907965181952
1280842948020785157
1280842983856697344
1280843021546688513
1280843031944585216
1280843042111590401
1280843064425304065
1280843105076424706
1280843150974758912
1280843154820943873
1280843159774408706
1280843298031177729
1280843306088439815
1280843330734231554
1280843340150439939
1280843343350706176
1280843402498707462
1280843410962878467
1280843444202508288
1280843465857937408
1280843490969223168
1280843521671548929
1280843608195768321
1280843612474019841
1280843612822089735
1280843813989183488
1280843880632549380
1280843881475645440
1280843969111433217
1280844028217634823
1280844035876421635
1280844036266430464
1280844044181143554
1280844069753716737
1280844094982557703
1280844182416957440
1280844224133566465
1280844266353373188
1280844285215031296
1280844331583188993
1280844363191500800
1280844376588136450
1280844450902745091
1280844473568804865
1280844480044830721
1280844530812628994
1280844559736504320
1280844581249126400
1280844619538817026
1280844624454615040
1280844627008991234
1280844648014110727
1280844738107752449
1280844740179746817
1280844744864567297
1280844803937312770
1280844829719699458
1280844833146449923
1280844854470328320
1280844882651815936
1280844891770228737
1280844970748809218
1280845001128321025
1280845012989706241
1280845014893920257
1280845109479780358
1280845115230167040
1280845120565202947
1280845164563402752
1280845172943847424
1280845180774514689
1280845222440767488
1280845323729076225
1280845338534764544
1280845344180285440
1280845377562968064
1280845423469625350
1280845507879895046
1280845517191286785
1280845529849696259
1280845583738122241
1280845583817871361
1280845595649826816
1280845663148879872
1280845697483509761
1280845709420437504
1280845709844119552
1280845769864556544
1280845781487038464
1280845783089233920
1280845797890961413
1280845833831952386
1280845856879640576
1280845859085836288
1280845891377782784
1280845898537263104
1280845902702395394
1280845978057105409
1280845990283538433
1280846007727685632
1280846019765379074
1280846032881029120
1280846158567362561
1280846172513591297
1280846254285615106
1280846279518687232
1280846337550974976
1280846359675969536
1280846447466799104
1280846577985294336
1280846650316132352
1280846657454817291
1280846664606121984
1280846758608855041
1280846770302525440
1280846773880315909
1280846775369285633
1280846787406954496
1280846791747883008
1280846791865491461
1280846850472513536
1280846880193286155
1280846913462513666
1280846918084632576
1280846958593179649
1280846993959432192
1280847004894212098
1280847010032005121
1280847033138581504
1280847043192373248
1280847064377831424
1280847077384359936
1280847148280696832
1280847169436688387
1280847190127230978
1280847290547273730
1280847296041795584
1280847324063899648
1280847336474722304
1280847349397454849
1280847374609461255
1280847387393753088
1280847420428075008
1280847433128226820
1280847441428873216
1280847451201691654
1280847458776440832
1280847496860893185
1280847504905588736
1280847512538984448
1280847567543242752
1280847596941119488
1280847597456863233
1280847621444206592
1280847628889194497
1280847643422396417
1280847676901384192
1280847681015906307
1280847764721561601
1280847814856044544
1280847824293367811
1280847843989823488
1280847874029486081
1280847895663718400
1280847940911796226
1280847980954890241
1280848029432582145
1280848033421369345
1280848037439471616
1280848041889738753
1280848066900344832
1280848089067241474
1280848091940356097
1280848100580458496
1280848100962304002
1280848125935190017
1280848128850243585
1280848141877686273
1280848155211431936
1280848252066082820
1280848255304204289
1280848317132402688
1280848318357295104
1280848359998308354
1280848419486138368
1280848422703190017
1280848427354664962
1280848451874553856
1280848477275250689
1280848481553461250
1280848535722868736
1280848535924224000
1280848565716373504
1280848578777214976
1280848595999219713
1280848611761422336
1280848618585337857
1280848682741460993
1280848721350197248
1280848737754066944
1280848746306207744
1280848800622555137
1280848813838778368
1280848817731092485
1280848831337435138
1280848868675129346
1280848935205179394
1280848943803490306
1280848977085083654
1280849028947689472
1280849039358033921
1280849082228051975
1280849111433052161