1280969909686677505
1280969944876843016
1280969987113418752
1280969998807240705
1280970036832866311
1280970041307983873
1280970053630877696
1280970082823225344
1280970120748097536
1280970121796780035
1280970154403389441
1280970220648239120
1280970223957561345
1280970250528403457
1280970309844246530
1280970326856232960
1280970330325094401
1280970456598810626
1280970506645254144
1280970519110713346
1280970519676944386
1280970532180185090
1280970592838131712
1280970628447731713
1280970652191727617
1280970657644400641
1280970666569871360
1280970693040111617
1280970703886573570
1280970817120227328
1280970867753865217
1280970901077573635
1280970909722054662
1280970938583076865
1280970964294041607
1280970967892865024
1280971101988929536
1280971164966322176
1280971186462167043
1280971186915160064
1280971194829766662
1280971217919508487
1280971267185598465
1280971295249874944
1280971307526520833
1280971454125875201
1280971454499209217
1280971469841825793
1280971471691579392
1280971534354522116
1280971552675246084
1280971632073478145
1280971682467983361
1280971693675208704
1280971736276705283
1280971956196724741
1280971977109286913
1280971978854277125
1280971979324116992
1280971991336525825
1280971994377453569
1280971999695605760
1280972019274788864
1280972063340220417
1280972188569538562
1280972313182208000
1280972314172145671
1280972318345437184
1280972323357687808
1280972330508771328
1280972361018290184
1280972372867235840
1280972452928069632
1280972499275186177
1280972566128189449
1280972578534780933
1280972586805899265
1280972604136927232
1280972611250524175
1280972616975687692
1280972641919291392
1280972675662450689
1280972683207901186
1280972700094214145
1280972788136685568
1280972797246943234
1280972805224321024
1280972816024850434
1280972838942511106
1280972839252832256
1280972977736163330
1280972981628477443
1280973018899058690
1280973029019877377
1280973040390725633
1280973081704570883
1280973102709649474
1280973103477080065
1280973115351130112
1280973117045698560
1280973124306116609
1280973140303192065
1280973169847930880
1280973199363227649
1280973274646798336
1280973312785559558
1280973321165627392
1280973344280580106
1280973371178713090
1280973404804386816
1280973417290911744
1280973426996310016
1280973430314106880
1280973470386384896
1280973497225838592
1280973518495199237
1280973556323454976
1280973564942917632
1280973585318850561
1280973635960930304
1280973648040546306
1280973668588412929
1280973671226503168
1280973681544491009
1280973690587545601
1280973704416112641
1280973740453572610
1280973753179090952
1280973795004690432
1280973850193338369
1280973874683920385
1280973895751868419
1280973900705382400
1280973903993565185
1280973910092115968
1280973921165078528
1280973953763168256
1280974004946255873
1280974039259983874
1280974064593498113
1280974087750369290
1280974121631875074
1280974193274744832
1280974197435531274
1280974271280447489
1280974281330089986
1280974327635079169
1280974361407614976
1280974376540819458
1280974424703930369
1280974499916242945
1280974518136209410
1280974532384362497
1280974564642693121
1280974575073984512
1280974592287428608
1280974604429856769
1280974657248792577
1280974667302526976
1280974726421270535
1280974730531606529
1280974738953768961
1280974742791393280
1280974759484768256
1280974860769005568
1280974876862566400
1280974931635945472
1280974935926636547
1280974936362766336
1280974973742444544
1280975011533258754
1280975030206242822
1280975049252536320
1280975120929099777
1280975124401963012
1280975127480373248
1280975174729379840
1280975179229716480
1280975187274616832
1280975191317889034
1280975208787017730
1280975255708762113
1280975267268362240
1280975275694718976
1280975333425057792
1280975389591064578
1280975450672529408
1280975515893952513
1280975556637536261
1280975590066094080
1280975611683536902
1280975619464081422
1280975689483771905
1280975726649507841
1280975744240418816
1280975753387970560
1280975777643802625
1280975799944769536
1280975827744755712
1280975898393468929
1280975900633432066
1280975912943697920
1280975913212088320
1280975952181370882
1280976000994521093
1280976022016593922
1280976048499417088
1280976080535523328
1280976093999177728
1280976109325086723
1280976139691982848
1280976156234256384
1280976160839684096
1280976163351887872
1280976164681584640
1280976227701063680
1280976228028211200
1280976244092407809
1280976269564411905
1280976286274314240
1280976433616224256
1280976454407225344
1280976487517237248
1280976496157392897
1280976514218156033
1280976517145624576
1280976575840817153
1280976610800402437
1280976824084901888
1280976907836837891
1280976916082802688
1280976941202518017
1280976970331930624
1280976986450599938
1280976996374327296
1280977007615119363
1280977007921283072
1280977016867741701
1280977033862934528
1280977112334315520
1280977141824237568
1280977141975453706
1280977158333227010
1280977167409729537
1280977193053483008
1280977251409055746
1280977276457361408
1280977343218094081
1280977384934686722
1280977439544532992
1280977460830646273
1280977465704357897
1280977594192736256
1280977615013081089
1280977628317376512
1280977641005355009
1280977641047236609
1280977731707158528
1280977750514372611
1280977822329131008
1280977838649364480
1280977875647303681
1280977893137551362
1280977896870305792
1280977929938391040
1280977937496453121
1280977977346490368
1280977985219301376
1280978014084296704
1280978044233056256
1280978079503048705
1280978149992353792
1280978153209393157
1280978169877737475
1280978261548335107
1280978328674095104
1280978371187552256
1280978412878721024
1280978471376879617
1280978555967377408
1280978637467062272
1280978647965241344
1280978676901793792
1280978694534606848
1280978701757280256
1280978717305692162
1280978724461182977
1280978733235613696
1280978741771022338
1280978782287884288
1280978808489689089
1280978831914958848
1280978842165735424
1280978844917399555
1280978916069572609
1280978928727920642
1280978945333026817
1280978966204092421
1280979021006868485
1280979025603645440
1280979040703336450
1280979042456481793
1280979048458588160
1280979050362789888
1280979063222353920
1280979129836290048
1280979168155533312
1280979180881133570
1280979193187139593
1280979235100917768
1280979259121598471
1280979287835848704
1280979289593253888
1280979354219163654
1280979411106332672
1280979454328803330
1280979474926968832
1280979499207647232
1280979503817383937
1280979503939018752
1280979545303244800
1280979641247961091
1280979646662750208
1280979687720710146
1280979742485692418
1280979779752165376
1280979828712148994
1280979838908665858
1280979842654179329
1280979916574601217
1280979918403362816
1280979971998089221
1280979985667223553
1280979998988357632
1280980027681542145
1280980065946304514
1280980104684793856
1280980116097470464
1280980119713198083
1280980175275151366
1280980187102900224
1280980208829501440
1280980218979782657
1280980241318424576
1280980249761722370
1280980254287441922
1280980257789505536
1280980274910814208
1280980283769139201
1280980297526452230
1280980333949620224
1280980342053142528
1280980362517082112
1280980379722285056
1280980389050429441
1280980455802712064
1280980556193378305
1280980610866188293
1280980627219787776
1280980669854818307
1280980690645987332
1280980710149545986
1280980757431717888
1280980830362484736
1280980908200378371
1280980909450096640
1280981076135907328
1280981114295902209
1280981126300028928
1280981135137206273
1280981160022040576
1280981174152724486
1280981231086317573
1280981247737630720
1280981256688336897
1280981273742323722
1280981357250797568
1280981365752766473
1280981370232283141
1280981449978437632
1280981462838390784
1280981478676070401
1280981504173264900
1280981528806395905
1280981549614235650
1280981579289034753
1280981583747563522
1280981596472872961
1280981604811276288
1280981646309756934
1280981659526053888
1280981700382724098
1280981700814745604
1280981722256023558
1280981776240951297
1280981818884395008
1280981873150300161
1280981895619252237
1280981909670109184
1280981915168890884
1280981983137431552
1280982053614432257
1280982066105143307
1280982099223351298
1280982133410983938
1280982155670233091
1280982191758020609
1280982192047325184
1280982192366202880
1280982196715573250
1280982204932337674
1280982208841318400
1280982229058048005
1280982229846458369
1280982255112986629
1280982330136559619
1280982364265549827
1280982426450227200
1280982439066652672
1280982487900909568
1280982494150488065
1280982535665676288
1280982535682564097
1280982561297240069
1280982590808186881
1280982601377988612
1280982628619792384
1280982778876768258
1280982794055774208
1280982829267124230
1280982863060652032
1280982972242378759
1280982993964879883
1280982997882281984
1280983001954947074
1280983009232117763
1280983106137346060
1280983169228058626
1280983186193989634
1280983189889187842
1280983207312228354
1280983278330302464
1280983304192307200
1280983354335268865
1280983366913994757
1280983438334590978
1280983448987947008
1280983462871269377
1280983530227617794
1280983559096991744
1280983577895661570
1280983580483649539
1280983618047717376
1280983629598867456
1280983668136304641
1280983689242071040
1280983736935383040
1280983762847793156
1280983785731878912
1280983792233177089
1280983814844678144
1280983848558514176
1280983882607837184
1280983890165764096
1280983894444199938
1280984029655977988
1280984037574815745
1280984052112084992
1280984061557698560
1280984080029491200
1280984112514437120
1280984184136204288
1280984215492780033
1280984305724948488
1280984330529955840
1280984347722412032
1280984482036609024
1280984498314907648
1280984519684886528
1280984532964052994
1280984544947077123
1280984559039983616
1280984570481999873
1280984588316262405
1280984617709899781
1280984620750823434
1280984645912289280
1280984746269519872
1280984788573097985
1280984805639966726
1280984828616364039
1280984842314952704
1280984922245812239
1280984998057775104