1286435930774134786
1286435990878466050
1286435999652945920
1286436016174305280
1286436053755342848
1286436066816188417
1286436091671830529
1286436096688058368
1286436117361971200
1286436154078830596
1286436161695752195
1286436213642207232
1286436239781003264
1286436280566505474
1286436280642023433
1286436293266878464
1286436323079921665
1286436347998277632
1286436352591048709
1286436354847657985
1286436465895825409
1286436466831155203
1286436525303975936
1286436568966656000
1286436574461415426
1286436607952932867
1286436611929104385
1286436615171317761
1286436628060405766
1286436661719638017
1286436664261464066
1286436695441903618
1286436704333762561
1286436766757642244
1286436817747750913
1286436821128351744
1286436893467357185
1286436900912410625
1286436960043761666
1286436976971808770
1286437036153602048
1286437060782350337
1286437070936956930
1286437135994818562
1286437153321492483
1286437215946539010
1286437221105623040
1286437225035698178
1286437237765414912
1286437272024276993
1286437295059542017
1286437337627529216
1286437357877690369
1286437408930762756
1286437409182236672
1286437421899493381
1286437450810826752
1286437483786502145
1286437517349265414
1286437521614934018
1286437555747971072
1286437568205250561
1286437576409145344
1286437583719817217
1286437631216082944
1286437635204972544
1286437635775373312
1286437655883010049
1286437657426268160
1286437685360566272
1286437714951249920
1286437722085822464
1286437752645529600
1286437819972542465
1286437878625492992
1286437885810315265
1286437895633612805
1286437916009529351
1286437995839655942
1286438006614827008
1286438046070648838
1286438076332605441
1286438112646791169
1286438114160979968
1286438134436175872
1286438200764960769
1286438230787792896
1286438246680072194
1286438293261832192
1286438306864144385
1286438482303475720
1286438499676168193
1286438541593948161
1286438548040802306
1286438548816703488
1286438554349051905
1286438574984896512
1286438587001643011
1286438616479170560
1286438658187431936
1286438667540746240
1286438704467398656
1286438805248118789
1286438826311786496
1286438884700807169
1286438904443281408
1286438913943441411
1286438923292610561
1286439015248547840
1286439081904189440
1286439082332053504
1286439099696648193
1286439103437783044
1286439119879643142
1286439128394018817
1286439153475829761
1286439190885027840
1286439195792289800
1286439266353119241
1286439271340048385
1286439275060293632
1286439313065086976
1286439313518071814
1286439343041794051
1286439354504626176
1286439367066750976
1286439379821527040
1286439384175255553
1286439388373635072
1286439410028945409
1286439497136328711
1286439530984333313
1286439586000973829
1286439602543366144
1286439614496964609
1286439665671651330
1286439687159193606
1286439700748787722
1286439711389528065
1286439723645403136
1286439723754553345
1286439736345845761
1286439744075780096
1286439757585641472
1286439785129631744
1286439836979798016
1286439837155958785
1286439875059884034
1286439976507342848
1286439989350457346
1286439992861102082
1286440009361367040
1286440013845020674
1286440038805446657
1286440044434202627
1286440063174356992
1286440088834936832
1286440093108932608
1286440210214027269
1286440244254998528
1286440253461393409
1286440286185562120
1286440302929154050
1286440307844886528
1286440314496983040
1286440315595956225
1286440328740790272
1286440340140908545
1286440340333957121
1286440361502617601
1286440366024032259
1286440370600116225
1286440403839918082
1286440420059250688
1286440424719228930
1286440444109316097
1286440500266823680
1286440536405094401
1286440563370332160
1286440670807363585
1286440806417661953
1286440814663671808
1286440856665219072
1286440860218011650
1286440873870458884
1286440877502726145
1286440914777452545
1286440944338903040
1286440955751456768
1286440974244339712
1286440982314008576
1286441003138899969
1286441012768866304
1286441057572384768
1286441071254413312
1286441104582356999
1286441127198044161
1286441135897030659
1286441154058366977
1286441180637667328
1286441204624822273
1286441206260654081
1286441267174338560
1286441271444344832
1286441279673573376
1286441290192883718
1286441292470329344
1286441300779241472
1286441304222658560
1286441305560813570
1286441314305880065
1286441325307596801
1286441338188201984
1286441418135941120
1286441426193010688
1286441451627220992
1286441484972171265
1286441565192196099
1286441583987040256
1286441611153608710
1286441674286206977
1286441728325619718
1286441758587576327
1286441765462052865
1286441771304722432
1286441804972339200
1286441825105051649
1286441830570233858
1286441872119009281
1286441887977668608
1286441888082530305
1286441934924312582
1286442018676379648
1286442073143439361
1286442089325244417
1286442103296466944
1286442131297570817
1286442144601866240
1286442202579841026
1286442207084523526
1286442230245462025
1286442244485021699
1286442267344019456
1286442282204397575
1286442308066574341
1286442361929773056
1286442432792530945
1286442458017083392
1286442459048939522
1286442463671005184
1286442500975218688
1286442520260616193
1286442539134853121
1286442555270365186
1286442563709423617
1286442601818796032
1286442617899712513
1286442626498154496
1286442832727887873
1286442865242132480
1286442886658056192
1286442889929789445
1286442978882486274
1286442983009718272
1286443020502671361
1286443029008539648
1286443063183892480
1286443087485718535
1286443091520454656
1286443105395204097
1286443193010094081
1286443196692803585
1286443239566913536
1286443280037752833
1286443346647547904
1286443364762624000
1286443372593455105
1286443401953652738
1286443410732326914
1286443461382557696
1286443474691203073
1286443486124941312
1286443551610396678
1286443575073476608
1286443590823149571
1286443599085867014
1286443600327241730
1286443605935230978
1286443670615597059
1286443670955270144
1286443674868613120
1286443696196587528
1286443696582463488
1286443709157060608
1286443751095885830
1286443784419631105
1286443826387849221
1286443939176878093
1286444002162638848
1286444023142445056
1286444061151428614
1286444073151340544
1286444080759738368
1286444081699344385
1286444090062594054
1286444124002975744
1286444136258654209
1286444170324803584
1286444208316792833
1286444221088567297
1286444224729227264
1286444229288394754
1286444240965382144
1286444266122690560
1286444308401446912
1286444371227955201
1286444392312647680
1286444464190509056
1286444471232716801
1286444488643227651
1286444501637062656
1286444521774026755
1286444543978672128
1286444551511703554
1286444569521946624
1286444589314793472
1286444598588563457
1286444610168987649
1286444624551145473
1286444669237374977
1286444673825828864
1286444673901277184
1286444679681187840
1286444720873496579
1286444761470173184
1286444765974732800
1286444791312482304
1286444807125180417
1286444828797132800
1286444833016602624
1286444854822797313
1286444887664074753
1286444942374719489
1286444962482204672
1286444979066372096
1286444987551559682
1286445005041795072
1286445030127927297
1286445068119715845
1286445079813599232
1286445138659737601
1286445210654978048
1286445214207545346
1286445215478423554
1286445218347266048
1286445292989095936
1286445327638073344
1286445429043990528
1286445458299248640
1286445482668154881
1286445491534942210
1286445533700091904
1286445538024529922
1286445566923141120
1286445576519704578
1286445579703205888
1286445591468191744
1286445616164462592
1286445667892723712
1286445709655453696
1286445742966444032
1286445779175931906
1286445889427513355
1286445952388280320
1286445958109126656
1286445964694298625
1286446019404759042
1286446041399808002
1286446068327165960
1286446132294492160
1286446145774919680
1286446150376026113
1286446153987289088
1286446162224939008
1286446233620447232
1286446357872508929
1286446363094462464
1286446368417079304
1286446388100898817
1286446447752351745
1286446460649836545
1286446490035027968
1286446498163634176
1286446522205442059
1286446574004891649
1286446598743089153
1286446635824771072
1286446640530747393
1286446653516533761
1286446682880782337
1286446699800662017
1286446716074557440
1286446724307984389
1286446805190717440
1286446812316958721
1286446837499432960
1286446846001516547
1286446870710104065
1286446888368005120
1286446896656068609
1286446952968622081
1286447029636407296
1286447044090044418
1286447060477046784
1286447080697933826
1286447085332635650
1286447090315546624
1286447093528375300
1286447114143186944
1286447131767832581
1286447151594184705
1286447227792248837
1286447252332896263
1286447272260186112
1286447281928130561
1286447337179688961
1286447345538916352
1286447386655686656
1286447387016298496
1286447421573271556
1286447453751799809
1286447454087450625
1286447525021589505
1286447528641208323
1286447529203302404
1286447617396932614
1286447630751371265
1286447714000162816
1286447743464955905
1286447773940879360
1286447861610221569
1286447886884933632
1286447991587364864
1286448004304531456
1286448019722973193
1286448089398616064
1286448104150097925
1286448121807949825
1286448127981965312
1286448129936564224
1286448187918692356
1286448225340264448
1286448230759313408
1286448293216567297
1286448300430852105
1286448329757515777
1286448343816630273
1286448393175400459
1286448393636782081
1286448415040135168
1286448415929491458
1286448419293331456
1286448435458183168
1286448464713461760
1286448515724476416
1286448519537209344
1286448519729909760
1286448587002576896
1286448591301681152
1286448607990820866
1286448631697092608
1286448696599564288
1286448703977541638
1286448712907202560
1286448788173926400
1286448813792563200
1286448833526992900
1286448855047909376
1286448867601416192
1286448901822861312
1286448907526877184
1286448922135801856
1286448935330963457
1286448939252756480
1286448943203786754
1286449011449368577
1286449069695496192
1286449081360015362
1286449118982807552
1286449144186286080
1286449157591322624
1286449162058264578
1286449214243954689
1286449233168564224
1286449257747292160
1286449265615798272
1286449279108702208
1286449290198626305
1286449337791283202
1286449350726623237
1286449363204677636
1286449366778228743
1286449371039465473
1286449371546923008
1286449408591134720
1286449442309017600
1286449459338108933
1286449492632326144
1286449497619353600
1286449526027571201
1286449534961238019
1286449542041223170
1286449543400177664
1286449556163563521
1286449562391986176
1286449580301627392
1286449615030673408
1286449659846647809
1286449664234074122
1286449693954719744
1286449710824329216
1286449727232450560
1286449767808147456
1286449772044464128
1286449783645908992
1286449857566310402
1286449870908166144
1286449874565623808
1286449874976702464
1286449880534331393
1286449894761398274
1286449916445949953
1286449954299490305
1286449982917218306
1286449995877683201
1286450024834981888
1286450038382632961
1286450083727175680
1286450100634558464
1286450116975624193
1286450122256273409
1286450122294022145
1286450148915187717
1286450167613468676
1286450201377595393
1286450205492158464
1286450251742752768
1286450270403272706
1286450277843972098
1286450344294141953
1286450360383688705
1286450374061117440
1286450413861064711
1286450423965114370
1286450424376000512
1286450424623648769
1286450440423473153
1286450461952729088
1286450464888823808
1286450465685659648
1286450478189092864
1286450529493630976
1286450538326847490
1286450561626193921
1286450579062099968
1286450604630564866
1286450604873846788
1286450616152346626
1286450629024657408
1286450654643466242
1286450667280687104
1286450701162426369
1286450735182303232
1286450805684473858
1286450826572177408
1286450861086924800
1286450864006340608
1286450897187471360
1286450925738102786
1286450961464954880
1286450969476247553
1286450985833914368
1286451018989961218
1286451023481991168