1285650754989162497
1285650766984880129
1285650774962380801
1285650779060215814
1285650779563372544
1285650779710382081
1285650788363182083
1285650812958584832
1285650813331935235
1285650851093258240
1285650862803738625
1285650875835453440
1285650884769218563
1285650892012900352
1285650892193177600
1285650900493770753
1285650922396422150
1285650938531926027
1285650939391639553
1285650963945213954
1285650981460549638
1285650985868759041
1285651009948340227
1285651060275675137
1285651061018107915
1285651090583822338
1285651114965250053
1285651136754724864
1285651144073764868
1285651214206750720
1285651224436629506
1285651250231545857
1285651286696833025
1285651290882740224
1285651291029622785
1285651291973267456
1285651318774935553
1285651391986491394
1285651427969433601
1285651430922215424
1285651441521176576
1285651442720821251
1285651451122012160
1285651455001669633
1285651471569125377
1285651473343426560
1285651484789669889
1285651492704325633
1285651493056581632
1285651493283147776
1285651504699969549
1285651513772249089
1285651517039620101
1285651538753593345
1285651555501445121
1285651568193351681
1285651601693212674
1285651604990046211
1285651618109820930
1285651664196833281
1285651698707505153
1285651727753019397
1285651790814425090
1285651798745849856
1285651823857217537
1285651849274679296
1285651896049512449
1285651957944909827
1285651962755768321
1285651983240749062
1285651990891106304
1285652038207012865
1285652050345418753
1285652143228088320
1285652168398299137
1285652206545522695
1285652222177677313
1285652222928474113
1285652247985172482
1285652252041019393
1285652260450643971
1285652281698942976
1285652327102320641
1285652354101108736
1285652378138693632
1285652381456388097
1285652403195449344
1285652453011185664
1285652457838776321
1285652549345988609
1285652562188939264
1285652570447532032
1285652570925674499
1285652574570532865
1285652587639955456
1285652588009066496
1285652589380591618
1285652614105960453
1285652620976300037
1285652633299099649
1285652637652865026
1285652650437021696
1285652651837816832
1285652671882579968
1285652765587337216
1285652857874767874
1285652872248647680
1285652877281763333
1285652879651614725
1285652881501310976
1285652897154441216
1285652901495529477
1285652927718268928
1285652939806322689
1285652994084802568
1285653019300896768
1285653019695222784
1285653021100253185
1285653044626100225
1285653062321922049
1285653076389646341
1285653116436844547
1285653170056724480
1285653179288494081
1285653199777660930
1285653225094488064
1285653269285568512
1285653270351032324
1285653282556448770
1285653287899979778
1285653299883134978
1285653329788493825
1285653330426028039
1285653333697613824
1285653354312609793
1285653359412809728
1285653370821390337
1285653372532666370
1285653379738411008
1285653392694681611
1285653403608190976
1285653434910347264
1285653572957417474
1285653574937174016
1285653579697664004
1285653603118710784
1285653614715973632
1285653627957317632
1285653647167291394
1285653658508632066
1285653681212399618
1285653690679009280
1285653745251110916
1285653753077600262
1285653770282696705
1285653840998604801
1285653850490363908
1285653866944638976
1285653871143129095
1285653917066567680
1285653924595281921
1285653925367107585
1285653953800265730
1285653955196981248
1285654051804389376
1285654072528338944
1285654181446062081
1285654206821662720
1285654214967013376
1285654228699099137
1285654229085048832
1285654252808011777
1285654257656619016
1285654268792508416
1285654281878740993
1285654294193152001
1285654294436425728
1285654298467225611
1285654312874631169
1285654378083475457
1285654410874556417
1285654420382978054
1285654433033064452
1285654499382693893
1285654507779698690
1285654512787689478
1285654551790575620
1285654567066140675
1285654571403087875
1285654587995807750
1285654639560589313
1285654646967721988
1285654664097275911
1285654717746630659
1285654719898279937
1285654722632966146
1285654797887197186
1285654798587633666
1285654801632698369
1285654830720200706
1285654835593916416
1285654861367910400
1285654885564915713
1285654889977315329
1285654906444173319
1285654913628897281
1285654923405864961
1285654945199464449
1285654953407787008
1285654967311892482
1285654969790664704
1285654986408558593
1285655008093114368
1285655011968638976
1285655022102106114
1285655045745389572
1285655054595358720
1285655063281782784
1285655087222853632
1285655092025270275
1285655110257958912
1285655111914655745
1285655153513725955
1285655162711937024
1285655202788499456
1285655204839534592
1285655213219643394
1285655225416716288
1285655226117128192
1285655230080790528
1285655254722326534
1285655258996367361
1285655268030914561
1285655314264727553
1285655317657911297
1285655397517463558
1285655412553977856
1285655442216169477
1285655460402663427
1285655482116472837
1285655531357712390
1285655544821354496
1285655553054834688
1285655560575221768
1285655594976804871
1285655611951190017
1285655624748072960
1285655649339277312
1285655687222231044
1285655714954989570
1285655758475075584
1285655774761549830
1285655791517732865
1285655833523740673
1285655846152806406
1285655855459958786
1285655862728708098
1285655871389933569
1285655876121120769
1285655908970893312
1285655963849170946
1285655976490799106
1285655977602285568
1285656013941735425
1285656019666862082
1285656035789869058
1285656060083265536
1285656094073921536
1285656102198300672
1285656136327344134
1285656152596979712
1285656241218433025
1285656248810180610
1285656261133033475
1285656265440600066
1285656303554179073
1285656307870117894
1285656315755454464
1285656330490073091
1285656333275074560
1285656367001473028
1285656375473971202
1285656395946299392
1285656412560007170
1285656421212852227
1285656422404038658
1285656429290979329
1285656452179394560
1285656455509684225
1285656458420523010
1285656475403157506
1285656475826900994
1285656504671010816
1285656528570253314
1285656539898970112
1285656572010606592
1285656584060833792
1285656616122146817
1285656618131165188
1285656630588211201
1285656631892639744
1285656647080214530
1285656679489646596
1285656689782468609
1285656740088942594
1285656743566094337
1285656765250637825
1285656778039074821
1285656789690863620
1285656844757762054
1285656848356564992
1285656886747045895
1285656941629505537
1285657029751771137
1285657032964571136
1285657079936692224
1285657104678879232
1285657155786412033
1285657204998262786
1285657256583987200
1285657272186789888
1285657273273065476
1285657310124220417
1285657314532438023
1285657465934225412
1285657507088785409
1285657515125088258
1285657515347390464
1285657557860843521
1285657574298312705
1285657626257260544
1285657637124792321
1285657657894985728
1285657720910237701
1285657725574303746
1285657733585412096
1285657751188840456
1285657813826572289
1285657818159292418
1285657859431321610
1285657925508268037
1285657944974123009
1285657965924691970
1285657973033971712
1285657981229699073
1285658065707114503
1285658069737897984
1285658080118820865
1285658107054415872
1285658128219017216
1285658186545090563
1285658213204004866
1285658246196400129
1285658274390593538
1285658274528989185
1285658308330889221
1285658312277622791
1285658325812748291
1285658327305854976
1285658333668610050
1285658391453618180
1285658404414009345
1285658413058478082
1285658413263990789
1285658438689751040
1285658488895610883
1285658496114008064
1285658526254272513
1285658533472735233
1285658551374028800
1285658575361257477
1285658585427574784
1285658613965619202
1285658649013161990
1285658656374173697
1285658686388658176
1285658762355920896
1285658811374751745
1285658817192230913
1285658832971210752
1285658867687460869
1285658888923217928
1285658904727363587
1285658909001363457
1285658937136685058
1285658939523309568
1285658945504370691
1285658967130148873
1285658979998347271
1285659048197664769
1285659059492990976
1285659084390268937
1285659087028588544
1285659097052962818
1285659134931632128
1285659180200865793
1285659202132881408
1285659210194268162
1285659297926598657
1285659298094354435
1285659319338508291
1285659331904655360
1285659344634347523
1285659344751689728
1285659385839181824
1285659391820271616
1285659415966875650
1285659453669421057
1285659571294478337
1285659595277570048
1285659681785098242
1285659683446050816
1285659688122699785
1285659755889995777
1285659759044104192
1285659788756635650
1285659804216766464
1285659816254492677
1285659852430344193
1285659881446481921
1285659897544282112
1285659906658443265
1285659910869585920
1285659973322715136
1285660037332045825
1285660042381996032
1285660099290247169
1285660102700171265
1285660116298223623
1285660133029302272
1285660178130579461
1285660236188180480
1285660251048554497
1285660259063926789
1285660304559529984
1285660418514522114
1285660481529815047
1285660515302346754
1285660552342253581
1285660557064966146
1285660557337657345
1285660625608282112
1285660631887228931
1285660637117521921
1285660650727931905
1285660665672335360
1285660676044861441
1285660719392985092
1285660744894287882
1285660771175878656
1285660778603991042
1285660807003549698
1285660823151685635
1285660874984894465
1285660875475410944
1285660878281506822
1285660971697156103
1285660975450947591
1285660975761371139
1285660979859202048
1285660988923150337
1285661059555229697
1285661105713483788
1285661115666632706
1285661135300177920
1285661202526412803
1285661206238330882
1285661224739516416
1285661243869736961
1285661244880551937
1285661256318427138
1285661294511755265
1285661310743707649
1285661339541819396
1285661340632338432
1285661377995120650
1285661383913353217
1285661403483955202
1285661421188132871
1285661467149250560
1285661467325411332
1285661508437970945
1285661527337566208
1285661672393379840
1285661680446459904
1285661692979023872
1285661802416701440
1285661811119992835
1285661819907059712
1285661858104516611
1285661869450108930
1285661915910418432
1285661915931385856
1285661918796152836
1285661919181971458
1285661919815376896
1285661930515058694
1285661945102819331
1285661991730917377
1285661995073769475
1285662026199642113
1285662040955277314
1285662092025102337
1285662121393627136
1285662125332070400
1285662137898151941
1285662156344700929
1285662159146377217
1285662169942634496
1285662191547449345
1285662195792121859
1285662207997628418
1285662226205089794
1285662245607874564
1285662334938222593
1285662380597403648
1285662406702768128
1285662452726796288
1285662455377657858
1285662481910824964
1285662490458808320
1285662494414045184
1285662532544405505
1285662641453703168
1285662767073107969
1285662778582327298
1285662803567804416
1285662808378613765
1285662834270121985
1285662884513619974
1285662905669693442
1285662915241050113
1285662994375081990
1285662997462093827
1285663006383321090
1285663014272851969
1285663018932744194
1285663023181561856
1285663047072337925
1285663068823990273
1285663089933914113
1285663101996630018
1285663144707272706
1285663166060429313
1285663178043666433
1285663191335415809
1285663211405094912
1285663253494927361
1285663269840199680
1285663294519496705
1285663296192950272
1285663317005148160
1285663337049661440
1285663379454078977
1285663407862054927
1285663434051391488
1285663434839908352
1285663446223196167
1285663474425757701
1285663493165916169
1285663510136008704
1285663530558140417
1285663588879826946
1285663631779213312
1285663652213919746
1285663757033766914
1285663757276979202
1285663761634820096
1285663769377603584
1285663804341313536
1285663820418080774
1285663843096711169
1285663849539133441
1285663859035054080
1285663882359590921
1285663933160882176
1285663933274234885
1285663961837379585
1285663983572324357
1285663983811416064
1285664040614801409
1285664058579058694
1285664076736200705
1285664104670167040
1285664125515976704
1285664134256893952
1285664175415533568
1285664178263523328
1285664185578401793
1285664210203168768
1285664227345272832
1285664276859047942
1285664293963390982
1285664306600841216
1285664308693815297
1285664327735836685
1285664335390478338
1285664366969454595
1285664396937695233
1285664415405268993
1285664452860350464
1285664470182879234
1285664481801109505
1285664495197724674
1285664502499901442
1285664503020093441
1285664520132800515
1285664530161455109
1285664541708255232
1285664565393592322
1285664574218407937
1285664586776092672
1285664612424331264
1285664624449396737
1285664633710424064
1285664650651148288
1285664691965038592
1285664717118279681
1285664725708214272
1285664729910960128
1285664734927294464
1285664755613667331
1285664780410388481
1285664796948475905
1285664827109761029
1285664864271245314
1285664888950591488
1285664902317838341
1285664919099146240
1285664935343788034
1285664939932364801
1285664957628133377
1285664960480256000
1285664960589312000
1285664965320495104
1285664977622360064
1285664980449271808
1285665001945083904
1285665015656325120
1285665040771829761
1285665069037232129
1285665069767024641
1285665140503908353
1285665149039378433
1285665187119456256
1285665220166389764
1285665220883603460
1285665233470709760
1285665262897774593
1285665266442133511
1285665363640942592
1285665367545860096
1285665375695380480
1285665379591819264
1285665421878865921
1285665472260841475
1285665502396850176
1285665543861788673
1285665545849909249
1285665560932605953
1285665580796829696
1285665623062839297
1285665644445401088
1285665677920133123
1285665702804893697
1285665715211640832
1285665753333669888
1285665800213401601
1285665812339187715