1284654213562273800
1284654225943912451
1284654240351154178
1284654246076522496
1284654247863296000
1284654355187032065
1284654364108320768
1284654370429251585
1284654389894897664
1284654402884775936
1284654435273064453
1284654448602755072
1284654461076615168
1284654476780068865
1284654482106626050
1284654499311677440
1284654502994489345
1284654510602891265
1284654552529006592
1284654602927910914
1284654673987698688
1284654715863814146
1284654716123844608
1284654735698558977
1284654763414560770
1284654853591953409
1284654855315787777
1284654892619972608
1284654919170097154
1284654927944527872
1284654931224322049
1284654947355828231
1284654951227174914
1284654975965032448
1284654997679071234
1284655010081460225
1284655022895099904
1284655031799742468
1284655039454359554
1284655044449665024
1284655055950544896
1284655059133816832
1284655110107410435
1284655133712842752
1284655162770915328
1284655168865177600
1284655190365347845
1284655224397991937
1284655270350802944
1284655273509040133
1284655332577304576
1284655333512753152
1284655375107657728
1284655413665976320
1284655421010046976
1284655421974884352
1284655506632536065
1284655508809342977
1284655509157683202
1284655520993902594
1284655585099763712
1284655635355906049
1284655695770423296
1284655698220060678
1284655761335832577
1284655773654679552
1284655779622948866
1284655785734287361
1284655831842197510
1284655924167098368
1284655958338056192
1284655979104174080
1284655995671781380
1284656026738925569
1284656037426089984
1284656044245954565
1284656087275393024
1284656099518488581
1284656105390354434
1284656117398855680
1284656139326468097
1284656147019042816
1284656166996410368
1284656171270504450
1284656200622145537
1284656235631894530
1284656241726423049
1284656243848568840
1284656331853619201
1284656338744733697
1284656394210119680
1284656394994581504
1284656398715039744
1284656423356575747
1284656427588562946
1284656432412073986
1284656450510430209
1284656456524894209
1284656459742052353
1284656461382123522
1284656464922017804
1284656520425164802
1284656527874437120
1284656587597131777
1284656603279642624
1284656620128153605
1284656641116446721
1284656653766467590
1284656696791633921
1284656697055817731
1284656704215568384
1284656705494802442
1284656712469880838
1284656740651487234
1284656746259193856
1284656809781932032
1284656818002653184
1284656840098422790
1284656855738875905
1284656875640811521
1284656894121054208
1284656897027538944
1284656918829477894
1284656939499053059
1284656959602298881
1284656964492906496
1284657133338927105
1284657171666554880
1284657186652647426
1284657194957332480
1284657195653767168
1284657295771697153
1284657329825251329
1284657379624325120
1284657417796620288
1284657438184968193
1284657438269083648
1284657441507090437
1284657468287725570
1284657477301047298
1284657481470242816
1284657506036387840
1284657510054592515
1284657514076872709
1284657522801029126
1284657581332586501
1284657593705738247
1284657598386642945
1284657598403416064
1284657637309722624
1284657681563885570
1284657695002439681
1284657709074092034
1284657711620272130
1284657714984030209
1284657715566895105
1284657752871059456
1284657794721996803
1284657824249847809
1284657831761739777
1284657850103595014
1284657862015213568
1284657908165292032
1284657909083721728
1284658004202315776
1284658026436231170
1284658071470399490
1284658071575371777
1284658089526992896
1284658121307086849
1284658143629398020
1284658201841950721
1284658227636924418
1284658241536880640
1284658251750166528
1284658273128525831
1284658363955961857
1284658390728310784
1284658406826168320
1284658456910274563
1284658479534309377
1284658531287789568
1284658541869985793
1284658571364331520
1284658601005445121
1284658608660078593
1284658613005488128
1284658696996388865
1284658705510707201
1284658718811070471
1284658751992037376
1284658768928808961
1284658834263482370
1284658835584684034
1284658844208189441
1284658868962787329
1284658872452550658
1284658898960556032
1284658916412895232
1284658995651846145
1284659015692115968
1284659034939850754
1284659058264412161
1284659153701687297
1284659154280501249
1284659186501128192
1284659229996068864
1284659238363492352
1284659240469061633
1284659241941446656
1284659250967523329
1284659276162596864
1284659279581057024
1284659284068859905
1284659292533141505
1284659297583063040
1284659330126622720
1284659338427023360
1284659338473345024
1284659351832207361
1284659381188132864
1284659385470529543
1284659409709338625
1284659435823149056
1284659443410407424
1284659452101230592
1284659501946351617
1284659557541634048
1284659594103406593
1284659636336025602
1284659636537159680
1284659653364727810
1284659653662715904
1284659691411460100
1284659750324572161
1284659778824949762
1284659781211435009
1284659791642742790
1284659825813618695
1284659863952523265
1284659878942740481
1284659888409337857
1284659913806028801
1284659963583848448
1284660047839191040
1284660055795621889
1284660134946512897
1284660159495585795
1284660168391884801
1284660169461432321
1284660236763254785
1284660278316146688
1284660303976775680
1284660344577617921
1284660358737797120
1284660365620654083
1284660368611016704
1284660485816635392
1284660488949776385
1284660494796644352
1284660546432831488
1284660563457474567
1284660634127409158
1284660650703065090
1284660651651067904
1284660655786807296
1284660660236808192
1284660714427297797
1284660776217784320
1284660806303518721
1284660815518404610
1284660848406016001
1284660869889220616
1284660899416928256
1284660901598179328
1284660904211054594
1284660906681458688
1284660919964807169
1284660932128329729
1284660935962038272
1284660945139032065
1284660962700615681
1284660965934542850
1284660989867159557
1284661037627670528
1284661037653004288
1284661134398754822
1284661174571696129
1284661187930554368
1284661214291783682
1284661230276349953
1284661235112456192
1284661267437957121
1284661284173238272
1284661323213594624
1284661330499137536
1284661358877741056
1284661368226869249
1284661381208453121
1284661456756183040
1284661477849411588
1284661482320392192
1284661515061272577
1284661595344302080
1284661603892428800
1284661619448934401
1284661621797732353
1284661633600548865
1284661634082971649
1284661650260459520
1284661683122769920
1284661704509530112
1284661714051567617
1284661720850427904
1284661749774454784
1284661804791222275
1284661834050678785
1284661834788765697
1284661858797064194
1284661859820371968
1284661863813283842
1284661868703789057
1284661870415286272
1284661871459438592
1284661900458909696
1284661926304382976
1284661960890552320
1284661972773015553
1284661988975673344
1284662022664331266
1284662036060729344
1284662036392280064
1284662072916107266
1284662080826748928
1284662097960488960
1284662138288709634
1284662175144042497
1284662175257300992
1284662210128564225
1284662219469398016
1284662300058607617
1284662304592678912
1284662307419762688
1284662320447344640
1284662341234315266
1284662358099533829
1284662363635937282
1284662380195192832
1284662387132387328
1284662399803568128
1284662410410782720
1284662420275965952
1284662463388979200
1284662468388679681
1284662481160462343
1284662494393323523
1284662505588105222
1284662518577799168
1284662521417408514
1284662522352738305
1284662530934104066
1284662596876951552
1284662601402609664
1284662736719212545
1284662739999154178
1284662744483090433
1284662765093711873
1284662778071068672
1284662790905569283
1284662794382647301
1284662806827036672
1284662861730443264
1284662905317646336
1284662961668153344
1284662993909948417
1284663146381299714
1284663159404421125
1284663176487895040
1284663193625862145
1284663193810292736
1284663240136495105
1284663241814110210
1284663356578766849
1284663373670395904
1284663402447724546
1284663415483568129
1284663444944420864
1284663452384948224
1284663465563561993
1284663536090624002
1284663543091073026
1284663569884172288
1284663571289268226
1284663574749523968
1284663595163242497
1284663595670749184
1284663604197785600
1284663609528930306
1284663614024978432
1284663616294334470
1284663629313454080
1284663693926477824
1284663713648140288
1284663743847202816
1284663760200839170
1284663763598073856
1284663767561887744
1284663788738879488
1284663797504970752
1284663819902636032
1284663846150344704
1284663855835017216
1284663898117988355
1284663899510448132
1284663910797377536
1284663919508783104
1284663944741818368
1284663985824911360
1284663995094364161
1284664045044412417
1284664053340635136
1284664068389965825
1284664069232816130
1284664119413506051
1284664123737825280
1284664132034277379
1284664144822767618
1284664152938754049
1284664154641424384
1284664167010570240
1284664205447245824
1284664241232977921
1284664243296624644
1284664288238612482
1284664291812155393
1284664306231939073
1284664331335012352
1284664351257919489
1284664377069764608
1284664432988061696
1284664434087133184
1284664501405544448
1284664527359930368
1284664539196227584
1284664544858566657
1284664548285390848
1284664560507641857
1284664564773195779
1284664594284199937
1284664602781868032
1284664640002088960
1284664640262172675
1284664661376294913
1284664696323309569
1284664702996484097
1284664761146200065
1284664765697142784
1284664786442055680
1284664838300598272
1284664853945171968
1284664854914138112
1284664863231479809
1284664879278891008
1284664885725413376
1284664921859543040
1284664922308136961
1284664933368696834
1284664946278760449
1284664954298101760
1284664960769916928
1284664966746910726
1284664971968884736
1284664984329424896
1284665021834776576
1284665029619601408
1284665034954510336
1284665050234576899
1284665059017400320
1284665121101365248
1284665164957196288
1284665176663437312
1284665185173528577
1284665189095419907
1284665211304189952
1284665218723913729
1284665219399155715
1284665258490171394
1284665264936759297
1284665272985690112
1284665278526357504
1284665315910135811
1284665324810366976
1284665336504242176
1284665366052913154
1284665374018080769
1284665374718464000
1284665378468237312
1284665404313354240
1284665407497003008
1284665415646482433
1284665415696699392
1284665472567443457
1284665487159365632
1284665510257401866
1284665519547863046
1284665520310980609
1284665520655130626
1284665524757110784
1284665596647542784
1284665608966221824
1284665610400600074
1284665621565890560
1284665642474450944
1284665663525617664
1284665684144852995
1284665697671483393
1284665705275838466
1284665709709205504
1284665751379599360
1284665784594096129
1284665803770494977
1284665816760242177
1284665823714521089
1284665840378368000
1284665847190102016
1284665861006069761
1284665868962738178
1284665902051491842
1284665904173735937
1284665939808550914
1284665957449822208
1284665976399831041
1284666011426254850
1284666016463761408
1284666029302411265
1284666032578105345
1284666057542602752
1284666066245955585
1284666071056818176
1284666099452260355
1284666121392619522
1284666175993999360
1284666214200102913
1284666225319002112
1284666250875023366
1284666281967456256
1284666284685193217
1284666289726697478
1284666297867853824
1284666384270667779
1284666389433810946
1284666393137278977
1284666423634202625
1284666426943369216
1284666427182440449
1284666439237013504
1284666456484073473
1284666464612556800
1284666485953032192
1284666486892593155
1284666519511642112
1284666543738150912
1284666620498055168
1284666649593950213
1284666651783204865
1284666666039881729
1284666729440989184
1284666730527117312
1284666766069657601
1284666800119128065
1284666800253231104
1284666801784315905
1284666809409392640
1284666809447112704
1284666829085057025
1284666876191297536
1284666896407760896
1284666905559814144
1284666908818776064
1284666930247286784
1284667056030441477
1284667067602542593
1284667068760100864
1284667094265552897
1284667098552303616
1284667135206318081
1284667173806325762
1284667210896560128
1284667224255598595
1284667249694068737
1284667256761278464
1284667282334060544
1284667304081362944
1284667320649089026
1284667345185714177
1284667362260787200
1284667430044745729
1284667483387985922
1284667522172751875
1284667525578600448
1284667555207016448
1284667576669241344
1284667597355540482
1284667601713496064
1284667609623887878
1284667643547418626
1284667685939433473
1284667686673199104
1284667694336421889
1284667694554521601
1284667702640963584
1284667717409177600
1284667735188869123
1284667744445624322
1284667768869134336
1284667777211486208
1284667803623198721
1284667805649043461
1284667856995577856
1284667874959929344
1284667875312021504
1284667899634827265
1284667919968813061
1284667940667822081
1284667987287519232
1284668024897716225
1284668037572919296
1284668038571122693
1284668054811471872
1284668058099953664
1284668075367968768
1284668083852832770
1284668097157386246
1284668118875414529
1284668129415622657
1284668159371489280
1284668202060886016
1284668230938906624
1284668234407399426
1284668244800999424
1284668251671232512
1284668322185744384
1284668326728224768
1284668361062748160
1284668369031946240
1284668380922822658
1284668406722170881
1284668469112233984
1284668469544456192
1284668478365011970
1284668541363531776
1284668550431596544
1284668557846933505
1284668579959328768
1284668599521562624
1284668625111191553
1284668627875225602
1284668650834866176
1284668670514520066
1284668674767384576
1284668737547722757
1284668742274707457
1284668762520788994
1284668766815760386
1284668801640886273
1284668805160017920
1284668872210165761
1284668906137845761
1284668911909081088
1284668926924713984
1284668931417018368
1284668943039266816
1284668963289522177
1284668964325347328
1284668986916065280
1284668993769361408
1284669032453431296
1284669035422969856
1284669074157572101
1284669108123045888
1284669118180806656
1284669124640149504
1284669131850162177
1284669162904866816
1284669166885064707
1284669250406354946