1280562223555870721
1280562241725759488
1280562379164704770
1280562412719165441
1280562476329742336
1280562493262188545
1280562493765455874
1280562552435548160
1280562568931815425
1280562569602883584
1280562579778265088
1280562581015494663
1280562614590996480
1280562631292653568
1280562639760953345
1280562703170297856
1280562709029928960
1280562737001594881
1280562765816565764
1280562791561285636
1280562844883390465
1280562887359168512
1280562912306831361
1280562916534542336
1280562992506179585
1280563017814388737
1280563050685358080
1280563076052537350
1280563080892682241
1280563122328272896
1280563136773455873
1280563193895624704
1280563215030599680
1280563239118491648
1280563240531980288
1280563249101103105
1280563301882232833
1280563382702280704
1280563395167768581
1280563419876397056
1280563424167186432
1280563457725784064
1280563481159200769
1280563486293196800
1280563516303462405
1280563516659970057
1280563528819265537
1280563565540368386
1280563684453089280
1280563734918897666
1280563742103789568
1280563751440257024
1280563782335545346
1280563784969568256
1280563789079994369
1280563789411344385
1280563796445020160
1280563823318089728
1280563856427925504
1280563865139449858
1280563868775985152
1280563898421256192
1280563927806545925
1280563930197188608
1280563961071427584
1280563986254061568
1280564001693458433
1280564011722047489
1280564020186136579
1280564024439123974
1280564024610979840
1280564032521621510
1280564053207891969
1280564061072166912
1280564128667652096
1280564136766615552
1280564167875928064
1280564179901067267
1280564190038589441
1280564229511294978
1280564261127888896
1280564279272280064
1280564325594345473
1280564355352780801
1280564422201786368
1280564452493066243
1280564493509066755
1280564577814675457
1280564595082567682
1280564615106232321
1280564668243861505
1280564750926127104
1280564760287666180
1280564769095909376
1280564884128710656
1280564885257179137
1280564917276479488
1280564938256367616
1280564967469539328
1280564967754915845
1280565057953378304
1280565059803103239
1280565065993707520
1280565097916624897
1280565160805949440
1280565165004644353
1280565190463897600
1280565227671748608
1280565290678415360
1280565319942144000
1280565320059695111
1280565374635765760
1280565408068591617
1280565437164662786
1280565450569650176
1280565504416104448
1280565504835497996
1280565553850191877
1280565568022573056
1280565639275581442
1280565639913132037
1280565681054986243
1280565705813843969
1280565791310651393
1280565844364402689
1280565898839945217
1280565920293883905
1280565953147752449
1280565996231647237
1280565997737406465
1280566050665435138
1280566094785208320
1280566104226762755
1280566107666108422
1280566114825748481
1280566130252316672
1280566147817992192
1280566160178556928
1280566171792601093
1280566183553454080
1280566209742802944
1280566246942167048
1280566271856140290
1280566301954637825
1280566307117768705
1280566347496173569
1280566347546734592
1280566360167403520
1280566368333635586
1280566368518062080
1280566381122068481
1280566385572286465
1280566395806322704
1280566398327152647
1280566435962433536
1280566436587606017
1280566456908947462
1280566469491916800
1280566482141720576
1280566524093386754
1280566536554586125
1280566578669588481
1280566611796045824
1280566620683935745
1280566629676580864
1280566656868155395
1280566662438273024
1280566719556096000
1280566725411590144
1280566744898244608
1280566752045338624
1280566809083744256
1280566815484252161
1280566834719100928
1280566841635635202
1280566876423114752
1280566905577672704
1280566913236598785
1280566975987699713
1280567024670908418
1280567036167536641
1280567056769978377
1280567115410358273
1280567131248095232
1280567232351870978
1280567253956734989
1280567278086565889
1280567291332235265
1280567308591804416
1280567345208057857
1280567348957597696
1280567358482866176
1280567372886179840
1280567408529420288
1280567413420036097
1280567444101312517
1280567471955562497
1280567509217763329
1280567538510782464
1280567618110468096
1280567618919792640
1280567677388554241
1280567719348314116
1280567723328704523
1280567748356079621
1280567773685526533
1280567791154876417
1280567806539382785
1280567815280394241
1280567823077715968
1280567828215709696
1280567836662874112
1280567844984381442
1280567856816697344
1280567866471972869
1280567866509520896
1280567868506075136
1280567870058106881
1280567940283158528
1280567966518689795
1280568025519919105
1280568028204236805
1280568067572076545
1280568163864915968
1280568172446396416
1280568202121134080
1280568234488537088
1280568247813726209
1280568260854009856
1280568264540803072
1280568268667924481
1280568331343446018
1280568339845328896
1280568340411449345
1280568378680389635
1280568419759403008
1280568457310994432
1280568457617178625
1280568478643236864
1280568508003147777
1280568512394616833
1280568519797571585
1280568528253456384
1280568541486383105
1280568549363326976
1280568549694681088
1280568558595059713
1280568612332417025
1280568625376657410
1280568628593790976
1280568701004197888
1280568708767899648
1280568726123737088
1280568772387053569
1280568784743534592
1280568818302177283
1280568852213088256
1280568863004987392
1280568885834665984
1280568902272065536
1280568932798062592
1280568964557557767
1280568972136480768
1280569028210130944
1280569028394782720
1280569028965253120
1280569032165466112
1280569045067149312
1280569048909131776
1280569078176980998
1280569112062824449
1280569137752952834
1280569145449484288
1280569183508426752
1280569195445485569
1280569208347275264
1280569220510691328
1280569224793067521
1280569237921120256
1280569269072297985
1280569270183661568
1280569280153767937
1280569312932233218
1280569314215632900
1280569321492807682
1280569388769382400
1280569416376344579
1280569418368548864
1280569455735685127
1280569472374509569
1280569481924935681
1280569506293784586
1280569539550380039
1280569544155824128
1280569548236783616
1280569568700723200
1280569623893749761
1280569631879630856
1280569678331555841
1280569683150856193
1280569721398624257
1280569764184756224
1280569812624658433
1280569862306230273
1280569872414539776
1280569938307055616
1280569962348916736
1280569963539918848
1280569979642019846
1280569992384147456
1280570001188151297
1280570017495445506
1280570018321874944
1280570024139374592
1280570068364132352
1280570097707384832
1280570099460694017
1280570102174437384
1280570176992276480
1280570195984056320
1280570239915372547
1280570244340170752
1280570279702511617
1280570281510215680
1280570291379408896
1280570302586478592
1280570308907409408
1280570345016004608
1280570382639140867
1280570406810775553
1280570441892089856
1280570506215936001
1280570537849294849
1280570554416656384
1280570574356578304
1280570596972130304
1280570630933528586
1280570670779445256
1280570801943699456
1280570808004415491
1280570827558223872
1280570886043680771
1280570898400116738
1280570907052740608
1280570919207833601
1280570941278490633
1280571003408703488
1280571016058753024
1280571017539342341
1280571020404031492
1280571023075667969
1280571035654520832
1280571036141043717
1280571078688092160
1280571089274515464
1280571091224793088
1280571117334192130
1280571128835010560
1280571141439045633
1280571159063470080
1280571163224219653
1280571169968492545
1280571175542890497
1280571180148129792
1280571199634968577
1280571215640432641
1280571226147168256
1280571256350400512
1280571285093986304
1280571330883194880
1280571376454295553
1280571376571691010
1280571376777211904
1280571388215152640
1280571414207238144
1280571494620434434
1280571512542703616
1280571517391106048
1280571530116608000
1280571534386638849
1280571586458742785
1280571627772706817
1280571724573089793
1280571749537419269
1280571767199870979
1280571777601744899
1280571821432221696
1280571836653322247
1280571880072765446
1280571913895477248
1280571927787167744
1280571960171261952
1280571984779362304
1280571984963948545
1280571989027983360
1280572017448833026
1280572018182717440
1280572022867677184
1280572102874140673
1280572131546402817
1280572135405236226
1280572156590673920
1280572182750547974
1280572266061930496
1280572273964060672
1280572274144395264
1280572292947476486
1280572299582701568
1280572353290752000
1280572362006691846
1280572417551863808
1280572434396004357
1280572479073931264
1280572496685776896
1280572500619988994
1280572523000868864
1280572524221419522
1280572540524490752
1280572542818934784
1280572567619690497
1280572584665350144
1280572664848044034
1280572694031974401
1280572697328615424
1280572731864514560
1280572794439438336
1280572819424907270
1280572825242349569
1280572870318592001
1280572886902804484
1280572905873686532
1280572911737331713
1280572936965980161
1280572949892927490
1280572973557190661
1280573021359689731
1280573041781727238
1280573050338054145
1280573054192582656
1280573075835154433
1280573109066706945
1280573138791591936
1280573146643304448
1280573155019456512
1280573163563290626
1280573226670751744
1280573230865092610
1280573241057325057
1280573273403604993
1280573276746592256
1280573284736737282
1280573295600054281
1280573298108239873
1280573300326924288
1280573343796793346
1280573349136039936
1280573350629212160
1280573360779427841
1280573364579504130
1280573382149328896
1280573443809906690
1280573490932957187
1280573498214232065
1280573541042335747
1280573544900907008
1280573572684095493
1280573574517006336
1280573616585953280
1280573642024398855
1280573670772088833
1280573674098233344
1280573700647956481
1280573744159821825
1280573750832959488
1280573751197757440
1280573788170735616
1280573845766909952
1280573849700982784
1280573862003052545
1280573876607553537
1280573894668288000
1280573975408586759
1280574002012884992
1280574006865694720
1280574026398814216
1280574048917950464
1280574053439418368
1280574065280012288
1280574111169810433
1280574123836608514
1280574125522681857
1280574136822218752
1280574174638100480
1280574190945554433
1280574210931191808
1280574287552880644
1280574300198707200
1280574303671431169
1280574315537272833
1280574315847733252
1280574325444272130
1280574347032264704
1280574375352078337
1280574416229982210
1280574440741449729
1280574489302929408
1280574547322974209
1280574618550407168
1280574631028625410
1280574669507252224
1280574677262323714
1280574682186477573
1280574689497288704
1280574702822588419
1280574727577374722
1280574731343720448
1280574774079639553
1280574776478584837
1280574820187545602
1280574827460509696
1280574857768361984
1280574892317069313
1280574914345537537
1280574929088307200
1280574933190541315
1280574943437053953
1280574962684829696
1280574996230950912
1280575017030422529
1280575019249053696
1280575021312811009
1280575046826840064
1280575060596731908
1280575063180423168
1280575080230039552
1280575087918252032
1280575113872596992
1280575116871528449
1280575134491959297
1280575193870721024
1280575203844685824
1280575211562242049
1280575234383532032
1280575234953883648
1280575272937500674
1280575273210130434
1280575315241123846
1280575321029308416
1280575378390765568
1280575392609230849
1280575394530373632
1280575477296492546
1280575504232280066
1280575520745369607
1280575527061868547
1280575537396813825
1280575608737746950
1280575616840986624
1280575632380837888
1280575650315853824
1280575717756088322
1280575735086944256
1280575765503864832
1280575780452515840
1280575818679418882
1280575822370230277
1280575881065439232
1280575894172561408
1280575898547150849
1280575926418448384
1280575965928685568
1280575974283894791
1280576006953336833
1280576048942526465
1280576049114300416
1280576053422014464
1280576091162370048
1280576107402727426
1280576145914765312
1280576158208339968
1280576205029179392
1280576234993246208
1280576290756558848
1280576342182907904
1280576359295791109
1280576405592518657
1280576446608617479
1280576498202587137
1280576510563409920
1280576609808941057
1280576623943835650
1280576629870215168
1280576646630825984
1280576661919072257
1280576678310313984
1280576711604662272
1280576736766427140
1280576737324261376
1280576782916337665
1280576783482408961
1280576816541954048
1280576818815340546
1280576832539164672
1280576841468784640
1280576921861074945
1280576926034399233
1280576981583740930
1280576988630208514
1280576991452749824
1280577009626738688
1280577047392370690
1280577059996262400
1280577076450471937
1280577085623451650
1280577093517086721
1280577118611673089
1280577119014334470
1280577134830825472
1280577139365027840
1280577202820714499
1280577223137931265
1280577227864899585
1280577230775648260
1280577254842601473
1280577286127812608
1280577312325500928