1278735183798124545
1278735186130137088
1278735192128184320
1278735202811084800
1278735209320509440
1278735219512623104
1278735292598571010
1278735391126884354
1278735399729295361
1278735416972075009
1278735435917901832
1278735474882830337
1278735475315015680
1278735495607005185
1278735496458326016
1278735529685606401
1278735538661490688
1278735589437775873
1278735604830871553
1278735616881102848
1278735643116478464
1278735649768693763
1278735651224027136
1278735672254267393
1278735685499777024
1278735689866194946
1278735697998823424
1278735705695535106
1278735714163871744
1278735718236344321
1278735865296990210
1278735874000379904
1278735893285736448
1278735915549184007
1278735916857769985
1278735929193226241
1278735946951864321
1278735965893386242
1278735970117005317
1278735995161186306
1278736019391754245
1278736037880254467
1278736041512501250
1278736041831280642
1278736071275057152
1278736093333069825
1278736137486508033
1278736142767185925
1278736162971156482
1278736175960936448
1278736184076668928
1278736205295882241
1278736213218738177
1278736230063235072
1278736240624521218
1278736249436725248
1278736259876188161
1278736260043927553
1278736383973093381
1278736389769539584
1278736398590377984
1278736435558993921
1278736469000151042
1278736485873782784
1278736515401564161
1278736515502428160
1278736545793609729
1278736574180663296
1278736628941496322
1278736666195365888
1278736671463190528
1278736695303630848
1278736704447434752
1278736729596403713
1278736741667606537
1278736750194700290
1278736801067405312
1278736802711580673
1278736848840527875
1278736892880539648
1278736924321239047
1278736941236678658
1278736976783400960
1278736980839366656
1278736983293145090
1278736989458751491
1278737061076500480
1278737085608931331
1278737090277072896
1278737174427394049
1278737177724235778
1278737182203707394
1278737184795709440
1278737199345872896
1278737215946993664
1278737216903274502
1278737220338282496
1278737221693001729
1278737233063927809
1278737245827194880
1278737254249189376
1278737264563159042
1278737278664421376
1278737320888467456
1278737335853580293
1278737375229771776
1278737378971021312
1278737430351425538
1278737450970558465
1278737465810079754
1278737493051928577
1278737526568689664
1278737547372294144
1278737556515979264
1278737564178890752
1278737568159457280
1278737572869505029
1278737589252567042
1278737610748223490
1278737648375521282
1278737700422639617
1278737700754018304
1278737709641629704
1278737710937669634
1278737736451547136
1278737779036471296
1278737832866205697
1278737835164684288
1278737848934338561
1278737870027501574
1278737870090432513
1278737877514387456
1278737878412132353
1278737882698694661
1278737945743286273
1278737954962276353
1278737958107885569
1278737962331758592
1278737983982600193
1278738062974033920
1278738066602106882
1278738067776573446
1278738078765649920
1278738084285333504
1278738105240031238
1278738134306639876
1278738205806919681
1278738239927603201
1278738274391973889
1278738294428200960
1278738298220019712
1278738305245343745
1278738339902951424
1278738360266301441
1278738369288298502
1278738377802747904
1278738415647895555
1278738469418762240
1278738473734864896
1278738480307351553
1278738486887997440
1278738487127269378
1278738524993454085
1278738549559492608
1278738574553370631
1278738589485064197
1278738608439123968
1278738642647818240
1278738647764865026
1278738696972402689
1278738700680101888
1278738709395968006
1278738738386960385
1278738751267778560
1278738764085358592
1278738805583941638
1278738864052584451
1278738864518160384
1278738871866593282
1278738910202351616
1278738923473252353
1278738924202913797
1278738968851300352
1278739031162081282
1278739038367821830
1278739064003461121
1278739066465460224
1278739086690390021
1278739089278279680
1278739095313940480
1278739111118024704
1278739129036156928
1278739166319149057
1278739212448169986
1278739221373739009
1278739229141618688
1278739253434990593
1278739263765577730
1278739271000576005
1278739329997844480
1278739350575087628
1278739375824596993
1278739417809784836
1278739425640566785
1278739430686232576
1278739445806579713
1278739447287349248
1278739476563595265
1278739493793804290
1278739508352212992
1278739543953420288
1278739565076000768
1278739615281790976
1278739616657371136
1278739619631136770
1278739665319649280
1278739675599994883
1278739699645837313
1278739727324196864
1278739782647140355
1278739816662937600
1278739820408438785
1278739900704030720
1278739908929216512
1278739925471563776
1278739971566960641
1278739979901034498
1278739984330240008
1278739996132823040
1278739996258775045
1278740005901332480
1278740021995098114
1278740092857663488
1278740101384658944
1278740135715254274
1278740151913644033
1278740173073854464
1278740193940512768
1278740197706887168
1278740217101508608
1278740218552692737
1278740218946949120
1278740219613728774
1278740236433047555
1278740263154987009
1278740268678877186
1278740273510715395
1278740294830379008
1278740299125317632
1278740321799737346
1278740331018813440
1278740411734020097
1278740470412316673
1278740496253214720
1278740529975525378
1278740562963607553
1278740579829125126
1278740583444602882
1278740596841119745
1278740605401694210
1278740631699853313
1278740633302204417
1278740642584240129
1278740644903567361
1278740651031453696
1278740659948699648
1278740722213105664
1278740743453126656
1278740866962685955
1278740885702934529
1278740903201570824
1278740915096629255
1278740921530683393
1278740940304404481
1278740940744650752
1278740969261690880
1278740972059480064
1278740991344889857
1278741024794456066
1278741052896264193
1278741060404027392
1278741066729033732
1278741087620915203
1278741137684140036
1278741154238853120
1278741200338649088
1278741200934014976
1278741245028958208
1278741262175272961
1278741330408230920
1278741388419567616
1278741464684605444
1278741498528501760
1278741502773080069
1278741536281432064
1278741570058149891
1278741583949684741
1278741598348574720
1278741616363216905
1278741632653955072
1278741640669265920
1278741653398843392
1278741654418206720
1278741704166658048
1278741706850971648
1278741721032073217
1278741735712186370
1278741795699150850
1278741800816119809
1278741808705490946
1278741810165227520
1278741816569925632
1278741833548513288
1278741862849802240
1278741862950543361
1278741880243535872
1278741892381868032
1278741895007485953
1278741897415188483
1278741903941365766
1278741904864075776
1278741907305385984
1278741926309756935
1278741972887334912
1278741979325706240
1278741983981436929
1278742070421790720
1278742114722078722
1278742127518892032
1278742169310953472
1278742182283874306
1278742183919616001
1278742186276708352
1278742203188367360
1278742219416051714
1278742223195197447
1278742269156302848
1278742287921676288
1278742291587489794
1278742319940812801
1278742323480887298
1278742326781894657
1278742333324963840
1278742337628385280
1278742387314110465
1278742399892758533
1278742453978140673
1278742464233451521
1278742471061704721
1278742475310616576
1278742475809718272
1278742517635219456
1278742547435847680
1278742563755749376
1278742565211328513
1278742602041430018
1278742605329838080
1278742626255028224
1278742631078649862
1278742656219336711
1278742684966875136
1278742693758201856
1278742731368443906
1278742733973344256
1278742734975774720
1278742740097028102
1278742777250099200
1278742793788194817
1278742798641115146
1278742844753285124
1278742853171249159
1278742857172553729
1278742873744138241
1278742873865965569
1278742895374159873
1278742903259639809
1278742955507900416
1278742970204905476
1278743013485957120
1278743016702742528
1278743029332000770
1278743037447938048
1278743049317777408
1278743049791774720
1278743054757830658
1278743058717138945
1278743059048488960
1278743068263485441
1278743088484233220
1278743096478633986
1278743111334801408
1278743113012576258
1278743151360999424
1278743183992684544
1278743185393684481
1278743186568089600
1278743197167112192
1278743259536220166
1278743281468420099
1278743331292409858
1278743373004681217
1278743373633990656
1278743440952524801
1278743472372154370
1278743481108881408
1278743481276608513
1278743493968637952
1278743516156289024
1278743545038307329
1278743561685684224
1278743563296280577
1278743574482350080
1278743585932873729
1278743621190156288
1278743637044723720
1278743646351831046
1278743660402794496
1278743675917307904
1278743693596516359
1278743712810622978
1278743726039470085
1278743730103611392
1278743758092357632
1278743758763368449
1278743783467814913
1278743818406256640
1278743822370037761
1278743851449155585
1278743858617122816
1278743859321868294
1278743871485292545
1278743880867778561
1278743885573808128
1278743955925078016
1278743960090021888
1278743973000105987
1278743994516692992
1278743995473113088
1278744002930470912
1278744035604205573
1278744119985221632
1278744152709177349
1278744177673596930
1278744213690159105
1278744237249630208
1278744258716065797
1278744262977388544
1278744275036131330
1278744304572301313
1278744325313245185
1278744337921253377
1278744375347097600
1278744379968983040
1278744405193699329
1278744417508220935
1278744468301242368
1278744505370447873
1278744505697603584
1278744547510476801
1278744551298150400
1278744566607212544
1278744572533911553
1278744585678860288
1278744597569712136
1278744597972353026
1278744610974715911
1278744619161980929
1278744678179971073
1278744740599562241
1278744746865774598
1278744804394967041
1278744816118005760
1278744820668862464
1278744866776920065
1278744871713587200
1278744906471636993
1278744908245991431
1278744928281956356
1278744963665330179
1278744979452465155
1278744980065079296
1278744983437225985
1278745029960511489
1278745038227410944
1278745042631438338
1278745055298236416
1278745087040786433
1278745097379688448
1278745105894121475
1278745132024594432
1278745189159505925
1278745198013624320
1278745222604873728
1278745223372382209
1278745228153847810
1278745229470859271
1278745281434181632
1278745289831133184
1278745302321762306
1278745361859907589
1278745403324850176
1278745445435465728
1278745457762729996
1278745475106168839
1278745477937336322
1278745491790917633
1278745514305925120
1278745524401823749
1278745571440963584
1278745574729228290
1278745600159145984
1278745616831545344
1278745621609025536
1278745633738768384
1278745634066116608
1278745638054887424
1278745659005448194
1278745659198197760
1278745705079865344
1278745717885014022
1278745729414991872
1278745730329579520
1278745738495897600
1278745750722183168
1278745852723560449
1278745860998934528
1278745883572604929
1278745918859292679
1278745927218495490
1278745932058722315
1278745936336994305
1278745939990188032
1278745982147145729
1278746003596808194
1278746011658153986
1278746016221499394
1278746032130547713
1278746043480453127
1278746061595652098
1278746068432404484
1278746104234983424
1278746107699494913
1278746128973017096
1278746166469910528
1278746182097960962
1278746191472349184
1278746226486378498
1278746254499966977
1278746259365519361
1278746265602289665
1278746268127371264
1278746276058861569
1278746279275835394
1278746300394110979
1278746330706243584
1278746363069685760
1278746375694413824
1278746397525839874
1278746399094591488
1278746400759537666
1278746405125984258
1278746405914284033
1278746409890721792
1278746450743234560
1278746451871399938
1278746455801552896
1278746466559852544
1278746473203720192
1278746481436921856
1278746542728523777
1278746544406032384
1278746548516634624
1278746553197441024
1278746590849708033
1278746592468709377
1278746600324476928
1278746604154077185
1278746648143900674
1278746661167288321
1278746661347614721
1278746665755828225
1278746745850257408
1278746758252605441
1278746787533033472
1278746829371461637
1278746842335817730
1278746845494366208
1278746854952501248
1278746879384264710
1278746880583876609
1278746883872165890
1278746896237047811
1278746898136997895
1278746900951375872
1278746901010165761
1278746908765368321
1278746917296656385
1278746921729961989
1278746959021555712
1278746959889739776
1278746981104418817
1278747021126578176
1278747031171928066
1278747050637697025
1278747052063719424
1278747054668480515
1278747077040889857
1278747101837459456
1278747102168965120
1278747131352764417
1278747143612895232
1278747153977036800
1278747169416269824
1278747172960436225
1278747185941798912
1278747208427462657
1278747213145890816
1278747285837484032
1278747294637207555
1278747316380291072
1278747319308083200
1278747319995740160
1278747365143347202
1278747395900260354
1278747399557541888
1278747408785178624
1278747411431776257
1278747458202411008
1278747470785155072
1278747495925977100
1278747496232169478
1278747521750315008
1278747532047384576
1278747547281039361
1278747554272993283
1278747559394041856
1278747622090715138
1278747634216374272
1278747667737178113
1278747722393231367
1278747745713618945
1278747767553302528
1278747837845700613
1278747843440902145
1278747848419479554
1278747848625004546
1278747865121263617
1278747869550383104
1278747875607023617
1278747907483734017
1278747949468725249
1278747957660180481
1278747966371700737
1278748016330014720
1278748029105967104
1278748029319704576
1278748033459642369
1278748046071721985
1278748050261815298
1278748052917018624
1278748112404783104
1278748180109287426
1278748196781592577
1278748221494276097
1278748229824282631
1278748242604425217
1278748244860960770
1278748249332092929
1278748250854559744
1278748254281371654
1278748262753808388
1278748265744420865
1278748301513367553
1278748313874059265
1278748343196422146
1278748389228924930
1278748389815881728
1278748397202075648
1278748418895118337
1278748427690614785
1278748429955588098
1278748439300489216
1278748448246820864
1278748474939490305
1278748503552950280
1278748527561236480
1278748529876299776
1278748569789497347
1278748606837620736
1278748607294799872
1278748615775846406
1278748657748070400
1278748658515668992
1278748670414868481
1278748674776895489
1278748691516362753
1278748699913596932
1278748703847743490
1278748703893979137
1278748716485111810
1278748721300287489
1278748728237719552
1278748732259958786
1278748750152900614
1278748754586157056
1278748754930262019
1278748769367085057
1278748773192269830
1278748791206707200
1278748801247961088
1278748813495320576
1278748813507821569
1278748834819080195
1278748871540109312
1278748906017488898
1278748922748510209
1278748934538702850
1278748947482398721
1278748950787493888
1278748980277587968
1278748985495375872
1278749015073591296
1278749051937316869
1278749060321738757
1278749061261266945
1278749068899082243
1278749077472083968
1278749098032709633
1278749098326327297
1278749109059543043
1278749144958537736
1278749160435519488
1278749173370818560
1278749182237474817
1278749190592569344
1278749249229008896
1278749261925101574
1278749262076014595
1278749320485965824
1278749329038114816
1278749347090518017
1278749425293287424
1278749434055200769
1278749451440451585
1278749455290859520
1278749459854159872
1278749483715694594
1278749508977991682
1278749509191958528
1278749530545102848
1278749536542916609
1278749547620114434
1278749563843686410
1278749595166740489
1278749618512199687
1278749618935824384
1278749622647824384
1278749626825420802
1278749626875576320
1278749638984470528
1278749675890389002
1278749679174352898
1278749706877833216
1278749716625457152
1278749723420172290
1278749748925812736
1278749761609195520
1278749782887014400
1278749795201486848
1278749823727022086
1278749853430865920
1278749853930213379
1278749958087327745
1278749962352943104
1278749969621680128
1278749971349737472
1278749971387301888
1278750037745467398
1278750046046040064
1278750050198466567
1278750058930933760
1278750063515189249
1278750068393164800
1278750069387177984
1278750071622959111
1278750076333166596
1278750092170858496
1278750095761170432
1278750117659582464
1278750118766936064
1278750144595451904
1278750146705207299
1278750193220009986
1278750213717532677
1278750222294740992
1278750235104358402
1278750238963126272
1278750254158864384
1278750268780433408
1278750281086447616