1287085205744803841
1287085206915047424
1287085307641421824
1287085315077832704
1287085341292343297
1287085353673859080
1287085358090522624
1287085395000406022
1287085432639979521
1287085435248943107
1287085440579772416
1287085441422954496
1287085450344071170
1287085458137198592
1287085459475173376
1287085462557876225
1287085491242840065
1287085491326771202
1287085521328513024
1287085537589895170
1287085549908627459
1287085566979260417
1287085567210147840
1287085570733285382
1287085588357603328
1287085609178345475
1287085631848538113
1287085751537041408
1287085827403784193
1287085883221348352
1287085989110849536
1287085999244431376
1287086015816114178
1287086032870146048
1287086043951296514
1287086049533943808
1287086062305714179
1287086103644844032
1287086137463517197
1287086158288216064
1287086174956335104
1287086195982381056
1287086238495903745
1287086322721710083
1287086360604684291
1287086363649757192
1287086368812933120
1287086423296876544
1287086423548416005
1287086443828051970
1287086493668909059
1287086514917253122
1287086519656706053
1287086539672039424
1287086545493688322
1287086552695406593
1287086573020778498
1287086624493449218
1287086632638636032
1287086636887613440
1287086674313388032
1287086691535159297
1287086710124314624
1287086774674579456
1287086809357246465
1287086811156807680
1287086822225375233
1287086858837676033
1287086859903000578
1287086879649783808
1287086926730874882
1287086929847222277
1287086963925962754
1287087039331086336
1287087073149751298
1287087139948240896
1287087204465086464
1287087210181693440
1287087240942944258
1287087261864124416
1287087311726039043
1287087349692801025
1287087350116421632
1287087429846020096
1287087441862696963
1287087487743979521
1287087508736614401
1287087526742650880
1287087528814804995
1287087559747698688
1287087576390578177
1287087608552660993
1287087621726965761
1287087728169975816
1287087733777641472
1287087807035564034
1287087832339800073
1287087845400891393
1287087847221141504
1287087950036180993
1287087953265795073
1287087986010537984
1287087991341682688
1287088008508907520
1287088033993560066
1287088075173236738
1287088088301281282
1287088103765585920
1287088129091010561
1287088185068195840
1287088192164786176
1287088193972711432
1287088197537849344
1287088209911062528
1287088234799853573
1287088289103716353
1287088289254580224
1287088348188704768
1287088385354608640
1287088423182860288
1287088457416937472
1287088464870219779
1287088465751027714
1287088475829755904
1287088478505693185
1287088507270258689
1287088516518875136
1287088529311281152
1287088599196983296
1287088616657825792
1287088654695964673
1287088655782346759
1287088683665956864
1287088711662833664
1287088737692909571
1287088783729491975
1287088816482914306
1287088823566872576
1287088834983985153
1287088839178289152
1287088901870379008
1287088910334533632
1287088914273116161
1287088972540325888
1287088995005071360
1287088998075322371
1287089031159971841
1287089039389200384
1287089090010198016
1287089157819506701
1287089178547834880
1287089232796942344
1287089254607269897
1287089308193652738
1287089313268633603
1287089348240973824
1287089395233767426
1287089397033312256
1287089400875225091
1287089409473630218
1287089412829065216
1287089421112807425
1287089436719800320
1287089448434499585
1287089476142010375
1287089555821268992
1287089568559308802
1287089589249769473
1287089597005135877
1287089631813603328
1287089660385255424
1287089711073366017
1287089753670799373
1287089754262183937
1287089794540081160
1287089841692278784
1287089859266359296
1287089898563010562
1287089907987513346
1287089921132564481
1287089931123224576
1287089940774432768
1287089954385014791
1287089954825424896
1287089972508581888
1287089979437518848
1287089983615119360
1287090033757949955
1287090062971338752
1287090083351293953
1287090084794101761
1287090092469899269
1287090108257185793
1287090130059030528
1287090155657015297
1287090237357744128
1287090243162832897
1287090243779395584
1287090260418076672
1287090264796876800
1287090278038372354
1287090285848264707
1287090344094392320
1287090354169286656
1287090428446150666
1287090517327532032
1287090533320491010
1287090553860087810
1287090554216632320
1287090596700618753
1287090625658204160
1287090651591581701
1287090717098205184
1287090717844791298
1287090734357573632
1287090739105673217
1287090757296324609
1287090805430194176
1287090811734294528
1287090827408355330
1287090892009017344
1287090914075312130
1287090923487342592
1287090978575093760
1287091011219382272
1287091039556325376
1287091053569310720
1287091103683026950
1287091143650549767
1287091187975946242
1287091200789368832
1287091238026522625
1287091263288889346
1287091313201086465
1287091317680603136
1287091343169380352
1287091380817461248
1287091393077424132
1287091409690992640
1287091442947633152
1287091463898226688
1287091465412378626
1287091473243152385
1287091513441292288
1287091514255056898
1287091514343141377
1287091520001245185
1287091573793021952
1287091594470932480
1287091707209822210
1287091711668301833
1287091720048578561
1287091727950581760
1287091745285705729
1287091749408645120
1287091769541144578
1287091832938270728
1287091845248552961
1287091850378174464
1287091857957085184
1287091925707821060
1287091930262843392
1287091951276359680
1287091984163917825
1287092018607464449
1287092030334672897
1287092105618378754
1287092176858558466
1287092273617018880
1287092307775324162
1287092311512547330
1287092317787246592
1287092349248495616
1287092358060769281
1287092386729000960
1287092488596004864
1287092579897671683
1287092592551829506
1287092605604360193
1287092684763672578
1287092714526453763
1287092750240841729
1287092764635734016
1287092772529471488
1287092772919488515
1287092773036982280
1287092781509476352
1287092785942876163
1287092790619496448
1287092791517085696
1287092810479480832
1287092835506954241
1287092835779567616
1287092844470112259
1287092865315885058
1287092865336827911
1287092937277374466
1287092974652973061
1287093004130344965
1287093007750180865
1287093037730955271
1287093125278773255
1287093146577301504
1287093182069641216
1287093259580432392
1287093263174754305
1287093308930613248
1287093334993850368
1287093366921060353
1287093408498999296
1287093414270468101
1287093422491176960
1287093515038552065
1287093519606259712
1287093523871862791
1287093532893872133
1287093556981764102
1287093566670602240
1287093627127304192
1287093637449265157
1287093666708848640
1287093704617058309
1287093710170263553
1287093737798000641
1287093867762855938
1287093886234632193
1287093889246142470
1287093968166178816
1287093998109171712
1287094031189712897
1287094044498300929
1287094107287048193
1287094122327793666
1287094139943698433
1287094174555217920
1287094190988566535
1287094196076249088
1287094211108634624
1287094211683201032
1287094215890087936
1287094232679735296
1287094257602494467
1287094278393536512
1287094290896678912
1287094304834383872
1287094306285793280
1287094404453478401
1287094471184744448
1287094471956414464
1287094475488145409
1287094521524674560
1287094596229505027
1287094601476476928
1287094606190931969
1287094652814925824
1287094689406038017
1287094710352392193
1287094718598348800
1287094748562575361
1287094756720467971
1287094775271784450
1287094882327302145
1287094887075258369
1287094933447417857
1287094940816879616
1287094961863884802
1287094978452348928
1287094995783241728
1287095055199744001
1287095071507021824
1287095087965642752
1287095121247457281
1287095135268872192
1287095139178094598
1287095168156545024
1287095180164837376
1287095189417402368
1287095214432227328
1287095243616264197
1287095258891694080
1287095289073946631
1287095320544006146
1287095364403826689
1287095386163773440
1287095394640379904
1287095397480112132
1287095409169457152
1287095436117934080
1287095447601938440
1287095465775783936
1287095469835919360
1287095524496031745
1287095553722060801
1287095566892249091
1287095590715891718
1287095633912840192
1287095634374332422
1287095709443883008
1287095709465038849
1287095713583624193
1287095717857722375
1287095729601691649
1287095755078012928
1287095763038695424
1287095795041415168
1287095797448753153
1287095813785751555
1287095814586880003
1287095822212046848
1287095864465399808
1287095876427513856
1287095892906934274
1287095920589451265
1287095952600424448
1287095965602795520
1287095986398134273
1287095986431680513
1287096074679721985
1287096086243368960
1287096174638297088
1287096192904527872
1287096199267454977
1287096204497752064
1287096216896118785
1287096237385121792
1287096238232526848
1287096256356061189
1287096279483506688
1287096358558720000
1287096389059727360
1287096389814673408
1287096397448257538
1287096397561581570
1287096463806300161
1287096471658156046
1287096489005776897
1287096519032741889
1287096527303966722
1287096528885219335
1287096554092769281
1287096652621402112
1287096665573400576
1287096749211955204
1287096757701300225
1287096761866227712
1287096762235117568
1287096808217305088
1287096838437457922
1287096887531708417
1287096938823847936
1287096965679980545
1287096976383844354
1287096992041230342
1287097001134321670
1287097013251833857
1287097022315663360
1287097047137447941
1287097059250708480
1287097071661731841
1287097089567031296
1287097095883759622
1287097122668584961
1287097206839836673
1287097227047919616
1287097257314181121
1287097274322034689
1287097311743614978
1287097361706168320
1287097408111902724
1287097412067237893
1287097424448806912
1287097431469957121
1287097466345664513
1287097506703323136
1287097517658669058
1287097529620930561
1287097537892147203
1287097538227707905
1287097555470430208
1287097585178685440
1287097587456188418
1287097659409534976
1287097713671041024
1287097720382066688
1287097733875216384
1287097796659752960
1287097852100063232
1287097881929883648
1287097897675304964
1287097940981424128
1287097961688846336
1287098091880034304
1287098099589029888
1287098117188456449
1287098152047325186
1287098221211394048
1287098238084972545
1287098280703332359
1287098313527791617
1287098356309925888
1287098422860943367
1287098427415830529
1287098438971060224
1287098443891118080
1287098447854620673
1287098467093864448
1287098482180927488
1287098485251203073
1287098544575275008
1287098556814426118
1287098569376309248
1287098615287160832
1287098636610998277
1287098654118031360
1287098669003689985
1287098687382908929
1287098695142391808
1287098703552094209
1287098733067243522
1287098741380591619
1287098750511403008
1287098762511491074
1287098769323040772
1287098812863930368
1287098849899749378
1287098863745142784
1287098969412313088
1287099039675105281
1287099039998246914
1287099052178288640
1287099076937306113
1287099089927184384
1287099118712651777
1287099119035715584
1287099143949869064
1287099188791181313
1287099232042856451
1287099258387271681
1287099281074249734
1287099303559942144
1287099316033720320
1287099395377377280
1287099408883027968
1287099454349287430
1287099496078479362
1287099509214937089
1287099517637197824
1287099541234356226
1287099546590273537
1287099634427613185
1287099668137234433
1287099668824862720
1287099677461094407
1287099723367813120
1287099743936450561
1287099760948547585
1287099771035901953
1287099782096457728
1287099790355058689
1287099806385676288
1287099816015732738
1287099831698284545
1287099877755944960
1287099885850963973
1287099891697803264
1287099899872309248
1287099920550371328
1287099931933769728
1287099949197529088
1287099950048972801
1287099958177529862
1287100007812923392
1287100020559212544
1287100033129689089
1287100033133883393
1287100041664970753
1287100041778216961
1287100078080036870
1287100094077001728
1287100222888390662
1287100256065327107
1287100268602167296
1287100275120115712