1279157971033796609
1279157971361001475
1279157980500340736
1279157984631889920
1279157988973072384
1279158021961252864
1279158043448684548
1279158043465388032
1279158051174404097
1279158068505243648
1279158103175565313
1279158110737829889
1279158137438777350
1279158144111968263
1279158148389994496
1279158152689319941
1279158154941599744
1279158181625823232
1279158198625341441
1279158198751109122
1279158215779979264
1279158242065682433
1279158248680165376
1279158248910794752
1279158255185530880
1279158265163767809
1279158265897783296
1279158281823543304
1279158294595190786
1279158311171100679
1279158320851550208
1279158328912801792
1279158353143316480
1279158356805144576
1279158408323579910
1279158420671729666
1279158450258358273
1279158471187972096
1279158487562383360
1279158521628635136
1279158525613178882
1279158559461294081
1279158588234031105
1279158592168329218
1279158593049300992
1279158599999082497
1279158662519554058
1279158680882200579
1279158747781378050
1279158748729053185
1279158748913651712
1279158755985424389
1279158780455014402
1279158798762950656
1279158840186060801
1279158852513140736
1279158937124773889
1279158948839526406
1279158961351032832
1279158969282355200
1279159004900454400
1279159082809778176
1279159083329818625
1279159134185635841
1279159184567808000
1279159192427749376
1279159201357537280
1279159250758008832
1279159326540611584
1279159410267389952
1279159418634907648
1279159440818819079
1279159486649860097
1279159497349627905
1279159506832891904
1279159511631237134
1279159531751251969
1279159532258803714
1279159548952154115
1279159557718110209
1279159582963662849
1279159583521505281
1279159611845685248
1279159620792020992
1279159653738348545
1279159703755341825
1279159712731336707
1279159730091540480
1279159762349940747
1279159775855427584
1279159780595113984
1279159783388569601
1279159784449556481
1279159787922444288
1279159793593319431
1279159825713201154
1279159829416689664
1279159833812512775
1279159838061314055
1279159863365586944
1279159876774748162
1279159890791919616
1279159909326753793
1279159926129115136
1279159927118929921
1279159982425083904
1279159989475647488
1279159993124696066
1279159999990816769
1279160014737797120
1279160022409400321
1279160064557887491
1279160082026991616
1279160089824251905
1279160102373797897
1279160115187396609
1279160157792899072
1279160169700696066
1279160173857136641
1279160178177236994
1279160203578085376
1279160224440516609
1279160244220964866
1279160244732452864
1279160263040630786
1279160267012739077
1279160283324276736
1279160316362805249
1279160337036705793
1279160350710120448
1279160362818920448
1279160384587534337
1279160386256855056
1279160387493982208
1279160400764964864
1279160417231663109
1279160425695739904
1279160439344168960
1279160480121139200
1279160481588994048
1279160488987951104
1279160492670562310
1279160499230380034
1279160530813534211
1279160568255897600
1279160627227963393
1279160631510183939
1279160639970086912
1279160644097449985
1279160651538194432
1279160654184755202
1279160682919989252
1279160687491723264
1279160702930845696
1279160757037551619
1279160761026326534
1279160794547212288
1279160829519310849
1279160849643560962
1279160852868931585
1279160862897569794
1279160874540961795
1279160879259561985
1279160885571919875
1279160928332853250
1279160944493572097
1279160954840928256
1279160970066235392
1279160974696681472
1279160979289448449
1279160995970195457
1279160999858384897
1279161012730695680
1279161041880940544
1279161050688970753
1279161066669379584
1279161073271058432
1279161101675040774
1279161105189949440
1279161128728375298
1279161149427253256
1279161162358276096
1279161163519942656
1279161175574343680
1279161176308559875
1279161179752009736
1279161213641842688
1279161231329431552
1279161237503385601
1279161238954676226
1279161263474556935
1279161310383652868
1279161324816134144
1279161327005523971
1279161368915181570
1279161377106558978
1279161377379115008
1279161385730048000
1279161420232482823
1279161424393105409
1279161425001414659
1279161498892460034
1279161557818228738
1279161558317232129
1279161566244585480
1279161595713683459
1279161599778000897
1279161614059503616
1279161625606586369
1279161667167956993
1279161683810947076
1279161700231589889
1279161743172722688
1279161759383924741
1279161763980869632
1279161768091152384
1279161792330002432
1279161822663389184
1279161834139004928
1279161851104772096
1279161885837987845
1279161935540432906
1279161952468680706
1279161957082370049
1279161972865581056
1279162039622086656
1279162116210073602
1279162124359610372
1279162129141108747
1279162158358704130
1279162170513805313
1279162254156599297
1279162275174264832
1279162283701276672
1279162304395915265
1279162341712683009
1279162379838898176
1279162396716589056
1279162400328036353
1279162430568849408
1279162455143460864
1279162459442393088
1279162472247840771
1279162501956079618
1279162508310347781
1279162518544539649
1279162527570509825
1279162556754677760
1279162594142621696
1279162643761311744
1279162644700807170
1279162648958033921
1279162656784437248
1279162668960624640
1279162681358983169
1279162681874960385
1279162686522060800
1279162694373904385
1279162703291047937
1279162707124551691
1279162719288123392
1279162723880898561
1279162724585361408
1279162728754540544
1279162728775667713
1279162754155393024
1279162783003807746
1279162824737148929
1279162828872704003
1279162841875001344
1279162845435793408
1279162846002069505
1279162847373799434
1279162854625558529
1279162856123097092
1279162872384241665
1279162883146952704
1279162887576174594
1279162954710220800
1279162963388182533
1279162965783085057
1279163000432156672
1279163014197936130
1279163035446390786
1279163043025506307
1279163092581134337
1279163113518977024
1279163113695318016
1279163122041917444
1279163140593287170
1279163160910532615
1279163215759409157
1279163239033683970
1279163250278428672
1279163269064855552
1279163269136224257
1279163310877835268
1279163328561111040
1279163357040443392
1279163378804486144
1279163386824138758
1279163387608469505
1279163394709499911
1279163397586726912
1279163398484160512
1279163416431611904
1279163432634404869
1279163504457547778
1279163525160632321
1279163547088490502
1279163575353987080
1279163608677732356
1279163609386532864
1279163609566916614
1279163617364017152
1279163657717415936
1279163667246964737
1279163702407770117
1279163715682742275
1279163721223270400
1279163734439706626
1279163753691406336
1279163794061754368
1279163809664565248
1279163810285158400
1279163827062558721
1279163852194828288
1279163854191235072
1279163865444413440
1279163902283132929
1279163935573377024
1279163960730714115
1279163962085519360
1279163979617783809
1279164002023677952
1279164125294313473
1279164129710915584
1279164132953141254
1279164196391776263
1279164219930411009
1279164222837010433
1279164225143873542
1279164231489814528
1279164263702188032
1279164267103522816
1279164268315803649
1279164271763415042
1279164305305264130
1279164325924659201
1279164330290884608
1279164339862360064
1279164347084795904
1279164347684544513
1279164381738254337
1279164385257230341
1279164414516740100
1279164419671392256
1279164440135565313
1279164443864244224
1279164444380192768
1279164449484570625
1279164477984784384
1279164498977320961
1279164598806069258
1279164638676967424
1279164644800761857
1279164661804367872
1279164667697328128
1279164682587246593
1279164695866478593
1279164704527532033
1279164707862175750
1279164724559691776
1279164725079744512
1279164728875466752
1279164733132767240
1279164745707212800
1279164749645615104
1279164752921391104
1279164799843135488
1279164804045975552
1279164816893054977
1279164845888241667
1279164875600789512
1279164875693047809
1279164901357993985
1279164902364590080
1279164904335908864
1279164910161797122
1279164939991691266
1279164943955345409
1279164946975088642
1279164951697866752
1279164968563245056
1279164970702438405
1279164971956555781
1279164980634492929
1279164983570382849
1279164985160216576
1279165028269125635
1279165102718148608
1279165110351691776
1279165143784361984
1279165173400506374
1279165244972072960
1279165245341069312
1279165248600027136
1279165249120276480
1279165249363435525
1279165287179247616
1279165296234958849
1279165304183164928
1279165337699639297
1279165341512450057
1279165366871052288
1279165403881709569
1279165450820165632
1279165450958577676
1279165495661518848
1279165500392706049
1279165500568875008
1279165533993291777
1279165554847354881
1279165580063342592
1279165615173824514
1279165631930171394
1279165635705155584
1279165638792134663
1279165706416857090
1279165741565083650
1279165771143249920
1279165773517393923
1279165793851387908
1279165831709110275
1279165838495539201
1279165841104408577
1279165850881110016
1279165864961400832
1279165865255211009
1279165870409998337
1279165924768206853
1279165931084791828
1279165970146373633
1279165977175916549
1279166020867854337
1279166021400768512
1279166038127661057
1279166050429538309
1279166054275530752
1279166072449449985
1279166079240032257
1279166079273762816
1279166083904286720
1279166108969271297
1279166113264230400
1279166121300701184
1279166130045755392
1279166134105911302
1279166137792593923
1279166146487427072
1279166171246284801
1279166192947732482
1279166231317184512
1279166242616758272
1279166274380001280
1279166275999039489
1279166290528047105
1279166323105214464
1279166335264620545
1279166377203400705
1279166395016757248
1279166406098137088
1279166406525718529
1279166411571556352
1279166459650998275
1279166471051100163
1279166477933969409
1279166536905830401
1279166541033017347
1279166564265340929
1279166565045452800
1279166566555250688
1279166574776246277
1279166574943965191
1279166575149559809
1279166580702633985
1279166582481129472
1279166583831699457
1279166620888379392
1279166624747130882
1279166700538265600
1279166737599082498
1279166746272960512
1279166775704391682
1279166796990418945
1279166797631991808
1279166800635154432
1279166805366448130
1279166807639822336
1279166821330018304
1279166863591817224
1279166868138397697
1279166930268549122
1279166931191226368
1279166939437424640
1279166943275159554
1279166965152649218
1279166968537288704
1279167006684692483
1279167018550169601
1279167022987915264
1279167040029368321
1279167089937231873
1279167108220420100
1279167110036566017
1279167145230950400
1279167157243310080
1279167192588849159
1279167195273183238
1279167236758855680
1279167249472008194
1279167254958145545
1279167279016611840
1279167282925588480
1279167288604753920
1279167300340310016
1279167308221513729
1279167320536035329
1279167358834102274
1279167366803320832
1279167384020873216
1279167387913216000
1279167405210718209
1279167421417435137
1279167421564108800
1279167434801307648
1279167437837971456
1279167463276441600
1279167463305801728
1279167489096769536
1279167514950250496
1279167515835457537
1279167601017487365
1279167606411296773
1279167606654525440
1279167647955906560
1279167656550162432
1279167703991963653
1279167715094278151
1279167720127266817
1279167774313582592
1279167822984179714
1279167824590602240
1279167827744714752
1279167863308161024
1279167877795532800
1279167891049345024
1279167912201379841
1279167933495689216
1279167967020777472
1279168004635398145
1279168022217801728
1279168076596908032
1279168084700352512
1279168086659272710
1279168110554238976
1279168239860428801
1279168252673916928
1279168260747825152
1279168302615576577
1279168315076882437
1279168323465252864
1279168329693794304
1279168361314824192
1279168367971057664
1279168369929969664
1279168394428850182
1279168419628290051
1279168428515815424
1279168440566198274
1279168508580859904
1279168511739342851
1279168517045182466
1279168524875960328
1279168553812234240
1279168558598103041
1279168571764101127
1279168595898118152
1279168617351970818
1279168620682031104
1279168633281765376
1279168646770802690
1279168654987259904
1279168659668250625
1279168684649590785
1279168696783683584
1279168704626876417
1279168708191981568
1279168708984942592
1279168709962194946
1279168738164707329
1279168739389452288
1279168751942893576
1279168755377922048
1279168759996002304
1279168768351113219
1279168775938551809
1279168777150533633
1279168806376689670
1279168810801651713
1279168826551070720
1279168827427819520
1279168848571150336
1279168872852094977
1279168873166749699
1279168875008012289
1279168924152664064
1279168939470307332
1279168990556889088
1279169011582976000
1279169020172759045
1279169057762279424
1279169070231846912
1279169078301728768
1279169079081758721
1279169082399440896
1279169095280271362
1279169100066041858
1279169126116753410
1279169141317029888
1279169146929000452
1279169170823876609
1279169187282378754
1279169228185231360
1279169247940354049
1279169262184210433
1279169266932166656
1279169288297906176
1279169305435942912
1279169309193965569
1279169359240364032
1279169367478095873
1279169384838311936
1279169410457112577
1279169413695057920
1279169480543764480
1279169485652422656
1279169493906817024
1279169506078793730
1279169553843527680
1279169556540469248
1279169576677171201
1279169577411244032
1279169640212529152
1279169648622055424
1279169770894405632
1279169770995290115
1279169774925348871
1279169833137889281
1279169837428887552
1279169838301220870
1279169848950521857
1279169849789464578
1279169896622981122
1279169959806074887
1279169976600080384
1279169994497105920
1279170051342569472
1279170099589627905
1279170127489953792
1279170147081760773
1279170165196886018
1279170165435965447
1279170193583861760
1279170215327100928
1279170244234403842
1279170244255367169
1279170282289274880
1279170304720269312
1279170309652836353
1279170336513196032
1279170395782950919
1279170407598157824
1279170441358311425
1279170441828077573
1279170504880828416
1279170533570023431
1279170571234873344
1279170576532340737
1279170601232424960
1279170659134910465
1279170666793746432
1279170706912301057
1279170714906570752
1279170722955485187
1279170744237391872
1279170757562515456
1279170789481340935
1279170868342484992
1279170874172559360
1279170877729517568
1279170898520682497
1279170939889111041
1279170943571673089
1279171016674197506
1279171016724492290
1279171018515345410
1279171115747770380
1279171126657196037
1279171146248785920
1279171167610302465
1279171176967950337
1279171192574758912
1279171192704905216
1279171254830784513
1279171297683968000
1279171309885370379
1279171310220800000
1279171326327037952
1279171343527878657
1279171347680317441
1279171414151454720
1279171440353456129
1279171493935689728
1279171548998438917
1279171557047189506
1279171565418983424
1279171578954018816
1279171582863253509
1279171590643687424
1279171645337489410
1279171674710183938
1279171678866681863
1279171686781370374
1279171707660636160
1279171712848805889
1279171755379232768
1279171766963888135
1279171810202988544
1279171817089847296
1279171905195372545
1279171909133807616
1279171917631483905
1279171926838185985
1279171930113765377
1279171934643781632
1279172005963726848
1279172010443108352
1279172039627153408
1279172040390356992
1279172044056231936
1279172052793032704
1279172160225898496
1279172161807290369
1279172216010276864
1279172235735871488
1279172240907649025
1279172250042798081
1279172253083742208
1279172262218936320
1279172275128983552
1279172299187343362
1279172313166934016
1279172332825669632
1279172357911982080
1279172371983872005
1279172392447811588
1279172434428661764
1279172438324998146
1279172517945466880
1279172635213959168
1279172715199463424
1279172727237013505
1279172732417183744
1279172740117745664
1279172748334555136
1279172777107501057
1279172795226886144
1279172815070072832
1279172869382115333
1279172912407248905
1279172953247232008
1279173017332056064
1279173021480235008
1279173030489530370
1279173036894191618
1279173047208083457
1279173062483722242