1287613688174850049
1287613711117627393
1287613755875000320
1287613760606273538
1287613764586614784
1287613794013847553
1287613805799890944
1287613806894616577
1287613839610126336
1287613857368870912
1287613877903974401
1287613890713595904
1287613907247538182
1287613949454802948
1287613978974314496
1287613982891585537
1287614005486301184
1287614007986327552
1287614019961004034
1287614350098743296
1287614356717371392
1287614356797173760
1287614363948507141
1287614464179593217
1287614511294406656
1287614598632230912
1287614671281848321
1287614671575556096
1287614679540367361
1287614702332317696
1287614720829079552
1287614725350727681
1287614775908659200
1287614840823980032
1287614876521762817
1287614913607864323
1287614967823437824
1287615073620561921
1287615085343457280
1287615086794878976
1287615102313611265
1287615156512419841
1287615169913225223
1287615179535060992
1287615235218710529
1287615291158011905
1287615451309068288
1287615471689203712
1287615489355653120
1287615656712577025
1287615680486014978
1287615731547410434
1287615740682502145
1287615768763359232
1287615826749612032
1287615827567509504
1287615854427815937
1287615912460206080
1287615912821100544
1287615916293804032
1287615953543614469
1287616020408963073
1287616042810978304
1287616047076405253
1287616058673700865
1287616126591983621
1287616147383148545
1287616183781470208
1287616206132871169
1287616226706030594
1287616239175520256
1287616280397254657
1287616314685546496
1287616355840208897
1287616374433431554
1287616377038176259
1287616429152325632
1287616456209833984
1287616466640990208
1287616536656715776
1287616559305949184
1287616620739694592
1287616725291134976
1287616759701237761
1287616802252619776
1287616809516949504
1287616817481969664
1287616893956706304
1287616903436029953
1287616914055819264
1287616934884732928
1287616935534956545
1287616952610033664
1287617015054704641
1287617022705074176
1287617030762270720
1287617032859484161
1287617049028521986
1287617088094339073
1287617117945200641
1287617149956231168
1287617179425189888
1287617186500980736
1287617237482901504
1287617292411400193
1287617307792019456
1287617309062774784
1287617312770719744
1287617350871654400
1287617388146561029
1287617430274158592
1287617492945219584
1287617508225187841
1287617543524323328
1287617560356294657
1287617563753619462
1287617640668844034
1287617652706480128
1287617658444079104
1287617707878293507
1287617729529131009
1287617732402282496
1287617745647853569
1287617795593777152
1287617858743099392
1287617917539028992
1287617921301110786
1287617966633148417
1287618009624768512
1287618077106954242
1287618103535235073
1287618129414090752
1287618257126490112
1287618298725597185
1287618327725010947
1287618344795873280
1287618399540051968
1287618428673470464
1287618444729503745
1287618454636249094
1287618458654404608
1287618577118437381
1287618604800737281
1287618604964261888
1287618642855641088
1287618659842764800
1287618726473412608
1287618735495241729
1287618768651161605
1287618852621176833
1287618860074622978
1287618931629232128
1287618932598341632
1287618945369780224
1287618985995972610
1287619020192022528
1287619052719026177
1287619069387198464
1287619071656300545
1287619100265635840
1287619174722936832
1287619194889142273
1287619294315130881
1287619306587553793
1287619389202694149
1287619397972930570
1287619418009165824
1287619435382087680
1287619436086726657
1287619493255094272
1287619539572625409
1287619581117452289
1287619612171853826
1287619616567513088
1287619653624188928
1287619678223970304
1287619698637574144
1287619733580181504
1287619742048702464
1287619753045970944
1287619753880715270
1287619763796148229
1287619812928020480
1287619875381239810
1287619892275970048
1287619937972842496
1287619951864487937
1287619981111369729
1287620019040530435
1287620025638060032
1287620038413910016
1287620093862608896
1287620115102457856
1287620137000955904
1287620139454730240
1287620166302359552
1287620186649120768
1287620303732928513
1287620320317251587
1287620396905377797
1287620496713031680
1287620534008786944
1287620546952273920
1287620563330953217
1287620601922744326
1287620609422237696
1287620672588591105
1287620735549104129
1287620752708112391
1287620754205483008
1287620782034747392
1287620819619733504
1287620844815028225
1287620870098362371
1287620962054176769
1287621008472629248
1287621053548843008
1287621058984423424
1287621130237313025
1287621250999713792
1287621273179369472
1287621339784806404
1287621360752132098
1287621418541150208
1287621468533055494
1287621468738576384
1287621499080388611
1287621499235508224
1287621508089516033
1287621612120899590
1287621737257922562
1287621757604511745
1287621758250557442
1287621828861722625
1287621830333706240
1287621835350253568
1287621863615545346
1287621897631531014
1287621922704900097
1287621969450602496
1287622003621613569
1287622040162271232
1287622048043413504
1287622091018137602
1287622158420598784
1287622333293789184
1287622345780350977
1287622438923243520
1287622563947065344
1287622616274989064
1287622645186363393
1287622655739334657
1287622720130150402
1287622744385847296
1287622769438490624
1287622790590291969
1287622793937317891
1287622802837778433
1287622959193108481
1287622992869064704
1287623012339060736
1287623012381077505
1287623076226543617
1287623164441145345
1287623213820735488
1287623252588638208
1287623263561101317
1287623303012560897
1287623308498874369
1287623378757726208
1287623453575729155
1287623528532017152
1287623591471849473
1287623595787722755
1287623616473907200
1287623678511833094
1287623825933262848
1287623873513627650
1287623936159764485
1287623948239347714
1287623951989067776
1287624023468158977
1287624071941722113
1287624096084189185
1287624120360820738
1287624141982449664
1287624157455249410
1287624275185238016
1287624313819062272
1287624410183143426
1287624490080448513
1287624522712018944
1287624557432573952
1287624616488427522
1287624669235830785
1287624733505159169
1287624858667495426
1287624900962910210
1287624907812044801
1287625009071095808
1287625017988177920
1287625056600772609
1287625117573484544
1287625130814865408
1287625155938639873
1287625408503066624
1287625448675999744
1287625504120426496
1287625517382995968
1287625525599633412
1287625588530769922
1287625660211625984
1287625705698672641
1287625885843984385
1287625906664554497
1287625929234186240
1287625941133348866
1287625994333896704
1287626187800379392
1287626279521583105
1287626432013692929
1287626553438814208
1287626557427789824
1287626593746038784
1287626632543514624
1287626673995751424
1287626694895865857
1287626703234375680
1287626711958351873
1287626728794398720
1287626753452552194
1287626804950433793
1287626868305387520
1287626938970861568
1287626977147420673
1287626984537776128
1287627003194032130
1287627006725828608
1287627031044210688
1287627091241046021
1287627153400446981
1287627178860072966
1287627311756394498
1287627317171253248
1287627326864359425
1287627421219352577
1287627433806626816
1287627463552454658
1287627483987283973
1287627601893367808
1287627627063320576
1287627627994337280
1287627694138519553
1287627698785968134
1287627735125250050
1287627764720381954
1287627765299077120
1287627806336118784
1287627828851171328
1287628020367466497
1287628028437237762
1287628037475807233
1287628164496334848
1287628200491851776
1287628235006771202
1287628265008570369
1287628291696807936
1287628368553414657
1287628427298770944
1287628458395197441
1287628532613439489
1287628557997371393
1287628575135477761
1287628738029473792
1287628759672090624
1287628767582707713