1287206014950014981
1287206112169791488
1287206145422057473
1287206162773942272
1287206170378342402
1287206240594976768
1287206247494643712
1287206278138232833
1287206296446472192
1287206426667081728
1287206430085349377
1287206443754688513
1287206478466539520
1287206481301889024
1287206505427673088
1287206518287470593
1287206555746619393
1287206577238241280
1287206610977218560
1287206636487155714
1287206685631582213
1287206688664125444
1287206732595224584
1287206737033011200
1287206738769219585
1287206756884582401
1287206796072030209
1287206815298654210
1287206825113288705
1287206854628487168
1287206908319809536
1287206917660524544
1287206939307302913
1287206941526118400
1287206967187050497
1287206983859347456
1287207008748408833
1287207060871012354
1287207146917105669
1287207169729863685
1287207182136680451
1287207183264944130
1287207229146488832
1287207236444524544
1287207403306602496
1287207429860552705
1287207456083456000
1287207533237751818
1287207535489908736
1287207574681661441
1287207592868155392
1287207593321013248
1287207609628581894
1287207671616147457
1287207676242350080
1287207689299394562
1287207713970237441
1287207740193091584
1287207773391003649
1287207810153902081
1287207827505905665
1287207835277750273
1287207864436699141
1287207869927038977
1287207901237518336
1287207915913277441
1287207974382051328
1287207999866511361
1287208011006648320
1287208011413372929
1287208048302403584
1287208066698457089
1287208087330394113
1287208099284045825
1287208146486861830
1287208162576211968
1287208170880933893
1287208192125083648
1287208263029645312
1287208264028102657
1287208269186965504
1287208287838986240
1287208343476420608
1287208351177244674
1287208389534257152
1287208402414952449
1287208494953889792
1287208508568539136
1287208518634930177
1287208533197377536
1287208534283898880
1287208539740614657
1287208602403561474
1287208619574833153
1287208637115641857
1287208649576701954
1287208666098262023
1287208674495086592
1287208681990287360
1287208683752099840
1287208699715493889
1287208754375729152
1287208767306772480
1287208866749571073
1287208868087574528
1287208886340968449
1287208927105437696
1287208929592844291
1287208947133362177
1287208997397975041
1287209002577920000
1287209010119180288
1287209156022280194
1287209169087496192
1287209300100812800
1287209362239479808
1287209366668472321
1287209424973631490
1287209433081282562
1287209471782137856
1287209516812181504
1287209538270175234
1287209546293772291
1287209551222038528
1287209555315716096
1287209608973553665
1287209656499068930
1287209684542189568
1287209782131204097
1287209794097410048
1287209827895332865
1287209861399412736
1287209865664856066
1287209898724470785
1287209900267827201
1287209907582914562
1287209916621447168
1287209983583694856
1287210016940806144
1287210021898485760
1287210029582635009
1287210057831272449
1287210114026549248
1287210122503024641
1287210137753489408
1287210144888168449
1287210156271362048
1287210170389413888
1287210172079681536
1287210184033611777
1287210197430218758
1287210234671316992
1287210259115778053
1287210273552687104
1287210297086709760
1287210301188800512
1287210322508431360
1287210419560513536
1287210465827778561
1287210478993846273
1287210545578377216
1287210557884465153
1287210566021455874
1287210634648543233
1287210641355399178
1287210649559248897
1287210650414931969
1287210653455876098
1287210686817476608
1287210757688561664
1287210768388067328
1287210780727943168
1287210784238362624
1287210797232467969
1287210826185629697
1287210835757211648
1287210839355748352
1287210848155385856
1287210849854091265
1287210864030953472
1287210865079590912
1287210867881209856
1287210939700465664
1287210948277739521
1287211014442844160
1287211048676646913
1287211081782370304
1287211082960920576
1287211094050852866
1287211095879557120
1287211112014868482
1287211114716110848
1287211137285730306
1287211195615850496
1287211237411975169
1287211246756999169
1287211253153378306
1287211257947394052
1287211271746723840
1287211321700884482
1287211342286532611
1287211349840400385
1287211359202140161
1287211362536419328
1287211379263496192
1287211417188229120
1287211552404320256
1287211703730679810
1287211732771848192
1287211735900856320
1287211753366061056
1287211811943710720
1287211844076220417
1287211866242945024
1287211871267938306
1287211896320425984
1287211903958294529
1287211912162414603
1287211958412828672
1287211975752052736
1287211988075110400
1287212005397585920
1287212126826897413
1287212130337423361
1287212161429909504
1287212163350790145
1287212193184792576
1287212260209963009
1287212265100283904
1287212276878053378
1287212285019078656
1287212345593389056
1287212431849078784
1287212434613141504
1287212438144856066
1287212617384095744
1287212674158170113
1287212701077377027
1287212710321627136
1287212712762646529
1287212723428827136
1287212733725839362
1287212746157830147
1287212772955054081
1287212787060690948
1287212843415162880
1287212843863965696
1287212860364525568
1287212865225662464
1287212890320064515
1287212914508738560
1287212920183623682
1287212952576294912
1287212974957101056
1287212993923735553
1287212998155808768
1287213015025233922
1287213055496126464
1287213058616565761
1287213069249044487
1287213091390881794
1287213242704683008
1287213271293079553
1287213296794447872
1287213335335796743
1287213355271254019
1287213409444851712
1287213409730211840
1287213451161608194
1287213472309223424
1287213480920199170
1287213514008989696
1287213588957069313
1287213590471225344
1287213598427746304
1287213694527639552
1287213824265695232
1287213842427256834
1287213922018369537
1287213926325743616
1287213951525294081
1287213975566979072
1287214005400920065
1287214044122763264
1287214068793712640
1287214097424166913
1287214124309426176
1287214160019849221
1287214190575460355
1287214206492737536
1287214210426929153
1287214218878627840
1287214227476938753
1287214231096635393
1287214379927314439
1287214394976473091
1287214403327127554
1287214407970197504
1287214411636256768
1287214415960514561
1287214476274675712
1287214483186814977
1287214515877183489
1287214580003770368
1287214580436008963
1287214597213163520
1287214609364131841
1287214639370178560
1287214734811500546
1287214793955385344
1287214814562070528
1287214822011080706
1287214836070457345
1287214847319511041
1287214849362137089
1287214893981028352
1287214907025498113
1287214940961402880
1287214978106359809
1287214987530952705
1287215011283251201
1287215011593674753
1287215048394526720
1287215059907862528
1287215073547567104
1287215074235514880
1287215096075358208
1287215132917919745
1287215151284920331
1287215158348021761
1287215166694854656
1287215196742721537
1287215201096368128
1287215213549359105
1287215246269009920
1287215299469758466
1287215321292484609
1287215333984665600
1287215372874153984
1287215403580694528
1287215436619223040
1287215473889644544
1287215491128467456
1287215506018074624
1287215569368948736
1287215594459340800
1287215613102891008
1287215658921582592
1287215661123383298
1287215699132321792
1287215701183344640
1287215726630260737
1287215743965130752
1287215817709387776
1287215913436151809
1287215952841637890
1287215968490409984
1287215997808599041
1287216019438620672
1287216022613716992
1287216035725299718
1287216056071839745
1287216060446326784
1287216127324512258
1287216195997818880
1287216211361558528
1287216245285302272
1287216279171010560
1287216295528804353
1287216300196892672
1287216331931054080
1287216350021267460
1287216361853386752
1287216380467539969
1287216417079734275
1287216433810878465
1287216468623466496
1287216475514851329
1287216476903047168
1287216488416522240
1287216496528314369
1287216594205237248
1287216602300260358
1287216634554462216
1287216644348162048
1287216671682265089
1287216706017013760
1287216710534279168
1287216764808499200
1287216768805744640
1287216811637977089
1287216866440540160
1287216901018574850
1287216965690388482
1287216966302867456
1287217041187930115
1287217050050494464
1287217113896300544
1287217139364048898
1287217176395632640
1287217179763646465
1287217244175503361
1287217248394833920
1287217260717682688
1287217355244875781
1287217368616316928
1287217369606045696
1287217369731878912
1287217411138125828
1287217546014466049
1287217600259411968
1287217636741279744
1287217658463584256
1287217673076535296
1287217675089797122
1287217745981919232
1287217754982866945
1287217764202172416
1287217784477192193
1287217788235460609
1287217842622877697
1287217881126588417
1287217898792955904
1287217964241113094
1287217981705949184
1287218128745889793
1287218229484703746
1287218242260553730
1287218250598809600
1287218282425196545
1287218283481935872
1287218287399575555
1287218291686232065
1287218301039308800
1287218317065744385
1287218354646728704
1287218372124581889
1287218388834582529
1287218417754353665
1287218417838194689
1287218435206905856
1287218441380864001
1287218455121256448
1287218460355772417
1287218477250609158
1287218572805185536
1287218589284671490
1287218589355741184
1287218651888664578
1287218665339998209
1287218817396080641
1287218848047890432
1287218877735346177
1287218991711232000
1287218996337471488
1287219042529325056
1287219043594899459
1287219096904323074
1287219113757216768
1287219173941063683
1287219192454885377
1287219211178332160
1287219223580872708
1287219242337742848
1287219269000925190
1287219269382569988
1287219273023336448
1287219332108316672
1287219349275570176
1287219377851502592
1287219432612216833
1287219462433673221
1287219466418388993
1287219525163929603
1287219541865627649
1287219550606569472
1287219563982213122
1287219617610338304
1287219642713411584
1287219849521967109
1287219935538806784
1287219944510246914
1287219965599322118
1287219974197714945
1287220012579729408
1287220053621055488
1287220150480113664
1287220171141050369
1287220204091527168
1287220233183272962
1287220233279741952
1287220237419544589
1287220271225733125
1287220335276777472
1287220368575406080
1287220473831600129
1287220506953801728
1287220557096910850
1287220574222245888
1287220624017022977
1287220624746844162
1287220653775413248
1287220666643566592
1287220676756008960
1287220679214080002
1287220712168656896
1287220749736976385
1287220770222084096
1287220775611584512
1287220811489714176
1287220812651487233
1287220859615285250
1287220937767624705
1287220976631988224
1287220992725655552
1287220997511356416
1287221009792110592
1287221089148506114