1284246505197641728
1284246505226821632
1284246507584131072
1284246526177533957
1284246526827667456
1284246530321518592
1284246560193368069
1284246572562145280
1284246578191114240
1284246589322735616
1284246618141872132
1284246618892652544
1284246647778750464
1284246660629946368
1284246677721804801
1284246682058678272
1284246694192975876
1284246707623137288
1284246714539483138
1284246727730569218
1284246733271203841
1284246740942548992
1284246751139057672
1284246841530494983
1284246881439223809
1284246881544142854
1284246886946226176
1284246890842861575
1284246901328683008
1284246920442064896
1284246966868881408
1284246971021221889
1284246988603772928
1284247023584260098
1284247028546052097
1284247029464498176
1284247030966222848
1284247075757096961
1284247100671369216
1284247101040406531
1284247140001177600
1284247147718733824
1284247189171077125
1284247205373775873
1284247214441656322
1284247244154171393
1284247261040517126
1284247261048799232
1284247277809410048
1284247311413989377
1284247321589493763
1284247323959111680
1284247334973370368
1284247348391088128
1284247382037868549
1284247382381625344
1284247386366242816
1284247391273615360
1284247394478153728
1284247394721452034
1284247415541960706
1284247428049362945
1284247432205750272
1284247436375085056
1284247436823863296
1284247489760030720
1284247606877724673
1284247617053106176
1284247618068062215
1284247621662629893
1284247625630351362
1284247642512465921
1284247652985638915
1284247658475982860
1284247667082702851
1284247713652015104
1284247734317277184
1284247734615236608
1284247739446947841
1284247740814438406
1284247743263907844
1284247837606383616
1284247843117527040
1284247851388882945
1284247860700209152
1284247901535961095
1284247911287717890
1284247944326197248
1284247956892397571
1284247961254453253
1284247966811918337
1284247981806415872
1284248004883554314
1284248007764897792
1284248019433664524
1284248034558144513
1284248108323557377
1284248116741447680
1284248132893712384
1284248137553580035
1284248182210338824
1284248183867158528
1284248213223084033
1284248225852071937
1284248229866070017
1284248274870898690
1284248292650553347
1284248315702530051
1284248342235619335
1284248401073168384
1284248422539644928
1284248439300161536
1284248455435542529
1284248455754534916
1284248506903883776
1284248513707044865
1284248531159703552
1284248552970096642
1284248603394027526
1284248628597411841
1284248649447297024
1284248652639121408
1284248686336323589
1284248687565328384
1284248716342427649
1284248720263921664
1284248732377255938
1284248757584846849
1284248762857271297
1284248770897739776
1284248775188414465
1284248795501531136
1284248800262053890
1284248800337506309
1284248825012658176
1284248845795430402
1284248858885750785
1284248862945939458
1284248942792736768
1284248960136359938
1284248974212423689
1284248989257392137
1284249012573310977
1284249016008507392
1284249018839662592
1284249030634217474
1284249034954280970
1284249046274715649
1284249056106160132
1284249080961564673
1284249105758396424
1284249106274287623
1284249152864620549
1284249169176047617
1284249179922075648
1284249234682904577
1284249261354475520
1284249314697416704
1284249353289375744
1284249367235497984
1284249427239108615
1284249437334900736
1284249472114057219
1284249494037635072
1284249595078418433
1284249719624159232
1284249788330827776
1284249824779481088
1284249858367533057
1284249967897579522
1284250057122828289
1284250104547938304
1284250104661254146
1284250109165932551
1284250138500673537
1284250175456677888
1284250176190705665
1284250209690812429
1284250289227300870
1284250289663619074
1284250312937746433
1284250386946195456
1284250476570185728
1284250491883589632
1284250527639969799
1284250566177296386
1284250607176617985
1284250619986018305
1284250641242763264
1284250707340734465
1284250708485779459
1284250729482465282
1284250733366267907
1284250743856418816
1284250778820018176
1284250784495022081
1284250786004951047
1284250801020579844
1284250809358626816
1284250854267203586
1284250887452491777
1284250912119234561
1284250984059998211
1284251016443990016
1284251188028821504
1284251208455200768
1284251237718855681
1284251253237624832
1284251308350996486
1284251316689281027
1284251325300187150
1284251328819138560
1284251346389082115
1284251354379309061
1284251377779253248
1284251380094574595
1284251391842811904
1284251418077966336
1284251421295116288
1284251434331131904
1284251437552349185
1284251492090875905
1284251496792686592
1284251530154180608
1284251563779751937
1284251580502597638
1284251587016380418
1284251601444667401
1284251622449778688
1284251622667845632
1284251634973978624
1284251655936987137
1284251690519019520
1284251693509574657
1284251697829883906
1284251723243061248
1284251727575777286
1284251734123003904
1284251803328995328
1284251823587553280
1284251853270769664
1284251855296618497
1284251887378800641
1284251900385333251
1284251903749226501
1284251916982255617
1284251946036019201
1284251949639045120
1284251982299971586
1284252015279976449
1284252056656785409
1284252105843212289
1284252287800614914
1284252468717608960
1284252474119880704
1284252539098140674
1284252612242661377
1284252615006707714
1284252641950916608
1284252658400993281
1284252658690383875
1284252676096655361
1284252683688386560
1284252725421772801
1284252725878849538
1284252764567150593
1284252772704096257
1284252822423429128
1284252843235356672
1284252855528878080
1284252856254713857
1284252905646825472
1284252906363875328
1284252910893719552
1284252948126593024
1284253014333763590
1284253031933018114
1284253035892559873
1284253040929841153
1284253078523346945
1284253129060552704
1284253149155463168
1284253165727232002
1284253166201122816
1284253183662084096
1284253191182450689
1284253262376505344
1284253279472324608
1284253296329469953
1284253300397936645
1284253304931979272
1284253321214058497
1284253346799509504
1284253351132241920
1284253392777420800
1284253433655107585
1284253434372292610
1284253435316109323
1284253456539291650
1284253475296219137
1284253531545968640
1284253575607132167
1284253635023523840
1284253643315843073
1284253690761707521
1284253691009089536
1284253704724643846
1284253732436193281
1284253753827352577
1284253753848340480
1284253757539328000
1284253787482357763
1284253832923549702
1284253854297722880
1284253870688833536
1284253871930585093
1284253895200575494
1284253917510082570
1284253954805846018
1284253999231885312
1284254005363748864
1284254008950099968
1284254013995843585
1284254014905954314
1284254030324211713
1284254037127249920
1284254048963747840
1284254051144589312
1284254061504544768
1284254063715127296
1284254068588908544
1284254080626577408
1284254084774662150
1284254092991373313
1284254128290648064
1284254135211249667
1284254147554865152
1284254173370953730
1284254175694598145
1284254191188422656
1284254198318628866
1284254210289070082
1284254248176320512
1284254273870557184
1284254286558515200
1284254299661500416
1284254311061622784
1284254315301924864
1284254361674080256
1284254374508756992
1284254390325518339
1284254407647989767
1284254411582210051
1284254415441072135
1284254432599969792
1284254432604168195
1284254436768878592
1284254437138001921
1284254466259255296
1284254486186405888
1284254512329482241
1284254528884350976
1284254567211958273
1284254571603415051
1284254609922576385
1284254643284041731
1284254688725139458
1284254773126942720
1284254777308852226
1284254784736956416
1284254814378102784
1284254841586331648
1284254844161794049
1284254856539074562
1284254869629460480
1284254932531425280
1284254979763642368
1284254986638106626
1284255003276906499
1284255060608917504
1284255104351326208
1284255117462691841
1284255121761865729
1284255141516816384
1284255183652913153
1284255196009263104
1284255199599554560
1284255200451198976
1284255219543691270
1284255280231055367
1284255293405310977
1284255309633138690
1284255322778017793
1284255325890031618
1284255360090386434
1284255391245832200
1284255406173413381
1284255443850686464
1284255456727269376
1284255460950933504
1284255464381919233
1284255473487749120
1284255482522238977
1284255487161257985
1284255489539420160
1284255515573272576
1284255590756364288
1284255611392266240
1284255636142751744
1284255653758996481
1284255657592360960
1284255676034768896
1284255708389748738
1284255708716957696
1284255749846204416
1284255774726856704
1284255783283240961
1284255789260079105
1284255791739031553
1284255826740477952
1284255855194456064
1284255892612042758
1284255917123473409
1284255942578765824
1284255967622897666
1284255977093632002
1284255989236207620
1284256001944944640
1284256034807328768
1284256039249022978
1284256040066985984
1284256044034785281
1284256055757869058
1284256080978206721
1284256144081346561
1284256156433690625
1284256161420783619
1284256185802203136
1284256207121920001
1284256219759284224
1284256231947829249
1284256232530993153
1284256236737753089
1284256260708356097
1284256266072862720
1284256341964587010
1284256353712840705
1284256354144784391
1284256378568282115
1284256383815294977
1284256408855355399
1284256410906382337
1284256426588766214
1284256488463257606
1284256509313142785
1284256509606670338
1284256547481124864
1284256555484024839
1284256584244371457
1284256596873314304
1284256633523036161
1284256704994045952
1284256714930311168
1284256731623809025
1284256748770070529
1284256773667459072
1284256782467178503
1284256823361638400
1284256828281376769
1284256832140312587
1284256848430997516
1284256848867028992
1284256853749370881
1284256878705496065
1284256953271586816
1284256974675247110
1284256987824508929
1284256996410232843
1284256999631228928
1284257008657391617
1284257012499599361
1284257026831515648
1284257046406336512
1284257068937961472
1284257091998420993
1284257129583403008
1284257167965515776
1284257176220041218
1284257227151421441
1284257234927722502
1284257243786096647
1284257256419192832
1284257262660460545
1284257293501116418
1284257314342604800
1284257356293931008
1284257373142556673
1284257375742918656
1284257381602344960
1284257386086068225
1284257389441478656
1284257410807410688
1284257498371891206
1284257509016920065
1284257537135542273
1284257537412538373
1284257560057524225
1284257565724086274
1284257582413230080
1284257607490965504
1284257608619167745
1284257612440039425
1284257616164782082
1284257658388639744
1284257674041765888
1284257691762860033
1284257696238059520
1284257729863839744
1284257733907083264
1284257750638370817
1284257785358749696
1284257799741079557
1284257810163945472
1284257826026582016
1284257826244829185
1284257863184142346
1284257869114806272
1284257881819316227
1284257913809309697
1284257922608959490
1284257940837470209
1284257958495424512
1284257968159182855
1284257973372624897
1284257977055281153
1284257989982064640
1284258040410181632
1284258111646314501
1284258124669628418
1284258157326471168
1284258160526520320
1284258236938379265
1284258240788914178
1284258245536817152
1284258258698600449
1284258308921061376
1284258320891686913
1284258342538547202
1284258388453425152
1284258426101653507
1284258463598751745
1284258476164882432
1284258481802010625
1284258485019062272
1284258493856231424
1284258497098649605
1284258510436544518
1284258526513238016
1284258543630258177
1284258548491464704
1284258551423066112
1284258606242643968
1284258622910926849
1284258629302939648
1284258677168328705
1284258681371062273
1284258701151354880
1284258717744033792
1284258731820228611
1284258748966395904
1284258749025325057
1284258765143867392
1284258765987028995
1284258786199384066
1284258795078791169
1284258804419436544
1284258811847548937
1284258820378619905
1284258840700125186
1284258853433966592
1284258858412707847
1284258875282251779
1284258878398570496
1284258884509741056
1284258895691644935
1284258916893851649
1284258920966438919
1284258942625800192
1284258965052723200
1284258995687940096
1284258998586204162
1284259014004490243
1284259046191771650
1284259081075687424
1284259087685955585
1284259127229730817
1284259147429679106
1284259156266856448
1284259159295361024
1284259182229639169
1284259201544605696
1284259205420023808
1284259209656270850
1284259238739677184
1284259260277256194
1284259290379845634
1284259290820284420
1284259297447247872
1284259306452516868
1284259307161366535
1284259313536704514
1284259340442955776
1284259361456631808
1284259362278539264
1284259376065204225
1284259399758946304
1284259414887759877
1284259424006283264
1284259439999156228
1284259454033133568
1284259461146849280
1284259487650545665
1284259517392396291
1284259555128549379
1284259557573824520
1284259587328286728
1284259599059759107
1284259608710778885
1284259629942235136
1284259642684530688
1284259646509916161
1284259654533435392
1284259668122955776
1284259688440139776
1284259692911501312
1284259722431025155
1284259726272806912
1284259734091071488
1284259743729582087
1284259785576194048
1284259797202690048
1284259801376198657
1284259801837469701
1284259831197642752
1284259862461976582
1284259869772533760
1284259914433679361
1284259940232830977
1284259956531830784
1284259957152645125
1284259957202751488
1284259969697751042
1284259989243203585
1284259995228479488
1284259998843969536
1284260002803351553
1284260124165648384
1284260147754401793
1284260157170606081
1284260166674849799
1284260175310983168
1284260175587704832
1284260191312248832
1284260191895269376
1284260208559247362
1284260236904235008
1284260250569375744
1284260262686556160
1284260263013822471
1284260283712786434
1284260291811786752
1284260297885138944
1284260354831396867
1284260376058765313
1284260400935112704
1284260405184008192
1284260406039478273
1284260445897949184
1284260556451586055
1284260561618907136
1284260586566582273
1284260588168806400
1284260606686777346
1284260623153426432
1284260628153040896
1284260631714181121
1284260639964356610
1284260644821389313
1284260651670499329
1284260652630945792
1284260673632043019
1284260783321300992
1284260791638609922
1284260796122329089
1284260796160188420
1284260800560017408
1284260838224719872
1284260866146344960
1284260887667204097
1284260902150316040
1284260922228432896
1284260926796046336
1284260937961074688
1284261001236553728
1284261009771962374
1284261010367537154
1284261014360535042
1284261017594159104
1284261038976913409
1284261055301025793
1284261059449294849
1284261077216354304
1284261080471089152
1284261093418897408
1284261110825222144
1284261125274529792
1284261160229928962
1284261201950707712
1284261258959757312
1284261286985924608
1284261312214827009
1284261315259904001
1284261331793776641
1284261333874040832
1284261336411787270
1284261347048525826
1284261395018559490
1284261450601492480
1284261467768991744
1284261470725783552
1284261479299022853
1284261500094500864
1284261508210323456
1284261533900513280
1284261555090137088
1284261571183751179
1284261590179680257