1282434564921733122
1282434585108905986
1282434598895382528
1282434620643053569
1282434658152710145
1282434658488197120
1282434671373160450
1282434671427694596
1282434704046608384
1282434708631105536
1282434717694849025
1282434746891436032
1282434755980521474
1282434763375222784
1282434767934427139
1282434772057247744
1282434803279765506
1282434818509283328
1282434825920684039
1282434851019333635
1282434889829085185
1282434957298798593
1282434977016274946
1282435009777774592
1282435026978824194
1282435049216978944
1282435098785259520
1282435124425117696
1282435140652797956
1282435161871851522
1282435169996075008
1282435195371651073
1282435266121207813
1282435288464338946
1282435313911160834
1282435330235342851
1282435422778523648
1282435447579381760
1282435451907964929
1282435464348209153
1282435467590471686
1282435468190273536
1282435472422248451
1282435476125814784
1282435518605688834
1282435577074397186
1282435586146566148
1282435594719825924
1282435619348594689
1282435636402814976
1282435661971304450
1282435669571309568
1282435678417170435
1282435685824299008
1282435686344212480
1282435698671456259
1282435713368113152
1282435733005963264
1282435812185878528
1282435812202881025
1282435892100034560
1282435912476098560
1282435926686408705
1282435930377388032
1282435950384218114
1282435950958776320
1282435950983946241
1282436027483856896
1282436038724657153
1282436050024108038
1282436069431140352
1282436072811659266
1282436131926298625
1282436135030075395
1282436139438219265
1282436173487648768
1282436210699509760
1282436227686445058
1282436250205552642
1282436277619560450
1282436366165405697
1282436374088560640
1282436390454726656
1282436394971955203
1282436420737605633
1282436436520849408
1282436445777666049
1282436466421964805
1282436550320697345
1282436558134685701
1282436567013957633
1282436584726581250
1282436605010034688
1282436655694204931
1282436693614825472
1282436701088960512
1282436747088072705
1282436788259360768
1282436802230575108
1282436818391035906
1282436847969468418
1282436852813672448
1282436869683204097
1282436898808631296
1282436910074322944
1282436969323270149
1282436983013412868
1282436986683265024
1282436994824638469
1282437002726522880
1282437020443275269
1282437033164787722
1282437061690175490
1282437070699601920
1282437087485202440
1282437112307036161
1282437124743221249
1282437128962691073
1282437179495636994
1282437180338720769
1282437189104803840
1282437205001207809
1282437217093287936
1282437221312651266
1282437241923678210
1282437250547097601
1282437259678158850
1282437279529590784
1282437288824209408
1282437371917721600
1282437380834639872
1282437401860648961
1282437417895510016
1282437460832772096
1282437469871443968
1282437515211939841
1282437548737024000
1282437567154192387
1282437570178080769
1282437582056497152
1282437665619685376
1282437687295844358
1282437724251672577
1282437758271856642
1282437812986535936
1282437845328760836
1282437934273179650
1282437950601601026
1282437967785541639
1282437968632971265
1282438014413701120
1282438047070670848
1282438060282531840
1282438111021105153
1282438145016049665
1282438160530776065
1282438174074167297
1282438186568802305
1282438190339624960
1282438197755207687
1282438233167499264
1282438244261662722
1282438257293361158
1282438265455415297
1282438315669504000
1282438332669206529
1282438334929747968
1282438364214579202
1282438400050683904
1282438416328687618
1282438424776060928
1282438458603012097
1282438461539090433
1282438487527034880
1282438492602150913
1282438505277382656
1282438514123169792
1282438516798939136
1282438525275668480
1282438542606704640
1282438594557353984
1282438609166114817
1282438627126136833
1282438642515009536
1282438643962073088
1282438647174721536
1282438668909793288
1282438676765696000
1282438718591315974
1282438751797608448
1282438756239376386
1282438798358405121
1282438815181873154
1282438816385716231
1282438924720377857
1282438933184491527
1282438936443355146
1282438951958130688
1282439079569678336
1282439079703875585
1282439100650250240
1282439120183193600
1282439121286250496
1282439121936343040
1282439188076326915
1282439209710694402
1282439214039097344
1282439272352620553
1282439276429561856
1282439284574883842
1282439314249592833
1282439314811416577
1282439333035769857
1282439349913739264
1282439385334419456
1282439407136583680
1282439450056970240
1282439473989550081
1282439529727746052
1282439553073250309
1282439587592364032
1282439595045482496
1282439629476696065
1282439649298767872
1282439691447472130
1282439696136593409
1282439751061114884
1282439792014143488
1282439796368048128
1282439797320163330
1282439834720710662
1282439850897977344
1282439893025787905
1282439909689655296
1282439914311868417
1282439930623528960
1282439966576893953
1282440040120033280
1282440090329976833
1282440132340199424
1282440136727375872
1282440149658480641
1282440177940443136
1282440279040167936
1282440307406241792
1282440324258963456
1282440338070736896
1282440358727753730
1282440400373002242
1282440400855166976
1282440405414445058
1282440405641039872
1282440409147269120
1282440438763466753
1282440547211382791
1282440590182031361
1282440644204650497
1282440674038517760
1282440684897660929
1282440691725905920
1282440710747234304
1282440740245778433
1282440749418786819
1282440786290909186
1282440795350499333
1282440942260289536
1282441034547507201
1282441049646886912
1282441062833938433
1282441088733765635
1282441089803313152
1282441138906038282
1282441148661997575
1282441155876134912
1282441160158597120
1282441185080950785
1282441236805296128
1282441246452088837
1282441248515805188
1282441272729440256
1282441293474476032
1282441302081253376
1282441344699506688
1282441369324314625
1282441398327799809
1282441402740125697
1282441403163762690
1282441422726221825
1282441457949761538
1282441465889804289
1282441468183896065
1282441474039328769
1282441487825817600
1282441541378809868
1282441575428218881
1282441575684022274
1282441592071163904
1282441611885117443
1282441620290338816
1282441621129187330
1282441638896336897
1282441642864259075
1282441671083298816
1282441677148434432
1282441759088209925
1282441763664404481
1282441780282220545
1282441783625031681
1282441818227924992
1282441852294135808
1282441872410058753
1282441877300686851
1282441907017330688
1282441909076725766
1282441911027064834
1282441966039556097
1282441969915047937
1282441977695473665
1282442019244105728
1282442057655689217
1282442074437160961
1282442075204734976
1282442078551781382
1282442141558398976
1282442182964715521
1282442191210721281
1282442200735985666
1282442204552794119
1282442212828164101
1282442216221274113
1282442225738186752
1282442233602441216
1282442245799587843
1282442266615918592
1282442304645726216
1282442321410379778
1282442426209140738
1282442433217716224
1282442454185189376
1282442531209383936
1282442588814016514
1282442685974970370
1282442686067286018
1282442724508082176
1282442784478318592
1282442820691718144
1282442833245306880
1282442883778273280
1282442888639463425
1282442903785058305
1282442915202117632
1282442980133974016
1282442984525635584
1282442995816517632
1282443001529155584
1282443038632157184
1282443051064004610
1282443060291362816
1282443064255172608
1282443072287186946
1282443087927808003
1282443098254123008
1282443127647637505
1282443181154537472
1282443206169370626
1282443261894889472
1282443265690804230
1282443278751723521
1282443279561351168
1282443303506653185
1282443328865304577
1282443445643214850
1282443474738933760
1282443474894233600
1282443508306018309
1282443534600044545
1282443541629636608
1282443575729545216
1282443588593430530
1282443647288512512
1282443664912986113
1282443739479203840
1282443806722359305
1282443814775525376
1282443857456758787
1282443860497571845
1282443876716797953
1282443880626102272
1282443886787530754
1282443951233007618
1282444015997255680
1282444091662299136
1282444107755819008
1282444188924116994
1282444242833608705
1282444246763442177
1282444255110340608
1282444267990872066
1282444359196127232
1282444360647401472
1282444368973045763
1282444389453672448
1282444414573568009
1282444414598561794
1282444418658660352
1282444430939652102
1282444452515241984
1282444457359618048
1282444460543168513
1282444490834411523
1282444507330383873
1282444548967247873
1282444594807013376
1282444636548526082
1282444642886184961
1282444662796517378
1282444678760214532
1282444682912395264
1282444715267256320
1282444721210699776
1282444729377071105
1282444838873337857
1282444846586900480
1282444868070133760
1282444868455772163
1282444875791818754
1282444888483794947
1282444938882486273
1282444941281636359
1282444943290773507
1282444977122021381
1282445026744819712
1282445044084023297
1282445056713129985
1282445090120769536
1282445110790311936
1282445120030347264
1282445131266748416
1282445155128078336
1282445186631700480
1282445275949346817
1282445280164667392
1282445295079444481
1282445303346585600
1282445308090343425
1282445353954861057
1282445355762814976
1282445398741639168
1282445400872488960
1282445412763344896
1282445425585410050
1282445459324375047
1282445475589902336
1282445479868010496
1282445490903187456
1282445513976143872
1282445581068242945
1282445588815130625
1282445632842555392
1282445697661300736
1282445710382624768
1282445711141777409
1282445711179735044
1282445718008082434
1282445751755431937
1282445756826374145
1282445764644556802
1282445766125072384
1282445782273196032
1282445852997488640
1282446004151885832
1282446012448157696
1282446020681424896
1282446042437283840
1282446083831083008
1282446089258520580
1282446090978107394
1282446108816539648
1282446115074461697
1282446146963738632
1282446190689357825
1282446200520638465
1282446210507386883
1282446259689787394
1282446264311754752
1282446284281044993
1282446294448054278
1282446302652047360
1282446327692120065
1282446343500259328
1282446348600705029
1282446352199360516
1282446435653496835
1282446463503671298
1282446482969427971
1282446511956086784
1282446533166796800
1282446541236527104
1282446545774956550
1282446604797083648
1282446639941050368
1282446644416569347
1282446674531672065
1282446675567693825
1282446675899027457
1282446708446765056
1282446711995146243
1282446713060569088
1282446763635417089
1282446789078065152
1282446804462731271
1282446830194827274
1282446835165134853
1282446859454291969
1282446864437190656
1282446895999340544
1282446910549303296
1282446918686330880
1282446946574036992
1282446969768759297
1282446978274734080
1282447024311242752
1282447027452940288
1282447032465031168
1282447038622334977
1282447043479379969
1282447048495824896
1282447098554744832
1282447178829627392
1282447181224476672
1282447195158056960
1282447233254752256
1282447266083672070
1282447285813571584
1282447292897923072
1282447317883396103
1282447393569386496
1282447405003177986
1282447413446311938
1282447429644816384
1282447430731079685
1282447446707142656
1282447489250078723
1282447505649733633
1282447509529427970
1282447581734416391
1282447581763768326
1282447594413793283
1282447610968772610
1282447620447838210
1282447674260615169
1282447694904999936
1282447736349118469
1282447739045830656
1282447740773871617
1282447886509383682
1282447908026167298
1282447968600305665
1282447971720863746
1282447992658833411
1282448026376830977
1282448030801649665
1282448043099459585
1282448077324865536
1282448109675700224
1282448143523688448
1282448181188427776
1282448214931705856
1282448252923781120
1282448264651067392
1282448285626593281
1282448286536867840
1282448328240726017
1282448374004948992
1282448404304601088
1282448420192444417
1282448428287442944
1282448449967972354
1282448466778750978
1282448491176919041
1282448520918839299
1282448575021158401
1282448585288712192
1282448600442769411
1282448604242808832
1282448604712574981
1282448659448123392
1282448674304348160
1282448675525087233
1282448709184221184
1282448797876903936
1282448805623996427
1282448868941103107
1282448885429030916
1282448898502647808
1282448931629101056
1282448948611829760
1282448952793563137
1282448957482967040
1282448967624785920
1282449020279980040
1282449034209157120
1282449057978421248
1282449062357237760
1282449090828091392
1282449125229735936
1282449145588924416
1282449145886892033
1282449159283527681
1282449188379295747
1282449229147971585
1282449229399691266
1282449243513532416
1282449250517790720
1282449263553896449
1282449296655294471
1282449338313179143
1282449347586609152
1282449380298104832
1282449389605343234
1282449394013536257
1282449402221588481
1282449409519882241
1282449430768230402
1282449485499637762
1282449498468311040
1282449594820046850
1282449632552001537
1282449636314275841