1279535464660078593
1279535510009057282
1279535513704284160
1279535530326274050
1279535549649477633
1279535572462325760
1279535589314961408
1279535601876971521
1279535639164325890
1279535655853256704
1279535685742067718
1279535697087651842
1279535708840103937
1279535722194767873
1279535736031793152
1279535753538809858
1279535754763538433
1279535762271277056
1279535805720080385
1279535815366832128
1279535827991830529
1279535845758971904
1279535875219771393
1279535882899505153
1279535897206124544
1279535926151049221
1279535946682314753
1279535955112800256
1279535965933993984
1279535970719862784
1279536010049851399
1279536021831467009
1279536130736754690
1279536146792493056
1279536179222896641
1279536200164966402
1279536398920540160
1279536445582082050
1279536462925459456
1279536466293637120
1279536495964151809
1279536529854078977
1279536541816291331
1279536557821554688
1279536574670274563
1279536590243672070
1279536615698898945
1279536629846286340
1279536666445860867
1279536667431522310
1279536679884390400
1279536687937236997
1279536704689336320
1279536708745388033
1279536713874968577
1279536717557456896
1279536721844228096
1279536737874784258
1279536747106402305
1279536765888393216
1279536768916819969
1279536769529262081
1279536833051803650
1279536848205869056
1279536869575921669
1279536882389581827
1279536889830060032
1279536902497017857
1279536922910580736
1279536923384729607
1279536935732740097
1279536936064032769
1279536940618924032
1279536957660504071
1279536984235683840
1279536990027907076
1279536990556508160
1279536999586652160
1279537004179382272
1279537010500395009
1279537041575948289
1279537066217439233
1279537116154933250
1279537145913446401
1279537149449170945
1279537186988339200
1279537226016309248
1279537238855036930
1279537254139138050
1279537267690868736
1279537271750791169
1279537283432017921
1279537284220682249
1279537304789487622
1279537333784600576
1279537346690428928
1279537347181178880
1279537388167942144
1279537439258877953
1279537452365971456
1279537464491696129
1279537483538186240
1279537562047205382
1279537569240436736
1279537631701975043
1279537661083111424
1279537681723056128
1279537708084256770
1279537770600464384
1279537829651943424
1279537863407755265
1279537888057790466
1279537896836513798
1279537900212944897
1279537901366382593
1279537913865342976
1279537947549806593
1279537955007156224
1279537979619450888
1279537993393602566
1279537997055250434
1279537997487017984
1279538010296594433
1279538047131029506
1279538075962609666
1279538188911022082
1279538223803441154
1279538249229205505
1279538261015302144
1279538300823506945
1279538307412574209
1279538327482437632
1279538333086081025
1279538333232754688
1279538337192316928
1279538373179461632
1279538374609641473
1279538386592645120
1279538407480397824
1279538437591371776
1279538441085235200
1279538474681589762
1279538486677090304
1279538492716929024
1279538500828688384
1279538516800811013
1279538534291030016
1279538678860337156
1279538680273735681
1279538681364262915
1279538735189643265
1279538738851389441
1279538741657382912
1279538781201281027
1279538802361499651
1279538806283218944
1279538810196357120
1279538814902587392
1279538828248780806
1279538852575744005
1279538871181565953
1279538920183693312
1279538923933491201
1279538928022937606
1279538965960327169
1279538985866530817
1279538990631264256
1279539045996036097
1279539067370311681
1279539079500136450
1279539121682341889
1279539150732099584
1279539154792005632
1279539167509327874
1279539192637411331
1279539213210456065
1279539231812018177
1279539274933833729
1279539292541509632
1279539301693501440
1279539305602523138
1279539317879209985
1279539330906820609
1279539355611205632
1279539360820539393
1279539376800882688
1279539380957278209
1279539407033257984
1279539423000973312
1279539448410189824
1279539456371023872
1279539474163273728
1279539478638583810
1279539481322774529
1279539485521457153
1279539498028654592
1279539503368192000
1279539510339080195
1279539557436919811
1279539582611193856
1279539616656302083
1279539620313792512
1279539646347612160
1279539696511614976
1279539702958350337
1279539741587918848
1279539751255707651
1279539783929298944
1279539800534593536
1279539825704685569
1279539830083518464
1279539834504327170
1279539851600318466
1279539933938475008
1279539934915751936
1279539939013808129
1279539950644592645
1279539955425882112
1279539988825346048
1279540031376338944
1279540032659959809
1279540086002991105
1279540094068756481
1279540151274950657
1279540169473953794
1279540211483947008
1279540215875584000
1279540216232062981
1279540252122677251
1279540277603155971
1279540311551852553
1279540363414421505
1279540379134693378
1279540384264151041
1279540388198584321
1279540400148054016
1279540404073959425
1279540434331566080
1279540483950366721
1279540554913718272
1279540613856153600
1279540656730333184
1279540669049040896
1279540689840205824
1279540709947654144
1279540790558146566
1279540801656066049
1279540911945351168
1279540928353636352
1279541006627680256
1279541012776603648
1279541092698992640
1279541150588833794
1279541162865332224
1279541181094002691
1279541209686347777
1279541213381693442
1279541257124151296
1279541289176965124
1279541445104410625
1279541473118162951
1279541511479267328
1279541515354693637
1279541529087029248
1279541640890404864
1279541653963862016
1279541696901066752
1279541713778900993
1279541746813358081
1279541758628630536
1279541835132796928
1279541881303699462
1279541893987213313
1279541902174564355
1279541906276528128
1279541910638440448
1279541956893343744
1279541969686081538
1279541969920950273
1279541985620221953
1279542011024912385
1279542023293411329
1279542043967213568
1279542112103608322
1279542113206747136
1279542147432296458
1279542194945298434
1279542263559843840
1279542367071211520
1279542368123961351
1279542430308728833
1279542438588227585
1279542485153284096
1279542488752099328
1279542523694911493
1279542656759144449
1279542712555892736
1279542744877318144
1279542747712675840
1279542770835873798
1279542788770549760
1279542834027085824
1279542849650872321
1279542917552619520
1279542922845786112
1279543004731248645
1279543008648728577
1279543043151011840
1279543050138791937
1279543072045453312
1279543111363026944
1279543115720900610
1279543156141326337
1279543164110606336
1279543193944522752
1279543205713698816
1279543214282866694
1279543294704275457
1279543306616279040
1279543327776370688
1279543334952767488
1279543361167396865
1279543370571014149
1279543415789752320
1279543453941223428
1279543453962194946
1279543502016258048
1279543504784457729
1279543507036917761
1279543555426529281
1279543570567815168
1279543600934719488
1279543605036802048
1279543614066978816
1279543655334846470
1279543659659173888
1279543678852313094
1279543681146474501
1279543700557881345
1279543726386417668
1279543743847165954
1279543752370130945
1279543764181307392
1279543801800011776
1279543831265005568
1279543870183874561
1279543927591317506
1279543935665307650
1279543953474433025
1279543953910611977
1279543978053033987
1279543991030018048
1279544015600435200
1279544016598528000
1279544020369395715
1279544040371806208
1279544041890250752
1279544048307638281
1279544054447915008
1279544095317336065
1279544195947126790
1279544201089351681
1279544255099346946
1279544273373925376
1279544275798306817
1279544282492395521
1279544288515260416
1279544292701331457
1279544338700218369
1279544378177081349
1279544422464663553
1279544489195888640
1279544515230003200
1279544518514298881
1279544560734162944
1279544618523205632
1279544631903113217
1279544645572313088
1279544694507220992
1279544694943473664
1279544721040224256
1279544741214945280
1279544770482917376
1279544776375836673
1279544778791833600
1279544786970697728
1279544800228921344
1279544815957487617
1279544877517123584
1279544933989224449
1279544938401861635
1279544955158114305
1279544968076562432
1279544975689158657
1279544980185505794
1279545010317176833
1279545014163406848
1279545034463944709
1279545037148303361
1279545069951909889
1279545071944122369
1279545075635273730
1279545093247115266
1279545127917293569
1279545228282613760
1279545240404275203
1279545262327857156
1279545273937780736
1279545323925504000
1279545366447259648
1279545374181478400
1279545395820068864
1279545425087913984
1279545454104109056
1279545474937020416
1279545535184191489
1279545629799329792
1279545643242082304
1279545650498228226
1279545668009209856
1279545672606220288
1279545706592813056
1279545715564244992
1279545724179537922
1279545743913689089
1279545796862468097
1279545802831081474
1279545827837558784
1279545831935348736
1279545843956150273
1279545863132635138
1279545872540467201
1279545881566593026
1279545891582402560
1279545954228731911
1279545973413421056
1279546049737166851
1279546094649774082
1279546110609100806
1279546141999165440
1279546146235584512
1279546197187985409
1279546200434208768
1279546209825247232
1279546230213939200
1279546256260427776
1279546263436918784
1279546284622430220
1279546309381251072
1279546323096633344
1279546323159732227
1279546329845432321
1279546398761873408
1279546414226432004
1279546423852199936
1279546439882940421
1279546444421177344
1279546495109382145
1279546498766778370
1279546586671067136
1279546641435877376
1279546662520832002
1279546670993334272
1279546695886520322
1279546767550197760
1279546857396539392
1279546888887234560
1279546897699651584
1279546982093250563
1279547006986473477
1279547012493557760
1279547015651717121
1279547048241426432
1279547136783368193
1279547144945483776
1279547165430276097
1279547182153109505
1279547337434632192
1279547338021842944
1279547359161126912
1279547378878595072
1279547387661488130
1279547425976225792
1279547480489766912
1279547481865490435
1279547533807816707
1279547597066088448
1279547622882074624
1279547645401468928
1279547744449957890
1279547778964828160
1279547811780943872
1279547811885920256
1279547823281840134
1279547845893373952
1279547887114829824
1279547900272480258
1279547903955140609
1279547907935371264
1279547908031836160
1279547929049653249
1279547958699098118
1279547975677677569
1279548000910692353
1279548080208084994
1279548159463772161
1279548163054075909
1279548168279961601
1279548180422627328
1279548184646352901
1279548222948728832
1279548248705777665
1279548292624527371
1279548319857963008
1279548432642969600
1279548474451726337
1279548504654770176
1279548543162675201
1279548566567092237
1279548651484971008
1279548670871027715
1279548671395233794
1279548729901543424
1279548730191089664
1279548747727372289
1279548800894414852
1279548826702020609
1279548860688248832
1279548931320487936
1279548932230483968
1279549066225975296
1279549108353527810
1279549116696145925
1279549157200539648
1279549166566486018
1279549198527016961
1279549224628162561
1279549328089104390
1279549360125218818
1279549386163396610
1279549393025134592
1279549418375532544
1279549424943820800
1279549464609513472
1279549506724548613
1279549524814565383
1279549528916574221
1279549529063395328
1279549577088184326
1279549649104371713
1279549684067991555
1279549694436409352
1279549698399969281
1279549701344370697
1279549703957499906
1279549723708403713
1279549724719185925
1279549838510694403
1279549862430859265
1279549883838586887
1279549901291077633
1279549913320361985
1279549931997532161
1279549988167696390
1279550009503965184
1279550027455750149
1279550034632044544
1279550039405342720
1279550062767595520
1279550068585115649
1279550070095044608
1279550085865459717
1279550106379841536
1279550135123365888
1279550143533133825
1279550174755459078
1279550198637907969
1279550227465240578
1279550240459313159
1279550299519234049
1279550302891507715
1279550307253403649
1279550344352202752
1279550350438080513
1279550356838645761
1279550454788026369
1279550475281498113
1279550530285711364
1279550540020682752
1279550547591225346