1282661053554397184
1282661053701267456
1282661058100948992
1282661066506481664
1282661074903412738
1282661075654074368
1282661086723026945
1282661126451453956
1282661131622838273
1282661196156604422
1282661201156112384
1282661243648606209
1282661244663627778
1282661250921627650
1282661293498015745
1282661297138667521
1282661300972199937
1282661314746359814
1282661318030327808
1282661359122034688
1282661393989337089
1282661411081117696
1282661411647356929
1282661444547497984
1282661486846971909
1282661507881414656
1282661520414052359
1282661555923017728
1282661559404302337
1282661578471608320
1282661595877974018
1282661604149035008
1282661608154636288
1282661628308262912
1282661629067513859
1282661637372157955
1282661650462584833
1282661683329150976
1282661687666118656
1282661741567053827
1282661742846390273
1282661771623440387
1282661789914877952
1282661840393297921
1282661872572010502
1282661930214227968
1282661931980140544
1282661943904534533
1282661952410583041
1282662003069378561
1282662015509639168
1282662040079937536
1282662064398331904
1282662090256388098
1282662132123947015
1282662145272889350
1282662152621391872
1282662153447710723
1282662165174988802
1282662170291924992
1282662187769761793
1282662236998295552
1282662266257604610
1282662301062004736
1282662304744701953
1282662311212154880
1282662392380432384
1282662393001189376
1282662438597545984
1282662547380940801
1282662683360268288
1282662697012731907
1282662698778533890
1282662735948517378
1282662770048212996
1282662798674341888
1282662841766629377
1282662861999923203
1282662913598267394
1282662917163364354
1282662924847382528
1282662943193268228
1282662950143221761
1282662954094206978
1282662954157187075
1282662971290746881
1282662975715921921
1282663016367042560
1282663055990628352
1282663076311916544
1282663144318554112
1282663168351727619
1282663176862142464
1282663215013519360
1282663218956193795
1282663236224024578
1282663260328800256
1282663281988177920
1282663302821281794
1282663340435791879
1282663370185793536
1282663469339246592
1282663525291302915
1282663550603997184
1282663583944515586
1282663585072779264
1282663596078530560
1282663604098158592
1282663646368276481
1282663663787286529
1282663717872771073
1282663726273966086
1282663755609001984
1282663773036335105
1282663774147809284
1282663775196389376
1282663784394493963
1282663800110493698
1282663831215443971
1282663834541416449
1282663846109302784
1282663886341246977
1282663898856873984
1282663919778238464
1282663927743238149
1282664024061161472
1282664036912566273
1282664086732513281
1282664116277174275
1282664128700653570
1282664137554829313
1282664183532838912
1282664233319243777
1282664259378450435
1282664305154916352
1282664342853484547
1282664397064867845
1282664438848540674
1282664473136857090
1282664524798140418
1282664552652582915
1282664577528999936
1282664580813066241
1282664581891076096
1282664611825643520
1282664708391284738
1282664731803820033
1282664766859890689
1282664770735345664
1282664783976763393
1282664895666847744
1282665125200052225
1282665299528093696
1282665347640942594
1282665349146525696
1282665384274014209
1282665387096760320
1282665404368916481
1282665429006254083
1282665433087303680
1282665442159583235
1282665492478558208
1282665511587848192
1282665534291664897
1282665565044211712
1282665584199696386
1282665682652389376
1282665717045829633
1282665752387112960
1282665756501708802
1282665760410796033
1282665871568142338
1282665940665225218
1282665957375143936
1282665957585027072
1282665960692948992
1282666057929564160
1282666062836912135
1282666075784712194
1282666096265269248
1282666120843943938
1282666122576367616
1282666171146407936
1282666205015347200
1282666221742292995
1282666238293020673
1282666249688883200
1282666297126383618
1282666301652004865
1282666309701046272
1282666360401809412
1282666377254506497
1282666448339574784
1282666503356190720
1282666510620581891
1282666511149207553
1282666582368382976
1282666587166736385
1282666588173471744
1282666591600152576
1282666620213583874
1282666666992775168
1282666682499190784
1282666699658006531
1282666716343009283
1282666724991438850
1282666736853176320
1282666738434416642
1282666741760315399
1282666800505708545
1282666821238132736
1282666833745711105
1282666888699367426
1282666900913364993
1282666935272894464
1282666955636273152
1282666959855849473
1282667021256192006
1282667027010912256
1282667069197221888
1282667077376114694
1282667094094553089
1282667127380606976
1282667137912516609
1282667139980234753
1282667145017663488
1282667203251392512
1282667245873901569
1282667329763938305
1282667336105943041
1282667337997574150
1282667363427479553
1282667434214907906
1282667440892076034
1282667459720417283
1282667467395997697
1282667576632455169
1282667585297760256
1282667585478316032
1282667636048855048
1282667636057419776
1282667656294862848
1282667656601120768
1282667673319542784
1282667685566992386
1282667685881487360
1282667718970408960
1282667740533334016
1282667747844018176
1282667748141658113
1282667753120440320
1282667780949467136
1282667859882266624
1282667865896869888
1282667870107979776
1282667912084566017
1282667937674022914
1282667941851353089
1282667970334990336
1282667987665813504
1282667995878305792
1282668025884413954
1282668108843376640
1282668121753608194
1282668138350419970
1282668155471618048
1282668160131497984
1282668192796749824
1282668226359504897
1282668255853903873
1282668270068408323
1282668272886915075
1282668297918410753
1282668302494507009
1282668314947227653
1282668327559667712
1282668335327576065
1282668335671529475
1282668352624885761
1282668376045883392
1282668391468171266
1282668394748182530
1282668427853864962
1282668436565434370
1282668480454688768
1282668537065213956
1282668550159650817
1282668566777597952
1282668579066978305
1282668583508758530
1282668595605053441
1282668604303896578
1282668626001133568
1282668659207479298
1282668662852329474
1282668684025237504
1282668721681715201
1282668737708068864
1282668792989057025
1282668815461961729
1282668841114509312
1282668869203582978
1282668898433654784
1282668936031592450
1282668977429393408
1282668998329606144
1282669031535845377
1282669057184010245
1282669059788673026
1282669062426963970
1282669081670356992
1282669103635853317
1282669105699418112
1282669162033082368
1282669174951747586
1282669178714038273
1282669203888263168
1282669229263794176
1282669245701259265
1282669245755793410
1282669288957018120
1282669330451312641
1282669334007955459
1282669350676238339
1282669397501452288
1282669422151233536
1282669426349760512
1282669430514876416
1282669471350620160
1282669485741178880
1282669499267846145
1282669506234667008
1282669506670854147
1282669560152219648
1282669560345309185
1282669563390328832
1282669586295459841
1282669618352488449
1282669635830198272
1282669678406651904
1282669690960125952
1282669778134392833
1282669803774377984
1282669805720354816
1282669830747947011
1282669870904160256
1282669883994574850
1282669934376558593
1282669954597376001
1282669955121651713
1282669967582695426
1282669980040007682
1282670030421975041
1282670035115233280
1282670088890593281
1282670152186830849
1282670168968224770
1282670169119232003
1282670206545006592
1282670211058065412
1282670214610669568
1282670231807197185
1282670290657579009
1282670294599995392
1282670299314561024
1282670315668037632
1282670316855136257
1282670357422505984
1282670370500358146
1282670424791212032
1282670438066397187
1282670463043473410
1282670529716064257
1282670579653509121
1282670583742902273
1282670625052454912
1282670629552967680
1282670679792418816
1282670704882679808
1282670753461071873
1282670772704567297
1282670793336541189
1282670818670125056
1282670822675451905
1282670848210538499
1282670873686638592
1282670873711972354
1282670927826870279
1282671028221751296
1282671070424621057
1282671099684302848
1282671100879667200
1282671108408446976
1282671125215023106
1282671136581529604
1282671196635451393
1282671204457840640
1282671204818497540
1282671212586467329
1282671229468651520
1282671259432738816
1282671260108021762
1282671326499688450
1282671393193287680
1282671402177396737
1282671422637309952
1282671439234179073
1282671478853574658
1282671480803860481
1282671498650673155
1282671619601727488
1282671636630712320
1282671654154444803
1282671657182625793
1282671666573778944
1282671678225625094
1282671695342567424
1282671754515755008
1282671779220205569
1282671790666534915
1282671829727842306
1282671846425604097
1282671858723303431
1282671870949679106
1282671892848050176
1282671909620953088
1282671960296763393
1282671967649386498
1282671992882302977
1282671993138098181
1282672031935475713
1282672034074550272
1282672064327974915
1282672069696684032
1282672081532907520
1282672207156506624
1282672211153899520
1282672211782971392
1282672236697198592
1282672278824779777
1282672382021447683
1282672396235943941
1282672411712737281
1282672415101919234
1282672421946810369
1282672434429284355
1282672441513385987
1282672458202398720
1282672471192342529
1282672480675663873
1282672600754401282
1282672601148600322
1282672606122999808
1282672618827583494
1282672685776957440
1282672781314994178
1282672810628800513
1282672823954071552
1282672882653560832
1282672899309154304
1282672954120298496
1282672966178938880
1282672969895075840
1282672973376348162
1282672991898415104
1282673004149911557
1282673020465745921
1282673058361348097
1282673072798040064
1282673213659648001
1282673289454919680
1282673314943705088
1282673348061868046
1282673377279447043
1282673393838575616
1282673403170820096
1282673406626787328
1282673408069652481
1282673436200845313
1282673440160440320
1282673444384120833
1282673444639973376
1282673477963718658
1282673490454179841
1282673494740946946
1282673499094614022
1282673522419085312
1282673582540283904
1282673618837803009
1282673624462262272
1282673634998284288
1282673644494356492
1282673645899272193
1282673687628570625
1282673696725962754
1282673721937924097
1282673729403674630
1282673735267282948
1282673760043245568
1282673792502976513
1282673801898139661
1282673830134263820
1282673860316467201
1282673880541388800
1282673889131323392
1282673897482133504
1282673918424342528
1282673933821648899
1282673939634884608
1282674006823444485
1282674015044284416
1282674015211937792
1282674027396583424
1282674057138311169
1282674061156339713
1282674061219430400
1282674065485037568
1282674069129826310
1282674090814431232
1282674124507283457
1282674193612644354
1282674220263182346
1282674238512660480
1282674245932285954
1282674260759269377
1282674317017313281
1282674392577843203
1282674405336772610
1282674415143137281
1282674430187986946
1282674438417403914
1282674480465100802
1282674518176215040
1282674537075822592
1282674559955742722
1282674580809629697
1282674622563934208
1282674707519553537
1282674723726516229
1282674724586348544
1282674761886248962
1282674782086078464
1282674816533688321
1282674824838602754
1282674829221433345
1282674907982245894
1282674917079646208
1282674941507375105
1282674988194181122
1282675009014693890
1282675013368381441
1282675016681873410
1282675017763807232
1282675021777899520
1282675058217869312
1282675062219431938
1282675075724873730
1282675093236256770
1282675101457100803
1282675109866635264
1282675130909564928
1282675138970955780
1282675139457548288
1282675155324620800
1282675167999791109
1282675168922435585
1282675218247553026
1282675301634498562
1282675310941487104
1282675334702403587
1282675411789524995
1282675518882668544
1282675525622788096
1282675537421504518
1282675566622187521
1282675591943041026
1282675605008416770
1282675629306138626
1282675641721278466
1282675720058216449
1282675722344169479
1282675726064529408
1282675739238772736
1282675839029698565
1282675852287733765
1282675860173201408
1282675903475134464
1282675980096675841
1282676041027211264
1282676124728909824
1282676124946968583