1282162770243395584
1282162771694624769
1282162809485369344
1282162812781883393
1282162855031250946
1282162871749808130
1282162884169150464
1282162918671265792
1282162960702595073
1282162977563533313
1282162998442958848
1282163006684749826
1282163023390683137
1282163044819374080
1282163111944830976
1282163145088409605
1282163148296818689
1282163153892257798
1282163182136680453
1282163211916189696
1282163224633376770
1282163238164066306
1282163245617307648
1282163245651042304
1282163268698726406
1282163270816759809
1282163341843214336
1282163375695265793
1282163379033923585
1282163379130503168
1282163423040516096
1282163426157043714
1282163433085890560
1282163437938921474
1282163447044739073
1282163467517136897
1282163492988940288
1282163496617156613
1282163505794363394
1282163527659077636
1282163555475705858
1282163575826644992
1282163580134027265
1282163584634478592
1282163607011094528
1282163609846591488
1282163616569933826
1282163631166119937
1282163640515338242
1282163682219360256
1282163702578503680
1282163807117127680
1282163809998659585
1282163866059845632
1282163903359844353
1282163908363649024
1282163933177053190
1282163950419734528
1282163963170611203
1282163964345032704
1282164038353301504
1282164039641112576
1282164046406524928
1282164050256945153
1282164063498317826
1282164085002514432
1282164093005099009
1282164105319575552
1282164109191110656
1282164144209137664
1282164173720489985
1282164186123063296
1282164198395400193
1282164215038566402
1282164222911082502
1282164239663235072
1282164248421052417
1282164255916060673
1282164257837051904
1282164261293297664
1282164277948948480
1282164280746336257
1282164306872696832
1282164328276406274
1282164340049747973
1282164343866454017
1282164360538972162
1282164382290464768
1282164396853284864
1282164408043675649
1282164437344903168
1282164445414862848
1282164449193988096
1282164453484589056
1282164474841985025
1282164490763550720
1282164516638330885
1282164529665695748
1282164537295282176
1282164541434953728
1282164543406452742
1282164599916298241
1282164600532807688
1282164613824552963
1282164616412516352
1282164616576077828
1282164649979531265
1282164655712919554
1282164664906821633
1282164690169344000
1282164713577570305
1282164717457412097
1282164730568704000
1282164842980401152
1282164857752768512
1282164873938575360
1282164880842219520
1282164881593171969
1282164881932812288
1282164915801735170
1282164919513817088
1282164937754726400
1282164940455899137
1282164969362952192
1282164992595329024
1282165002351390720
1282165023838699520
1282165062245986304
1282165091178131456
1282165102679031808
1282165146014478336
1282165162129096705
1282165166570745856
1282165166700761089
1282165238486274050
1282165250310250496
1282165263236870144
1282165305561808897
1282165308971597824
1282165375757619200
1282165392513748994
1282165409576345600
1282165422452686849
1282165497690296326
1282165501888733185
1282165518846156800
1282165548973879298
1282165586773053440
1282165616196149248
1282165657136758784
1282165679844724736
1282165686605713408
1282165698555518978
1282165724371472385
1282165727848472577
1282165728263778306
1282165737289732098
1282165740041392129
1282165741064781824
1282165753316179968
1282165803769647105
1282165850242514947
1282165895389798402
1282165950192771072
1282165951484628992
1282165963295784960
1282165963748777984
1282165976113582080
1282165983730335744
1282166022498398210
1282166067905921027
1282166117138665472
1282166119093026818
1282166123547357186
1282166139523674113
1282166151712092162
1282166172297957378
1282166181625950208
1282166189733474306
1282166218544369664
1282166252518158336
1282166253268811782
1282166253285670912
1282166269018615808
1282166286374633472
1282166296269017089
1282166298844246016
1282166332658790401
1282166345295998976
1282166395976011778
1282166408088973314
1282166433074630657
1282166451432943618
1282166471293100033
1282166476846309376
1282166479752814594
1282166502658056193
1282166508089511936
1282166513701720069
1282166522799099904
1282166535583338501
1282166549269352448
1282166554583429123
1282166554600394752
1282166571536805888
1282166589375295490
1282166613735690244
1282166622325792768
1282166626633355265
1282166635449778176
1282166656484155392
1282166676574867456
1282166721785151488
1282166748104364032
1282166751883595778
1282166753288691714
1282166772737519616
1282166789322027008
1282166814793887745
1282166831965495297
1282166878211842048
1282166878681493504
1282166923875225602
1282166924206436352
1282166932163178504
1282167008868528133
1282167024148516864
1282167062216015873
1282167075075571712
1282167086744248320
1282167092746149888
1282167108311216129
1282167121112453121
1282167125541629952
1282167129333268480
1282167150644469760
1282167162048671744
1282167168281370624
1282167179715067904
1282167187369635840
1282167220441952256
1282167226053742594
1282167265815924741
1282167282597154817
1282167301530365955
1282167309948215299
1282167361538334720
1282167385814786048
1282167431046131713
1282167435060109314
1282167456690126851
1282167502571618305
1282167507369914368
1282167515737542663
1282167524876972032
1282167531634032645
1282167541578727424
1282167557399515136
1282167558628671488
1282167566224338945
1282167567105155074
1282167615721369600
1282167653084299265
1282167666694737921
1282167679055527936
1282167711754117123
1282167715998965762
1282167751184973826
1282167757941899265
1282167765458202624
1282167770462003201
1282167770998865921
1282167796223311872
1282167798047764485
1282167818054590464
1282167818549710849
1282167837797363712
1282167846768914434
1282167852271722497
1282167887881371649
1282167892759310336
1282167896702099457
1282167934652039169
1282167989597593606
1282168003828658176
1282168019192512512
1282168022917156866
1282168107881115648
1282168111412674560
1282168157499789312
1282168167280902147
1282168169918939137
1282168242426060801
1282168249254211586
1282168249279410176
1282168252173561856
1282168303167967232
1282168311548203009
1282168347338186753
1282168366614994944
1282168377411158017
1282168425066958850
1282168446952722432
1282168463394570241
1282168470893928449
1282168484944699393
1282168488753352709
1282168497816997888
1282168525734346752
1282168525847703552
1282168535310008320
1282168543312842758
1282168565190340610
1282168576418381824
1282168593346633729
1282168621918281731
1282168650808676353
1282168660115636224
1282168737001398272
1282168748846338049
1282168818987601921
1282168827661316097
1282168828236124162
1282168833378140160
1282168839619387403
1282168890982838274
1282168925090979840
1282168936566407168
1282168941553614848
1282168954723553280
1282168965868015618
1282168970607423488
1282168993013473281
1282169013116604418
1282169029420027905
1282169038643200000
1282169042120384517
1282169067009441792
1282169075343515648
1282169085925691393
1282169143492476928
1282169151885385729
1282169168045973504
1282169175729790976
1282169189122355200
1282169234911490049
1282169276124680192
1282169276854603778
1282169302771273728
1282169325529382912
1282169351991447557
1282169360061042689
1282169382643265536
1282169408106962947
1282169427891490822
1282169444559618048
1282169449080975360
1282169449651544065
1282169477652602880
1282169494874595328
1282169504458366977
1282169523794087936
1282169528399482880
1282169575056879616
1282169578798247937
1282169587845353473
1282169624881016833
1282169645844357120
1282169666887208960
1282169674357063682
1282169709593366529
1282169732075008006
1282169737737166850
1282169738374705152
1282169759107358720
1282169767470616578
1282169788207206401
1282169796424065024
1282169810873442304
1282169880926724096
1282169909888376832
1282169940372578304
1282169957564813312
1282169960492654592
1282169977215127552
1282170003018506240
1282170006512508928
1282170057699872768
1282170057762779137
1282170115144986624
1282170116424323072
1282170161328541696
1282170166948888578
1282170175198879744
1282170183076007938
1282170224192696325
1282170229393707011
1282170234003230720
1282170244933406724
1282170270938095616
1282170291297431553
1282170308326301697
1282170312423903233
1282170316274520065
1282170317037637633
1282170319382478853
1282170320707891200
1282170328689647617
1282170334221791233
1282170341683535875
1282170342731997184
1282170351800119296
1282170367650328576
1282170396557504512
1282170408800645120
1282170475523629056
1282170519220101120
1282170543727357953
1282170559875424256
1282170632151511040
1282170644017426432
1282170681636028418
1282170765920608262
1282170786334208000
1282170824271843333
1282170825274036228
1282170846203858944
1282170865740914691
1282170866793508864
1282170875341492225
1282170877795328003
1282170879082889216
1282170919830478850
1282170931842965504
1282170983923752960
1282171007202033664
1282171010649751554
1282171043021381632
1282171059593256960
1282171113678807040
1282171144078888961
1282171160398934017
1282171163653832704
1282171176706404353
1282171201427697665
1282171213704581122
1282171213914288128
1282171215688474624
1282171231043760129
1282171235200389121
1282171235242086400
1282171264220778499
1282171277285961729
1282171278099505154
1282171311268093952
1282171323465293826
1282171341295308800
1282171349297848321
1282171360748294145
1282171371485753344
1282171381610876928
1282171414896939009
1282171433532010497
1282171445636935681
1282171457984843776
1282171478625054720
1282171501148545024
1282171542609096705
1282171579690967041
1282171597361741830
1282171638260183041
1282171638495076354
1282171663753326593
1282171663786881026
1282171670954938368
1282171684171198472
1282171685475684352
1282171710830080001
1282171730727809025
1282171756778860545
1282171757177315330
1282171774805749761
1282171777809080321
1282171780694708230
1282171789368590336
1282171831554842625
1282171864211771400
1282171911879852033
1282171912857288704
1282171923254980609
1282171928334172161
1282171948680671232
1282171965847957505
1282171969253908480
1282171969857871875
1282171999561945088
1282172017488343042
1282172040275873792
1282172050409496577
1282172095271784449
1282172100657270784
1282172171373117440
1282172208534757376
1282172212649193474
1282172212741419008
1282172221360754688
1282172221725827076
1282172225940930560
1282172250620416001
1282172255917596672
1282172275333136384
1282172293171621888
1282172297684512768
1282172309508423682
1282172309646774272
1282172330639273984
1282172331633315841
1282172355737825281
1282172375799402498
1282172382698864642
1282172384557113345
1282172386473893889
1282172395311136769
1282172431793176576
1282172461694369792
1282172468589924352
1282172481407799296
1282172488777113600
1282172494372392961
1282172501980622848
1282172539477909504
1282172543483305986
1282172577465733120
1282172593517277184
1282172594549141505
1282172595270332416
1282172603046572032
1282172671627845632
1282172699343634433
1282172704943149056
1282172731610542080
1282172758231781376
1282172774857891840
1282172808852836354
1282172834408796160
1282172838921867264
1282172854260371458
1282172880529371136
1282172892923326469
1282172930542247936
1282172952344051713
1282172972309061632
1282172992332591110
1282173026151337990
1282173030484058112
1282173038507831309
1282173047768625154
1282173073513254912
1282173106803445760
1282173114772643841
1282173140408446976
1282173173992165382
1282173223296090112
1282173228287512576
1282173243009503237
1282173257811206145
1282173298764247040
1282173303570993153
1282173328237748224
1282173340744990720
1282173349175713792
1282173420831113216
1282173437792985089
1282173462505758721
1282173471968165890
1282173475449438210
1282173478964047873
1282173497125396481
1282173504188628998
1282173555967434752
1282173601827950592
1282173613097943040
1282173626477948928
1282173654667653120
1282173668815261698
1282173672581591041
1282173673479081984
1282173680051601409
1282173692881940480
1282173705536315393
1282173710645026819
1282173715334266885
1282173824079998977
1282173835417198592
1282173846884356096
1282173855906193409
1282173886117957632
1282173889863442432
1282173899728228353
1282173899917205505
1282173907282403330
1282173916467740672
1282173941499359235
1282173965788684295
1282173983190847488
1282174038006214656
1282174057945812992
1282174070633758721
1282174138296279040
1282174154633084928
1282174155878658048
1282174164095266817
1282174172291043335
1282174180201357313
1282174201005309953
1282174205564522496
1282174210060812288
1282174252221976577
1282174293573603328
1282174318923837440
1282174324162433025
1282174343129313280
1282174351400411136
1282174363479883776
1282174368676642818
1282174406173896705
1282174415552212992
1282174451816124423
1282174470535491585
1282174494220718080
1282174563179061250
1282174595626409984
1282174611334008833
1282174611757477888
1282174624780947456
1282174642225020928
1282174701033447425
1282174709639987200
1282174739025473536
1282174741793529857
1282174746252247041
1282174768918208512
1282174788732170241
1282174813180530688
1282174833191608320
1282174859808669698
1282174864225439744
1282174902552997888
1282174910186442753
1282174931342487553
1282174939383177216
1282174947624980480
1282174961486925826
1282174984727625729
1282175015643803650
1282175022895902720
1282175031452344320
1282175086275985408
1282175128047169536
1282175142894940160
1282175187094568962
1282175208087060481
1282175249966981120
1282175265716662274
1282175328647954433
1282175400395673600
1282175450912043008
1282175484693012480
1282175485917761537
1282175492687368192
1282175531748741120
1282175538543509505
1282175542804967424
1282175547313881090
1282175552493727745
1282175572412641280
1282175573004029953
1282175578502832128
1282175584764862469
1282175610635329536
1282175613860810754
1282175620844146688
1282175651672449024
1282175690335555586
1282175719867584519
1282175720123498496
1282175756727025665
1282175756815208449
1282175773194035202
1282175773789630464
1282175781897109504
1282175795763576832
1282175845981814785
1282175846170714112
1282175868148895744
1282175878139707393
1282175887547363328
1282175891783720961
1282175906170077184
1282175924591562753
1282175975808270336
1282175988089016320
1282175992187039745
1282176006476886017
1282176021261766657
1282176029713485826
1282176058347778050
1282176079877160960
1282176129579782145
1282176218843021312
1282176228510674944
1282176281363337217
1282176289441411072
1282176297611915267
1282176299373604864
1282176307078606851
1282176406160584704
1282176427627024384
1282176440486768640
1282176469859328001
1282176553552502785
1282176596217143298
1282176596481204229
1282176610259484672
1282176643159724032
1282176662637932544
1282176706242056193
1282176721190559745
1282176723682037760
1282176734134034438
1282176747254013954
1282176780745478144
1282176818238251008
1282176822290022401
1282176876518072320
1282176897787531264
1282176982441250816
1282177020038918144
1282177073679708160
1282177114045845504
1282177149198204928
1282177220216270848
1282177242416549888
1282177249496780800
1282177250402512901
1282177309278117888
1282177342115319808
1282177359404294144
1282177359492321285
1282177380510052352
1282177397501157376
1282177414181933056
1282177417977556992
1282177426131386369
1282177436512206848
1282177461074006016
1282177480707551232
1282177484465692678
1282177490186887168
1282177497464033281
1282177508708950016
1282177530665943041
1282177539847467010
1282177598441717760
1282177602724274176
1282177611930546176
1282177613088186368
1282177690229813250
1282177704301703168
1282177707653181442
1282177744533585921
1282177745267630080
1282177791316779008
1282177817271312384
1282177824779128837
1282177828767793159
1282177829237592064
1282177837924057088
1282177849806340097
1282177854969716742
1282177862183915520