1287024807616315392
1287024884154085378
1287024905087836160
1287024922259120129
1287024933986541573
1287024959345262592
1287024980669210624
1287024996573798400
1287025030971494400
1287025038328246274
1287025053373272065
1287025072918736897
1287025097392427008
1287025103612542976
1287025126626729990
1287025151540895745
1287025160940335106
1287025194054426624
1287025244297924609
1287025254158737408
1287025261289132033
1287025282197659648
1287025289806204929
1287025345980506112
1287025357015711746
1287025357799948289
1287025371695714304
1287025374254309376
1287025374971535367
1287025391622934529
1287025400036462593
1287025434006130694
1287025441270665219
1287025467673976838
1287025567947264001
1287025583973687296
1287025596632006657
1287025674088329224
1287025693667274752
1287025727641190400
1287025751708106752
1287025756586094597
1287025773375705094
1287025786617237505
1287025811975999488
1287025815599939585
1287025853231177731
1287025865977724928
1287025986278653952
1287026037524705282
1287026058223591424
1287026064863174656
1287026180936196097
1287026219586916353
1287026280681086977
1287026288734154752
1287026296896262145
1287026305490399232
1287026351845847040
1287026414642966535
1287026444179316736
1287026454388244480
1287026472365039617
1287026521408966657
1287026523120250880
1287026537057988608
1287026567961432064
1287026661444202496
1287026666821353472
1287026696449859589
1287026758571753472
1287026763491672064
1287026765316194304
1287026801370370048
1287026808844681216
1287026846282915840
1287026980920143874
1287027008007016449
1287027081356902401
1287027111287574528
1287027127842492417
1287027136235216899
1287027145651499009
1287027191184789511
1287027194624081920
1287027271115694080
1287027274840236032
1287027341747720194
1287027349679202305
1287027383971782656
1287027384076709888
1287027454868180997
1287027589647937536
1287027589811503110
1287027622757761030
1287027635520802817
1287027693251371015
1287027715686707200
1287027719750987776
1287027760892805121
1287027779918340097
1287027791192625152
1287027853146505216
1287027899413889025
1287027911095132163
1287027923204149248
1287027928887365633
1287028042792140801
1287028076820520960
1287028078074454016
1287028136828444679
1287028164263198724
1287028189001330689
1287028269083222017
1287028281007628289
1287028335076352002
1287028361253052416
1287028437119639552
1287028441825640449
1287028463946223616
1287028474025111554
1287028499182567428
1287028516404506628
1287028519910817793
1287028607978799105
1287028642103558145
1287028650861375489
1287028653491068928
1287028658473963521
1287028729789767680
1287028730444034052
1287028742506926080
1287028838833291264
1287028843711094786
1287028852196352001
1287028875701166082
1287028884962258944
1287028923004530689
1287028939433615360
1287028967954886657
1287028968235950081
1287028994035064834
1287029014897582086
1287029031058182147
1287029078063808514
1287029100280979459
1287029141724737536
1287029263372173312
1287029271291199489
1287029308452741121
1287029353235320833
1287029421732515841
1287029422852395010
1287029497414537218
1287029504515272705
1287029549184823296
1287029552296779777
1287029557174861824
1287029560291205120
1287029657687207938
1287029703870525442
1287029750322483200
1287029779003322373
1287029791934341121
1287029795356901381
1287029796476727298
1287029834598633483
1287029857864605697
1287029861584973827
1287029954753028101
1287029997274791944
1287030022558162946
1287030038517489664
1287030049967923201
1287030063779676163
1287030105076903945
1287030127310843906
1287030155962195968
1287030194058997760
1287030223821832198
1287030249155432449
1287030277416640512
1287030281518616576
1287030323772104705
1287030341270675456
1287030353425653762
1287030432949833728
1287030466671857666
1287030474628636679
1287030478852292608
1287030554559381504
1287030567058407425
1287030567192670210
1287030580132089856
1287030600331923456
1287030613422350342
1287030646766960640
1287030680958926848
1287030684968726530
1287030733282869254
1287030764400345090
1287030819022725125
1287030836299268096
1287030838022922247
1287030873292972033
1287030924106821639
1287030932306825218
1287030953894846465
1287030986325266432
1287030986723778561
1287030991165562887
1287030999344467968
1287031011566669825
1287031028046061571
1287031035662827520
1287031049877426177
1287031108824182784
1287031158996381704
1287031197072146432
1287031218282942464
1287031221671718912
1287031225513848838
1287031321768976384
1287031330660847619
1287031359630974976
1287031393336225793
1287031421391892480
1287031523414282240
1287031625096863744
1287031652837982209
1287031662149345280
1287031665861242886
1287031792445390850
1287031808249348096
1287031824351465472
1287031854617559042
1287031918014484482
1287031972502671360
1287031972817186817
1287032018539294720
1287032052081033229
1287032064471175168
1287032111157915649
1287032134646063105
1287032243177758720
1287032307799461890
1287032355975307267
1287032361125728256
1287032383032762368
1287032388229500929
1287032412552204294
1287032445892792320
1287032458563682316
1287032499521101826
1287032504663277568
1287032687702749185
1287032699647979521
1287032797522272257
1287032807047475200
1287032871559917568
1287032891273338880
1287032903688486915
1287032945899909125
1287033000501354496
1287033001700884480
1287033016817192966
1287033041748197377
1287033051244122113
1287033079379435520
1287033138221322241
1287033212867411970
1287033215669108736
1287033218131165194
1287033251295629312
1287033323370545152
1287033339283673088
1287033369172336640
1287033408342953984
1287033419839528961
1287033431797510144
1287033436771934208
1287033448310480900
1287033461367332864
1287033503813599233
1287033506942656512
1287033507076804609
1287033515171647490
1287033520427110401
1287033532750036992
1287033542287990784
1287033566220689410
1287033598353321984
1287033641785266178
1287033645165944833
1287033678783082498
1287033704091652096
1287033704553095168
1287033721250611200
1287033731560153088
1287033746663845888
1287033768247791616
1287033814288662529
1287033869481521152
1287033888661962753
1287033911839686656
1287033952503463936
1287033956462923776
1287033964234866690
1287033976864018439
1287034037673041926
1287034056933355521
1287034102697168896
1287034116660224000
1287034141540843521
1287034169432973312
1287034216044273664
1287034236692832256
1287034246255738882
1287034278845374466
1287034283899539463
1287034360789688322
1287034376941961216
1287034451491459074
1287034459787866112
1287034476372140034
1287034484932698112
1287034516108988418
1287034563852550144
1287034593326096387
1287034615178436608
1287034623155941377
1287034662251102208
1287034698456326151
1287034699286749186
1287034719834476544
1287034724280664064
1287034752894218240
1287034882712121345
1287034903289368576
1287034954979971072
1287034958335352834
1287035017865109505
1287035024097845248
1287035025758785537
1287035034143281154
1287035058214318081
1287035155601924101
1287035159779434498
1287035178058043398
1287035188992569345
1287035193719652352
1287035206126501892
1287035206889811969
1287035303316905984
1287035310874882054
1287035319779500034
1287035353153654790
1287035356676841473
1287035378042654720
1287035479309910024
1287035551309168640
1287035555881132039
1287035558229934080
1287035583282532357
1287035594812555264
1287035644624199683
1287035646847135745
1287035722235551744
1287035753562857476
1287035784554524673
1287035789528969216
1287035814850043912
1287035910794747905
1287035939928375307
1287035969745584129
1287036062053928961
1287036082308014082
1287036129389228032
1287036145977692160
1287036170715701248
1287036174905704448
1287036229679083522
1287036275749523456
1287036330501967873
1287036359174234113
1287036364517761024
1287036399628107779
1287036420171980802
1287036426752856064
1287036426962575360
1287036460412153857
1287036494197096448
1287036511167434758
1287036519350403072
1287036522580115457
1287036527214821378
1287036561721360386
1287036579844890624
1287036585922486278
1287036611503431681
1287036620152152064
1287036633204822020
1287036678549381120
1287036685952352256
1287036703316664321
1287036703996354568
1287036710430355456
1287036720224116736
1287036795767730176
1287036796971487233
1287036822493827072
1287036829250723840
1287036830488002561
1287036842345467905
1287036858879422465
1287036896313593867
1287036933890117632
1287036955612663808
1287036984993644551
1287037045810970624
1287037060109357056
1287037097535102978
1287037105441583106
1287037148152172545
1287037207417622528
1287037248173682689
1287037320206655489
1287037411986481159
1287037413093711874
1287037433050099713
1287037454307008512
1287037463479738368
1287037466843783174
1287037467359694850
1287037474057916417
1287037517687132162
1287037532257964032
1287037534879481858
1287037547655421955
1287037558778732545
1287037565720244225
1287037578135445508
1287037592232513537
1287037592664518657
1287037601661124611
1287037699162071041
1287037726802370561
1287037785359122432
1287037786089041920
1287037852467912705
1287037853160153090
1287037882096652288
1287037891357691905
1287037915160367104
1287038015794225158
1287038028670799872
1287038037256544256
1287038075533553665
1287038101001506817
1287038108463181829
1287038125643051010
1287038133650042887
1287038188435972097
1287038190742691840
1287038238218231809
1287038243117174786
1287038301757726720
1287038347572019208
1287038414584516609
1287038481752035332
1287038502971080705
1287038613373558790
1287038621116010496
1287038637759172608
1287038685922373633
1287038733628387329
1287038773004558336
1287038792449359872
1287038804977647621
1287038839488380928
1287038863597281280
1287038872266764288
1287038917104078848
1287038943763009536
1287038951866286082
1287038964675702785
1287038973827719168
1287038993129967616
1287039006312747009
1287039019243548672
1287039052688945153
1287039056522747904
1287039161325608963
1287039194720804868
1287039199368171523
1287039271652806657
1287039287339491329
1287039337645903872
1287039344734281729
1287039357228994561
1287039387017117697
1287039415299211264
1287039424757411840
1287039448446906370
1287039450699255814
1287039455451402240
1287039463202459648
1287039610233720832
1287039618152620034
1287039623026352128
1287039631762939905
1287039651946143744
1287039689690578945
1287039759680864261
1287039802530029569
1287039803096170496
1287039826403958785
1287039844091297794
1287039848872845312
1287039893395451904
1287039902811435008