1280622623076913153
1280622658799845377
1280622677783384066
1280622680614428672
1280622723983716353
1280622736021151744
1280622737271250944
1280622740622512130
1280622754014904325
1280622757374357504
1280622760943853569
1280622765150699526
1280622781965766656
1280622782137729025
1280622785870606336
1280622794473123840
1280622802777837569
1280622807584370688
1280622835736641537
1280622882624876545
1280622887523586048
1280622895060807680
1280622926279192576
1280622962345902080
1280622974882713603
1280623029245087749
1280623050690568199
1280623092344078336
1280623096416919552
1280623244089982976
1280623255750168576
1280623264822329349
1280623268509122561
1280623273412308995
1280623273466900483
1280623276826464260
1280623292475269120
1280623294018961408
1280623323651600384
1280623348041613315
1280623374100844544
1280623380128043009
1280623440853192705
1280623478295662592
1280623490987515904
1280623495249002497
1280623507601272839
1280623512164728840
1280623520179986437
1280623532792098817
1280623546444599296
1280623553289871360
1280623553742802946
1280623558167801856
1280623562097909760
1280623579193892866
1280623633438736385
1280623654410354690
1280623662979330048
1280623692700147713
1280623784211484673
1280623786228940800
1280623796983119872
1280623835004514305
1280623873160105985
1280623896560091138
1280623923147628544
1280623944291270656
1280623994396274689
1280624061731741701
1280624124495265792
1280624130266726403
1280624145055825920
1280624204111585280
1280624217319452677
1280624229507952640
1280624271455334400
1280624291936002048
1280624333929558016
1280624367249035264
1280624396273508352
1280624413273186306
1280624464305238016
1280624467979403265
1280624476833697792
1280624478289113088
1280624516461461505
1280624517275095041
1280624555996991493
1280624578000228352
1280624593447849985
1280624611177062402
1280624618873683969
1280624632530374656
1280624638804938752
1280624669700132864
1280624673689083904
1280624682291494912
1280624734930173952
1280624741200596993
1280624741561307137
1280624762482356224
1280624778295103491
1280624778991321092
1280624812667424768
1280624870808850437
1280624875040911360
1280624899577516032
1280624956414590977
1280624962349514758
1280624994171736070
1280625005605326854
1280625075922907137
1280625147796287488
1280625202007810048
1280625220316008449
1280625223516041218
1280625286413983745
1280625319322349569
1280625332794478594
1280625336313475073
1280625374498521089
1280625374880239618
1280625378739044352
1280625404722786304
1280625451765907457
1280625454060355586
1280625495130796032
1280625596553326593
1280625613217370112
1280625663284830212
1280625663670726657
1280625684310786048
1280625717865148417
1280625721950572544
1280625752078245888
1280625779504603137
1280625789688561666
1280625794050646017
1280625813621112832
1280625872999981056
1280625928633110528
1280625957167120385
1280625965585117185
1280625968659349505
1280625970261737472
1280625986288091143
1280625995372998658
1280626003216420866
1280626003681988608
1280626039727755264
1280626057994031106
1280626075408781313
1280626078843899904
1280626143910146049
1280626191825764355
1280626217507528714
1280626238059675648
1280626255499595776
1280626267562233856
1280626318154051589
1280626325938737153
1280626339398258690
1280626347249893379
1280626351469465603
1280626405987028992
1280626414178504709
1280626414623043584
1280626422571315203
1280626426740424704
1280626456218001413
1280626486035255303
1280626506696359937
1280626556738682880
1280626571280289792
1280626586463735809
1280626615630905344
1280626618877255680
1280626628457103363
1280626644735098880
1280626669737308160
1280626719813259264
1280626733427777536
1280626790688571393
1280626808820563970
1280626875992346631
1280626915582160896
1280626918069620737
1280626926101696512
1280626947077271553
1280627010344120321
1280627018288242688
1280627064538828800
1280627097992478721
1280627177193684992
1280627194658721792
1280627206729936898
1280627211280801793
1280627223540760583
1280627256835145728
1280627309461090304
1280627337256595456
1280627345829662720
1280627387651284995
1280627391514071040
1280627392478711808
1280627417258704896
1280627419540406273
1280627462725042178
1280627482597576704
1280627534334496779
1280627542844735488
1280627597349736450
1280627605616590848
1280627609861263366
1280627627137662978
1280627631101263878
1280627685102886913
1280627769181945857
1280627777381826565
1280627790568583169
1280627831656120321
1280627880712720384
1280627896525168649
1280627958206681089
1280628011193167872
1280628066021257217
1280628092000784384
1280628114729533440
1280628121394388993
1280628157037584385
1280628166835482626
1280628172145426438
1280628180009746432
1280628186410352642
1280628213518159873
1280628222233923584
1280628230798663681
1280628284766765062
1280628312734302213
1280628318291795971
1280628329297608704
1280628360587206656
1280628364261367808
1280628369218994176
1280628419630444544
1280628425523449860
1280628453256179712
1280628629085409280
1280628737755754498
1280628750544244736
1280628753908011008
1280628799076552704
1280628834291892224
1280628926658891785
1280628948137906184
1280628968585138176
1280628997299163136
1280629040093806592
1280629053024800768
1280629069302968321
1280629094250475520
1280629101049643009
1280629107336704001
1280629189020798976
1280629191256440832
1280629285020033025
1280629296348844032
1280629327294615554
1280629345594281986
1280629355018948610
1280629415915945987
1280629439294922752
1280629443963355136
1280629446848983042
1280629514750562306
1280629539614470145
1280629567447842818
1280629590025596928
1280629634711924742
1280629694312964103
1280629702596706309
1280629757491593216
1280629787162263563
1280629790412869633
1280629811728220166
1280629841721610241
1280629857890603008
1280629862256934912
1280629866350743553
1280629921610518529
1280629950719102976
1280630004452376577
1280630041983029250
1280630046529486848
1280630066351951875
1280630067937398786
1280630084710342657
1280630130570743808
1280630171037511683
1280630172933210112
1280630180772556800
1280630184736161792
1280630195406483457
1280630201882468358
1280630206076772357
1280630214264061955
1280630218521145344
1280630260330086402
1280630268886466560
1280630281557487622
1280630285533675520
1280630294031347720
1280630347101876224
1280630357608423425
1280630415972163584
1280630464160677890
1280630482850308096
1280630489217290240
1280630516048429056
1280630524034248704
1280630524894208000
1280630566883225600
1280630582813134848
1280630638324985858
1280630659690749952
1280630693295316992
1280630709745520641
1280630843929767940
1280630952654524416
1280630952843022336
1280630960128737284
1280630986045378561
1280630990923161600
1280631011697623040
1280631057998475264
1280631079834128389
1280631086918234114
1280631103389233152
1280631170946838528
1280631170976198656
1280631179658629122
1280631208628682752
1280631221316452356
1280631271736193025
1280631287129178113
1280631309040095232
1280631326463479808
1280631346961014784
1280631380766937088
1280631397334597638
1280631418352271361
1280631435062382592
1280631443358547968
1280631446466703360
1280631504754708480
1280631516733857794
1280631540209377284
1280631561294172160
1280631577798512640
1280631594269671428
1280631596694081541
1280631606861074439
1280631631833956353
1280631716357554179
1280631720224620548
1280631724985253889
1280631766664073217
1280631771223203841
1280631778693337088
1280631786633154578
1280631823102406656
1280631837438533632
1280631862935814147
1280631871156768768
1280631871253217280
1280631876105969664
1280631879989854208
1280631921488400385
1280631929549860864
1280631946327056385
1280631997140856832
1280632034839236608
1280632034940108806
1280632051549581312
1280632089633869828
1280632159519342593
1280632177579954178
1280632185897312257
1280632215244865547
1280632248346296320
1280632282597003264
1280632299361574912
1280632352268529664
1280632365677719555
1280632390482829313
1280632444618711041
1280632452046827520
1280632458267037698
1280632463384096768
1280632482476351489
1280632527393357824
1280632571534036992
1280632571555196932
1280632653398540294
1280632698147672065
1280632806276837376
1280632827793625094
1280632844222685189
1280632848345698304
1280632873297629185
1280632903324532739
1280632907422367745
1280632953303949312
1280632997914476554
1280633000015863809
1280633006080831488
1280633041484947456
1280633060514381829
1280633097201971200
1280633108790865920
1280633171403403264
1280633172695437313
1280633184942608384
1280633217779892225
1280633221911400448
1280633242782220297
1280633301561212928
1280633363318046720
1280633364140240902
1280633364190461954
1280633406905151488
1280633423024001024
1280633456205139975
1280633481480069123
1280633506956079104
1280633515130978304
1280633518356262914
1280633557472497668
1280633593098833923
1280633597318303744
1280633599117664256
1280633616079351808
1280633680562663425
1280633683247071240
1280633725059989506
1280633775488143361
1280633784313004033
1280633825870204928
1280633842676744193
1280633957080616967
1280633963778920450
1280633980816154631
1280634060319137793
1280634094578171904
1280634118963974144
1280634137989316609
1280634149167157248
1280634167483682818
1280634293950136320
1280634295560876032
1280634488188547072
1280634496757501953
1280634543544791042
1280634555360325637
1280634702861340673
1280634740572336129
1280634811116380162
1280634811346911232
1280634865571020801
1280634928691064843
1280634958244204544
1280634962958602241
1280634979349942277
1280635001260789767
1280635012476555264
1280635029626871809
1280635059263815680
1280635063370084353
1280635160787025920
1280635163634999296
1280635205884301313
1280635241867116544
1280635243230265344
1280635247118487552
1280635272804421632
1280635312721539079
1280635348247183361
1280635364676231169
1280635390433476608
1280635402894872576
1280635423526719489
1280635423782367232
1280635424529096704
1280635447379742721
1280635448881221633
1280635516371664897
1280635558721716224
1280635591718125569
1280635635364134912
1280635665282187264
1280635665907093504
1280635709171400706
1280635717593399297
1280635746555215874
1280635755484844033
1280635777299419138
1280635809876586497
1280635847499546624
1280635860577169409
1280635931322724353
1280635975715168257
1280635977120264199
1280635985995366408
1280635990441259008
1280636023685312512
1280636057214750722
1280636062256082945
1280636073857527808
1280636120787644417
1280636137065844744
1280636152324775936
1280636178929266691
1280636216866635784
1280636237422854144
1280636240891650050
1280636258176376833
1280636320964984833
1280636325482258433
1280636359317901312
1280636363633840128
1280636372445990913
1280636380641734658
1280636388459806720
1280636432038670338
1280636447092101121
1280636455744913414
1280636463709933571
1280636464477290496
1280636468692738048
1280636476888244224
1280636483460911105
1280636506563121154
1280636582068998144
1280636606442016768
1280636611387146241
1280636636116791297
1280636645126156297
1280636684963635205
1280636709366005761
1280636722464927750
1280636732283764739
1280636782284083201
1280636801837916162
1280636804136386560
1280636822075383810
1280636845144096770
1280636912793874432
1280636941814444032
1280636945635446785
1280636952132251648
1280636969622495237
1280636971442941953
1280637005282422784
1280637009187520513
1280637013109006336
1280637021455876097
1280637055068966912
1280637101214699520
1280637147272433666
1280637183641206785
1280637185973260291
1280637248870985736
1280637282127667200
1280637348670308353
1280637365510340610
1280637395302404096
1280637399333253125
1280637421500039169
1280637471139733504
1280637496443891712
1280637509219889153
1280637512533319685
1280637512617201664
1280637533831835648
1280637549929734145
1280637551095746561
1280637566916546560
1280637583739871234
1280637600370495489
1280637608490676228
1280637618162712576
1280637642799898625
1280637663104696326
1280637718037270528