1280411238313361408
1280411260216053760
1280411318885871616
1280411326884519936
1280411360569044992
1280411381766868992
1280411511555411970
1280411583286513664
1280411583672451072
1280411583680860161
1280411654371659776
1280411676022538240
1280411689146556416
1280411704812322816
1280411709312663560
1280411719676788736
1280411731404173312
1280411767923974146
1280411888212422658
1280411988372398081
1280412014523944963
1280412157893652481
1280412212545433600
1280412299354951680
1280412303419158533
1280412404334166017
1280412434491011072
1280412455479341057
1280412475800858625
1280412500643721217
1280412585351884800
1280412589936332800
1280412660744376326
1280412688938491904
1280412727236866051
1280412731347046402
1280412743716294662
1280412744576045058
1280412760631685120
1280412858493394944
1280412986994233344
1280413092959174656
1280413190141218817
1280413197783248896
1280413235821363200
1280413244197347329
1280413250258165760
1280413323629072386
1280413516281851904
1280413619956510720
1280413635236581378
1280413692702740481
1280413734629003271
1280413912886849542
1280414052477435904
1280414069330112512
1280414098338066433
1280414123189141504
1280414132697624576
1280414393071779840
1280414397844918272
1280414799734673408
1280414816318832640
1280414938176118784
1280414962800705537
1280414988323229696
1280414997739237376
1280415038814040064
1280415051057442817
1280415111983894528
1280415155730464768
1280415156086898695
1280415165746311170
1280415240774090754
1280415324375068674
1280415348609691649
1280415403068579841
1280415608530599936
1280415642185801728
1280415763644313605
1280415827364401153
1280415869517119488
1280416066657824768
1280416074895261698
1280416150233518080
1280416196307947520
1280416318337007624
1280416338394185730
1280416339665002503
1280416358946222080
1280416389732470784
1280416477334532096
1280416502596812800
1280416552010100737
1280416574814351360
1280416707782287360
1280416757409353728
1280416787423735808
1280416930529267712
1280416938141921280
1280416938880008192
1280417027086319616
1280417083826876417
1280417152676265985
1280417207520878593
1280417340904128512
1280417421552205825
1280417463075774465
1280417508550459392
1280417710397165568
1280417735952875527
1280417833101508614
1280417894900346882
1280417953666785280
1280417966190997505
1280418005302861825
1280418033811382272
1280418084306784257
1280418092213063681
1280418117282234368
1280418175574630400
1280418215252971520
1280418337479163904
1280418364087775234
1280418389412859905
1280418427715424259
1280418524566085634
1280418554685165571
1280418576243941377
1280418591603638272
1280418691780206592
1280418712307355648
1280418775049711622
1280418779390971905
1280418784029917184
1280418788329037825
1280418876279357440
1280418889051131904
1280418896705658881
1280418922437709826
1280418951193903105
1280419023419633664
1280419034870226945
1280419085428408320
1280419179640819712
1280419186855104512
1280419209378488320
1280419228865253376
1280419253368180736
1280419326927880193
1280419333114560514
1280419352513335296
1280419472810168321
1280419571833483265
1280419698018930688
1280419954815311872
1280419962868228098
1280419982917206016
1280420075644780544
1280420080484880384
1280420140752961536
1280420148587819013
1280420255001698305
1280420261276168192
1280420264938033152
1280420269853638656
1280420279190196224
1280420319950524416
1280420328041299969
1280420470454661121
1280420596141228034
1280420641670418432
1280420658707443714
1280420723006242816
1280420776001273856
1280420791440547840
1280420806397313024
1280420877994262528
1280420951923007489
1280420956431962112
1280420979995484160
1280421018973220864
1280421027764371456
1280421053244641281
1280421267766677504
1280421354601357312
1280421362667065344
1280421543919726594
1280421550500569089
1280421564907847680
1280421618699943936
1280421633359073281
1280421682663079938
1280421686035320833
1280421832898772993
1280421889320648704
1280421899902820358
1280421918206803969
1280421947168493570
1280422003803971584
1280422077640650753
1280422089812402176
1280422126785376256
1280422143226834944
1280422208645599232
1280422234004140032
1280422298709823489
1280422312559476736
1280422374651899904
1280422387918372864
1280422554218487808
1280422567640268801
1280422633914286080
1280422668760543234
1280422672661278720
1280422756140544000
1280422786645856256
1280422839322058752
1280422858586566657
1280422876944797697
1280422877779636225
1280422878081511425
1280422879151091715
1280422953658707968
1280423008335810562
1280423045270777858
1280423121086971904
1280423268651085824
1280423278797033477
1280423312045281280
1280423440978190337
1280423451086352385
1280423453061976065
1280423511614296065
1280423560725463042
1280423578643529728
1280423598549807105
1280423648948449280
1280423685900218369
1280423725557522432
1280423813398708224
1280423944135290882
1280423947054374913
1280424027295801345
1280424144241393664
1280424144551714817
1280424228261703680
1280424286671392768
1280424287858577408
1280424324122509314
1280424358817693696
1280424366270971909
1280424480754417664
1280424601697366016
1280424804181594112
1280424829334761472
1280424848838152193
1280424865044955136
1280424874096373760
1280424979272798209
1280425110025965570
1280425137783869443
1280425151306313729
1280425238874820608
1280425247670325248
1280425280079900672
1280425432446205954
1280425462380916736
1280425534602670080
1280425625564708864
1280425637371506693
1280425809048559624
1280425864954630144
1280425958072127489
1280426132303560706
1280426145352232965
1280426182245339136