1282615759793868801
1282615768346230792
1282615776806162434
1282615829042008065
1282615881298845697
1282615929378136064
1282615949905088512
1282616038383857665
1282616042078994436
1282616046629933056
1282616109565263872
1282616137570824194
1282616210178244608
1282616214175600641
1282616217883287553
1282616239647596545
1282616243254681600
1282616251475464198
1282616334757453824
1282616334937993216
1282616352751202305
1282616366843883521
1282616377103331328
1282616381880463360
1282616391485362177
1282616486033362944
1282616533143834624
1282616565075251202
1282616637145976834
1282616649686941701
1282616678396788736
1282616751260344320
1282616789004955648
1282616793098588162
1282616818398527489
1282616851621654528
1282616889328283649
1282616906235514880
1282616938284437506
1282616985839435779
1282617001438044162
1282617006139809794
1282617069465300992
1282617123043307521
1282617145289932800
1282617182984245250
1282617207793553408
1282617244758028291
1282617258234257410
1282617283089780737
1282617324839862272
1282617357496659970
1282617456364785664
1282617475247546368
1282617476254179328
1282617571850637312
1282617589139746816
1282617598933446658
1282617621725106176
1282617623033843712
1282617637164462080
1282617648765972480
1282617669259124737
1282617679703085057
1282617724049543168
1282617833608720384
1282617966643654660
1282618004811984897
1282618033911943170
1282618051821629441
1282618101541076993
1282618155156692993
1282618163583221766
1282618194079825922
1282618217819779075
1282618247116922880
1282618264833724416
1282618280746848257
1282618327551152128
1282618339882401793
1282618348048719872
1282618423596417024
1282618445578809346
1282618478323814400
1282618490889949184
1282618514210250754
1282618549433966593
1282618574930972673
1282618606488924160
1282618607717908486
1282618628949540866
1282618687934128128
1282618723527012352
1282618747539226624
1282618768485519360
1282618780846358530
1282618860982669312
1282618864182992897
1282618885833981953
1282618898718892032
1282618919795281920
1282618973591347200
1282618993577275394
1282618999294107648
1282619019909050368
1282619039131611136
1282619049218912256
1282619095825907712
1282619133130145792
1282619153459957760
1282619161538109442
1282619175891013632
1282619196313006080
1282619207608414208
1282619220874989569
1282619304861741056
1282619346578223104
1282619347073208320
1282619350621384706
1282619356271259650
1282619376932401152
1282619431055577090
1282619434335600643
1282619471916605441
1282619502320971776
1282619523326148608
1282619592238563328
1282619611209400321
1282619637759344640
1282619645900595201
1282619650174529536
1282619757544435713
1282619842089058305
1282619843120955393
1282619846996500487
1282619901069406209
1282619908174446592
1282619930731479040
1282619950964682752
1282619959676243969
1282619963497316352
1282620080937938944
1282620095655825408
1282620098230882305
1282620109681549312
1282620114421112834
1282620182708379648
1282620232205389825
1282620240065634305
1282620243966341120
1282620252132605953
1282620273020280832
1282620273351507968
1282620283275186178
1282620420454338560
1282620458320494593
1282620471062585344
1282620483943399424
1282620513714569216
1282620601094623232
1282620629603229701
1282620692517629957
1282620798579007489
1282620798738427904
1282620856615735297
1282620888823865344
1282620906368425985
1282620928174759936
1282621019363180545
1282621116171931649
1282621117296005122
1282621251002019840
1282621274636910594
1282621288633204736
1282621310544289792
1282621322602991617
1282621327115878400
1282621364344586240
1282621369751044098
1282621411631042560
1282621476768710657
1282621477792165889
1282621489532076033
1282621527490469888
1282621539851161601
1282621544573919232
1282621570167508993
1282621574235947008
1282621624689266689
1282621636227850241
1282621678485475328
1282621683166326785
1282621687683444741
1282621708327890944
1282621716762632192
1282621741282611202
1282621762031824896
1282621766360281089
1282621839781564417
1282621984866787336
1282621993658003458
1282622018974703616
1282622022917521409
1282622072993337344
1282622102416306177
1282622169114009602
1282622181323800583
1282622190790336514
1282622194712023041
1282622209459212288
1282622304627957760
1282622328942350336
1282622370109366272
1282622370633715712
1282622433015496711
1282622435712397312
1282622462073753601
1282622463751475201
1282622468876836871
1282622630797991936
1282622634195406848
1282622636011520000
1282622638192422912
1282622707276763139
1282622715606773760
1282622831524810753
1282622903926820864
1282622934390104064
1282622936776503296
1282622949678358528
1282622965851488257
1282622975016087553
1282623034013163520
1282623051973005313
1282623093714718721
1282623096525127680
1282623117345660928
1282623117391691777
1282623121254748161
1282623164275728384
1282623176179056641
1282623176627847168
1282623305338376194
1282623344618229760
1282623365216374785
1282623411806593024
1282623444094418944
1282623456589340678
1282623477946527744
1282623478676500481
1282623557521092608
1282623574243606529
1282623578937143296
1282623630267101184
1282623641881124866
1282623645597065217
1282623679793373184
1282623692795719680
1282623700140007425
1282623721602154499
1282623800979402752
1282623876199927809
1282623885616320513
1282623891974828032
1282623916620619778
1282623917966925827
1282623963936501761
1282624103812390912
1282624111240511489
1282624132803248129
1282624149895053313
1282624203376586753
1282624253335162881
1282624351960014848
1282624405760126976
1282624414417379328
1282624417345024001
1282624450396065793
1282624456054071296
1282624489319211010
1282624517995737092
1282624534424678401
1282624535217475585
1282624564397318147
1282624565085175808
1282624633213247489
1282624656214822912
1282624698237370369
1282624715417440257
1282624739484274688
1282624965083267072
1282624971852984321
1282624983919779841
1282624988424667138
1282624991486341122
1282625021140140033
1282625038051684352
1282625141587849216
1282625179227770881
1282625220038340608
1282625222370156544
1282625265173135361
1282625411717963776
1282625416533073920
1282625439337455617
1282625440864182272
1282625441006665728
1282625458501287936
1282625458698432512
1282625461462368256
1282625478348738561
1282625500704321536
1282625637593821185
1282625658032664576
1282625709618466816
1282625745337102337
1282625767499653120
1282625818490019840
1282625822147391488
1282625848022118401
1282625864484761600
1282625882511872001
1282625890480992256
1282625901323325440
1282625907593826309
1282625910366105600
1282625928305221632
1282625931551617024
1282625995070148608
1282625995518828544
1282626028163207170
1282626065534341120
1282626083322335237
1282626170937380865
1282626177992019968
1282626179825127425
1282626196098953217
1282626216592379905
1282626226444738561
1282626237261844485
1282626255146430464
1282626322360082432
1282626346892570624
1282626351397298176
1282626351581859840
1282626355755192323
1282626535443230721
1282626540531048450
1282626570310397952
1282626762871115776
1282626791216156673
1282626795146272769
1282626812691058688
1282626829560549377
1282626855724552193
1282626874955517953
1282626884522606593
1282626904789377024
1282626925278760960
1282626996283965440
1282626998364446720
1282627021869404167
1282627031881023490
1282627038440861696
1282627081684365313
1282627092945842176
1282627177910018050
1282627210512199681
1282627261984845825
1282627269563908096
1282627288685846529
1282627328032624641
1282627345506086912
1282627345736773632
1282627350195138560
1282627374081880065
1282627397326643200
1282627462321639425
1282627533830316032
1282627556915777537
1282627560543789056
1282627567128903681
1282627574863036417
1282627592999317504
1282627600632832000
1282627625538605057
1282627630450176000
1282627637588963330
1282627639019274240
1282627705234763782
1282627706618871808
1282627778194673665
1282627873032069120
1282627894708015106
1282628011536388097
1282628025184473088
1282628121951428608
1282628132785328128
1282628133561270274
1282628138812538880
1282628163328192513
1282628196010270720
1282628199663509504
1282628281213292544
1282628336422920193
1282628352117895169
1282628365506056192
1282628379896938496
1282628401346600960
1282628419046395907
1282628432078274561
1282628457428647936
1282628533089710080
1282628544464654340
1282628674039283714
1282628680020262913
1282628707899904002
1282628708940107778
1282628721401376768
1282628725889101824
1282628729374736384
1282628812518436864
1282628813239681029
1282628838154031105
1282628850233434113
1282628859431718912
1282628884991795204
1282628960535359488
1282628970933096451
1282628989622853633
1282628997101187072
1282629002621050880
1282629007993901056
1282629009940119552
1282629057381793794
1282629094811807744
1282629125669150720
1282629159966121991
1282629212705366016
1282629215381262336
1282629225061797888
1282629260788858881
1282629266765643780
1282629328283607040
1282629346038087680
1282629374995464198
1282629383111315456
1282629422185615362
1282629451730374658
1282629467454701570
1282629479349747713
1282629505899810816
1282629562367713280
1282629571767078917
1282629608907714560
1282629685805973505
1282629739568599040
1282629781696049152
1282629794459463681
1282629833311363078
1282629906594242560
1282629907911073794
1282629934234480640
1282629948830703618
1282629999556653061
1282630004992614407
1282630005839855616
1282630030254841856
1282630055269675010
1282630152057389056
1282630159321849857
1282630211650158592
1282630243816214528
1282630247482109952
1282630272941514755
1282630315303768064
1282630340884828160
1282630378881257475
1282630454542303232
1282630508241985536
1282630546783338503
1282630563137019905
1282630620884226054
1282630620888342530
1282630687955263493
1282630694167085057
1282630730305150976
1282630755672297479
1282630759757512704
1282630767269552128
1282630797154037761
1282630802568863749
1282630830829916160
1282630843870191622