1281800382377754625
1281800396399431680
1281800408592257027
1281800442670964736
1281800464124837890
1281800500682403846
1281800513290461185
1281800514020110336
1281800526372495360
1281800530990440449
1281800543946584064
1281800544101728256
1281800561780645889
1281800614222139393
1281800619435659265
1281800702549913600
1281800744455139328
1281800800952479745
1281800861430059008
1281800878979117056
1281800916744704000
1281800937158225920
1281800949317668865
1281800982746333184
1281801029726744576
1281801067345219584
1281801071334232070
1281801071912988672
1281801112824287233
1281801147641143296
1281801184286773251
1281801209326841857
1281801231556640770
1281801239253209088
1281801276070690822
1281801285205991429
1281801319699947520
1281801331553034241
1281801372808216578
1281801394412912640
1281801411538411526
1281801423152242688
1281801439828819968
1281801504173760512
1281801512767848451
1281801595345342467
1281801602114957313
1281801608926507009
1281801621249417217
1281801629700722688
1281801670641385473
1281801763964833794
1281801809703636993
1281801833636216832
1281801867903680512
1281801897205272577
1281801990259998720
1281802047243853824
1281802081687474178
1281802216492261377
1281802224285503488
1281802231524859908
1281802251351334912
1281802304853868545
1281802305898074112
1281802308431474688
1281802328291414017
1281802329482821632
1281802418691268611
1281802447116279809
1281802472592420871
1281802485439455232
1281802493563932674
1281802505655967746
1281802703476228096
1281802720496586753
1281802773626073088
1281802799882231808
1281802803988619264
1281802820400771072
1281802821109559297
1281802837500948480
1281802854307557376
1281802862755033088
1281802870388658176
1281802887975170051
1281802946158657538
1281803001804369922
1281803043223240704
1281803055655030784
1281803105093517315
1281803120444608512
1281803130846343168
1281803205882654726
1281803299398639624
1281803299696472064
1281803336790859776
1281803340159037440
1281803349378174977
1281803351164882944
1281803369884143618
1281803403551625217
1281803466554343424
1281803516042817536
1281803583483195392
1281803638113890304
1281803651854430208
1281803740065013761
1281803802102976512
1281803815239462912
1281803840468275200
1281803847913156609
1281803896499970049
1281803916041056256
1281803932474527747
1281804016536649729
1281804062472667137
1281804083041636352
1281804109000183813
1281804112540119040
1281804152205500418
1281804218051907584
1281804288264679425
1281804300587372544
1281804418120404992
1281804447912300544
1281804510822711298
1281804514396381189
1281804643732017153
1281804698916356098
1281804735264292864
1281804749315112962
1281804770924204033
1281804779522412545
1281804791765708814
1281804820647641090
1281804829577412608
1281804839291248640
1281804876381655041
1281804884350693376
1281804976021544960
1281805060087808000
1281805060838526978
1281805082758008832
1281805172931362818
1281805207463235586
1281805231978840064
1281805342557507585
1281805378397896704
1281805411549622273
1281805484157292544
1281805488343187459
1281805502444265473
1281805505795678209
1281805583994294273
1281805677581594625
1281805769411710976
1281805812042592256
1281805819097387009
1281805827683254273
1281805828383809536
1281805832020201472
1281805853725732865
1281805915457564673
1281805953688645633
1281806003579871232
1281806101059637248
1281806147427749888
1281806193263087616
1281806218420457474
1281806272657006594
1281806294865903616
1281806306664427520
1281806352956960768
1281806360586395648
1281806360586457089
1281806398620340225
1281806516002213888
1281806558146502656
1281806604401364992
1281806741655568385
1281806811402768386
1281806872614326272
1281806962825375744
1281806993712312320
1281807048435474432
1281807066173038592
1281807132669681669
1281807136994086912
1281807141305831424
1281807148981387264
1281807165804564487
1281807173060751363
1281807177498468352
1281807182753861633
1281807191771676672
1281807225309233154
1281807313020559361
1281807392141791232
1281807396722139137
1281807416934281216
1281807468033605632
1281807483166527488
1281807493581074436
1281807500782841862
1281807505929244672
1281807526061920256
1281807715761713152
1281807786901417984
1281807896267956224
1281807930895986688
1281808050593107968
1281808088480260097
1281808260811550720
1281808307427201024
1281808315211800576
1281808323541524480
1281808340671242240
1281808365912563712
1281808374443773953
1281808404839714816
1281808410984448000
1281808446124224513
1281808487052390400
1281808570426757120
1281808575736754176
1281808586482626565
1281808616584933377
1281808620590706688
1281808637443346439
1281808751503110144
1281808792695578630
1281808802367655936
1281808814551920640
1281808857023475712
1281808898119196673
1281808910345633792
1281808924115533825
1281808948186800129
1281808978490482696
1281809028406931456
1281809052155236352
1281809057591042050
1281809115807801344
1281809120887296000
1281809149752418310
1281809175761354757
1281809180060516353
1281809189367508999
1281809195801739264
1281809237618814983
1281809297135960064
1281809413339181056
1281809417529249798
1281809422533251072
1281809505320177664
1281809514795159552
1281809523347542016
1281809569430286337
1281809572584357888
1281809575851655168
1281809619178917889
1281809643795181568
1281809733414871040
1281809750599110656
1281809766545797121
1281809778302386183
1281809883772227584
1281809925543358467
1281809937383882754
1281810038420627456
1281810047224479746
1281810107915923456
1281810134994259968
1281810189818224640
1281810249184231424
1281810279098191873
1281810298438070272
1281810302766657536
1281810306751098882
1281810341375221761
1281810386799349760
1281810391656476672
1281810425370353666
1281810454495592450
1281810463194411008
1281810508304146433
1281810626747211776
1281810658648981504
1281810713640448000
1281810742505803779
1281810752580595717
1281810762869153793
1281810777884647427
1281810842271416322
1281810911901085696
1281810924765093888
1281810945816367105
1281810968373194754
1281810984982568960
1281810990175158273
1281811004146323461
1281811023679442947
1281811033577803777
1281811087130755072
1281811142042546176
1281811172371476481
1281811242559197184
1281811260170997760
1281811263924981760
1281811264289865728
1281811297575809025
1281811322645209090
1281811421358170113
1281811493852336129
1281811523178881024
1281811528367271936
1281811553101078528
1281811638639788033
1281811649062596613
1281811672005410816
1281811733536022528
1281811750036201472
1281811776129003525
1281811813139537921
1281811876268126209
1281811943829852165
1281811977086668801
1281811984309157888
1281812006631161857
1281812068342145025
1281812143705165824
1281812194435518464
1281812223099392000
1281812228371439616
1281812232427323394
1281812262097805313
1281812359380480001
1281812363289780224
1281812400090476544
1281812408521154560
1281812412606238721
1281812477077073920
1281812518021722113
1281812542981996544
1281812597591863297
1281812635982483457
1281812806870827009
1281812814949015553
1281812849484902400
1281812907479703553
1281812953805668353
1281812962781650945
1281812970222137345
1281813001104879616
1281813017441730560
1281813046726295552
1281813063893581824
1281813080322846720
1281813080469647361
1281813104393846784
1281813104758792192
1281813176800010241
1281813231091294208
1281813247163686912
1281813285491417089
1281813291489099776
1281813337357996032
1281813410611691521
1281813414801666049
1281813423966355458
1281813553289125888
1281813608750407680
1281813771783004160
1281813792263938048
1281813792779730944
1281813805908078592
1281813931640659970
1281813994508914690
1281814045570600960
1281814096116158464
1281814153615876102
1281814195110129665
1281814221836161026
1281814267478642689
1281814297274982400
1281814406435729409
1281814417915682820
1281814458587848705
1281814459111993345
1281814459477045248
1281814463331655680
1281814537092685824
1281814556130631681
1281814606009204736
1281814636589981701
1281814677777838081
1281814711659646976
1281814723747614720
1281814732610179074
1281814737412435968
1281814807734353921
1281814812687847424
1281814870762160128
1281814905633505282
1281814912852021251
1281814941931122692
1281814947094290434
1281815009690112001
1281815042279698440
1281815047308804096
1281815052136439809
1281815063838375937
1281815143232438273
1281815143362580480
1281815159925649409
1281815235356012544
1281815244805795846
1281815294604869632
1281815298807492610
1281815332433387520
1281815343556591616
1281815373365620742
1281815395247300609
1281815407830032384
1281815440625471489
1281815463912263680
1281815466411843586