1279580757388922880
1279580762040201216
1279580811524792321
1279580811768090625
1279580829459644417
1279580938398306310
1279580950876340230
1279580963085811713
1279580976662732800
1279581026105294849
1279581073068789760
1279581097341444099
1279581136436383745
1279581140857257984
1279581169772908544
1279581190786363397
1279581245190651904
1279581262613790726
1279581274357858305
1279581282435989507
1279581323510706176
1279581350039891968
1279581415814967296
1279581475109777408
1279581510635421696
1279581533695873025
1279581564763099137
1279581590461562880
1279581608815628289
1279581612909277192
1279581663467655169
1279581669050052608
1279581693960224768
1279581775396851714
1279581789540028417
1279581791855112192
1279581815230078977
1279581819730448384
1279581873451274240
1279581904073678850
1279581933689876480
1279581952962682881
1279581953230958592
1279581999880187906
1279582022978002944
1279582024874053632
1279582088317079552
1279582112560054272
1279582143648129026
1279582154469580800
1279582196605444096
1279582238179569664
1279582251626278912
1279582263282262017
1279582264792358912
1279582276171501569
1279582330320011265
1279582330697453568
1279582338524098560
1279582338725232641
1279582376327290882
1279582380869578752
1279582619919933446
1279582661456138240
1279582662810689536
1279582704359669762
1279582716745396224
1279582778842058756
1279582823037333504
1279582918508240896
1279582964075110400
1279582968076517377
1279582998355156993
1279583018374426624
1279583020383645696
1279583033121783808
1279583073076514816
1279583105762951168
1279583120749219840
1279583165179482114
1279583202693218306
1279583291197308928
1279583292115701760
1279583298495234055
1279583346146803712
1279583437700116482
1279583463147024386
1279583467924267008
1279583601923768320
1279583652351930368
1279583736900644864
1279583748439379968
1279583764981547008
1279583769029046278
1279583806777892865
1279583820656906240
1279583898796605442
1279583899061047296
1279583916534501377
1279583949069733889
1279584000009527297
1279584054938087424
1279584059082104832
1279584126077751296
1279584167773253633
1279584235246940161
1279584296974647297
1279584356151918593
1279584474137837575
1279584498426896384
1279584519096590339
1279584532170027009
1279584559252664320
1279584565607059456
1279584687422390273
1279584691725537281
1279584695504773120
1279584701645193218
1279584738877911040
1279584766728208384
1279584793982894080
1279584876832845824
1279584906448736261
1279584919732264970
1279584932629635072
1279584965903224833
1279584997578608640
1279585036103151618
1279585167334445056
1279585292547166211
1279585292614201345
1279585312956534784
1279585338101387264
1279585371685294080
1279585373769863171
1279585382204682241
1279585459002396672
1279585534982176769
1279585598429294592
1279585604729266176
1279585679513718784
1279585736958722048
1279585757502607361
1279585762602696705
1279585778322911232
1279585788737359873
1279585807314169858
1279585866617442304
1279585918655950848
1279585925312348160
1279585959416340482
1279585980421492738
1279585983651090432
1279586125846319112
1279586131705843713
1279586133098127360
1279586164853391360
1279586189431930881
1279586248982700033
1279586329614049281
1279586366490378241
1279586373553606662
1279586378485886976
1279586386874523648
1279586387625476097
1279586399877050369
1279586445196435456
1279586454755303424
1279586492487208962
1279586520131829761
1279586525538390016
1279586537865310208
1279586545448759298
1279586571273080832
1279586595956498432
1279586631784243200
1279586684502507521
1279586692517814275
1279586785119657988
1279586844636852224
1279586848419897344
1279586865666875392
1279586885199958016
1279586902795042816
1279587032872947715
1279587037687971841
1279587061607985153
1279587079861698560
1279587116830339073
1279587184601956352
1279587233310203904
1279587235990405120
1279587244735516673
1279587250658050049
1279587305414692865
1279587335013838848
1279587338163757056
1279587346904645632
1279587365217013763
1279587389074178048
1279587398356254720
1279587435966533632
1279587451514781696
1279587451674275840
1279587506057609216
1279587527368699905
1279587528740409344
1279587528857628675
1279587577792802816
1279587600081149952
1279587609489088513
1279587623565176836
1279587643777601536
1279587653839536128
1279587665688489984
1279587700211879936
1279587708466315266
1279587779173703681
1279587837994655744
1279587889970663425
1279587896803168256
1279587929782804480
1279587932307742723
1279587975941091329
1279588014013001730
1279588039833108480
1279588153029013507
1279588207433318400
1279588214743818240
1279588236751327232
1279588245073022976
1279588248914931712
1279588305164779524
1279588312802615297
1279588352573018112
1279588372458201093
1279588471343124480
1279588504171839489
1279588534429589512
1279588547167739911
1279588606370295810
1279588628981624832
1279588635478818817
1279588651534479361
1279588676759150594
1279588710162419712
1279588713996128257
1279588714906218496
1279588740646625280
1279588803892707334
1279588806409121792
1279588819897966593
1279588832128544769
1279588844577402880
1279588848784289792
1279588860796833792
1279588891813691394
1279588943621697536
1279589012861267973
1279589059304644610
1279589088396337152
1279589091621961733
1279589116913561601
1279589128712192002
1279589141886439424
1279589150300069888
1279589167714799616
1279589231271088128
1279589251185811461
1279589275021926400
1279589280160067584
1279589299432947714
1279589309943709696
1279589331058012171
1279589365795168257
1279589447340822530
1279589550201819136
1279589637355458560
1279589691705241600
1279589700269981698
1279589766984601600
1279589830553333760
1279589834475089920
1279589838220558336
1279589860865716225
1279589900405399553
1279589918075994114
1279589919334121473
1279589927055962114
1279589960702550021
1279589965647745033
1279590002620579842
1279590047730171904
1279590064964734977
1279590148536180736
1279590179200798720
1279590188100943872
1279590192597422081
1279590308154691584
1279590326072639488
1279590379453644801
1279590468540682244
1279590514136879104
1279590538606530560
1279590607384645634
1279590614305251328
1279590624795254794
1279590642537172992
1279590647482195968
1279590677194715137
1279590695536222208
1279590707775393792
1279590731191955456
1279590753916694528
1279590795809624065
1279590808677683200
1279590812079149056
1279590895818616832
1279590952181497857
1279590963271233536
1279590967285354497
1279591088756600833
1279591110424158210
1279591130636705798
1279591184999088128
1279591189398859777
1279591192863350791
1279591215386640387
1279591227122475008
1279591286480216071
1279591301931921414
1279591348023287808
1279591369292558336
1279591416507715585
1279591429648547853
1279591452285243393
1279591454440972288
1279591457356218370
1279591464851275776
1279591554538262528
1279591554965893120
1279591580022845440
1279591617557479424
1279591622045577217
1279591637488775168
1279591643629248512
1279591643771842560
1279591717163995142
1279591743260971008
1279591755818524672
1279591814853349376
1279591864866189312
1279591978921910273
1279592075164557313
1279592084308099073
1279592106026315776
1279592155309277186
1279592163190476803
1279592196757286913
1279592216487436288
1279592252306862083
1279592258900295680
1279592267636813825
1279592271843921922
1279592354848968704
1279592371362152448
1279592375904612353
1279592409098342400
1279592535397027841
1279592555890577409
1279592581899280386
1279592687453130752
1279592706629566465
1279592750292193280
1279592825072390145
1279592844458627072
1279592917179396096
1279592955108642816
1279592955586592768
1279592996774838272
1279593008191672320
1279593009714208769
1279593043738398722
1279593143638376448
1279593152488374274
1279593152639389696
1279593190002176001
1279593232112988164
1279593290690490368
1279593294427762688
1279593336131719168
1279593369547739136
1279593399834689540
1279593403794157568
1279593498266808325
1279593513160671234
1279593596572717056
1279593613744316416
1279593634581512192
1279593714755633153
1279593798918692864
1279593831047061504
1279593844229787650
1279593873019408384
1279593915184807936
1279593916468203520
1279593918431191041
1279594052279771137
1279594087100760065
1279594108038918146
1279594160002142208
1279594228327354368
1279594269179666433
1279594276427448320
1279594309411430407
1279594311747698688
1279594324070502402
1279594399052201985
1279594453607632897
1279594465053872129
1279594485672968192
1279594741860990977
1279594746319683584
1279594766209036289
1279594820902834178
1279594852573777920
1279594867023319045
1279594871888764928
1279594919317962752
1279594935289692160
1279594944093728768
1279595114449506306
1279595174264356865
1279595182636199937
1279595186297937921
1279595259010441217
1279595367340728320
1279595370574573568
1279595376106856448
1279595429550841858
1279595441835905025
1279595454649503744
1279595455807213570
1279595462438387715
1279595504347697152
1279595509787787264
1279595592818327552
1279595606483308544
1279595609448689665
1279595643158376448
1279595686372270080
1279595702843092992
1279595740747255808
1279595753535660032
1279595809097433089
1279595835806883841
1279595843675254784
1279595849996099584