1281996675066687489
1281996677856059393
1281996680326455297
1281996680548753415
1281996700488523777
1281996718993600512
1281996743991754752
1281996776535322624
1281996797255147520
1281996836354568192
1281996840792199172
1281996848090058752
1281996853345755136
1281996879711088641
1281996926565732357
1281996953602203652
1281996956638871552
1281996978973544448
1281997007243141120
1281997018752114688
1281997046136877057
1281997050335367168
1281997087085862914
1281997124511596550
1281997180522434564
1281997196724826113
1281997209316110337
1281997234905796608
1281997238130970628
1281997247148957697
1281997260474253313
1281997260587438080
1281997271777734656
1281997330787557376
1281997335246114817
1281997339394277378
1281997350068580352
1281997352174329862
1281997365381984256
1281997411100102658
1281997420491091970
1281997457770131465
1281997469665173505
1281997516343578624
1281997536392359938
1281997565689462784
1281997570055852032
1281997586606497792
1281997599210262528
1281997599214641152
1281997645356113921
1281997649370124288
1281997650250825728
1281997681603346440
1281997704495804421
1281997712930504706
1281997716655087618
1281997746157887490
1281997754655547398
1281997771453730816
1281997776000294918
1281997805133979650
1281997834032742400
1281997839007125504
1281997888189595648
1281997900671619072
1281997947140542464
1281997947308302336
1281997990807212034
1281997992925573120
1281998015167967250
1281998048571191297
1281998048806055938
1281998106368684032
1281998152615079936
1281998161700171776
1281998194017107968
1281998198345736201
1281998232701276160
1281998243841417217
1281998283351752705
1281998291866202114
1281998293434863616
1281998317019254784
1281998318193848321
1281998320496283654
1281998343690784768
1281998350741434368
1281998426612228096
1281998438167711744
1281998450889023490
1281998455578271744
1281998461081194498
1281998471508238341
1281998494203600897
1281998584146268165
1281998617310629889
1281998617331396609
1281998625816694786
1281998644762357761
1281998686072066049
1281998728048422912
1281998728568557571
1281998740883218437
1281998757190676488
1281998777797287937
1281998819597717506
1281998848903327750
1281998852560752640
1281998894222708737
1281998899624898562
1281998929286946817
1281998932890062848
1281998939458359297
1281998945741201408
1281998971066634240
1281998979086061569
1281998983330750465
1281999008626548738
1281999037571440641
1281999046677278726
1281999113488232448
1281999149496442885
1281999197571620868
1281999210066239490
1281999310431744000
1281999335924928514
1281999336155623432
1281999348327489538
1281999357420515328
1281999360813744130
1281999377842806784
1281999377997926400
1281999427943751681
1281999435531079685
1281999470046085121
1281999534789296128
1281999558457860099
1281999566682968065
1281999587629248512
1281999596386791424
1281999621208903681
1281999654264037377
1281999671582355456
1281999688703582208
1281999692210024453
1281999696777682952
1281999697985536003
1281999710614695941
1281999809751195648
1281999827119808513
1281999829707763713
1281999830710009856
1281999877426290689
1281999919042027520
1281999935936831488
1281999936196956165
1281999940877783046
1281999941372727297
1281999952860905472
1281999956727828480
1281999994489237505
1282000007357440000
1282000018157850626
1282000048964984832
1282000104325603333
1282000132490158081
1282000141583388677
1282000145089916928
1282000187729211392
1282000192292696064
1282000206813429764
1282000219413020673
1282000233254223873
1282000234424524805
1282000237595328513
1282000279693594625
1282000359100227590
1282000414058086401
1282000455476879360
1282000485390487554
1282000523361738754
1282000530466902018
1282000573886160896
1282000577652838406
1282000590290075648
1282000594845261826
1282000603112251394
1282000619667165184
1282000656950157312
1282000658493779969
1282000665447931904
1282000719755837442
1282000724830953473
1282000728530264065
1282000757550649349
1282000780409491456
1282000829445218308
1282000849825398786
1282000911502647304
1282000916812636163
1282000950593499136
1282000967198740481
1282000992381341697
1282001022588780549
1282001025361207298
1282001043417694210
1282001063965593600
1282001143254532096
1282001244215816192
1282001283247943681
1282001294668906501
1282001328747601920
1282001346959294464
1282001370900463621
1282001424390316032
1282001436314931201
1282001466266451968
1282001487099580422
1282001491394469888
1282001496180236289
1282001525645115394
1282001529189408769
1282001580514881538
1282001613205516288
1282001619715055621
1282001647225503744
1282001655534419968
1282001657233104908
1282001676329787392
1282001693341704192
1282001698232336384
1282001700862267395
1282001735146328064
1282001744554340352
1282001764472852480
1282001772869976064
1282001785826226176
1282001798258098177
1282001818487336968
1282001860358963200
1282001902729863169
1282001944639352834
1282001981800714245
1282001987324858368
1282001995323174913
1282002078618058752
1282002085010186242
1282002098838581251
1282002108246626309
1282002143864590336
1282002193772621825
1282002251045908481
1282002255495991296
1282002342666264577
1282002343547097088
1282002360051564545
1282002372869402624
1282002436446736385
1282002456352706560
1282002464737308672
1282002465332789248
1282002473696333824
1282002477097922565
1282002494147579904
1282002523990241282
1282002540528164872
1282002545016274947
1282002594584354817
1282002619704147969
1282002628239675395
1282002654311391232
1282002689317117959
1282002779859570690
1282002790865412097
1282002805197332480
1282002813522976768
1282002817398353921
1282002822142230528
1282002830589558785
1282002858989191174
1282002864135712771
1282002870183890944
1282002905558667265
1282002917860552706
1282002948508327937
1282002993341173762
1282003010005209088
1282003010101673986
1282003018666266625
1282003072806522882
1282003086102298624
1282003099893354499
1282003119237365760
1282003143748980736
1282003186803339264
1282003207154135040
1282003222866034688
1282003345519988736
1282003358707068937
1282003370442665985
1282003391942557696
1282003408694792193
1282003434800119808
1282003442286952451
1282003458925764609
1282003471189766144
1282003475870576640
1282003484292898819
1282003517989949440
1282003542501466112
1282003571807002624
1282003584284942336
1282003586738790401
1282003604170252289
1282003675951464449
1282003676052303872
1282003686496108545
1282003702304378887
1282003781597593600
1282003791512911872
1282003802661384192
1282003810580336641
1282003840930201601
1282003841286672384
1282003855476236289
1282003899101020160
1282003899784798216
1282003929774133249
1282003941228781576
1282003971717111809
1282003975189917696
1282003978583068673
1282004007897100288
1282004104902918144
1282004108015095808
1282004126096855045
1282004155029090305
1282004155205398528
1282004221965942785
1282004224788713479
1282004253159174145
1282004255474417670
1282004310403043330
1282004336026017792
1282004351477780480
1282004414778142720
1282004461393764353
1282004507216445443
1282004515668070400
1282004532906659842
1282004575160078341
1282004578976792578
1282004599994490881
1282004601160556545
1282004613118468096
1282004659708874755
1282004681070268416
1282004775844880386
1282004787907702789
1282004848410591232
1282004850415489024
1282004859575664640
1282004880480243713
1282004884766613504
1282004888835305472
1282004888940093440
1282004939984830467
1282004945223290881
1282004993898250240
1282005010616930305
1282005027997925376
1282005069903335434
1282005077440507910
1282005116040749056
1282005123812724736
1282005124127305728
1282005128833269761
1282005140854251521
1282005149578170368
1282005182348431362
1282005185024278528
1282005247796424711
1282005250065522689
1282005298845286400
1282005308584296454
1282005363462569985
1282005367162109958
1282005480202625025
1282005547408134144
1282005565187788801
1282005568845217792
1282005602030489603
1282005608816762885
1282005627728883713
1282005673274900480
1282005681759850496
1282005693579616258
1282005694451871745
1282005696670818306
1282005723832963072
1282005724239806464
1282005732448243712
1282005740467757059
1282005745022599168
1282005756837982214
1282005774294605824
1282005790086356992
1282005803885420544
1282005805450121223
1282005809996730370
1282005824521605121
1282005832654348288
1282005862232535046
1282005885242560513
1282005886987317254
1282005934072451079
1282005937608437761
1282005988279586817
1282006004679479298
1282006030247956482
1282006121209708544
1282006156223881216
1282006197025992704
1282006292622503937
1282006306484887552
1282006319730327557
1282006323194888192
1282006336415440903
1282006340274200576
1282006423984132096
1282006466480820224
1282006474416365574
1282006478757322753
1282006527742636033
1282006553705553921
1282006594943889408
1282006604561305601
1282006741593423872
1282006768307118081
1282006776200810496
1282006797704925191
1282006807347515394
1282006814796558336
1282006852381728768
1282006854093217792
1282006860166574086
1282006860321693696
1282006873252691970
1282006876889047041
1282006903237689346
1282006904680730626
1282006908438601728
1282006913690095616
1282006915044737024
1282006926415417344
1282006960775233538
1282006981725663232
1282006986096291840
1282006986574487554
1282007022234480641
1282007028366561283
1282007040488087555
1282007094946922496
1282007149896437766
1282007151418974208
1282007170276642818
1282007170603720704
1282007221648461825
1282007254615687168
1282007271925571587
1282007360299573248
1282007368272936961
1282007418403266560
1282007439802499072
1282007456055472135
1282007473407381505
1282007514578587648
1282007561865064449
1282007571411333120
1282007615736893451
1282007619906023429
1282007648859115521
1282007699551551499
1282007720590286850
1282007723639480321
1282007745495875584
1282007762721898498
1282007786822434816
1282007808720994311
1282007824785170688
1282007832456462337
1282007833253416965
1282007884788711429
1282007951507505153
1282007997405896705
1282008014208237571
1282008039114113024
1282008068579098626
1282008076904730625
1282008118449168385
1282008148623015936
1282008169020039174
1282008169091301376
1282008172950163456
1282008187965767680
1282008202381385729
1282008202884898816
1282008249634521088
1282008252692086784
1282008298875691008
1282008299517468678
1282008374993797120
1282008445655416834
1282008521538756610
1282008559358603264
1282008566560223233
1282008599879995395
1282008659829166082
1282008685133180928
1282008689633894400
1282008777739218944
1282008785628921862
1282008816662568960
1282008853232660485
1282008856827252736
1282008869175058433
1282008898656968704
1282008919674482690
1282008921948004353
1282008945742221312
1282009002566545409
1282009045357015040
1282009078953152512
1282009087690051584
1282009103917879297
1282009125837299717
1282009138839449600
1282009155465809922
1282009176139538433
1282009197111123970
1282009208305721344
1282009219718406151
1282009251418738688
1282009257660026889
1282009264228376578
1282009308511772672
1282009331198763009
1282009338098270209
1282009372579844099
1282009398013911040
1282009460244914177
1282009460769251329
1282009488522907651
1282009499616907264
1282009507380580352
1282009508848558081
1282009538342854664
1282009569846341635
1282009597952307200
1282009615987859456
1282009629103251457
1282009645712912386
1282009658467610624
1282009658832515072
1282009666206068736
1282009800771919872
1282009817486209024
1282009886369492993
1282009926831951876
1282009943315550208
1282009952089972740
1282009981114613760
1282009989285138434
1282009989519900672
1282010012978573313
1282010045090340867
1282010071795367936
1282010077860442112
1282010128561168384
1282010132113752064
1282010146747682818
1282010152162320384
1282010171489816578
1282010174010654724
1282010176334123014
1282010229958414337
1282010274770366471
1282010291669102593
1282010306781171712
1282010309511778306
1282010325345337344
1282010333557686272
1282010341669470209
1282010370920656897
1282010371054862336
1282010417099755522
1282010421663281154
1282010459173015553
1282010463874592769
1282010470094745601
1282010488604262400
1282010500151169025
1282010552542298113
1282010609211473920
1282010622524362755
1282010698357387264
1282010752149315586
1282010802988425217
1282010803428823041
1282010832252153856
1282010857598332935
1282010889219006465
1282010899654598667
1282010924245815297
1282011009180405760
1282011013622018049
1282011021045972992
1282011201795489794
1282011205687750656
1282011222934601728
1282011234745933824
1282011264965844998
1282011273690062848
1282011282720391169
1282011312470609921
1282011336331993095
1282011368908963843
1282011377377390592
1282011385636036612
1282011410906529792
1282011419471417345
1282011449318150147
1282011465709268992
1282011499255361536
1282011505010061317
1282011520201904129
1282011525574787072
1282011533027897350
1282011545938153472
1282011570785091586
1282011579664433154
1282011587386187777
1282011592113229827
1282011601361657858
1282011639844352002
1282011650074255366
1282011654239260673
1282011658433581058
1282011683649736708
1282011696576462848
1282011725789687808
1282011759704973314
1282011767560900608