1283853913016295424
1283853935523041280
1283853964325380097
1283853970541355017
1283853977172549633
1283853985485590530
1283853985783394307
1283853994675273733
1283854019899854850
1283854071196119040
1283854073645735938
1283854078129270784
1283854099335852032
1283854136136683525
1283854141765218306
1283854166872317952
1283854201190100992
1283854203950112774
1283854216189157377
1283854275890872323
1283854278923296770
1283854287613894656
1283854338411069440
1283854342311813129
1283854350239043586
1283854434678779905
1283854443130183680
1283854467905904640
1283854478660104193
1283854556191809537
1283854560705105922
1283854573300518914
1283854581252927489
1283854582293069824
1283854606506708992
1283854613335150593
1283854644461084672
1283854678346752001
1283854689604440064
1283854690656989184
1283854690736730113
1283854694276837376
1283854728506597376
1283854736932786176
1283854741089464322
1283854749364822021
1283854763738660865
1283854781933592584
1283854815982845952
1283854870542299137
1283854885889474563
1283854887537844224
1283854900569550854
1283854933712871429
1283854954462150658
1283854988301799424
1283855000700104708
1283855014268526593
1283855022938152960
1283855071877505026
1283855080727298048
1283855086834212865
1283855093436162050
1283855123383414787
1283855127510687760
1283855129184219144
1283855131193348096
1283855134922027008
1283855185643819008
1283855205860290562
1283855206200029186
1283855223396675584
1283855224533323777
1283855260709199891
1283855268816850948
1283855273837436928
1283855298516541440
1283855300026675202
1283855460991459328
1283855461909921792
1283855464560824322
1283855468968833024
1283855478859145225
1283855495854424066
1283855504847052801
1283855513638375431
1283855524774150145
1283855529434124289
1283855533951205377
1283855546043392000
1283855559029071874
1283855575277686785
1283855593019715584
1283855621238992904
1283855621784248325
1283855680106041344
1283855684266872832
1283855686737309696
1283855692642820104
1283855738746531840
1283855739036073986
1283855814424514561
1283855826797465601
1283855888374042624
1283855890383282187
1283855893906563072
1283855910796845056
1283855915351896064
1283855936050925569
1283855969416630283
1283856007874048000
1283856021165875208
1283856053789171719
1283856063096217602
1283856078556536837
1283856084315316230
1283856087259594752
1283856112383655936
1283856120679931905
1283856137360519169
1283856161545093123
1283856162576904192
1283856164787232769
1283856179307835392
1283856204998029313
1283856213373939712
1283856221682798592
1283856259121389569
1283856262644609030
1283856284916125697
1283856295410442240
1283856342860607488
1283856346861969411
1283856351870046208
1283856356001423360
1283856359285501953
1283856376767356930
1283856390331740162
1283856406517555202
1283856443490226177
1283856444161433618
1283856447089061888
1283856447642763270
1283856456140324870
1283856464336113671
1283856464612745217
1283856494690213908
1283856523538706432
1283856531835019265
1283856531964846080
1283856553062227969
1283856575892000769
1283856592740507653
1283856607630237703
1283856611849629696
1283856616916426758
1283856628593438720
1283856637162291201
1283856666962784256
1283856680741150727
1283856723694911488
1283856747602628608
1283856750102245376
1283856772734742528
1283856783035908096
1283856828825296896
1283856829798391810
1283856842855243778
1283856845602525184
1283856883703521280
1283856892087934979
1283856892587106307
1283856896705740800
1283856923285053440
1283856924774105089
1283856967845449731
1283856988527525888
1283856988871499778
1283857024644575232
1283857036984320006
1283857049533718529
1283857073055375376
1283857131616133121
1283857135613313025
1283857144589062144
1283857182212136962
1283857216081100802
1283857227653230592
1283857244367409152
1283857270292590593
1283857277347196930
1283857295940739073
1283857311820283905
1283857315989463044
1283857337070084096
1283857337627734016
1283857345714384896
1283857346066817024
1283857356783263751
1283857431647444992
1283857441709424641
1283857446558203904
1283857512953868288
1283857555714867200
1283857558927704065
1283857572093665286
1283857639206723594
1283857687361527816
1283857689378988047
1283857705485180928
1283857709943660556
1283857710698512384
1283857743519121408
1283857752138416129
1283857832106962950
1283857878093369347
1283857891166806016
1283857899530248192
1283857923798700034
1283857928529883137
1283857948293423104
1283857963632001024
1283857987136823316
1283858016232759296
1283858024587722752
1283858025392963584
1283858055466229768
1283858067285667840
1283858079402979329
1283858092099174400
1283858096196972544
1283858109019164672
1283858146524569603
1283858154627796993
1283858176027369472
1283858176325099548
1283858188597633036
1283858209409769482
1283858239168233472
1283858243228401664
1283858284693393408
1283858284898930691
1283858306537144320
1283858346035027973
1283858368893980672
1283858397159403520
1283858414800711680
1283858415220072451
1283858435973447680
1283858442273411072
1283858448879423488
1283858465581137920
1283858477920792576
1283858544299778050
1283858553480994817
1283858565627813888
1283858578118455298
1283858606513889288
1283858612595707904
1283858621126844425
1283858639367831560
1283858658057691136
1283858670816763904
1283858683118706691
1283858683169046532
1283858703867879424
1283858707323985921
1283858708917678080
1283858750718255109
1283858753813651464
1283858767549874178
1283858779549900804
1283858782284656643
1283858800861016064
1283858849611513863
1283858851133939714
1283858872151576576
1283858891269459969
1283858897284075521
1283858914409197568
1283858922726621184
1283858931211739140
1283858964065722375
1283858994227023875
1283859006591819776
1283859036350214144
1283859056910692353
1283859057200242698
1283859088976359425
1283859106315542552
1283859107393478672
1283859123700932615
1283859144672452617
1283859155229581313
1283859165614612499
1283859169733296128
1283859170157039623
1283859207264010242
1283859207653953536
1283859220253814786
1283859237416755201
1283859266705686529
1283859294602092544
1283859354773528581
1283859476110508033
1283859564396515328
1283859564455174149
1283859581282721799
1283859595820179490
1283859617680949249
1283859623301148672
1283859664661291037
1283859677290340355
1283859694172307456
1283859698584887298
1283859701348929536
1283859719455510534
1283859754817855496
1283859761826537475
1283859766041772032
1283859786719690754
1283859811478708244
1283859819737292808
1283859820064448514
1283859820467105794
1283859836891996183
1283859846014447616
1283859861940449280
1283859890226765831
1283859952554016768
1283859986368679940
1283860001983873024
1283860034338906113
1283860046565310465
1283860050839244803
1283860075795357697
1283860090647388177
1283860100894130177
1283860138491813889
1283860145898840064
1283860147908026376
1283860150999293952
1283860151196250112
1283860151271915520
1283860172629254145
1283860214211424256
1283860218850484249
1283860279038578688
1283860282561961984
1283860313780166658
1283860323934580736
1283860344557969416
1283860352095133697
1283860353189847050
1283860373410545665
1283860377797885952
1283860382361231364
1283860407082418176
1283860457581772801
1283860461151232016
1283860491329081344
1283860525017960454
1283860529552007168
1283860553287348225
1283860577085947905
1283860607117266944
1283860617963741184
1283860659420176402
1283860739875201024
1283860740412080128
1283860768773922817
1283860771802357776
1283860805276987392
1283860805612711936
1283860827087544322
1283860827871813651
1283860883031175168
1283860898809958400
1283860898860412928
1283860919114559488
1283860920855404544
1283860937376772097
1283860948432887819
1283860948793597956
1283860961972101144
1283860965625389057
1283860990375927819
1283861038350376975
1283861047947001856
1283861048731279363
1283861129811222530
1283861140439793664
1283861158286499842
1283861171238514688
1283861183724953605
1283861204641943552
1283861204658790400
1283861248140959744
1283861258530365456
1283861280063799298
1283861288536416264
1283861303258263553
1283861351161450496
1283861355334971392
1283861364793118722
1283861389107437568
1283861400444690433
1283861441582440448
1283861463447281679
1283861464009318421
1283861464189751297
1283861468807667712
1283861472678944786
1283861477292679169
1283861480731967488
1283861484745961472
1283861497924460565
1283861507328090112
1283861518816354304
1283861560352477184
1283861564483870732
1283861569240289280
1283861588445929492
1283861602526060544
1283861607282429952
1283861611208273920
1283861611233583106
1283861615469830167
1283861686479392770
1283861703470583813
1283861716128931853
1283861726040072199
1283861733086334977
1283861753550512131
1283861782969430016
1283861800618950661
1283861804054175745
1283861820932075522
1283861833066127378
1283861845720342529
1283861850849869824
1283861863453937664
1283861867140546563
1283861879312527361
1283861888397451266
1283861904755167232
1283861953341820928
1283861984681877509
1283862010007113728
1283862026180149248
1283862039224553474
1283862051341783040
1283862068400136209
1283862076507725838
1283862080488120329
1283862086355951634
1283862088809451520
1283862093385605121
1283862101958721536
1283862105888714752
1283862144090546178
1283862155557773330
1283862192547401729
1283862261539405826
1283862273417764864
1283862282339069954
1283862320150540288
1283862324319789071
1283862386974302213
1283862390887587858
1283862424299413534
1283862450052505600
1283862474882719751
1283862500778422272
1283862543753191437
1283862546806722562
1283862563592306689
1283862575885811713
1283862605103276078
1283862609368883201
1283862625466621978
1283862642986229761
1283862644366032897
1283862650896687127
1283862720413081600
1283862727199465473
1283862748305059840
1283862764319121409
1283862796183183362
1283862843931029505
1283862860976791561
1283862886025052160
1283862923811545088
1283862923891351592
1283862936516202496
1283862943935979520
1283862962302746625
1283863004820447239
1283863077201408000
1283863125301706752
1283863129177436160
1283863162173956097
1283863175885094912
1283863183829147662
1283863259544600576
1283863271796285454
1283863271905398785
1283863272807170050
1283863285482303489
1283863292889440259
1283863305279414273
1283863309498884111
1283863329769959425
1283863331216990209
1283863347293753345
1283863364800634880
1283863380923527170
1283863419045715981
1283863436078784512
1283863460502265856
1283863464436543488
1283863477661073408
1283863522716286978
1283863524146425856
1283863548423217162
1283863569835139072
1283863570065825800
1283863574490886146
1283863645013721088
1283863654056652800
1283863666010529804
1283863704061333504
1283863717000749056
1283863725594890241
1283863730548355072
1283863732976619520
1283863829651300361
1283863842292928513
1283863842624282645
1283863846646452225
1283863850006257669
1283863861830078465
1283863872055713799
1283863888853782528
1283863909552791563
1283863929777725454
1283863939042795520
1283863955983814656
1283864010245525504
1283864014112653313
1283864022740283393
1283864035176390679
1283864035327442945
1283864048015155218
1283864056286322705
1283864056340905986
1283864056521043969
1283864081351483405
1283864094588706828
1283864097340170252
1283864119112867845
1283864140193431553
1283864160917499910
1283864165933887489
1283864185827295232
1283864190399078400
1283864207499255808
1283864224578646019
1283864245260689409
1283864284565364738
1283864305939685378
1283864332711821312
1283864333122822144
1283864362617315343
1283864362747338764
1283864366698373128
1283864409048260608
1283864426412531712
1283864427679358976
1283864433970696193
1283864441885466636
1283864471509835776
1283864497191559182
1283864500790124544
1283864547410010120
1283864555668545556
1283864630905970696
1283864664175239169
1283864676137345036
1283864689588477952
1283864693627654144
1283864693770199043
1283864698836799488
1283864714691391490
1283864760803418112
1283864772832829452
1283864798753624064
1283864824355659797
1283864849559232522
1283864870081962011
1283864890776616960
1283864911995531264
1283864945365581824
1283864962557976584
1283864970690736128
1283864985442177030
1283864987086344192
1283864995554615298
1283865017318809606
1283865055159820288
1283865109144707081
1283865125724790798
1283865125968060423
1283865138374811657
1283865138798436364
1283865143349256192
1283865158608195584
1283865196985868294
1283865205584338973
1283865223972126722
1283865237431689229
1283865241776992257
1283865242808791043
1283865247183331329
1283865247485321217
1283865255664287751
1283865256117313537
1283865281132146690
1283865287658479617
1283865383464828928
1283865386086043648
1283865431816708101
1283865452771282944
1283865461222854657
1283865465195048960
1283865481619873792
1283865482458800128
1283865494831927296
1283865505460375552
1283865511399428100
1283865550083567623
1283865554047037440
1283865566147678222
1283865645734658048
1283865675707056129
1283865695885893634
1283865709148286976
1283865709236363267
1283865728567980036
1283865736730030080
1283865784654200838
1283865805457960968
1283865809413185546
1283865813829726208
1283865838802489344
1283865859862269952
1283865873065926659
1283865918439714816
1283865960672354305
1283866002506350592
1283866027818967043
1283866099075907584
1283866130570817536
1283866136820559876
1283866141035835393
1283866144047271938
1283866183033389056
1283866196673286144
1283866212078936067
1283866220228497408
1283866245855694858
1283866249672429569
1283866253816483840
1283866258384060416
1283866263027167238
1283866287727357952
1283866321587863553
1283866324351975429
1283866333558575105
1283866341837922305
1283866347999580163
1283866358577602560
1283866358745387011
1283866388252299264
1283866392429842432
1283866409563553792
1283866443247955974
1283866464944963585
1283866476684865537
1283866510398808065
1283866514085392384
1283866522197336066
1283866530934120453
1283866547325411328
1283866589469839362
1283866610177056768
1283866623212793856
1283866679609622535
1283866686022705154
1283866694230986752
1283866700841209856
1283866719459717120
1283866722102116352
1283866732810178560
1283866769933860867
1283866849994825731
1283866879048798209
1283866912699580416
1283866925664276480
1283866992223629312
1283866998825291777
1283867009592307712
1283867020023533575
1283867021696880640
1283867063375683584
1283867076592107520
1283867080052420608
1283867188986646528
1283867227049963520
1283867239721115652
1283867256384966657
1283867264765308929
1283867315709390848
1283867385934630918
1283867428787642368
1283867436803137537
1283867504943783936
1283867505614880770
1283867558668636160
1283867575777017858
1283867590616584192
1283867596069023744
1283867601026707457
1283867611143512070
1283867613597073408
1283867626033360898
1283867637907243008
1283867672229244928
1283867696761909249
1283867734523207683
1283867806124122118
1283867823157190656
1283867830853615616
1283867864605188096
1283867906988666882
1283867923384356869
1283867957500751874
1283867961178984448
1283867965893599235
1283867973460152320
1283867995245121537
1283868033384095747
1283868058042265600
1283868095547879425
1283868099347910656
1283868103684890624
1283868107883163648
1283868110806810625
1283868116104228867
1283868157233385472
1283868198404648960
1283868199797370880
1283868217010790400
1283868232860893184
1283868327924961281
1283868328667357186
1283868351304007681
1283868359600205824
1283868363639402496
1283868381322543108
1283868390239674368
1283868402113810432
1283868418861527040
1283868435550629888
1283868439233228805
1283868505809584128
1283868518853861379
1283868577934737408
1283868594690908160
1283868598591610880
1283868611803844615
1283868615683575808
1283868664211570688
1283868682565947396
1283868682918211584
1283868695517900802
1283868726417412096
1283868740824662016
1283868741227491330
1283868774588801024
1283868775155208192
1283868833711886337
1283868879186534402
1283868900443197441
1283868942700810241
1283868955082403841
1283868975030394880
1283868980529242113
1283868998082363401