1281679650096402432
1281679658610827264
1281679666592522241
1281679666881888256
1281679669838962696
1281679687215796224
1281679692823621632
1281679725468024832
1281679739220942848
1281679745953013766
1281679754610069506
1281679759269941249
1281679805856063488
1281679827133763588
1281679868313378816
1281679925414699010
1281679931525812225
1281679937209094145
1281679940224720896
1281679960655241216
1281679964346241025
1281679974106357760
1281679977436663819
1281679985766473729
1281679986336948224
1281679994675253251
1281679997997068290
1281680013092425733
1281680015352971264
1281680019341877248
1281680031505235968
1281680073876287491
1281680082419867650
1281680101558464512
1281680124128243720
1281680153337368579
1281680154209554434
1281680196198899713
1281680200313589764
1281680207921938434
1281680209159356422
1281680219829678080
1281680243292438528
1281680246564106240
1281680261353279488
1281680324515237889
1281680325664481280
1281680343024766979
1281680350788431873
1281680358170386432
1281680376709238784
1281680392936980482
1281680412914397186
1281680438680068101
1281680443151130626
1281680455285317637
1281680505705058312
1281680538554728448
1281680539766972416
1281680572348162048
1281680573090729986
1281680589783994371
1281680603109158912
1281680606255091714
1281680628430393349
1281680652283326464
1281680685309272066
1281680744482578432
1281680753567232000
1281680757568741378
1281680787620818945
1281680790741540866
1281680795023937537
1281680799218184192
1281680870756294658
1281680870777266183
1281680922031591426
1281680963823718401
1281680967447519235
1281680980198203397
1281681005737316352
1281681030659833861
1281681042898903041
1281681050691919872
1281681081012490241
1281681151891869696
1281681169390723079
1281681173064769536
1281681219017674752
1281681264379154432
1281681282016083969
1281681311820853249
1281681322231173121
1281681340388257794
1281681407664889857
1281681421162082304
1281681432956620802
1281681555082162177
1281681579941691395
1281681580264763393
1281681596911964168
1281681638154436614
1281681646974930945
1281681681632591873
1281681697692700678
1281681698481111040
1281681746988154880
1281681789191421965
1281681851535384576
1281681869021511684
1281681882107662336
1281681969701691394
1281681974592106496
1281681982129242112
1281681991184728064
1281681998478741505
1281682003256016898
1281682011120336898
1281682015402721282
1281682096189251587
1281682104305229826
1281682133598298112
1281682154443939840
1281682166309703686
1281682184106115072
1281682192905703432
1281682220730679296
1281682258311680000
1281682265320288256
1281682271880306694
1281682275684548619
1281682293288042496
1281682293791379457
1281682309830385664
1281682321612197888
1281682334530633729
1281682353589563392
1281682356382896128
1281682388540694528
1281682394127499266
1281682405926023169
1281682423147663360
1281682456073003008
1281682475052175360
1281682481775878144
1281682486121181186
1281682493670817792
1281682502655062016
1281682503745634306
1281682513342103558
1281682522288652290
1281682535718834177
1281682542140092416
1281682544484704256
1281682586402721792
1281682607768387584
1281682620242374659
1281682682452336640
1281682689360306178
1281682690484441088
1281682696364634112
1281682749594767360
1281682779089113089
1281682807895527424
1281682854838067201
1281682855249289217
1281682861830144008
1281682871581720577
1281682892410818560
1281682895443304449
1281682909833736192
1281682940548743171
1281682946571853825
1281682968654893062
1281682977773297671
1281682979723661312
1281682980554055680
1281682988787355648
1281683001882148865
1281683010279047169
1281683028243173376
1281683035075883011
1281683072149315586
1281683127316946952
1281683139484479488
1281683144249348097
1281683156932780032
1281683186087596033
1281683202369781760
1281683252554551296
1281683286373228544
1281683333504741376
1281683337002848267
1281683340295385089
1281683370712297472
1281683374520836096
1281683386247999488
1281683408150827011
1281683421107048453
1281683425414524931
1281683433413054465
1281683435204096005
1281683513465430016
1281683528401346560
1281683529638739969
1281683576166051840
1281683593916383232
1281683610454630402
1281683613688496130
1281683634429333504
1281683634462830592
1281683638682189826
1281683677253173248
1281683719435280385
1281683737437188097
1281683760430428162
1281683761445220356
1281683769557229568
1281683769796288513
1281683789777952769
1281683819305762817
1281683844278685696
1281683848460460035
1281683852633702401
1281683900977356800
1281683928546291712
1281683975262658560
1281683981386297344
1281683983139352576
1281683995416240129
1281684003695673344
1281684011665022977
1281684042291671040
1281684050151972870
1281684074755690497
1281684078983553025
1281684091109343241
1281684100282294272
1281684105114062848
1281684134440529920
1281684146448932864
1281684221984231425
1281684230460899329
1281684254540337159
1281684268876476416
1281684276438691840
1281684360626937857
1281684381824806913
1281684431925911554
1281684476595240960
1281684481959776257
1281684485927510019
1281684486770524160
1281684495012225025
1281684532110987268
1281684532371103746
1281684557347971072
1281684653548634114
1281684658472853505
1281684662415433731
1281684679435776000
1281684717213900800
1281684742862073856
1281684759454740481
1281684808926543874
1281684813817303047
1281684821400596482
1281684836848214016
1281684847019212800
1281684913763176448
1281684918184050688
1281684930855145472
1281684943161012226
1281684960869584896
1281684985926135808
1281685014690893825
1281685031916716032
1281685152293240832
1281685165958455296
1281685220345942016
1281685240872947712
1281685279569567744
1281685283327455233
1281685304336883713
1281685312855511040
1281685343167631360
1281685362973319168
1281685366823501824
1281685384322260993
1281685396326436864
1281685408795901952
1281685480531255297
1281685484914135041
1281685509631348736
1281685517717983233
1281685520565903361
1281685564693962752
1281685584990408708
1281685620943978496
1281685627361206272
1281685648299065344
1281685685548863488
1281685693752922114
1281685698521600000
1281685752900751360
1281685774069649409
1281685783078936577
1281685840524181506
1281685855334215687
1281685892441178114
1281685895997829120
1281685942219276294
1281685946619092992
1281685947034169344
1281685954923823104
1281685959034183682
1281685988230791169
1281686000218116096
1281686042622533633
1281686072217534467
1281686097471430663
1281686120380735490
1281686189041283074
1281686193416044544
1281686236453724160
1281686242099449857
1281686243332390912
1281686255571476481
1281686264627036160
1281686289490702336
1281686298315685888
1281686310395219969
1281686327424147460
1281686331739889665
1281686352736722945
1281686370239623170
1281686420613193728
1281686429609885696
1281686441295216642
1281686441366564864
1281686516494790656
1281686543921344512
1281686549474807808
1281686600276213760
1281686608790593537
1281686617246371841
1281686629653139460
1281686641946636288
1281686646996570113
1281686647592099843
1281686661743538176
1281686709785305090
1281686713174306818
1281686721650802689
1281686722288463872
1281686732900048899
1281686746862891010
1281686767784132609
1281686797572100096
1281686803980976129
1281686841272315904
1281686848327254019
1281686852345495554
1281686872654151681
1281686881894387713
1281686906972049409
1281686913431113728
1281686949888241664
1281686973309243392
1281686996533084160
1281687033233248257
1281687036139917312
1281687040501977090
1281687044620800003
1281687057497313280
1281687071321518080
1281687083535540228
1281687091802443776
1281687099100413954
1281687175117996033
1281687175504048129
1281687180465889281
1281687188594323457
1281687245817131008
1281687255770263552
1281687259066986496
1281687260220592128
1281687274170851334
1281687277547196419
1281687283931000832
1281687297411493888
1281687300750090241
1281687311441248256
1281687333432172557
1281687334283620352
1281687334900174848
1281687354856673281
1281687384652996614
1281687397160419328
1281687408237477888
1281687412226301952
1281687414436589569
1281687430899175424
1281687439141150724
1281687443960291328
1281687505918668801
1281687525334175746
1281687544145629186
1281687548394430466
1281687603692163074
1281687615167660032
1281687719681249281
1281687732914356225
1281687761372708864
1281687772571607047
1281687808604729344
1281687825063251969
1281687883766734850
1281687892998447106
1281687946370875392
1281687991874797569
1281688000515252227
1281688002369073153
1281688018219339781
1281688038905655297
1281688068416843776
1281688114164043777
1281688114621222913
1281688123366416389
1281688138876719104
1281688160402055175
1281688206916947968
1281688211476094982
1281688237212196864
1281688246666301440
1281688257697320961
1281688288940580864
1281688289640984578
1281688303599669248
1281688344737599488
1281688361451704320
1281688376685600769
1281688417185734658
1281688454989058049
1281688482839064577
1281688547133730817
1281688551000858624
1281688558936436738
1281688579874447361
1281688583867453441
1281688592453111820
1281688596903268353
1281688621683077120
1281688630289788928
1281688693477191684
1281688724502310912
1281688730873425920
1281688752734310402
1281688755745824777
1281688769503141893
1281688869771988992
1281688885723049984
1281688886662463490
1281688894745063424
1281688911870394376
1281688949379993601
1281688973895766019
1281688995475447808
1281689007471104000
1281689020641062912
1281689054132592640
1281689099708043264
1281689103239610370
1281689121061310466
1281689134730375168
1281689176522526721
1281689203148021763
1281689254909771776
1281689271599009792
1281689284290871296
1281689305946218497
1281689309767036928
1281689322312404993
1281689334039687168
1281689398069919746
1281689402524282880
1281689419121143808
1281689423000875009
1281689452906270721
1281689457091964928
1281689465413603329
1281689473126764544
1281689477489078272
1281689490348822535
1281689527355158529
1281689540231491584
1281689573605568513
1281689581407154177
1281689594136686592
1281689616249020416
1281689671462944772
1281689673409200129
1281689700781166595
1281689716513898496
1281689733484220417
1281689733677056006
1281689747036004352
1281689750978670592
1281689769005723656
1281689773803884545
1281689775305445376
1281689796306403328
1281689817710047232
1281689821489106944
1281689834277535744
1281689837888733192
1281689858130534402
1281689860802318343
1281689882520363008
1281689886907527168
1281689906725752834
1281689964158361602
1281689970923540480
1281689975981932544
1281689988871094273
1281690093498105857
1281690123663478787
1281690165736550400
1281690208031977472
1281690227409485825
1281690240831422464
1281690290852704257
1281690299895447553
1281690316224028673
1281690316819619841
1281690344812421120
1281690345760145408
1281690348973105152
1281690387959054336
1281690417298366464
1281690442518552576
1281690455491715073
1281690505194201095
1281690532549406726
1281690556578639874
1281690647846674434
1281690660735778816
1281690715400151040
1281690795226140672
1281690795368525824
1281690811420348416
1281690832139988992
1281690840830803969
1281690871105114112
1281690910707851266
1281690932820271105
1281690983219044354
1281691000361095173
1281691000478609408
1281691004228100096
1281691056875200521
1281691068011094017
1281691084662484998
1281691101238353920
1281691143596539907
1281691144858988544
1281691182934962177
1281691195153027073
1281691197942009856
1281691205747855363
1281691218238414853
1281691225637171205
1281691251729821698
1281691268440039430
1281691287150833666
1281691318574555144
1281691357720059907
1281691402720747522
1281691403156779008
1281691436690309121
1281691440968589315
1281691453178236930
1281691511898308609
1281691523520892931
1281691541552209922
1281691548963549186
1281691562901221376
1281691571310796800
1281691575198920712
1281691588104781825
1281691600335310849
1281691617351671811
1281691646560808963
1281691646560808965
1281691780698660864
1281691788290469889
1281691826735521796
1281691839586635776
1281691843663552513
1281691893072445441
1281691893223612416
1281691897061412864
1281691901549142016
1281691902312476673
1281691914077646848
1281691914513772544
1281691984646766593
1281691994612539393
1281692029249085442
1281692033913163777
1281692040107974656
1281692040909082624
1281692069900288005
1281692083221397504
1281692090334941189
1281692151710134272
1281692168231374849
1281692186606804993
1281692195347738629
1281692204218671105
1281692204256419841
1281692205107863553
1281692208228265984
1281692219619983361
1281692226473603074
1281692251941335040
1281692254504091655
1281692254562856961
1281692283239366662
1281692300679274499
1281692304391036930
1281692349496791040
1281692367527899136
1281692373005807616
1281692388294119430
1281692455943966725
1281692464185671680
1281692466010259456
1281692492967088135
1281692493872943104
1281692501376733187
1281692526781530115
1281692565469888513
1281692581492031489
1281692610516512768
1281692620029214721
1281692623187648515
1281692631664336897
1281692631991492613
1281692645241376768
1281692660793843712
1281692665827012609
1281692685867208704
1281692686345437184
1281692690481057792
1281692715701407745
1281692720533327874
1281692744868601857
1281692753949192194
1281692762077880320
1281692820961542144
1281692828486303745
1281692834739949569
1281692858135846918
1281692870391541761
1281692872987815937
1281692878062878721
1281692884161495041
1281692904415789059
1281692904663052288
1281692934564438018
1281692956877967361
1281692959080144897
1281693068534730755
1281693092811350016
1281693092878315520
1281693101866782721
1281693110284832777
1281693160708726784
1281693177070714883
1281693193948413952
1281693202500562944
1281693206049062917
1281693219026337792
1281693236306882564
1281693240601739264
1281693295152902148
1281693309195485190
1281693337783799814
1281693340082139136
1281693348483551232
1281693424731607040
1281693449025200128
1281693499323109376
1281693517061001218
1281693524841443330
1281693596547035136
1281693604084215808
1281693609193078791
1281693629849927680
1281693629870989313
1281693643015946241
1281693651551375362
1281693692454109188
1281693693288894464
1281693739593990147
1281693743637299206
1281693745491189762
1281693753317744640
1281693754932498433
1281693768727568386
1281693781075656704
1281693785756520448
1281693785856987136
1281693797588623361
1281693832053170176
1281693893617004544
1281693901498257410
1281693903687737345
1281693956548460549
1281693969546653696
1281694015910445058
1281694028644458498
1281694040950476800
1281694066162294785
1281694073116655616
1281694087586996228
1281694103764434944
1281694151986167809
1281694168687894528
1281694170017669120
1281694191920336897
1281694246727307265
1281694293166612483
1281694309830594568
1281694313693376512
1281694325647147009
1281694338825834507
1281694346937597959
1281694348493459456
1281694359881158659
1281694373139279873
1281694393758621699
1281694452843765760
1281694460536066048
1281694460577845248
1281694533412171786
1281694645513265152
1281694649304981509