1285152471178854400
1285152473036943360
1285152484328001540
1285152503068348416
1285152503785574407
1285152526610776065
1285152529689370626
1285152555085987846
1285152559020285952
1285152656445583360
1285152672224620544
1285152693175164928
1285152706877956097
1285152757364727808
1285152863191212033
1285152932925771776
1285152946259398656
1285152946402086922
1285152999887773697
1285153008410599424
1285153019487834112
1285153024730521601
1285153058645782529
1285153114455257089
1285153130469044224
1285153132637417472
1285153184843956225
1285153197095518209
1285153263915020288
1285153276997046273
1285153281178836993
1285153333922205696
1285153415820181504
1285153427190841344
1285153461328388096
1285153462049820673
1285153502759616512
1285153527912898560
1285153544618868736
1285153563111575558
1285153575254003712
1285153608640733184
1285153613279617024
1285153615246585858
1285153663430918145
1285153745261780992
1285153805911326720
1285153818116685824
1285153835015708673
1285153884911087616
1285154032303124480
1285154035335479297
1285154043933986820
1285154095737733120
1285154127820005376
1285154175207174145
1285154240558583808
1285154258875084801
1285154266689277952
1285154271093235712
1285154329826131970
1285154364970205184
1285154375514513411
1285154375678275590
1285154388613361664
1285154396393943041
1285154430611062785
1285154434406703105
1285154443831336961
1285154526085787648
1285154526840926212
1285154546793115648
1285154623389491202
1285154661394079744
1285154676426641408
1285154699172147201
1285154726670213121
1285154758047739904
1285154782148268033
1285154846866169856
1285154895188959232
1285154921478680577
1285155024990076928
1285155033588404225
1285155111304658945
1285155126337048576
1285155147279224832
1285155160231116800
1285155177163628544
1285155205277978624
1285155248693116928
1285155265311125505
1285155282817966080
1285155315579846656
1285155328007569409
1285155353383108608
1285155357992587265
1285155377345110016
1285155423587315715
1285155429908189185
1285155450418339841
1285155496438136833
1285155512837963777
1285155553593810946
1285155760754683905
1285155784960204800
1285155857706049536
1285155869433331713
1285155942879952904
1285155953923354626
1285156028586373122
1285156058139435010
1285156074149097472
1285156145678688256
1285156180378230785
1285156187726635008
1285156221419499520
1285156255447875584
1285156259923030017
1285156267288219649
1285156267875590147
1285156342995419136
1285156356685737985
1285156444116078592
1285156465888591872
1285156671489179648
1285156682398609409
1285156712584851456
1285156716150239238
1285156783649161216
1285156825466372102
1285156850212769793
1285156892705280000
1285156959457619968
1285156959956721665
1285156963152809985
1285156976054476801
1285157017175224320
1285157022347001856
1285157093880799232
1285157126369939456
1285157134079086599
1285157141360214016
1285157143725977603
1285157182061846528
1285157197744345089
1285157238613708802
1285157249778933760
1285157256309293056
1285157265171832833
1285157320448761857
1285157324852801536
1285157353504092160
1285157420239515654
1285157491463127040
1285157494738821121
1285157517606232070
1285157622249816064
1285157663903371264
1285157689459453952
1285157706924462080
1285157718861287424
1285157791158558720
1285157822850830338
1285157857881718784
1285157869537628160
1285157898428047361
1285157920926138368
1285157928509550593
1285157955193765888
1285157970494488577
1285157975867482117
1285158067051597824
1285158104670384129
1285158109695152129
1285158131279040514
1285158180142514176
1285158187637731328
1285158197574107136
1285158199876820992
1285158201554538496
1285158211050442755
1285158238942629888
1285158342726311937
1285158392319758337
1285158478491746304
1285158489388720128
1285158527447838721
1285158566186430464
1285158570300977152
1285158578987216898
1285158583961899009
1285158591612289024
1285158616912334848
1285158658813366275
1285158695974793216
1285158696394190848
1285158705974202369
1285158746335916033
1285158766892273665
1285158771409457153
1285158792573759489
1285158808939982848
1285158846143647744
1285158910131757057
1285158921947185152
1285158931602509825
1285158938749485056
1285158997167767553
1285159039803023360
1285159086300921856
1285159117481541632
1285159120702705664
1285159124104294405
1285159127677837313
1285159156979101696
1285159191242575873
1285159211652046849
1285159277816975360
1285159290664189952
1285159304199393281
1285159318891847680
1285159329495052289
1285159341809688576
1285159346540879873
1285159404694888448
1285159446784561152
1285159455160754176
1285159538900049920
1285159567656194048
1285159568708792320
1285159593363087360
1285159601076224001
1285159617501081600
1285159640406392832
1285159682051538946
1285159694651269120
1285159707758518272
1285159715220058112
1285159824104148992
1285159858304581634
1285159929633005571
1285159942203363328
1285159970456117250
1285160037917302785
1285160045802651648
1285160054568685568
1285160076291051521
1285160121388105728
1285160129613254658
1285160156209258496
1285160158167838725
1285160163192832000
1285160169257787392
1285160172659314688
1285160179550609410
1285160184575336448
1285160298501025793
1285160315408318464
1285160323146829824
1285160335565979655
1285160356667691008
1285160369393197056
1285160406424510464
1285160449265278976
1285160511525531649
1285160525303873537
1285160540847976448
1285160642069094400
1285160667192995841
1285160699887595522
1285160792103378944
1285160800815022080
1285160804434636801
1285160848281997312
1285160851754881025
1285160852451205120
1285160852790935552
1285160855164911618
1285160901830676480
1285160940544167936
1285161004729589761
1285161031606710272
1285161044374102016
1285161061642047489
1285161064716472320
1285161107527786496
1285161283063615490
1285161322842394625
1285161358472945664
1285161371831799810
1285161379683598337
1285161392660557826
1285161468535726085
1285161468653039617
1285161489352011776
1285161585594564610
1285161603634257921
1285161606167646208
1285161631442448385
1285161720135192577
1285161748878639104
1285161787076247552
1285161804541427712
1285161832639008768
1285161883247550465
1285161921096769536
1285161990596386817
1285161996044795904
1285162004986990593
1285162027003056128
1285162043344068608
1285162227646042113
1285162344574849024
1285162353328300035
1285162423985610754
1285162449717600256
1285162450480922625
1285162467627274240
1285162493367799808
1285162500602892289
1285162521872089090
1285162572363292672
1285162579854331905
1285162592797958145
1285162649022418944
1285162664105304064
1285162676784701441
1285162695239426055
1285162729318342656
1285162776365801472
1285162901137838080
1285162924231753728
1285162991634100224
1285163025440235521
1285163028611293185
1285163033380048896
1285163115844456451
1285163163030364161
1285163170919784448
1285163203996061697
1285163225080709121
1285163230202155010
1285163233238757376
1285163418744270851
1285163531596378112
1285163565737897985
1285163573447020547
1285163664723632129
1285163730276421632
1285163776052989952
1285163796160491520
1285163813826961408
1285163825763770369
1285163834773311488
1285163849641889793
1285163855124017153
1285163856088592389
1285163891840909313
1285163942940217344
1285163956009684993
1285163998233665537
1285164010573369346
1285164036225556480
1285164040046641152
1285164052281298944
1285164057440464902
1285164084581761024
1285164088516116480
1285164102923550720
1285164148972752897
1285164168656674818
1285164219411959808
1285164258867720194
1285164274021797890
1285164274466394114
1285164442553143296
1285164446793564165
1285164459435188226
1285164459573555207
1285164484529491969
1285164583909560320
1285164618608857093
1285164659092402177
1285164686749708294
1285164769826222081
1285164778823000064
1285164793536614400
1285164869692645376
1285164919378386944
1285164925896269824
1285164962550185986
1285164974248202240
1285164978295767042
1285165002236719107
1285165042267291650
1285165054724313089
1285165054825037833
1285165058092302336
1285165070813663235
1285165109589966848
1285165110491840513
1285165189042765826
1285165196454100996
1285165247658065922
1285165277857153031
1285165289425051649
1285165334933180416
1285165339559505920
1285165343413989378
1285165360526786561
1285165369020342275
1285165381653614592
1285165405854748674
1285165418781585408
1285165432186368000
1285165432681504768
1285165485559025664
1285165516185907200
1285165604052312066
1285165620355530752
1285165629755006976
1285165633521487872
1285165666128068608
1285165687347060739
1285165695521615873
1285165728962928641
1285165753864540161
1285165792540196865
1285165792733155328
1285165796105347072
1285165825696112642
1285165884672180225
1285165897972424707
1285165901646626817
1285165927298785280
1285166006583918592
1285166157620809730
1285166173605298176
1285166174515326977
1285166220245897217
1285166237903998977
1285166264441331712
1285166275027558400
1285166284301377537
1285166299971227649
1285166316509331459
1285166347454947328
1285166368199979009
1285166388005437440
1285166400986701824
1285166443831668736
1285166463792427008
1285166517902966786
1285166522231652352
1285166539084357634
1285166542901129216
1285166547552612352
1285166566972293120
1285166711998685184
1285166724157853696
1285166731808260097
1285166744324263936
1285166757687287812
1285166761239883776
1285166795729469440
1285166827639693312
1285166873387171840
1285166907541221378
1285166912729681920
1285166983089192961
1285166985379057665
1285167009722961920
1285167021097979907
1285167035203362818
1285167076223660033
1285167153210101762
1285167163834281986
1285167168129241088
1285167248353697794
1285167251625250819
1285167255626461184
1285167273121132544
1285167273561464833
1285167316406329348
1285167332650881024
1285167347871780864
1285167366196940800
1285167386241323008
1285167390720851969
1285167399524851712
1285167411621232640
1285167511957209088
1285167519226044417
1285167555347349508