1280048888595058688
1280048904223014912
1280048905774759936
1280048960124616705
1280048993846718464
1280049117259943948
1280049119923441670
1280049206829473793
1280049224193892353
1280049269819559936
1280049332763451392
1280049349536428032
1280049357199310848
1280049371736870913
1280049396302917632
1280049581288353792
1280049639404630019
1280049657226248193
1280049665375973377
1280049735458607104
1280049735651545088
1280049736305856512
1280049798591254528
1280049837812178947
1280049895001460739
1280049915280781312
1280049917424070657
1280049958985633795
1280049975414657024
1280049992426819584
1280050070025498624
1280050076438556672
1280050108919406593
1280050117983141890
1280050122848698368
1280050213881704448
1280050234853187584
1280050303195209728
1280050314859745281
1280050343489884161
1280050372845993984
1280050453917523973
1280050478232080385
1280050521424855041
1280050558641090562
1280050646691885056
1280050662471016448
1280050675804590080
1280050695836663809
1280050722307035137
1280050733316882433
1280050763545350144
1280050770994507776
1280050783589990400
1280050783858257930
1280050793148829697
1280050801306750978
1280050897381277701
1280050926322155520
1280050973499482112
1280051070102896642
1280051077081993216
1280051081289105408
1280051099945316353
1280051161215705088
1280051169725906945
1280051187207766016
1280051194178662403
1280051212612767744
1280051324898488321
1280051347212001280
1280051397015281666
1280051427705073664
1280051448609472516
1280051497796018177
1280051506432151552
1280051525700562945
1280051530293317633
1280051542155026433
1280051631145521152
1280051689949626368
1280051710761873410
1280051723227156480
1280051786456301569
1280051803602599936
1280051857482792960
1280051904370933760
1280051933991120896
1280051938307051521
1280051946733268992
1280051983647305733
1280051984322760704
1280052009199075328
1280052059157430272
1280052076123389952
1280052091336228864
1280052144515592192
1280052173460537345
1280052190116286464
1280052194427965445
1280052234823192576
1280052278121005060
1280052342013001729
1280052343954903040
1280052348153294848
1280052359830388736
1280052382727053315
1280052407964241922
1280052463064748032
1280052473957416961
1280052511899037697
1280052519717294086
1280052521667637248
1280052533621383168
1280052566999564289
1280052588080029697
1280052629507379201
1280052697228611584
1280052741902151680
1280052872441409536
1280052895040319488
1280052898575970307
1280052915718127616
1280053064712351745
1280053091472154624
1280053110682116096
1280053150775414785
1280053162435579906
1280053204970020866
1280053231327096832
1280053233591992321
1280053242647334912
1280053251153506304
1280053259772628993
1280053304966463488
1280053329654145024
1280053344124506112
1280053359685312513
1280053360159109120
1280053395655712768
1280053499154313217
1280053505735049216
1280053543362232320
1280053557635485696
1280053579177328640
1280053720336625664
1280053754344210434
1280053782911561729
1280053950322892801
1280053988499619846
1280054002198048769
1280054031558144001
1280054099258605568
1280054099531235328
1280054106867019777
1280054127125553154
1280054246289924096
1280054268620398596
1280054287402401792
1280054333304963072
1280054399138697216
1280054402913632257
1280054524900589568
1280054828241170432
1280054856313683968
1280054891596128256
1280054937766985728
1280054945144807425
1280054949083262977
1280054957258006528
1280055011561672704
1280055024878530560
1280055050899841024
1280055055136129024
1280055273722347521
1280055422687338496
1280055524814393344
1280055542019473408
1280055645572603911
1280055750773989376
1280055751394750464
1280055963853246464
1280056011513049089
1280056052143149056
1280056065107931136
1280056141808951297
1280056244896595968
1280056337783836672
1280056339348283392
1280056399851028480
1280056418821902336
1280056539412418561
1280056635952676864
1280056664633180161
1280056685789249536
1280056740973694977
1280056812285251584
1280056903876444160
1280056950470905857
1280056971786362880
1280057009342017538
1280057026169769990
1280057026375225344
1280057129118859265
1280057131178196992
1280057131329220608
1280057137947869184
1280057168201474049
1280057173767315463
1280057234647482369
1280057268059410432
1280057365023391751
1280057428743278592
1280057441342930944
1280057546087124992
1280057611614732289
1280057648189227009
1280057659207622656
1280057666589519873
1280057693366038529
1280057751373328385
1280057768200687616
1280058015958392834
1280058087446118403
1280058113085718534
1280058160615575552
1280058175757189121
1280058225535135744
1280058346784030720
1280058351414439937
1280058354648453122
1280058427574833152
1280058469026947075
1280058486189985793
1280058519522164736
1280058615693443072
1280058666738225152
1280058753740443648
1280058875824177152
1280058901896052737
1280058951359508480
1280058968384180225
1280058980295774209
1280059021911904256
1280059043067777026
1280059122885550080
1280059127092228097
1280059147413839873
1280059148302823424
1280059149078929408
1280059240443453446
1280059256587325440
1280059257875021825
1280059269891514368
1280059281627365377
1280059303165075456
1280059328683270144
1280059386723885056
1280059427962396674
1280059428000223235
1280059456273788928
1280059497239719936
1280059532962603014
1280059546946482178
1280059554307411969
1280059555284688896
1280059593020891137
1280059685274439681
1280059793172987905
1280059907857944576
1280060011562045442
1280060057632284672
1280060092600254464
1280060147377729536
1280060208681750528
1280060255230136320
1280060260343037954
1280060376097439746
1280060389296762880
1280060671225409538
1280060774833102848
1280060910296539136
1280061042589143040
1280061047135592450
1280061130552074240
1280061240266522626
1280061303420153856
1280061308793090048
1280061329177485312
1280061350505598976
1280061449742802944
1280061475567132672
1280061626683551745
1280061642735304704
1280061732778577920
1280061848180723713
1280062025670856704
1280062049402273792
1280062062073393153
1280062067156762625
1280062071405756416
1280062080016683008
1280062089088778241
1280062104725262336
1280062184626819073
1280062234031460352
1280062311005212672
1280062378529390592
1280062407289815042
1280062415556669440
1280062425325350912
1280062444434587650
1280062570192408578
1280062658813792256
1280062672138932225
1280062676228550656
1280062689931341824
1280062727952580608
1280062744016957441
1280062785288843264
1280062790921793537
1280062826736783360
1280062827089313793
1280062838489268225
1280062893996687360
1280062905816363008
1280062932613844993
1280063018429116416
1280063082010742785
1280063174738432000
1280063422281863168
1280063431396253701
1280063571498381312
1280063600015503361
1280063625936334848
1280063652377309184
1280063668655448065
1280063668995178501
1280063707721003008
1280063762293231616
1280063774091862016
1280063890928422914
1280063921655885825
1280063925623676930