1287538211724464128
1287538215742709760
1287538236420771840
1287538317555167238
1287538393325461504
1287538421209104388
1287538464817385477
1287538480692822023
1287538525823545344
1287538543804452869
1287538572594208770
1287538590856220676
1287538602222604288
1287538606366572544
1287538608107393026
1287538631452889089
1287538702496006145
1287538736755073029
1287538749157584896
1287538750420025347
1287538790853160960
1287538795198451714
1287538808330702849
1287538836889722880
1287538859056730119
1287538866526724097
1287538929504260096
1287538949150461953
1287538950521815040
1287538994897543168
1287538995216494594
1287539005391867904
1287539013801267200
1287539043379449857
1287539060379090944
1287539100342464513
1287539202289217544
1287539235885649924
1287539315426304000
1287539320585203714
1287539352503848961
1287539413384400896
1287539419713601537
1287539461606330368
1287539474575106048
1287539479687753729
1287539538450030593
1287539561233436672
1287539568007417863
1287539571920691203
1287539617261064193
1287539642175229952
1287539661355675648
1287539693802774528
1287539738791088128
1287539745136967680
1287539747175497732
1287539785897312256
1287539802166919168
1287539822484217856
1287539856919408642
1287539987055931393
1287540082631749632
1287540103313858562
1287540125778337792
1287540133529440256
1287540133781217285
1287540142442520582
1287540154505162753
1287540157596475392
1287540229528621056
1287540266870673408
1287540321157550080
1287540352145149955
1287540371954835459
1287540410752143362
1287540448786034690
1287540451076079616
1287540472483905537
1287540494592020480
1287540495019843584
1287540524262490112
1287540565807116293
1287540615882792962
1287540636451852288
1287540720870600704
1287540725538848774
1287540789896032257
1287540816802652161
1287540884527964161
1287540887795503106
1287540938261356544
1287540959039889413
1287540973270994944
1287541085913440259
1287541148366462976
1287541148458786816
1287541166032982016
1287541232256847872
1287541233917677570
1287541236056956928
1287541408811933696
1287541447147900928
1287541459835592709
1287541467364372481
1287541475115507715
1287541534682947590
1287541537606438914
1287541550696652800
1287541598037909504
1287541605256183808
1287541657265733635
1287541701893132289
1287541706280378370
1287541739876745216
1287541819262357505
1287541891089739776
1287541891655852032
1287541958957826050
1287541964729126913
1287541977974812674
1287541996039499777
1287542000565157888
1287542026091794437
1287542058484477953
1287542130164920321
1287542189933891584
1287542206106984448
1287542219369586689
1287542222246862848
1287542306699190273
1287542315754704902
1287542317344317440
1287542357135589376
1287542359652102145
1287542377318514688
1287542402123575296
1287542411183431685
1287542417915346944
1287542424751898625
1287542494310420485
1287542520243793921
1287542523964133378
1287542544478482436
1287542562530766852
1287542566163021824
1287542569765941248
1287542599713202180
1287542721024946176
1287542729677983744
1287542914244063234
1287542939162419202
1287542951770382337
1287542968182648832
1287542999354761218
1287543037854277632
1287543052450447360
1287543094758584320
1287543119983124482
1287543157056516100
1287543170931269632
1287543189876940811
1287543241592598528
1287543242414854150
1287543263730307078
1287543291140100096
1287543295174942721
1287543300195528704
1287543479783108615
1287543480395239425
1287543628051619841
1287543664705785858
1287543736084226051
1287543794993229824
1287543824496164866
1287543828044365824
1287543836395347970
1287543866380431361
1287543874550824960
1287543893823643648
1287543942263615488
1287543954968322048
1287544022400217089
1287544042490863616
1287544085478117381
1287544122157314048
1287544135168262145
1287544193322070017
1287544404018728960
1287544411623231488
1287544457647345665
1287544474034409472
1287544494771052550
1287544566720000000
1287544568003485697
1287544580058034182
1287544595673255936
1287544651440775168
1287544664015306752
1287544722433564672
1287544726489403398
1287544732189507585
1287544738514530304
1287544751470850048
1287544793988509696
1287544818550308870
1287544835612712960
1287544838821306368
1287544843728752640
1287544903023681538
1287544928483061761
1287544953007214592
1287544982635606016
1287545024666726401
1287545040005259264
1287545049253924865
1287545074964824065
1287545130149453824
1287545162399440896
1287545166207877120
1287545180149542912
1287545212806533120
1287545217193840646
1287545228858019841
1287545240304451584
1287545262777524224
1287545271954612227
1287545290342440962
1287545293651746817
1287545305655902209
1287545359208783874
1287545389382610950
1287545415844364288
1287545458915762176
1287545472404480002
1287545535964954624
1287545536745152513
1287545561437163521
1287545569196425216
1287545635768373248
1287545661773058048
1287545695264620545
1287545698808762369
1287545699417108481
1287545745009238016
1287545752911138816
1287545774293778433
1287545779431682048
1287545835518144512
1287545888756371456
1287545896465571840
1287545937657659393
1287545938760933379
1287545967114248194
1287546016221208576
1287546047653384193
1287546060060139524
1287546065890217984
1287546071263195136
1287546080947851272
1287546122819469312
1287546126405599232
1287546181527183361
1287546194265350144
1287546216004243457
1287546236619362305
1287546282492534785
1287546290545594370
1287546383390478336
1287546404508860421
1287546409059745794
1287546433390940160
1287546437954236416
1287546492216135681
1287546579881275393
1287546592464121857
1287546609555800065
1287546613074923520
1287546617608970244
1287546677969264640
1287546696885395457
1287546738207752192
1287546747833778177
1287546813927522305
1287546853446344704
1287546857082638336
1287546898388148225
1287546905518657536
1287546966289702917
1287546988070866952
1287547006357929984
1287547049429237763
1287547053933985792
1287547076507836422
1287547082614636544
1287547105100341251
1287547154832203779
1287547174998478848
1287547204723326976
1287547222629011457
1287547364152995841
1287547364664700928
1287547377381867520
1287547464866828288
1287547494990323712
1287547503123083266
1287547505782259718
1287547506658861057
1287547531791147008
1287547536962617345
1287547540900941824
1287547600053211136
1287547612451811328
1287547615744204800
1287547644546617344
1287547654998765569
1287547675018240000
1287547684065357824
1287547691203993600
1287547716692783106
1287547753774514176
1287547800725499904
1287547846493736965
1287547867910086658
1287547902588379136
1287547905683927040
1287548003985821697
1287548005189423104
1287548016316919809
1287548022885236737
1287548090656993281
1287548116061822979
1287548144394346496
1287548362615644166
1287548400037068800
1287548402931314692
1287548479494119430
1287548483835006977
1287548508954910720
1287548619646697473
1287548703188955136
1287548719198605312
1287548734319079424
1287548740639821824
1287548760390881281
1287548799368347649
1287548851382095872
1287548890598633472
1287548921477308421
1287548983888535553
1287549030705184770
1287549071088136199
1287549071750828034
1287549105640738816
1287549126771707904
1287549130504536064
1287549135462248454
1287549143842353152
1287549190067773440
1287549216672419844
1287549223085518849
1287549237434015745
1287549264604758016
1287549319810146304
1287549466300514304
1287549470268207104
1287549473602834432
1287549494557581314
1287549549205217280
1287549562857623552
1287549565906964480
1287549575364894721
1287549649822322690
1287549663231565826
1287549687906611200
1287549732831682561
1287549735486672897
1287549743703322624
1287549824233926657
1287549848883826688
1287549862930558976
1287549880886468608
1287549892156522496
1287549894639489024
1287549957872869376
1287549970392858625
1287549990013775873
1287550152614400001
1287550259053223937
1287550359850741761
1287550369338286081
1287550385784123396
1287550417077825536
1287550435654418433
1287550480311177218
1287550538138042368
1287550597453852672
1287550650151141378
1287550662645960704
1287550666366259201
1287550684544397312
1287550688390594560
1287550712809840640
1287550724595802115
1287550734557356032
1287550746049708032
1287550752261464065
1287550754689912833
1287550765565751296
1287550773702701061
1287550807957598209
1287550815834537984
1287550846905905152
1287550921862340608
1287550954942787584
1287550958780600320
1287551033208537094
1287551112262770688
1287551136170270720
1287551168718106624
1287551205888016384
1287551268764839937
1287551307276939266
1287551344304242689
1287551374197059590
1287551379729346565
1287551390861033472
1287551458347347969
1287551479721553921
1287551485555875840
1287551487598424065
1287551512088940544
1287551550529794048
1287551593307443201
1287551638903746561
1287551667290832896
1287551692506947584
1287551697116491777
1287551772437835776
1287551802112479232
1287551806520692736
1287551820525473793
1287551882009829377
1287551882596986881
1287551885373665280
1287551890150965249
1287551990298337281
1287552009944485888
1287552027376009217
1287552117012455430
1287552133827424256
1287552184561803264
1287552288635015170
1287552291029934080
1287552293177458688
1287552296331616256
1287552364149215232
1287552430821933056
1287552478163030017
1287552602398318593
1287552604327669761
1287552668034985990
1287552690562592770
1287552761832169473
1287552769608409091
1287552846712328197
1287552864689119234
1287552926420840448
1287552933958017032
1287553215928532994
1287553228427497473
1287553248631459845