1278221813550469120
1278221844772990976
1278221849864830976
1278221872929189888
1278221874200182785
1278221882345558018
1278221999412785152
1278222033831309312
1278222050855976960
1278222093520338952
1278222118556033025
1278222143067742210
1278222143239655425
1278222177527926784
1278222198151340032
1278222215205576704
1278222235761700864
1278222348160839683
1278222486274887682
1278222533813129217
1278222549533392896
1278222630097739776
1278222632081477632
1278222749526224897
1278222889028894725
1278222936378245120
1278222948919390208
1278223044738088962
1278223049549058049
1278223137189048320
1278223224753487873
1278223246891114496
1278223279405309952
1278223296551481345
1278223329271275522
1278223359579316229
1278223388981506049
1278223438566641664
1278223469323247618
1278223585559998464
1278223649640714241
1278223661711929349
1278223676219879424
1278223677809557507
1278223761611735040
1278223790997008384
1278223849721458691
1278223871737393154
1278223874069577728
1278223934006210560
1278223963597012992
1278223980122574849
1278224043334725632
1278224059847802882
1278224123056001024
1278224160746061824
1278224165279944704
1278224252920107009
1278224370331275264
1278224425201078272
1278224428665655297
1278224458109648898
1278224483430604803
1278224491533881344
1278224519258353667
1278224617497395200
1278224688343375873
1278224700234235907
1278224756244971520
1278224776541220865
1278224790117998592
1278224864122490882
1278224906962915330
1278224981739089920
1278225092388909056
1278225095996178432
1278225116430766080
1278225127327641600
1278225163125846016
1278225321561600001
1278225323943882752
1278225333410426880
1278225348937814016
1278225351395565568
1278225352679141376
1278225397948112899
1278225415446777857
1278225531998175233
1278225570103468038
1278225628253368320
1278225737313443840
1278225741788962816
1278225775477641228
1278225792460349440
1278225942951923712
1278225951894188040
1278225983351345153
1278226090121744389
1278226118785581056
1278226132370731009
1278226140965076992
1278226142873280512
1278226178445213703
1278226200641617932
1278226248477691904
1278226265326092289
1278226278412193792
1278226334154547200
1278226383903358976
1278226408343588864
1278226425019904000
1278226437410086912
1278226437674283012
1278226484675710982
1278226496591560704
1278226571954774016
1278226648911843328
1278226682206400516
1278226691588907008
1278226714804523009
1278226721645506562
1278226727362351106
1278226745322160129
1278226779455361024
1278226912486154242
1278226941292810240
1278226999971102739
1278227003917942784
1278227078056341504
1278227129893863424
1278227133945479170
1278227169118912512
1278227235095355392
1278227301558296578
1278227314954964993
1278227315269435392
1278227357489225734
1278227374023344129
1278227414905008131
1278227469280047104
1278227469581946880
1278227474220892161
1278227516029722626
1278227561479356418
1278227620858138624
1278227658476642307
1278227676558483460
1278227758670209024
1278227826211278848
1278227863565557760
1278227872558149633
1278227879613038593
1278228018767560705
1278228082046967814
1278228091412905985
1278228116796657664
1278228121356046337
1278228137764163585
1278228154130337793
1278228154260303873
1278228156277612546
1278228209188782080
1278228242676187136
1278228367624400897
1278228376260673537
1278228410259644417
1278228418065203200
1278228430413332481
1278228548495593473
1278228577465630720
1278228585938026497
1278228593005469696
1278228598328119297
1278228663268335617
1278228762568658949
1278228807904661504
1278228829853581314
1278228904939929600
1278228992005292037
1278229139322011649
1278229286747402241
1278229324202639361
1278229331752427520
1278229335447494657
1278229371120160768
1278229428477321217
1278229436740100097
1278229450136698881
1278229483875471360
1278229524954701824
1278229537499885568
1278229548593750016
1278229604281524225
1278229672573186049
1278229701614604288
1278229743532421120
1278229768991674368
1278230073993080834
1278230120843468800
1278230124530266112
1278230179844775936
1278230382148816896
1278230384766005253
1278230481486700544
1278230490332495872
1278230559488122880
1278230612550144000
1278230620116676609
1278230696654524416
1278230711158308867
1278230724873564160
1278230740552073217
1278230753432809482
1278230770637778944
1278230801029701632
1278230821036421120
1278230834051350528
1278230874757234688
1278230884320268289
1278230889072295938
1278230934085459968
1278230967312740352
1278230997234929664
1278231042944450560
1278231106844835840
1278231183147651072
1278231199320813568
1278231245177192448
1278231261870460929
1278231312999108608
1278231336910835714
1278231457421459457
1278231529488093188
1278231702624747520
1278231886414872576
1278231924121563137
1278231967062847488
1278231999229112320
1278232040979288066
1278232067424301057
1278232081244524551
1278232168360099840
1278232171954798592
1278232317786419200
1278232330600153088
1278232368323670017
1278232406856593408
1278232420966334464
1278232453795082240
1278232459042119682
1278232464708829184
1278232500008095744
1278232571797803013
1278232579351515136
1278232691712778240
1278232751783772160
1278232805214842880
1278232880066342912
1278232885166669824
1278232918381531137
1278232935561400321
1278232951277277185
1278233089752227845
1278233111092813824
1278233138016055298
1278233144223653895
1278233200565813251
1278233249437954048
1278233334817177600
1278233338264748033
1278233438198403072
1278233447706877954
1278233454719537153
1278233487653302273
1278233487741317122
1278233556779560960
1278233647544336385
1278233777920184320
1278233786694713349
1278233824103501825
1278233950763220994
1278234021512777728
1278234097454743552
1278234105214144512
1278234142640009223
1278234173199745024
1278234181399650304
1278234186311221248
1278234214404505602
1278234278183071745
1278234331811643392
1278234332122013696
1278234391458705408
1278234428137975809
1278234446173364224
1278234454193037314
1278234599928336385
1278234685391482880
1278234715909165057
1278234739565101057
1278234741972570113
1278234784997621765
1278234834750574592
1278234834830274563
1278234935359397889
1278234999011983368
1278235027642302464
1278235035779260416
1278235035955367936
1278235099847254017
1278235120575688704
1278235138761953280
1278235212229591041
1278235272761823234
1278235289215852547
1278235300972638208
1278235318190092288
1278235325362393088
1278235346354855936
1278235355750203392
1278235414088867855
1278235435840483329
1278235531114151942
1278235544976121863
1278235657597485056
1278235666141200384
1278235675259736064
1278235728615542785
1278235745082388480
1278235757736493056
1278235812568674304
1278235824929325056
1278235976683446272
1278236054529720320
1278236157503930368
1278236172829982720
1278236236759654401
1278236349225676800
1278236373741273089
1278236394700210177
1278236454582226944
1278236575411781632
1278236621876244481
1278236622442631176
1278236721990324225
1278236722569019392
1278236772712013824
1278236785403822082