1278810703663677443
1278810712937074689
1278810745912918018
1278810759955349505
1278810778569781253
1278810784311672832
1278810812761636865
1278810822010187777
1278810826456158210
1278810831543775232
1278810859280699394
1278810863848194049
1278810863982477312
1278810866511740928
1278810888741494784
1278810889139834882
1278810925462585344
1278810925592649728
1278810956127141889
1278810960526884864
1278811001484390405
1278811004135247873
1278811048301248513
1278811074796695553
1278811077351006210
1278811082325458948
1278811082736439296
1278811090441261056
1278811105754845187
1278811123094036480
1278811125707165696
1278811128303411200
1278811153066491904
1278811161572651008
1278811169130713088
1278811175019479040
1278811185073262594
1278811190362140672
1278811191641587712
1278811233395683329
1278811236281528320
1278811245500665857
1278811249657200640
1278811262802067463
1278811262886064129
1278811274390974464
1278811278656647168
1278811278828593154
1278811299598794754
1278811335208419328
1278811337217490945
1278811363360604167
1278811365906370560
1278811371874988034
1278811375687438336
1278811383967019008
1278811401134288897
1278811409208541184
1278811413134311431
1278811438010818563
1278811438568660992
1278811439046758400
1278811455459135488
1278811463583490052
1278811467811184640
1278811473289117696
1278811482629697537
1278811491462938625
1278811493002358787
1278811513541791746
1278811534882455552
1278811553823952897
1278811555707191299
1278811630655221760
1278811640016887819
1278811651890909185
1278811662817075203
1278811664457043968
1278811677258125314
1278811681326534656
1278811685575446528
1278811852865224706
1278811876231651331
1278811915754655751
1278811924621414402
1278811962542108672
1278811969227759622
1278811978061004800
1278811980489461760
1278812033258061827
1278812150321029120
1278812204209508353
1278812247561814018
1278812322585329666
1278812380990930944
1278812386900578304
1278812413735907328
1278812480916029441
1278812548494585856
1278812778854338560
1278812850455228417
1278812937734553603
1278812956181106689
1278813032106414080
1278813053518327808
1278813099349295105
1278813108497264640
1278813116265095170
1278813116675977216
1278813125110829056
1278813128118071297
1278813171159937024
1278813178579877890
1278813190504185857
1278813191632535552
1278813211882594304
1278813229804711936
1278813237333590017
1278813250402914304
1278813257214627841
1278813271097737216
1278813276739121153
1278813309018558465
1278813335090233344
1278813355134894082
1278813355390664706
1278813381038714881
1278813388513193991
1278813392795467778
1278813401922371584
1278813405688799234
1278813407244881920
1278813419047542784
1278813426362519556
1278813431039057922
1278813434562383872
1278813438672875522
1278813557354901507
1278813568654127104
1278813571930116099
1278813639949123584
1278813640095866880
1278813642843193344
1278813661168128001
1278813686107422721
1278813690205057025
1278813694403710982
1278813720328785927
1278813720538480640
1278813723843612673
1278813723965218816
1278813741715468288
1278813753698484224
1278813770895314944
1278813782911975425
1278813832991793153
1278813846057226246
1278813854185566208
1278813858493276165
1278813882430054400
1278813891095670784
1278813892072931335
1278813892223946754
1278813892559417346
1278813895906471942
1278813896061698050
1278813904496443392
1278813904722898948
1278813911559659520
1278813942731636736
1278813955348221953
1278813968178515971
1278813970774872064
1278813980547481603
1278813992891420678
1278813996112654336
1278814018115862528
1278814024012951552
1278814026001154048
1278814038642720768
1278814051133521920
1278814055751450626
1278814118313635842
1278814122671583235
1278814130829275136
1278814152329506821
1278814190191312896
1278814219593330688
1278814277995020288
1278814282847866880
1278814286463279105
1278814287943909378
1278814292012339202
1278814295061606400
1278814311301951488
1278814345225482242
1278814370760290304
1278814391920660481
1278814416474198016
1278814416667119616
1278814478377914369
1278814521000431617
1278814542311686146
1278814555351760899
1278814588721643520
1278814639049052160
1278814651183247363
1278814667649937408
1278814674251808774
1278814681214451712
1278814689112346626
1278814689657532416
1278814700629708800
1278814705788862464
1278814710847008768
1278814718187143170
1278814722691862529
1278814747933147138
1278814747962548225
1278814760465838082
1278814785841188864
1278814810604519424
1278814831982804993
1278814840044257280
1278814848135106560
1278814859640086535
1278814886085132289
1278814886575947779
1278814927793184768
1278814936936873984
1278814952074051585
1278814953684766720
1278814959078486016
1278814977781104640
1278814982952693770
1278814996764463105
1278815004070801413
1278815011935305730
1278815049570713606
1278815049889480706
1278815071104389120
1278815075629842433
1278815091635318784
1278815096676986889
1278815111877201921
1278815125017964551
1278815129732251648
1278815167950622720
1278815200452521984
1278815213488238594
1278815225727217665
1278815238503219201
1278815246539505665
1278815250771558403
1278815263572533252
1278815292764848130
1278815297357651969
1278815301732352005
1278815317792378880
1278815321999228928
1278815335311970307
1278815368853807104
1278815379230425094
1278815397727408129
1278815406552211459
1278815431625781250
1278815435782225920
1278815452232159237
1278815456539918337
1278815481475072000
1278815490740191236
1278815494372331520
1278815507207127040
1278815514937249792
1278815518812704770
1278815524395397121
1278815544557395975
1278815545861836801
1278815586525433857
1278815595476197376
1278815611615879169
1278815662769614849
1278815670000668682
1278815675197333507
1278815688312811528
1278815712807657476
1278815727521132544
1278815792050638849
1278815812166574080
1278815813391319042
1278815820823445505
1278815821368827905
1278815824757678080
1278815825395240963
1278815825688846336
1278815838460694530
1278815862980358145
1278815863311826944
1278815863639064578
1278815888330747904
1278815906026700806
1278815951081758720
1278815955649474561
1278816009592463361
1278816036914151425
1278816073819840512
1278816085731618816
1278816110524207106
1278816111379853313
1278816131424256001
1278816131604774917
1278816161023561731
1278816165838675969
1278816216979845121
1278816219806695425
1278816224663797760
1278816240832843778
1278816274429079554
1278816291323817991
1278816295069396993
1278816304024207362
1278816329794048000
1278816375138467840
1278816375897817089
1278816379571965964
1278816404439998474
1278816433875546112
1278816455643918336
1278816492956446721
1278816538326372355
1278816564444200962
1278816576095940610
1278816614046146568
1278816626968756230
1278816647315406849
1278816656584839168
1278816680840433666
1278816681293463558
1278816690013339654
1278816719142825986
1278816748905525248
1278816782342590465
1278816786180382721
1278816789552562176
1278816792975159297
1278816816555581441
1278816827699847170
1278816836424011776
1278816853452881922
1278816874608853000
1278816896448638981
1278816903692156930
1278816904082317313
1278816932268032000
1278816957957935106
1278816966690500608
1278816967500193793
1278816978938052613
1278816990371733510
1278816995929137155
1278817029051432962
1278817033828925440
1278817047342993409
1278817092955971586
1278817096781180928
1278817097284562944
1278817113281638400
1278817117865820160
1278817133942669312
1278817142482309121
1278817142910054401
1278817159834210305
1278817172203110402
1278817196802748427
1278817196953743361
1278817201999527942
1278817238787608576
1278817239576215553
1278817243523174401
1278817247801286657
1278817259348201473
1278817260757450752
1278817263810940929
1278817297759645696
1278817298560753665
1278817322552172558
1278817335760113666
1278817357310369796
1278817363669012482
1278817378286125056
1278817386217553920
1278817387643535362
1278817414805745664
1278817444409327616
1278817469801435148
1278817476906823685
1278817479603695616
1278817490479398913
1278817499828703232
1278817520435245058
1278817524537339912
1278817553352187909
1278817567851905027
1278817583106383872
1278817586755645440
1278817600231874561
1278817654317428736
1278817654745313281
1278817664433938433
1278817664845197312
1278817687905480707
1278817695971106816
1278817696495177728
1278817696856096769
1278817705202720769
1278817725859549185
1278817729655554048
1278817751256240139
1278817767454629888
1278817780771454984
1278817789105410048
1278817801776648197
1278817805475950594
1278817838782971906
1278817847997804545
1278817851395256321
1278817861247668224
1278817868352819207
1278817871439814662
1278817876703539200
1278817889378873346
1278817910031597568
1278817914838269957
1278817930684149760
1278817943879479297
1278817959574732801
1278817961579474944
1278817973680160769
1278817977001861125
1278817977912029184
1278818033885159425
1278818040281313281
1278818048426889221
1278818049324462081
1278818065623457793
1278818065699024896
1278818070212104193
1278818078386794499
1278818090088894465
1278818154030956548
1278818157252280320
1278818157394898951
1278818162050502657
1278818207407759362
1278818211920822273
1278818217872494593
1278818233022382084
1278818255444930567
1278818262676058112
1278818267222564865
1278818270359977984
1278818292174635013
1278818301758578688
1278818309169795072
1278818312990986241
1278818329604612096
1278818338072932359
1278818350471110656
1278818355181318144
1278818379655262208
1278818384109604864
1278818409514401792
1278818409531297792
1278818426207813632
1278818452942270464
1278818467743965184
1278818471778717697
1278818505543073793
1278818506209984513
1278818506230792192
1278818535721009156
1278818543845412871
1278818547645497346
1278818552582152194
1278818568105123841
1278818610287390726
1278818627400204289
1278818631984361473
1278818687773036548
1278818714754805760
1278818723382657029
1278818749840310273
1278818765963223040
1278818773529702403
1278818773949005826
1278818778860728320
1278818780983025666
1278818808002523139
1278818829414674434
1278818845453479936
1278818849362718721
1278818849568092160
1278818849962557440
1278818862385909760
1278818866983063556
1278818867268259841
1278818891674910720
1278818897198813184
1278818899740389377
1278818912260501507
1278818933894602752
1278818955810013190
1278818975170719745
1278818979465908224
1278818992505925632
1278819009043939329
1278819047472271362
1278819084650586112
1278819084826796032
1278819132264394754
1278819152124432384
1278819172189908992
1278819201092849665
1278819210156748801
1278819218280943617
1278819218759184386
1278819281359306754
1278819289227685888
1278819302460788741
1278819343627927552
1278819361109815304
1278819361537404930
1278819382404284418
1278819402801188864
1278819403921002496
1278819415614726146
1278819424716427264
1278819428520521728
1278819436594704384
1278819439035600896
1278819451627089921
1278819452033757185
1278819457586978816
1278819462662275072
1278819465841565697
1278819470937452544
1278819471675863041
1278819504517189635
1278819520430460938
1278819571034660864
1278819580899733504
1278819593633648648
1278819596170956800
1278819599711195141
1278819608930054144
1278819616807096320
1278819627506647040
1278819641742123009
1278819684804997120
1278819684951916544
1278819701603393539
1278819772319350784
1278819776878518273
1278819785363673090
1278819868813545472
1278819872860971011
1278819873406308353
1278819885620121600
1278819897758355457
1278819910609784832
1278819917811167232
1278819949239316488
1278819973696192512
1278819976594554880
1278819992335777792
1278820006944538627
1278820036833148929
1278820038724681732
1278820056974028800
1278820074468651011
1278820120832421890
1278820133058891782
1278820153438793728
1278820156307681280
1278820158572654592
1278820162771144704
1278820164042031106
1278820166407786498
1278820166839816192
1278820171000545281
1278820175236792327
1278820220761591809
1278820249551474695
1278820275585507329
1278820288784809984
1278820347387670528
1278820355302404096
1278820363531620352
1278820372415082496
1278820376433135617
1278820376819179528
1278820392883367940
1278820434859999232
1278820485464117248
1278820485598502920
1278820494125514754
1278820510420201472
1278820544549474304
1278820557002285058
1278820573385285632
1278820577600569349
1278820581056675845
1278820611670802432
1278820614153932800
1278820641232347137
1278820653898977280
1278820679123689472
1278820690662092801
1278820712019644416
1278820712296452096
1278820762741174272
1278820765467643909
1278820769317810176
1278820775646998528
1278820783347904512
1278820830227595266
1278820850075160576
1278820859277385730
1278820875270266881
1278820877971394566
1278820884019662849
1278820888788467712
1278820893129617408
1278820909344870400
1278820917133619202
1278820917670555648
1278820963145134085
1278820968379662338
1278820976881352705
1278820981419782147
1278820992803131393
1278821026642538496
1278821035098492934
1278821053972787202
1278821056178839554
1278821061929426944
1278821097752850432
1278821106594516996
1278821106644914177
1278821130338480128
1278821169555267586
1278821172965187585
1278821202509869057
1278821211502452736
1278821221522530304
1278821227403063297
1278821227696717824
1278821228304904192
1278821232658518016
1278821274182201344
1278821307854061568
1278821347079135233
1278821362786656257
1278821366146490368
1278821396077056000
1278821407800131587
1278821456143691779
1278821458547015680
1278821467011112960
1278821467359186945
1278821471511547910
1278821488385277952
1278821496094445569
1278821559420026881
1278821588608090112
1278821596829036544
1278821605293031425
1278821659252797441
1278821668320759809
1278821669012942849
1278821681335808002
1278821697462902785
1278821702064132097
1278821702164787200
1278821781646667776
1278821852647960577
1278821860734459905
1278821901880737792
1278821949368446977
1278821962123325441
1278821972756004864
1278821991248773120
1278822067165638656
1278822075503915010
1278822095716339713
1278822105056862208
1278822123075706881
1278822129631404034
1278822180101341185
1278822187747758080
1278822191937859585
1278822196488667144
1278822204810108935
1278822222606536704
1278822225295093763
1278822231703945217
1278822238855270400
1278822260275470336
1278822281234579463
1278822289300246535
1278822343897501698
1278822344018915328
1278822348410494978
1278822356027392002
1278822364126613505
1278822385001672705
1278822397773262849
1278822398305828864
1278822478228398081
1278822481999077377
1278822490970693632
1278822503171993601
1278822503243304960
1278822507449999360
1278822529017294848
1278822536717963265
1278822539423334402
1278822544707969025
1278822561749643273
1278822582339481601
1278822587376652288
1278822595081777153
1278822595593461761
1278822599527563264
1278822607819767810
1278822630813061121
1278822650488352768
1278822659019567105
1278822664929452032
1278822665533489152
1278822681048166407
1278822708768387073
1278822751344754697
1278822755220275201
1278822776091168769
1278822817971265538
1278822821871988737
1278822840956063751
1278822851378925570
1278822865307971584
1278822934639861760
1278822952314851328
1278822956500738051
1278822994966573056
1278822997445554177
1278822997982351368
1278822998309404673
1278823006807027714
1278823012612136960
1278823023001374720
1278823035475238916
1278823035642851328
1278823057155473408
1278823057205977090
1278823103053926400
1278823107017543680
1278823108401672192
1278823110695890946
1278823111345881088
1278823123727585281
1278823140508958723
1278823149417697281
1278823153209393152
1278823211774423041
1278823211862548481
1278823218103681026
1278823248013099008
1278823299548688385
1278823300244869120
1278823321317015552
1278823329365921796
1278823358914756619
1278823396294492166
1278823404624400385
1278823409338724352
1278823425524428801
1278823429672546306
1278823476099514368
1278823497012137984
1278823560472154115
1278823564041314306
1278823564645302280
1278823594114592769
1278823612686852097
1278823616776491008
1278823618999435268
1278823635415977984
1278823639329075200
1278823677170245633
1278823681741983745
1278823686116532225
1278823714759589888
1278823719671156736
1278823761895198720
1278823770283585536
1278823795176779777
1278823806656811009
1278823835677208582
1278823891461382145
1278823895030587393
1278823908142133249
1278823912634081280
1278823916065247237
1278823921282764800
1278823933240700928
1278823945844559877
1278823990430179328
1278824016921460737
1278824033677688832
1278824050295529474
1278824083891732481
1278824102191489024
1278824132864389120
1278824139084779524
1278824144210182151
1278824193157668864
1278824222262001664
1278824251320139776
1278824260975251456
1278824280994832386
1278824302457094147
1278824302536560641
1278824304722010112
1278824323298537473
1278824348770590720
1278824364880924673
1278824369133887488
1278824375295377411
1278824381985128448
1278824386125017093
1278824390013136896
1278824395209875457
1278824415380242432
1278824419448815621
1278824428550467585
1278824520493621248
1278824553704235008
1278824575480983553
1278824604593729541
1278824666925129729
1278824680451747840
1278824685078224897
1278824692141490188
1278824705135464450
1278824718053920768
1278824726530572288
1278824768607846400
1278824840238112774
1278824851743129601
1278824898098577408
1278824919103606786
1278824935608193027
1278824959960367106
1278824969322016768
1278824973071724554
1278824977651781632
1278824985927094272
1278824991912427520
1278825032098119683
1278825033914183681
1278825034602201089
1278825038364446721
1278825040440672259
1278825045318668293
1278825051844939777
1278825053086515200
1278825094689828865
1278825119822090240
1278825145604415490
1278825158543912960
1278825179108573185
1278825238202114049
1278825252647309319
1278825258754211840
1278825271819370501
1278825272138235904
1278825313674252288
1278825361531428869
1278825372465782784
1278825388852961286
1278825394313900033
1278825405982507008
1278825410046955520
1278825486391472130
1278825493832372226
1278825514233446400
1278825573201166341
1278825636384116737
1278825648337846279
1278825662527213569
1278825665232375808
1278825702863900672
1278825706923765760
1278825711139033088
1278825744962117632
1278825752910352384
1278825753174577156
1278825762251038720
1278825770853511168
1278825779132985344