1282812048582180866
1282812049190457345
1282812050255863815
1282812053003145217
1282812062108921856
1282812074385645571
1282812110276145153
1282812134133555202
1282812143562371072
1282812144736583680
1282812158351413256
1282812167239036928
1282812180526702592
1282812190299312128
1282812196259606530
1282812243311091717
1282812255583830016
1282812259383689216
1282812262953222145
1282812268225327105
1282812276077101063
1282812280359358465
1282812284809752577
1282812289545113600
1282812293722574848
1282812305835606017
1282812311787503617
1282812329659232257
1282812329806233606
1282812338429546496
1282812347288035328
1282812350995677184
1282812354208686088
1282812360219140098
1282812362580361216
1282812434948993024
1282812449016688641
1282812465022226432
1282812476833366017
1282812482159955974
1282812494143262721
1282812497972604928
1282812527378931712
1282812531615174664
1282812539844218880
1282812581892292609
1282812582764539904
1282812594659655683
1282812611671855104
1282812662250905606
1282812687240638464
1282812754659807232
1282812775262154753
1282812783600566274
1282812791653425153
1282812800310693888
1282812804211240960
1282812810527862784
1282812829448523777
1282812830442418176
1282812846020100097
1282812850956722176
1282812885798776834
1282812892618924035
1282812892967043074
1282812913246494721
1282812925699395584
1282812926164791296
1282812942677954561
1282812959601893377
1282812964035231746
1282812980749533185
1282812981361938436
1282812987628122112
1282813014224371712
1282813027289636869
1282813039109124101
1282813043639033857
1282813047510233090
1282813084940111873
1282813085397417984
1282813087582769152
1282813095929278464
1282813110269534208
1282813144457502722
1282813147108302848
1282813177512595456
1282813199159525378
1282813207149772801
1282813257628213250
1282813267803439105
1282813270672510976
1282813282655645702
1282813291379806208
1282813303203311616
1282813308203085835
1282813327509512192
1282813328750981120
1282813356030734340
1282813366939947008
1282813372325597184
1282813379439144961
1282813400364482561
1282813429183586304
1282813429884030981
1282813480353980416
1282813487576735745
1282813487908036618
1282813509328404487
1282813538160041986
1282813551560716289
1282813572385353730
1282813588571328513
1282813594661531649
1282813595919609856
1282813596813189122
1282813614085341185
1282813621907619841
1282813626949279744
1282813659979419650
1282813663791833088
1282813718498140161
1282813719182016512
1282813727495127046
1282813760789450752
1282813761422798849
1282813764887248897
1282813768414584834
1282813774588780551
1282813780733419521
1282813785569464321
1282813786114551808
1282813797569187840
1282813814367498242
1282813823964057600
1282813831454920704
1282813834005102592
1282813841735393283
1282813846466564096
1282813888673841154
1282813895250374656
1282813899214073856
1282813911499251713
1282813924715515904
1282813944919400448
1282813969963651073
1282813982613671937
1282814003832553475
1282814029715693569
1282814033553494019
1282814034010615816
1282814042021621761
1282814045918244865
1282814046505504768
1282814071683915778
1282814096690176001
1282814104390955009
1282814104437010433
1282814125647765512
1282814133923020802
1282814143033217024
1282814146749308928
1282814173571940352
1282814188986007552
1282814189153718273
1282814205696126976
1282814230362755073
1282814237593743360
1282814248528338949
1282814268912447488
1282814277070524418
1282814282913046528
1282814293151490049
1282814293382172675
1282814297261957121
1282814306279731200
1282814338147983362
1282814345236418561
1282814368476889088
1282814369156472832
1282814393097560067
1282814419467198472
1282814423153946632
1282814423632089099
1282814455294853121
1282814461431054336
1282814520163995650
1282814548332802048
1282814552996868097
1282814565366079497
1282814569820196864
1282814591731486720
1282814592695992325
1282814595753807872
1282814597297299459
1282814616947486720
1282814654180241408
1282814663114346496
1282814666654326785
1282814666717245440
1282814763349794816
1282814771394498561
1282814775639126018
1282814847613169667
1282814872493883393
1282814876226850817
1282814893243068416
1282814897605300224
1282814914340454400
1282814930312470529
1282814931788861441
1282814968715513860
1282814969231310849
1282814987677970433
1282814989854576640
1282815002253103106
1282815023547637763
1282815048000446467
1282815068829372424
1282815073380073474
1282815074101592067
1282815077402308608
1282815098122313731
1282815128371634182
1282815161368227841
1282815237180149760
1282815287155466247
1282815308453933056
1282815319078326272
1282815323360681984
1282815333418577921
1282815367035879424
1282815382911418368
1282815398778269701
1282815400431017984
1282815429916884995
1282815433708576769
1282815468508766214
1282815489077469185
1282815509432545281
1282815510669819911
1282815523848257536
1282815539434446854
1282815551979626499
1282815556198924288
1282815560913485831
1282815589560582150
1282815614827069442
1282815631218348032
1282815672410611712
1282815685605953540
1282815710868144130
1282815727666262021
1282815746700185602
1282815765389824001
1282815798344589313
1282815832234565637
1282815845895475201
1282815940426489856
1282815991823708166
1282816065207230465
1282816068143263745
1282816079966941184
1282816088586227713
1282816092889583618
1282816105027796992
1282816105078312960
1282816117606625280
1282816131061952512
1282816138594967558
1282816139387699200
1282816201563889665
1282816214176354304
1282816214344097799
1282816230819340288
1282816232949862400
1282816269503180800
1282816298183831552
1282816302927745026
1282816324130017283
1282816336004026368
1282816372838248450
1282816386184679424
1282816393281441798
1282816403414740992
1282816413342679040
1282816420334776327
1282816424587808769
1282816424852029440
1282816436595912704
1282816437053059072
1282816469030572033
1282816473866608643
1282816490425679872
1282816504346619904
1282816509883162624
1282816537552773120
1282816546553856000
1282816591890206720
1282816637486247938
1282816642293080067
1282816659603042306
1282816662668849153
1282816671921537024
1282816687436259328
1282816688753463297
1282816755354628096
1282816768046772224
1282816773117509632
1282816788573507584
1282816797880676354
1282816801789943813
1282816818747514882
1282816818801831936
1282816830927785986
1282816833310130179
1282816859977461761
1282816872610586631
1282816877215928320
1282816923676348428
1282816927442894850
1282816961055989762
1282816974070964225
1282816981624709120
1282816995054899201
1282817007616917504
1282817055088050182
1282817057550106626
1282817090735529984
1282817103330975744
1282817116027211778
1282817124570931200
1282817136789004289
1282817166757318658
1282817179113725953
1282817179361181696
1282817191029678085
1282817197711036416
1282817204514422791
1282817217273499650
1282817309128691712
1282817317550735361
1282817363499315201
1282817367957962753
1282817372051648514
1282817403328638979
1282817422337232897
1282817459125399556
1282817490016301057
1282817493623595010
1282817544043339789
1282817561189646343
1282817582278615040
1282817585772363777
1282817599009521664
1282817641233690626
1282817648598777857
1282817665535541248
1282817672581771264
1282817681780084738
1282817707839303681
1282817707877052419
1282817711647719431
1282817711849054209
1282817718631100418
1282817727787225089
1282817747924258816
1282817800084627457
1282817808104136704
1282817829037727744
1282817846163247104
1282817865834356736
1282817867671646209
1282817875116515329
1282817875426840576
1282817895672819713
1282817954757750784
1282817984063471620
1282818001583198208
1282818005999788034
1282818034948685824
1282818060403924992
1282818097636876288
1282818106772119552
1282818118675570688
1282818122593050624
1282818151898583042
1282818173436338178
1282818235776110592
1282818236258627584
1282818236707475456
1282818248359247877
1282818248510181376
1282818278209884160
1282818279594057728
1282818282425180160
1282818285420130307
1282818306194509824
1282818338737930241
1282818341036609536
1282818395042271232
1282818395713540097
1282818408745177089
1282818413291876352
1282818438730219529
1282818439866978306
1282818441225920514
1282818441800323072
1282818446179348481
1282818453993185282
1282818459915751426
1282818512113852423
1282818517289631746
1282818550906982400
1282818597912543233
1282818630598656000
1282818630854402048
1282818639448563712
1282818639582892032
1282818643068358656
1282818646532927489
1282818646767796225
1282818647791214593
1282818671987978240
1282818689436352512
1282818711133487105
1282818739390619648
1282818806901927936
1282818810349789185
1282818831451217920
1282818844164100097
1282818873717334016
1282818882135363584
1282818891245326336
1282818932303441922
1282818979032072192
1282818987630313472
1282819000720936967
1282819021138608130
1282819116403957760
1282819129473474560
1282819129674813443
1282819146112053248
1282819150138597376
1282819151019433984
1282819153187893248
1282819157877297153
1282819161584877569
1282819204672937984
1282819208934379520
1282819219202232320
1282819219940192258
1282819243403358210
1282819259337371648
1282819289024733184
1282819305923633152
1282819313695588352
1282819326408626180
1282819326848888833
1282819335472504834
1282819339385593858
1282819347103219714
1282819439264702465
1282819570731028486
1282819611629457408
1282819617619095552
1282819620110573570
1282819628947906565
1282819632836083713
1282819645343506434
1282819704197971969
1282819753845895169
1282819812373098496
1282819834225455104
1282819847513047042
1282819863975587840
1282819871877652480
1282819895982305280
1282819917872537602
1282819918245888000
1282819931159969792
1282819939376623616
1282819968908894208
1282819980942344194
1282820010365399041
1282820017646518274
1282820018783293441
1282820036516646913
1282820039159296000
1282820090522669056
1282820100525977600
1282820103164375042
1282820123410268160
1282820138258051073
1282820165248389120
1282820165537759235
1282820173620289536
1282820219790954496
1282820232525090817
1282820241253269505
1282820249222512643
1282820270345027586
1282820305736609797
1282820308173557761
1282820308240609280
1282820311524814848
1282820365840977922
1282820369603268609
1282820383633072128
1282820441946517505
1282820449861173248
1282820471835238401
1282820521609048064
1282820551095078914
1282820576017555464
1282820622515675137
1282820639653597185
1282820644070060032
1282820649333874688
1282820656552443904
1282820681239953409
1282820698092769280
1282820715608256512
1282820723896012800
1282820727465553926
1282820735749111809
1282820764509626368
1282820765558214658
1282820773376192512
1282820781471232000
1282820782280683520
1282820839742697473
1282820849104490501
1282820849226190848
1282820857501540359
1282820874169659393
1282820901139091456
1282820936744472582
1282820941035315205
1282820950472437762
1282820952598786048
1282820954750681093
1282820986350399489
1282821008865538048
1282821011767992321
1282821025781166081
1282821058928750597
1282821067426455552
1282821071733846016
1282821113488248833
1282821146811850752
1282821147160129538
1282821155989094402
1282821163673161728
1282821168370782213
1282821201073561601
1282821214881316865
1282821222246440962
1282821222917648384
1282821226419810304
1282821239204184067
1282821253800300545
1282821278328664064
1282821282300665856
1282821297203023873
1282821298066911233
1282821348033691648
1282821375711776768
1282821422910525441
1282821423862624257
1282821427742142464
1282821449057742850
1282821455236026370
1282821486395355136
1282821487095943169
1282821503092813824
1282821537536647168
1282821554305409025
1282821575079796737
1282821662476394497
1282821683917672449
1282821688359555073
1282821713659559937
1282821729849663488
1282821745532178432
1282821751148179456
1282821761516568578
1282821767870984192
1282821780202074114
1282821801517686784
1282821810883637260
1282821813949489152
1282821814062915584
1282821822006910985
1282821855431229447
1282821888981573632
1282821897676357637
1282821901916798976
1282821927309017088
1282821994149490688
1282822044468609026
1282822060968902657
1282822063464411136
1282822069663731713
1282822073535127554
1282822118862917633
1282822144620146695
1282822163146260480
1282822165956460544
1282822166027763713
1282822170146680832
1282822174299099142
1282822191898398720
1282822207794827265
1282822220893446144
1282822229173002240
1282822238195130373
1282822259015475200
1282822266615672832
1282822279454511107
1282822300505530368
1282822308630061057
1282822313981939712
1282822329781886976
1282822384014315522
1282822464582680577
1282822472522506241
1282822502876450816
1282822505644937219
1282822518668234753
1282822529887940608
1282822577216532480
1282822581574230016
1282822588985683969
1282822627556569097
1282822644178583553
1282822646527406082
1282822662167965697
1282822677951111169
1282822703540391937
1282822732275544064
1282822732393197570
1282822740660178944
1282822749560475649
1282822769843945473
1282822795613941762
1282822808167419905
1282822824499900416
1282822829222830080
1282822833152942080
1282822837636562944
1282822841147236353
1282822854287880192
1282822865604222977
1282822873900437504
1282822883862024193
1282822899917881344
1282822908713275392
1282822910965579776
1282822916590243845
1282822917814759424
1282822925863866368
1282822963075485696
1282822983858507776
1282822992037212160
1282823017702264834
1282823047100104705
1282823048601710594
1282823059624341504
1282823080369250305
1282823096903389184
1282823130453598210
1282823152549142528
1282823156185600000
1282823177320660992
1282823201706389504
1282823205174956038
1282823218731065344
1282823243632607233
1282823258224631809
1282823269247258626
1282823311370547200
1282823319855812608
1282823323571769344
1282823348511297537
1282823357616930816
1282823371823226880
1282823374536925186
1282823377380618242
1282823378362150919
1282823381809758209
1282823382791147521
1282823419789115392
1282823424763744256
1282823436515958784
1282823445693247489
1282823454291525632
1282823463980298240
1282823470661939201
1282823475292442625
1282823495324336129
1282823499741040641
1282823536915218434
1282823568666107906
1282823596126208005
1282823605517246466
1282823625888890883
1282823630519402498
1282823688627396610
1282823697028481024
1282823702430789633
1282823705114972160
1282823710227992582
1282823739084869638
1282823757480984578
1282823763852095488
1282823776892264450
1282823781208084480
1282823822983467014
1282823869745844224
1282823877240987649
1282823894391390208
1282823898057396224
1282823898799775750
1282823906743726080
1282823910782902276
1282823928403169280
1282823948288299008
1282823953573195781
1282823994882785280
1282824020468146180
1282824023819386880
1282824028042870784
1282824036343517188
1282824044849573893
1282824079511347202
1282824169055563777
1282824204384182277
1282824208016433152
1282824259212128259
1282824259543465984
1282824263272210438
1282824267340623873
1282824278010998789
1282824309350817793
1282824318641217536
1282824334537625601
1282824404825714691
1282824418260115457
1282824430167760898
1282824435385286657
1282824464279822337
1282824506533445634
1282824544408018946
1282824552674758656
1282824565576663050
1282824628247773184
1282824645134123008
1282824649672478724
1282824662213263361
1282824670383935491
1282824673558966274
1282824684539727875
1282824699521699847
1282824716508684288
1282824737551519755
1282824779049791489
1282824779242692608
1282824813619232770
1282824829616488452
1282824862709448705
1282824890836373505
1282824942468214785
1282824942795579394
1282824951528075266
1282824962626039808
1282824967474872320
1282824976710737921
1282825085796188160
1282825089029935115
1282825089558315008
1282825112979472390
1282825139290353666
1282825206332088323
1282825210874548227
1282825211692429315
1282825237407494144
1282825242239434752
1282825278520090624
1282825299034505216
1282825341216657409
1282825357763022848
1282825365979881473
1282825390449291269
1282825395717525504
1282825430098051072
1282825437274689538
1282825440676253696
1282825454664265737
1282825456236912640
1282825474977288194
1282825481012809728
1282825500977659906
1282825504949710854
1282825505134321664
1282825543130513408
1282825547056201728
1282825559257624580
1282825593613168643
1282825601103966208
1282825621786234885
1282825629965025281
1282825672562364416
1282825676379295750
1282825686990893059
1282825691210428419
1282825723519152133
1282825731291049985
1282825744037494784
1282825747514757121
1282825755970461696
1282825756226142208
1282825756494770177
1282825807132602368
1282825827525238784
1282825836018708480
1282825861134192641
1282825869426225153
1282825874744782854
1282825878456557569
1282825921309716480
1282825932336533504
1282825946127413248
1282825962506387456
1282825990624800770
1282826004440985601
1282826009235030020
1282826029309009920
1282826054814642177
1282826071247904769
1282826125895491584
1282826150293766152
1282826231113711622
1282826235538800640
1282826262986264578
1282826268052865024
1282826289586384896
1282826314282672129
1282826322310463492
1282826327809302530
1282826339322494981
1282826344099766272
1282826349401563137
1282826379659104257
1282826385250291714
1282826402992136193
1282826403898175488
1282826410474696705
1282826423506534401
1282826439696330752
1282826460856819714
1282826465373872128
1282826478015483906
1282826486093840385
1282826494226640897
1282826507111596033
1282826538610831364
1282826562140639232
1282826570311380994
1282826590632710145
1282826620311465985
1282826657913397248
1282826691799388160
1282826704193495044
1282826721037697026
1282826721570373633
1282826725685186565
1282826741967253504
1282826763484254209
1282826775282819072
1282826792777195521
1282826805276106758
1282826834250530817
1282826879356067841
1282826901875294214
1282826905746583554
1282826927238078469
1282826930706771968
1282826934758637569
1282826943134457856
1282826943209992192
1282826947635154944
1282826966719008769
1282827010323222528
1282827016748675072
1282827052379299840
1282827060122210304
1282827090874601473
1282827094465150976