1280018645935173632
1280018748443897857
1280018819310903298
1280018836759228423
1280018839460184064
1280018907852681222
1280018915255599104
1280018933098012673
1280018936365539329
1280019003763642370
1280019048739160066
1280019079584034816
1280019131039756288
1280019133564719105
1280019150124077056
1280019193509883905
1280019246693539840
1280019290784067584
1280019306454020102
1280019310325272576
1280019377136558080
1280019478160396288
1280019503934402561
1280019532937965568
1280019558766645249
1280019582812426240
1280019600881651713
1280019650701484032
1280019658670632961
1280019843383607296
1280019868201426944
1280019905371398144
1280019906352877570
1280019909217415169
1280019933787717632
1280019956625702912
1280019969518911490
1280019981292326914
1280019998799532032
1280020061147856897
1280020094802735104
1280020132153057280
1280020275288051712
1280020380241936384
1280020391746912257
1280020402434170881
1280020447749451779
1280020471774236672
1280020478870974467
1280020560018194432
1280020564254625792
1280020581702868992
1280020593497329664
1280020623381737472
1280020627898982400
1280020643577237505
1280020761168588801
1280020828265086976
1280020837823889409
1280020887131963392
1280020898570031104
1280020917108736000
1280020963707453441
1280020967515983872
1280020987292127232
1280021013141442561
1280021025040654336
1280021046440189953
1280021055302561792
1280021150806884352
1280021157349998593
1280021184919158784
1280021196214599680
1280021235267764224
1280021272869638144
1280021301650849792
1280021314682720259
1280021331204026369
1280021336006549505
1280021369057656832
1280021384605757440
1280021387302879232
1280021437605122048
1280021454092857345
1280021492131155969
1280021567930601475
1280021644656795653
1280021651565039618
1280021699119820805
1280021742312882176
1280021748042420228
1280021771610177537
1280021780149579776
1280021792724324354
1280021817839611905
1280021845232750593
1280021854824960001
1280021903126589440
1280021979622498306
1280021982004883457
1280022018381905921
1280022035935174656
1280022074291961857
1280022082567524352
1280022149906837510
1280022150976614400
1280022158106693632
1280022204000931840
1280022246795296768
1280022254873649152
1280022262540718081
1280022271159984128
1280022281398259713
1280022293654142976
1280022306698473472
1280022363954790400
1280022383999533056
1280022430765871104
1280022451628306432
1280022517957214208
1280022523518898176
1280022528560431104
1280022528589619206
1280022563046019072
1280022673322639360
1280022695464271872
1280022707250376706
1280022727932481537
1280022737319124992
1280022745707720704
1280022917653422083
1280023030916358149
1280023052387041285
1280023117914673154
1280023121794199552
1280023134632964097
1280023135178260480
1280023170595119104
1280023278212411394
1280023296004681730
1280023349482213376
1280023434609770496
1280023450267025413
1280023479538970630
1280023491383660545
1280023505258643457
1280023550401769472
1280023551261601792
1280023556319932416
1280023588330971142
1280023634459975682
1280023639564451841
1280023658795319297
1280023664977514497
1280023743100747776
1280023748351934469
1280023751485042689
1280023769101348864
1280023828362559488
1280023883068764160
1280023924667904006
1280023941344448512
1280023992343105537
1280023994956222469
1280024008352649221
1280024053550637057
1280024057719783424
1280024058688679941
1280024083514753024
1280024091462754304
1280024127236014080
1280024142423547905
1280024167459500033
1280024168302592003
1280024271750717440
1280024402092908545
1280024414889926657
1280024451409567744
1280024452273766403
1280024498729779201
1280024519512637441
1280024541436116994
1280024582322360320
1280024607290949632
1280024649930346496
1280024665839239168
1280024729013886977
1280024741382959105
1280024778880036864
1280024788224872448
1280024846034862080
1280025022904455168
1280025064751026176
1280025145751543809
1280025224101142529
1280025229000138752
1280025241574498304
1280025274151813121
1280025308318650368
1280025312131076096
1280025333501014016
1280025417605214209
1280025471716143105
1280025514082734080
1280025618831208450
1280025655116251137
1280025723298865152
1280025757582942208
1280025758233059328
1280025794903867393
1280025877867384834
1280025881709289474
1280025888856387584
1280025894933807111
1280025983362400258
1280025998185152513
1280026121996820480
1280026122831507456
1280026138283257857
1280026164216684544
1280026164564819969
1280026226476945409
1280026238980108288
1280026263827156992
1280026372816199681
1280026377295671299
1280026399332397056
1280026402767716352
1280026478873370624
1280026499484127233
1280026554089771008
1280026616211570689
1280026642656657409
1280026663212941312
1280026671337181184
1280026688525668361
1280026713758498817
1280026755672219648
1280026780007530498
1280026842519556099
1280026851604197376
1280026934689304577
1280026945309118465
1280026981627834373
1280027006873350144
1280027032626368513
1280027083201220618
1280027128789164034
1280027216500285441
1280027283722362881
1280027333689303041
1280027371819712513
1280027431936516102
1280027446926962689
1280027564766101504
1280027598651904002
1280027607191478277
1280027659536404485
1280027691119411200
1280027715089899520
1280027715970752516
1280027731846184961
1280027788230230016
1280027791258300417
1280027807792447488
1280027943645970432
1280028143592656899
1280028160885587970
1280028164396212224
1280028354616459264
1280028362124046336
1280028478935429122
1280028499844182017
1280028543104114689
1280028589304446976
1280028723513667585
1280028795035140097
1280028814177959936
1280028848000659457
1280028961234436099
1280029095305371648
1280029124686499842
1280029137063735296
1280029175206666240
1280029321264984064
1280029333588004865
1280029380681629697
1280029402789748738
1280029435635228672
1280029464148144128
1280029480816308225
1280029490236854273
1280029644800983041
1280029670465867782
1280029717429616641
1280029745158258689
1280029749163651073
1280029809096003586
1280029850477051905
1280029869477257217
1280029875676438535
1280029946455482370
1280029970123767809
1280029996845658112
1280030030115098625
1280030031155040256
1280030073899192320
1280030098729709568
1280030139284205568
1280030177817321472
1280030185388204032
1280030249753833472
1280030290564354048
1280030443711201286
1280030443761315840
1280030551525732357
1280030599424573441
1280030606072545282
1280030630198337537
1280030635797725185
1280030671558320129
1280030730395848704
1280030794602381313
1280030811052478464
1280030836616814592
1280030915503087616
1280030948038451201
1280030953901969409
1280030958385651712
1280031041558888450
1280031042091593728
1280031058801680384
1280031062568009730
1280031092721016834
1280031108885696512
1280031167396245504
1280031171410157568
1280031191089975296
1280031213084868613
1280031237021634560
1280031238569385984
1280031268558823424
1280031271884734465
1280031300728971264
1280031305607118848
1280031364553871360
1280031394291257344
1280031431201378304
1280031507357134849
1280031510540750848
1280031587023945728
1280031596402348032
1280031648827019266
1280031712936783872
1280031733702950914
1280031738412986368
1280031795958800387
1280031837914566656
1280031842805186560
1280031881606516737
1280031915014344704
1280031922425671681
1280031938732908545
1280031944152018944
1280032063605764097
1280032073311555585
1280032074129383424
1280032074905370629
1280032207462006784
1280032284406616066
1280032320108457984
1280032342258548737
1280032367390965761
1280032394452635649
1280032417454141441
1280032439218429953
1280032484936216578
1280032543279104000
1280032555350331392
1280032568822435840
1280032573314551808
1280032589043163137
1280032605463814149
1280032611193290752
1280032647427682304
1280032668684398594
1280032694856871939
1280032732370747392
1280032732395925504
1280032749416517632
1280032867419127809
1280033003809452033
1280033013087309826
1280033034130149377
1280033093638897665
1280033155798319104
1280033167366410240
1280033183745159169
1280033294021689345
1280033348983812097
1280033395477606405
1280033399114215424
1280033574490714114
1280033617062789120
1280033634158813185
1280033708733394946
1280033717080264705