1281000109656944645
1281000113930932232
1281000131127472128
1281000135225479173
1281000160601018369
1281000171871092739
1281000189470228480
1281000201281552384
1281000212207730688
1281000213445062658
1281000223695876098
1281000231769976832
1281000269744992256
1281000285037617153
1281000298308395009
1281000322320785408
1281000336774365184
1281000353584963584
1281000367766089731
1281000391052652544
1281000424133230594
1281000429275381760
1281000449798287360
1281000458337861632
1281000471059144713
1281000487538606084
1281000562541178883
1281000592417185792
1281000606392619008
1281000659085668357
1281000713351581699
1281000713838092295
1281000726953689089
1281000764509433856
1281000768896741379
1281000831307837441
1281000857903849475
1281000865776775169
1281000876241494017
1281000903282049024
1281000944336060416
1281001008634556416
1281001014619860993
1281001044907102208
1281001058471378951
1281001088578191360
1281001095486156800
1281001104600334336
1281001108408872961
1281001157939400705
1281001209571278855
1281001246506221568
1281001297815261184
1281001309936779270
1281001334788014084
1281001378278711297
1281001423551885312
1281001458016477184
1281001514106892288
1281001523141464065
1281001527759552512
1281001554070269952
1281001565579444225
1281001586240573441
1281001595019440130
1281001643664912384
1281001758903267328
1281001797755207680
1281001830802169857
1281001847583461376
1281001854709661696
1281001855317876749
1281001880198537216
1281001883017117696
1281001908749115399
1281001913278922752
1281001963576889344
1281001980920504323
1281002035492589570
1281002081453826049
1281002093877301249
1281002111094923273
1281002150466859019
1281002191940190208
1281002252216553472
1281002264275103744
1281002266254860293
1281002403706306560
1281002443803770881
1281002482529906689
1281002496442458114
1281002509595807744
1281002556521680896
1281002573311414273
1281002605989244929
1281002609763966976
1281002641540231168
1281002663526772737
1281002689535660035
1281002702688813057
1281002794556801024
1281002807487799297
1281002871836815360
1281002907442089984
1281002952673710080
1281002978720256000
1281002979009744896
1281002991399530496
1281003012643848192
1281003029391646720
1281003033204318209
1281003046680616960
1281003054096138247
1281003108835962882
1281003155505872896
1281003159565918208
1281003189190475776
1281003231133368320
1281003297466232832
1281003360427139075
1281003404530118656
1281003419625566208
1281003420069949440
1281003424293826563
1281003456816267265
1281003478610055168
1281003481919369227
1281003482644955137
1281003505583566859
1281003532334714880
1281003541528748040
1281003557785948161
1281003578233102336
1281003675800997890
1281003686295228417
1281003688459489282
1281003696030191628
1281003708759838722
1281003711838519305
1281003784710139904
1281003800052916225
1281003819879608322
1281003821381148672
1281003858399903745
1281003875542106112
1281003898963025921
1281003925940953088
1281004011382960131
1281004019570401287
1281004055758807042
1281004069776240652
1281004090680643589
1281004114990845954
1281004119910748163
1281004123849138176
1281004150684364807
1281004170632404996
1281004187246092289
1281004195613679616
1281004229235179522
1281004245492338689
1281004283870183425
1281004290752962562
1281004302757179395
1281004316858474505
1281004363276681216
1281004527047581697
1281004584199229446
1281004644358119425
1281004673336406016
1281004716114182144
1281004724280422400
1281004757394632707
1281004786855313409
1281004812461621248
1281004824511696896
1281004832501968901
1281004837274935296
1281004864793952257
1281004865980903424
1281004895848460294
1281004904102985730
1281004916488749056
1281004929482711046
1281004954111537152
1281004965578903552
1281005021295865858
1281005070746890240
1281005083824709632
1281005122043215872
1281005143513862146
1281005148802822144
1281005151462055939
1281005155891150849
1281005193090469889
1281005194457858048
1281005197779587073
1281005223964639232
1281005226837884928
1281005262531440640
1281005366176874501
1281005381997789184
1281005412062380032
1281005495365578753
1281005520078299137
1281005529859592192
1281005583391326208
1281005613212774400
1281005626009796608
1281005679507935232
1281005696587268096
1281005717865082886
1281005743513182208
1281005776480460802
1281005785502318599
1281005822231883776
1281005911373463566
1281005952582529026
1281005982420627456
1281006015815782403
1281006049038946306
1281006065690333184
1281006066331987968
1281006091585720320
1281006096346423296
1281006107444547586
1281006115870867456
1281006143335092224
1281006146346770433
1281006192454664192
1281006196548202496
1281006200390287360
1281006238164123648
1281006243868479489
1281006284523941888
1281006376257495043
1281006397006778369
1281006405928079360
1281006460848218114
1281006473636646912
1281006489923211265
1281006502006755329
1281006580679483392
1281006581660991488
1281006599276867584
1281006632143634433
1281006753937850368
1281006762431139840
1281006784073928725
1281006790457647104
1281006808249835520
1281006830060220416
1281006842747875329
1281006846044758016
1281006896615493632
1281006938730332162
1281007005470060546
1281007035543404547
1281007064462979072
1281007125096017924
1281007140166160384
1281007164555960320
1281007185640796161
1281007194754945025
1281007219417378816
1281007236664430593
1281007302120747010
1281007315676622848
1281007315848699916
1281007329983361025
1281007340901281795
1281007349277155329
1281007351487741958
1281007374979883008
1281007379098800131
1281007399478759424
1281007479845982215
1281007492596719621
1281007533621227520
1281007538041839616
1281007542018203649
1281007542361927680
1281007567838294016
1281007666920165377
1281007680346378240
1281007744116420608
1281007771882631168
1281007777528373249
1281007786810175488
1281007797937811458
1281007865482764293
1281007878124388353
1281007928561016833
1281007932453400576
1281007940846014465
1281007960618131458
1281007978850717696
1281007983388790784
1281007991144284162
1281007999461416961
1281008020533710848
1281008025533394945
1281008046114607105
1281008059058393088
1281008070617903104
1281008070768893954
1281008083989299209
1281008112825237505
1281008138808852480
1281008150703988738
1281008159058825217
1281008192567291908
1281008276889575426
1281008301963124737
1281008322196508672
1281008373413089281
1281008377498267648
1281008397341655046
1281008448986124288
1281008516044595206
1281008566229331968
1281008608294158340
1281008637746561029
1281008650165813254
1281008658533412864
1281008716557533189
1281008742465703936
1281008750967562242
1281008751152189443
1281008803778093060
1281008817480724480
1281008881003610119
1281008926146940928
1281008930655801344
1281008947382480897
1281008960095559680
1281008977761927168
1281009001979920384
1281009060385562625
1281009214018772993
1281009303520866306
1281009345350610945
1281009389113978881
1281009404909768710
1281009434584465408
1281009438535581696
1281009493057421312
1281009634959122432
1281009673462743045
1281009698792255490
1281009707251929088
1281009710947282949
1281009917147721728
1281009920196911105
1281009937091567619
1281009966955073539
1281010001679511552
1281010042528030722
1281010058806132736
1281010064422170626
1281010071917465600
1281010079857287169
1281010085716733952
1281010109380886529
1281010126183424000
1281010130709032967
1281010134681034752
1281010142687965185
1281010202104520706
1281010268311416833
1281010268890435586
1281010268932358144
1281010284623167488
1281010318794035200
1281010398590758912
1281010415582031872
1281010415795765248
1281010499409379332
1281010549657133057
1281010587082858496
1281010612718284800
1281010625456623617
1281010776317153280
1281010805618728960
1281010805941702657
1281010813856251910
1281010830390243328
1281010856357068800
1281010863873327113
1281010880918913024
1281010889404153856
1281010915068919809
1281010931754053633
1281010952259940353
1281010956831686656
1281010981548802049
1281010995255631872
1281011003426127873
1281011040692527105
1281011060611248128
1281011123106373632
1281011158598680578
1281011175241601024
1281011180891279360
1281011209081360389
1281011216635191297
1281011224956657664
1281011246548934656
1281011296423546880
1281011296838782976
1281011317403521025
1281011338261774337
1281011432708911104
1281011472248770564
1281011556202024962
1281011556722106369
1281011572823912448
1281011610635689988
1281011610962857984
1281011623310659585
1281011649298812929
1281011660900061185
1281011680722300933
1281011690851598336
1281011803426664449
1281011803510767617
1281011804219387906
1281011837572722690
1281011864730832900
1281011886327320584
1281011937678163968
1281012001494437893
1281012005525217286
1281012011162361856
1281012017709543424
1281012022105292801
1281012049988984835
1281012063599353856
1281012067831513088
1281012098076684291
1281012106045714433
1281012107106938881
1281012189969764352
1281012257661607939
1281012360925380609
1281012366381989888
1281012382681010176
1281012399135502337
1281012420090056704
1281012438054383626
1281012440982003713
1281012445612511239
1281012466974146560
1281012479691128832
1281012508598448129
1281012520959041549
1281012521437147152
1281012559261425665
1281012567389827073
1281012569281626112
1281012622649970688
1281012632670142465
1281012697597792256
1281012701871984641
1281012713649573889
1281012747354996742
1281012756431417344
1281012785095335936
1281012790405234693
1281012792150183937
1281012811267739650
1281012911255834629
1281012937054982147
1281012952691363843
1281012957808394240
1281013044961775618
1281013074648915968
1281013112825495552
1281013115627372544
1281013166718152704
1281013209315639296
1281013271856734209
1281013276126646274
1281013325858344960
1281013422692466698
1281013592888799232
1281013729040220163
1281013775383121922
1281013825244925952
1281013830307495936
1281013850398048256
1281013879938723841
1281013880177807370
1281013884237668353
1281013888079802368
1281013918241095681
1281013947852828677
1281013970011328519
1281013976902643713
1281014013900410880
1281014026886017025
1281014136412033024
1281014151712665600
1281014206804955141
1281014211649441792
1281014315634642944
1281014454826733568
1281014547583651840
1281014568320471045
1281014645541818376
1281014656442785793
1281014659781472257
1281014684997562374
1281014735110942720
1281014735207649280
1281014743789076480
1281014756950843401
1281014769311334400
1281014836592246787
1281014870083862530
1281014886802141184
1281015045858574337
1281015096077103104
1281015096177766408
1281015119716265985
1281015138041180165
1281015150128947200
1281015167556386816