1284035111969673219
1284035178562637825
1284035196593926144
1284035213568479232
1284035230014169089
1284035302206722049
1284035362596065280
1284035393269055488
1284035395609677828
1284035408452452353
1284035511133196290
1284035523980472321
1284035532213956608
1284035547439169537
1284035548437450752
1284035569736134666
1284035707837853696
1284035713181384706
1284035830126743552
1284035843716460545
1284035872489439232
1284035872971730944
1284035873307336704
1284035885298835456
1284035902810062848
1284035993381855232
1284036019008999424
1284036058443911168
1284036162278105090
1284036187532009473
1284036216623640580
1284036314078339072
1284036325591576576
1284036380306427904
1284036381141086209
1284036484425752576
1284036497260179456
1284036543519371265
1284036544664240128
1284036564323049472
1284036564754956288
1284036589962719232
1284036611488063488
1284036673706364929
1284036715439689728
1284036740680839169
1284036785333579776
1284036823912783872
1284036850152349697
1284036890451222528
1284036904657117185
1284036925091807232
1284036934692675584
1284036983338209281
1284037005643587584
1284037115056197632
1284037117186801664
1284037122022756353
1284037155392819200
1284037258069176320
1284037332195131392
1284037348515352577
1284037352277577729
1284037388369637377
1284037389611139087
1284037582871883777
1284037596734058496
1284037608004218881
1284037608486711296
1284037623158149121
1284037634092937216
1284037664421720064
1284037683136929793
1284037742976851968
1284037742985457664
1284037761188671488
1284037768277102592
1284037791849078784
1284037815727034369
1284037839835901953
1284037868382380033
1284037881389031425
1284037889899331586
1284037981767110656
1284038019075526657
1284038053858643968
1284038183668158464
1284038246742269953
1284038250391203840
1284038276265832448
1284038281676550144
1284038292321660928
1284038410085294088
1284038413579100160
1284038454804963336
1284038469207994368
1284038488963391490
1284038503148457988
1284038505761583107
1284038509981040640
1284038598493429765
1284038599311319043
1284038599676133376
1284038656328638467
1284038662980866048
1284038712477745152
1284038715497689088
1284038721021644801
1284038737450504192
1284038755016298496
1284038828110512128
1284038836276822018
1284038871349473280
1284038880535035907
1284038942199775233
1284038950328438784
1284039026568081410
1284039034440790016
1284039049620213766
1284039058654666752
1284039080829911040
1284039106549309440
1284039148190474240
1284039198551334913
1284039206193561600
1284039227219509250
1284039251236028416
1284039269179207680
1284039336623833089
1284039362129403906
1284039366776516610
1284039371478511618
1284039379258953730
1284039400280797191
1284039446653001729
1284039450264252418
1284039477015519232
1284039524658683905
1284039526743146496
1284039600890163200
1284039634033479680
1284039642673635328
1284039650974154752
1284039667508301824
1284039697820459008
1284039698218876929
1284039739750793217
1284039742959448064
1284039771052863488
1284039797565161473
1284039878435581954
1284039903299371012
1284039945745829889
1284040045616230400
1284040057641287680
1284040070463475717
1284040095536828417
1284040171562958848
1284040273136242690
1284040275757658112
1284040276084953089
1284040363842383872
1284040432322666499
1284040477273014272
1284040493354156033
1284040560525881344
1284040661939957761
1284040686308818955
1284040732949581826
1284040789362794496
1284040815149346816
1284040837685534721
1284040858367647744
1284040871835508737
1284040960188583936
1284040960385613824
1284040986495078401
1284040993134632962
1284041005570957316
1284041031881646082
1284041110273191937
1284041169639542785
1284041232654770190
1284041237381689344
1284041258084659200
1284041305710948354
1284041316557631488
1284041359586975748
1284041361868705792
1284041467074277376
1284041525987610625
1284041534116179970
1284041584724459520
1284041589501853696
1284041593717231617
1284041597668274177
1284041715054194688
1284041726739570691
1284041735883100160
1284041758582726665
1284041781328457729
1284041836953317376
1284041919853727745
1284041995313393665
1284042037696835584
1284042067585511424
1284042104730259456
1284042108660326404
1284042194026987520
1284042255720996865
1284042289480966144
1284042302143508482
1284042314344611842
1284042333756022784
1284042343759384576
1284042356312797185
1284042376231739392
1284042398369107968
1284042424562704384
1284042453499117568
1284042485854019584
1284042490891374595
1284042532121464832
1284042587108593665
1284042666502651905
1284042666632785920
1284042666670542848
1284042669568790529
1284042680754941952
1284042690494181376
1284042697360183296
1284042725709553664
1284042784236638208
1284042789387288576
1284042793015545856
1284042906127474688
1284042910036561922
1284042955678822400
1284043058603008000
1284043082552442880
1284043110306254848
1284043141503422464
1284043152957911040
1284043291894468611
1284043348353806336
1284043421997506560
1284043422622416896
1284043452355883013
1284043454851375104
1284043459259584512
1284043536116199424
1284043548271099905
1284043620199231488
1284043643733585920
1284043644744404995
1284043645121961989
1284043714894102528
1284043722926297090
1284043777779339265
1284043841201491973
1284043842325536768
1284043949254926336
1284044038195294210
1284044043618377728
1284044047280230400
1284044076543877121
1284044100841267201
1284044131732533248
1284044197641822208
1284044328218681346
1284044370547666944
1284044377980010496
1284044431222439936
1284044482271498240
1284044496049598464
1284044549195804672
1284044562999189504
1284044563171160065
1284044592380129280
1284044600731217922
1284044642640523265
1284044674856923136
1284044692955361280
1284044697128902656
1284044743240908800
1284044746151743489
1284044760588656640
1284044760697774081
1284044798379413505
1284044805501329409
1284044869766270976
1284044877421064192
1284044877639155713
1284044895821467648
1284044905812287494
1284044940297867275
1284044948824883200
1284045003493445633
1284045003661115395
1284045166693818368
1284045183051603969
1284045183143772160
1284045225053155334
1284045238613364736
1284045290262102016
1284045293831495681
1284045322428329985
1284045339192954880
1284045410353512448
1284045498861580288
1284045499205447682
1284045549830733824
1284045553106649089
1284045586245844992
1284045603006185472
1284045632911679489
1284045636183171072
1284045649651159040
1284045658027155456
1284045698846076936
1284045701815717888
1284045757138350080
1284045758283448320
1284045772565041152
1284045778873458690
1284045800448950273
1284045813119950853
1284045816043380742
1284045871554928640
1284045917474025472
1284045934553370626
1284045939372589057
1284045962927919109
1284045985203855360
1284046001548914688
1284046005126692864
1284046009887264768
1284046027679510528
1284046031966007298
1284046105945108481
1284046124538626051
1284046164959141889
1284046202271485952
1284046219564720129
1284046249117671424
1284046275273318401
1284046374183608321
1284046417779060736
1284046427249881089
1284046438629085184
1284046458933706754
1284046459466403842
1284046525484675072
1284046702496768000
1284046711292260353
1284046715524349953
1284046818829950976
1284046824324640773
1284046856457265152
1284046861398151169
1284046886983303168
1284046952057823232
1284046965450272768
1284046999898034176
1284047007435427840
1284047008827944964
1284047041866469376
1284047122472607744
1284047134963175425
1284047150402371585
1284047171726249990
1284047251040395264
1284047293604171777
1284047307001012224
1284047311446970368
1284047351745859589
1284047368225267713
1284047423015456768
1284047427335524352
1284047435552231425
1284047452715151361
1284047490904322048
1284047504494010369
1284047504565252101
1284047537918431232
1284047598932955137
1284047600736505856
1284047649608355840
1284047684400066561
1284047687415988225
1284047695783526400
1284047742394863616
1284047753866211328
1284047754948415495
1284047846283640839
1284047859361423365
1284047871432695808
1284047871688486912
1284047926394748928
1284047945894113280
1284047956560224256
1284048015284527106
1284048030845546496
1284048085895843841
1284048124789641216
1284048153415753728
1284048166309044224
1284048236781670414
1284048246395019265
1284048320743104512
1284048400586092544
1284048421230465024
1284048421641314304
1284048438213185537
1284048463349665792
1284048500930613258
1284048509562388480
1284048513349947393
1284048518118887426
1284048559499870209
1284048593071079425
1284048699677646849
1284048723778121728
1284048724835143683
1284048803767685120
1284048919601782784
1284048924701933569
1284048983002947586
1284049020613201921
1284049030784450560
1284049068558344192
1284049088573591553
1284049112904736770
1284049172241555456
1284049234845741056
1284049244681363458
1284049252960747520
1284049253107728384
1284049280953716738
1284049310473166848
1284049315414106113
1284049370480955394
1284049549166813184
1284049555152089089
1284049560478740480
1284049567093334017
1284049585288224768
1284049658453655555
1284049701059219456
1284049703341039616
1284049784282779650
1284049793963171841
1284049827328937984
1284049830319292421
1284049965669466113
1284049971457687555
1284049990969696258
1284050007495245826
1284050062369226752
1284050066546688006
1284050124415610880
1284050154434301952
1284050183853166592