1282011776003997697
1282011776184471552
1282011804193841154
1282011855582646273
1282011889803816965
1282011913782652931
1282011915930284034
1282011918962700301
1282011920246046720
1282011968962953217
1282011996163117057
1282012026030690306
1282012040450781189
1282012057500446720
1282012087582154753
1282012103214346240
1282012132775731200
1282012173460439040
1282012212048142341
1282012233506213896
1282012242050011136
1282012262098771978
1282012271019847680
1282012338430902272
1282012388494118913
1282012394122813440
1282012396987584513
1282012405803950082
1282012418017812481
1282012478566813696
1282012531498811395
1282012534543982593
1282012543746076673
1282012556601761793
1282012607269003270
1282012619193192448
1282012666056388612
1282012673643737089
1282012683240460293
1282012695257133056
1282012703142424577
1282012728517771264
1282012749015506946
1282012749388632065
1282012753473998849
1282012774831448072
1282012778824253440
1282012803600015360
1282012804002783237
1282012850161094659
1282012886060105734
1282012892561199104
1282012921393025027
1282012950258122752
1282012958638432258
1282012967236775938
1282012968130097153
1282012971611430912
1282012972794036230
1282013032600797185
1282013037793353729
1282013054910291968
1282013055564615681
1282013055828860929
1282013067799339009
1282013082383003655
1282013097910206465
1282013169662038022
1282013189769551872
1282013253284003841
1282013283747274753
1282013284862816256
1282013323739967489
1282013339355414536
1282013399216459777
1282013408187936769
1282013453658578945
1282013483127775232
1282013526224015362
1282013538022637568
1282013541785047041
1282013546772156416
1282013571619135489
1282013580104278017
1282013603764338690
1282013646990856192
1282013713847877632
1282013743061389313
1282013756185366529
1282013843737079808
1282013890721665024
1282013894844780544
1282013909323526146
1282013912909647872
1282013919750631425
1282013932333477888
1282013991267717125
1282013994958684161
1282014041758736394
1282014062579265537
1282014071269650432
1282014154568736769
1282014154958737411
1282014179272978433
1282014221060849664
1282014225884299266
1282014234101125120
1282014305349775360
1282014355505082368
1282014372131336197
1282014397846761477
1282014413852205057
1282014504054906883
1282014530025988096
1282014556697616385
1282014586728742915
1282014595692077058
1282014624796348417
1282014653535580160
1282014666407981068
1282014691582255105
1282014692454682626
1282014696250408960
1282014699463335937
1282014762893602821
1282014766001606656
1282014812608724992
1282014829151232000
1282014829599789056
1282014850651226113
1282014875565404161
1282014893382803456
1282014908947693568
1282014924353474560
1282014929281789954
1282014993836367875
1282015023787683840
1282015037775769605
1282015052200128512
1282015073419100160
1282015115441770499
1282015152544636928
1282015156512399366
1282015185658617861
1282015236220956676
1282015270094147585
1282015299294945281
1282015320480387074
1282015340839370753
1282015341384740865
1282015366370267139
1282015404173524993
1282015408619429888
1282015461056684034
1282015488546136066
1282015490030940161
1282015498272735242
1282015509945266176
1282015521194606592
1282015580204281857
1282015598164287488
1282015605374070784
1282015624726626304
1282015639700271104
1282015643168980992
1282015655974391808
1282015664077774851
1282015668842487809
1282015685795864576
1282015703088852994
1282015748391497728
1282015785607716864
1282015853131653120
1282015855648202754
1282015905229176840
1282016003594092545
1282016012255162369
1282016029963628549
1282016086066692096
1282016125220519936
1282016139724218369
1282016146280132611
1282016159483781121
1282016209991618561
1282016226751979525
1282016243097247747
1282016249212534787
1282016268925767680
1282016281043111937
1282016302333231105
1282016309438447618
1282016352169914368
1282016389570506752
1282016435900805120
1282016469572886531
1282016486819655681
1282016503408267270
1282016507720085504
1282016543652675584
1282016575327834112
1282016579262308352
1282016650150248449
1282016658031128576
1282016671255990273
1282016675714523141
1282016685940076545
1282016700456738816
1282016700469260289
1282016713597497349
1282016725324701697
1282016734258618370
1282016751660568577
1282016788117684224
1282016834410225666
1282016876109926400
1282016913820983297
1282016918598230021
1282016922666782725
1282017017734758400
1282017028078010369
1282017030900678657
1282017042065850368
1282017044129550337
1282017057148743680
1282017065038221312
1282017069249318915
1282017077742702593
1282017145371664384
1282017227953319936
1282017236211970049
1282017312619532288
1282017371234791424
1282017379543740416
1282017405498265602
1282017426658545664
1282017468072984578
1282017526394675200
1282017531050352640
1282017551648804865
1282017573077495809
1282017648922984448
1282017678861963264
1282017689335214086
1282017706988859393
1282017728971366400
1282017776660406272
1282017778837356546
1282017799003688960
1282017803285995520
1282017837184421890
1282017879047540736
1282017886056247296
1282017891135758336
1282017899700510728
1282017907233497090
1282017954486538243
1282017963185524742
1282018050913579008
1282018135651033091
1282018160464584712
1282018201992339456
1282018202122440707
1282018263904460808
1282018293881221125
1282018302399614977
1282018314085183496
1282018340060487688
1282018340240855041
1282018348558163968
1282018353431883777
1282018378106802177
1282018442065969157
1282018487724998656
1282018491441319937
1282018499339014144
1282018507887181826
1282018550375424002
1282018573083455488
1282018601575178240
1282018621703835653
1282018629312282624
1282018640565612544
1282018650367680513
1282018663609114625
1282018667165741056
1282018701177507841
1282018726301380609
1282018730319511552
1282018739534409730
1282018763806699521
1282018767753687043
1282018814129889286
1282018843318198272
1282018844521857024
1282018849488023552
1282018881259933696
1282018902491508736
1282018923521511424
1282018932854083585
1282018943956393986
1282018977498177536
1282019008552689665
1282019032527511553
1282019044766425089
1282019064227991558
1282019078119489537
1282019111115952128
1282019117793411075
1282019124684750848
1282019132427337730
1282019170322919430
1282019179026153473
1282019187523756032
1282019195820150789
1282019204296843264
1282019241936523264
1282019271787327490
1282019296676282372
1282019324824297473
1282019341538488320
1282019357070168067
1282019364267589632
1282019376657387520
1282019398082068480
1282019426628513795
1282019434710863872
1282019455996919811
1282019519184031744
1282019555196444672
1282019573768744962
1282019648586739712
1282019648779714568
1282019670711836679
1282019675837095944
1282019678022500352
1282019679641513985
1282019699467878400
1282019712243834881
1282019768292319233
1282019770586390528
1282019771509284865
1282019782854938625
1282019782875906049
1282019812223389699
1282019812831625216
1282019821295669248
1282019859539415040
1282019888265965573
1282019939948171264
1282019946369814533
1282019959305052161
1282019963285368833
1282019967593046023
1282019975918530560
1282020013222895617
1282020026736836614
1282020058227597313
1282020059989377024
1282020092855963648
1282020096039411717
1282020135369416710
1282020139785830401
1282020152280846337
1282020158203064321
1282020168105787394
1282020219511242753
1282020252042301442
1282020265959002116
1282020308036325376
1282020345004863488
1282020346212896768
1282020349329235969
1282020356098859008
1282020367373160453
1282020412025692160
1282020421152497664
1282020449635856385
1282020512886071299
1282020575716638720
1282020584356843522
1282020588274561024
1282020600505077761
1282020600882630656
1282020661213294592
1282020671900590090
1282020714879614977
1282020730972934144
1282020742826061825
1282020793891745793
1282020806608945160
1282020810958360577
1282020835889299457
1282020848451420160
1282020864653852672
1282020882718887937
1282020898476888064
1282020948833640449
1282020960195887110
1282020983122124800
1282021007830777858
1282021029070753795
1282021048343564288
1282021079326875649
1282021104328994816
1282021192648609793
1282021198294024198
1282021204942086146
1282021248738844672
1282021259316834305
1282021259925237761
1282021301369044993
1282021309652692992
1282021337238839296
1282021339121868800
1282021364300500995
1282021404121145344
1282021458819141633
1282021465106391041
1282021478746206209
1282021508429291520
1282021524057264128
1282021524333948928
1282021529652310016
1282021550263341057
1282021559868112897
1282021591057137666
1282021595494719489
1282021607234396161
1282021624158597120
1282021645591420928
1282021666420412417
1282021670417571840
1282021688146890754
1282021699697999875
1282021720883204097
1282021724930940936
1282021762570555393
1282021779700166656
1282021906640711682
1282021960013221889
1282021960944193536
1282021964991696896
1282022011028611074
1282022031794610176
1282022060345053184
1282022069136510976
1282022082101030916
1282022128443891712
1282022178498711555
1282022178582605824
1282022207598874632
1282022232731136000
1282022277807083520
1282022278864048129
1282022324754055168
1282022492886859776
1282022516752412672
1282022534775545858
1282022542379810817
1282022558162919427
1282022563842084865
1282022594070278144
1282022595295092736
1282022600772743168
1282022647648288768
1282022681722920962
1282022689763463169
1282022719349854208
1282022727797309440
1282022752740728832
1282022778909216771
1282022781958393857
1282022818725670918
1282022841190408203
1282022848786202624
1282022891274543107
1282022903626764290
1282022915957903360
1282022967136776193
1282023029460144128
1282023041485230080
1282023097902567425
1282023106379419653
1282023109135081475
1282023117666299908
1282023125115256832
1282023144597811200
1282023182975799296
1282023218103164928
1282023239875608577
1282023251544285187
1282023252198645765
1282023267289763840
1282023323241713670
1282023352320823302
1282023398026219521
1282023415323471873
1282023424135589888
1282023440795316225
1282023511893200896
1282023550090608643
1282023555291463680
1282023558504484867
1282023591270395907
1282023600120377346
1282023604541026304
1282023668734885890
1282023687647047686
1282023734640021505
1282023738418982912
1282023763203231744
1282023772170715136
1282023817691435010
1282023822095523842
1282023828839739394
1282023835643056128
1282023860255293440
1282023977024724994
1282023977695797249
1282024004690292736
1282024065436397568
1282024103130681344
1282024111213092864
1282024137053986816
1282024166598815744
1282024175650185216
1282024201658851328
1282024225256005632
1282024270474838016
1282024283825336320
1282024287470268417
1282024300124438529
1282024300736925698
1282024321683095552
1282024326603177987
1282024346299637762
1282024347356536832
1282024355594215425
1282024418336743429
1282024451832414208
1282024481150521344
1282024484606603264
1282024493137960960
1282024530844676096
1282024576403353600
1282024610075226112
1282024614156173312
1282024619507998720
1282024623215968256
1282024669466353665
1282024676072488960
1282024715381612547
1282024715863957505
1282024716576927745
1282024748864741381
1282024761430876163
1282024776341417985
1282024780275879938
1282024820809629698
1282024845274996737
1282024849901334529
1282024851000233985
1282024858516254720
1282024860261052419
1282024883363418116
1282024883896160257
1282024888514105344
1282024900623032325
1282024950283431936
1282024988745166848
1282024997251190785
1282025017115660293
1282025026636701696
1282025034077179904
1282025034635071488
1282025059171872769
1282025070928461824
1282025076494229504
1282025080978014209
1282025117879373824
1282025120786243585
1282025122963116033
1282025130965651456
1282025143456485378
1282025148523204615
1282025160116068352
1282025162871898113
1282025206610112512
1282025214595837957
1282025244266553350
1282025273437847555
1282025328777416705
1282025338789416961
1282025341222039560
1282025449284149249
1282025457765023744
1282025483496943616
1282025534197837826
1282025579806629889
1282025580129595392
1282025596948811776
1282025638325448705
1282025674551762944
1282025687453364224
1282025694873227264
1282025696932618246
1282025760316960771
1282025768827183104
1282025814473601024
1282025818336694273
1282025819313975299
1282025852952170501
1282025864926920704
1282025870765555712
1282025873659457536
1282025879154184198
1282025885873381378
1282025894094295041
1282025931562000385
1282025933914824704
1282025933969522689
1282025948561506307
1282025956992077826
1282025990412214275
1282026002995126272
1282026011899518976
1282026015951396864
1282026036558008322
1282026075124568067
1282026083957669894
1282026087178891265
1282026108150525952
1282026144049618945
1282026208020983809
1282026209480597504
1282026217982562310
1282026247158104065
1282026251100856320
1282026264509980672
1282026267257106433
1282026313574907905
1282026317844811777
1282026324949962752
1282026339361452033
1282026385528299522
1282026397616267265
1282026402309709824
1282026402322284549
1282026427853017094
1282026514750603264
1282026515841134592
1282026523176898562
1282026523994857477
1282026540365209602
1282026586473103361
1282026595079917569
1282026621868945409
1282026628403482624
1282026631587139584
1282026641011556353
1282026688222834690
1282026712688062464
1282026778719129603
1282026800814493696
1282026810306433026
1282026838651330560
1282026860642217992
1282026862026391552