1282072203849277445
1282072216637771778
1282072224250441729
1282072279116124168
1282072314675261440
1282072317619834881
1282072321075941381
1282072333616844800
1282072333948203008
1282072370681798657
1282072372720349184
1282072375249510401
1282072376189095936
1282072376260341760
1282072389149310977
1282072408866922498
1282072435483787264
1282072446212997120
1282072522490445825
1282072543013359616
1282072549355130880
1282072556242165765
1282072564240531457
1282072568883752961
1282072589578506240
1282072627863908353
1282072637079015425
1282072644716826624
1282072667261218816
1282072673556869121
1282072690199691264
1282072691160342528
1282072727558459400
1282072752804044805
1282072753483517954
1282072761704349698
1282072803626360833
1282072820877389824
1282072825118031874
1282072835394076680
1282072836576817153
1282072845669941248
1282072854486450176
1282072871184072709
1282072879232962564
1282072896538583041
1282072907942952960
1282072916444590080
1282072936908759041
1282072939744174081
1282072954277367809
1282072962804469767
1282072971016896513
1282072972086456320
1282072980982562816
1282072991841619969
1282072992625852422
1282072993192194048
1282073022543863809
1282073047705452548
1282073062586941441
1282073067301167105
1282073081805185026
1282073105645608960
1282073113363185665
1282073121604816896
1282073126113812480
1282073138784882688
1282073167889141760
1282073170208591874
1282073177598894080
1282073194002886663
1282073218673594369
1282073240513531910
1282073251200589831
1282073256124723201
1282073281068257280
1282073289628749824
1282073294229970945
1282073313808986117
1282073314958225409
1282073328262545413
1282073344037343233
1282073345647927301
1282073363847020544
1282073373896577024
1282073386101833728
1282073390875107328
1282073411485917185
1282073416116375553
1282073423884288000
1282073430506913792
1282073431589216256
1282073436450324481
1282073477021937666
1282073478934429696
1282073483669909505
1282073492284772352
1282073495552380929
1282073509875732480
1282073512044363777
1282073531493355521
1282073534857125889
1282073558324256769
1282073570307223553
1282073579480375297
1282073584324747267
1282073601953402880
1282073642654994432
1282073654495453185
1282073682379243520
1282073688049807360
1282073719498825728
1282073743922270208
1282073756324835333
1282073758367350785
1282073798519422977
1282073810846572545
1282073822976344064
1282073831600009218
1282073835076870144
1282073835160952834
1282073839321731072
1282073843826167808
1282073880690077701
1282073885874298880
1282073888306978820
1282073904903852033
1282073910427754496
1282073915590762497
1282073919088885760
1282073925653012485
1282073931919261705
1282073939473084416
1282073944028090368
1282073961543553024
1282073964416847873
1282073965721255937
1282073976102178817
1282073977611939841
1282073981638643713
1282073991159717893
1282073998394875904
1282074024525344768
1282074033899442176
1282074046121693185
1282074061309345793
1282074091961360384
1282074105777393664
1282074108075835393
1282074121548058630
1282074133745082370
1282074137767403521
1282074137918345216
1282074167546961920
1282074178892509184
1282074193669103618
1282074200409284610
1282074209158443008
1282074212971290625
1282074221640908800
1282074225667444736
1282074229765287936
1282074237667348489
1282074250006806528
1282074250069848064
1282074257938235392
1282074262606577666
1282074263495667712
1282074275852300289
1282074279899627520
1282074280155586561
1282074292427972608
1282074296899325953
1282074297641701379
1282074308882251776
1282074330373988357
1282074330700976128
1282074331678412800
1282074346710683648
1282074359117557760
1282074402037862401
1282074405087121410
1282074405741514752
1282074406643171328
1282074406995595271
1282074418181820418
1282074428877217793
1282074460946927617
1282074481977110528
1282074489170333700
1282074489468055552
1282074493700243456
1282074507235254274
1282074508145426432
1282074510691381250
1282074518442344448
1282074531528617989
1282074577330409480
1282074580350312450
1282074582627876865
1282074586486648832
1282074593923076100
1282074601095401474
1282074607047114758
1282074615322271744
1282074633005563904
1282074640995758082
1282074645718597641
1282074664991444992
1282074691071549441
1282074694338916359
1282074695517364224
1282074700135501824
1282074703386025984
1282074708285034496
1282074737078865920
1282074737905106944
1282074749343014912
1282074754401349632
1282074761259094016
1282074766212345856
1282074783623061505
1282074790434676738
1282074800081432576
1282074835536011264
1282074854703996928
1282074884768661505
1282074892184309766
1282074903802519558
1282074934966210562
1282074967677509633
1282074980860268545
1282074993384398849
1282075001768652800
1282075047704662016
1282075051907571719
1282075063773270017
1282075076708282368
1282075106664226817
1282075108660527104
1282075124221513728
1282075139564347392
1282075163555553280
1282075164432203776
1282075177686380544
1282075189661110276
1282075195247742976
1282075211588870147
1282075224738062336
1282075234405953537
1282075251728318465
1282075256765779970
1282075287195389952
1282075290454429700
1282075303242870784
1282075303246991362
1282075307575517197
1282075315968385025
1282075325900390405
1282075328001826816
1282075328266022914
1282075328270172167
1282075336969269248
1282075345777315840
1282075354354429952
1282075366622994432
1282075370653712384
1282075371752632320
1282075382703968257
1282075392501624832
1282075400571584518
1282075408213540864
1282075424369983488
1282075432746192896
1282075436726382593
1282075438072954880
1282075459719766017
1282075463360356352
1282075466489184256
1282075479646797825
1282075494998069248
1282075499548815360
1282075504917520384
1282075513029185537
1282075522080608257
1282075525855547399
1282075529621827584
1282075554557112320
1282075567161061378
1282075579681038337
1282075596542160897
1282075596646998018
1282075601784971267
1282075613319368708
1282075618134208512
1282075623394029568
1282075629689745413
1282075634144092161
1282075635700178953
1282075641324744716
1282075659976740867
1282075668331757571
1282075675751600130
1282075681451646977
1282075698165882881
1282075712892162054
1282075713328340992
1282075713961709568
1282075718617366530
1282075731359436800
1282075759180488704
1282075773885542401
1282075778491047938
1282075790386122753
1282075797679988742
1282075802138542080
1282075802293735425
1282075813882494977
1282075817992839168
1282075829778780160
1282075831494377473
1282075848414130177
1282075857192841218
1282075865392852992
1282075873135534081
1282075882555875331
1282075888088227840
1282075890596421632
1282075891011473411
1282075894190764032
1282075920770060288
1282075923928489986
1282075945223032832
1282075957529120769
1282075957554102272
1282075957856264194
1282075961173958658
1282075962230951936
1282075978487992320
1282075978756493313
1282075980660703232
1282075984058101760
1282075991234551809
1282075999115583489
1282076008301113344
1282076012659056640
1282076028433825796
1282076028702269445
1282076034821615616
1282076041054269440
1282076049468268547
1282076051766747136
1282076054337748993
1282076054883053569
1282076062294388741
1282076063380713478
1282076066576764928
1282076104568770560
1282076105889976323
1282076109304221696
1282076127771742209
1282076146734182400
1282076150207074306
1282076155336695810
1282076171488960513
1282076193764839426
1282076196717592583
1282076238643974148
1282076247405674496
1282076251507785729
1282076255370846212
1282076259820814336
1282076276224692224
1282076291869446144
1282076305677258755
1282076306075725827
1282076307963228161
1282076326539730945
1282076331518373894
1282076348182224897
1282076370210820096
1282076373411155968
1282076376766517250
1282076376825319424
1282076380868599809
1282076381229318144
1282076382353403906
1282076383649452037
1282076402578345987
1282076408601337859
1282076410572607489
1282076415496683525
1282076430541770753
1282076435549696000
1282076444844265476
1282076458437967874
1282076460585349120
1282076470945419264
1282076477220061185
1282076486032191489
1282076496274903040
1282076496379731968
1282076507293265920
1282076510854275073
1282076514922700803
1282076517623836672
1282076523424411649
1282076523915284481
1282076524305416193
1282076543871787011
1282076578869108736
1282076599282659328
1282076607562178562
1282076615946596353
1282076616684961794
1282076618366869512
1282076629431353347
1282076633965506561
1282076640818995201
1282076650344087552
1282076683416338432
1282076687203815424
1282076687828647948
1282076694627655680
1282076713413939206
1282076721055969283
1282076737774538757
1282076738336555012
1282076750831218688
1282076755147333632
1282076764488040450
1282076766748770304
1282076804589793281
1282076807177687041
1282076839427502080
1282076875859402753
1282076879378362369
1282076918016352257
1282076934856339457
1282076952434626561
1282076960072642560
1282076963025432578
1282076969862156300
1282076976568848384
1282076990221234177
1282076993627009024
1282076995577417733
1282077006600052741
1282077018558005248
1282077018952261632
1282077023847043074
1282077026741084162
1282077040779366401
1282077048341766149
1282077052082941952
1282077062354747392
1282077074157707265
1282077110996291585
1282077119124631552
1282077124069744640
1282077128222216195
1282077148602404868
1282077166931509248
1282077178398683136
1282077199538020355
1282077199709941761
1282077208153071616
1282077214113009664
1282077232144560132
1282077262330855424
1282077323328720898
1282077325031608323
1282077325341986816
1282077335030845449
1282077345755496450
1282077350784577537
1282077366441988097
1282077370917294080
1282077375883337728
1282077421114728449
1282077438147801089
1282077446184083457
1282077476051542016
1282077477884563456
1282077484305940480
1282077513104142336
1282077518426767364
1282077522138730498
1282077539104706562
1282077539498893317
1282077546692190210
1282077547514269696
1282077567781089281
1282077569223991297
1282077573032210433
1282077585384640513
1282077609065476096
1282077609204031488
1282077614702759936
1282077622541967367
1282077626941747201
1282077627235196928
1282077627524816898
1282077633484918784
1282077635753979909
1282077655865659392
1282077660311629826
1282077662467547139
1282077667768975360
1282077675780218880
1282077681836650496
1282077685523587072
1282077694986002432
1282077706373541893
1282077706796929024
1282077714871209986
1282077718952071168
1282077722169270275
1282077727156305926
1282077727177076736
1282077740137684996
1282077743891525634
1282077777571844098
1282077790393663489
1282077805786935296
1282077810987868161
1282077815886749697
1282077820282376192
1282077837810434053
1282077874153873408
1282077875043172356
1282077882781704193
1282077899277860864
1282077912867504129
1282077928839315456
1282077953669697538
1282077954076315648
1282077959113900034
1282077970534993921
1282077978936127488
1282077980349673473
1282077988918571008
1282077996128428034
1282078000738193409
1282078005309865985
1282078015443349504
1282078016223444994
1282078030190596103
1282078051128483840
1282078062943723520
1282078067566039041
1282078068002009090
1282078083751612416
1282078084200636416
1282078096548663296
1282078113254473728
1282078117503221760
1282078118858174464
1282078123190677505
1282078125761994752
1282078154983649280
1282078159551131648
1282078168652767232
1282078174378065920
1282078182154416132
1282078197543297024
1282078205818671104
1282078210495180805
1282078226517504001
1282078254233354240
1282078259874631680
1282078260189450240
1282078268779372545
1282078272554176512
1282078273782951936
1282078280800063488
1282078290249945088
1282078293479632896
1282078306725007362
1282078315571023873
1282078340090929152
1282078397921923072
1282078421171019777
1282078426883661825
1282078428414566401
1282078429597310976
1282078444390498305
1282078462400962566
1282078462849757189
1282078466326712321
1282078469602435072
1282078477915652096
1282078489852678144
1282078506780893185
1282078517002305536
1282078519808479233
1282078520227827712
1282078524447350787
1282078532697554944
1282078549537705984
1282078558723203077
1282078558794457088
1282078575605067776
1282078586799714305
1282078596555657216
1282078603891613703
1282078608035463168
1282078608098340865
1282078608102760448
1282078612150050816
1282078612372545539
1282078634686271490
1282078641065807872
1282078641631961095
1282078645683728387
1282078648842031104
1282078658421837830
1282078684384563201
1282078688843108353
1282078723865550849
1282078734267359232
1282078755058524168
1282078758070112256
1282078801674014720
1282078842799218688
1282078854488743937
1282078860348137475
1282078869013647360
1282078876508794886
1282078879545466882
1282078893990506497
1282078902320496640
1282078939620478983
1282078940258017285
1282078940463497216
1282078948298457088
1282078952593534980
1282078962022318080
1282078972721815552
1282078981471244290
1282078987414581248
1282078993915744256
1282079006192480257
1282079019526062080
1282079019878494208
1282079023586258945
1282079045006626823
1282079053399207937
1282079067219660805
1282079074081480709
1282079086169468933
1282079099079413760
1282079099083649024
1282079099767283712
1282079099943620610
1282079115357691907
1282079115881992193
1282079157443342343
1282079157913038855
1282079159909580802
1282079169493467136
1282079175151505408
1282079187743002626
1282079192163680257
1282079196236271616
1282079204771721217
1282079204805414913
1282079208357978113
1282079221507137536
1282079221565669376
1282079224170287104
1282079229455347712
1282079233045434368
1282079236027711489
1282079255002845192
1282079270735667202
1282079274980257793
1282079275848396800
1282079284388139008
1282079295943385090
1282079300301328385
1282079308421509121
1282079322069753871
1282079330596564993
1282079397168787457
1282079405314121729
1282079430744182784
1282079431196983296
1282079435441799169
1282079438965035011
1282079469189177345
1282079469788774400
1282079485219807233
1282079485823643649
1282079531763998722
1282079539473121287
1282079578081628160
1282079578551394304
1282079589850742784
1282079593822707712
1282079602219810819
1282079608440066048
1282079609509474304
1282079611447324672
1282079614970605569
1282079619362037763
1282079644422897664
1282079652639629312
1282079657563570177
1282079678325497857
1282079691222941704
1282079697950498816
1282079703419899904
1282079715516452864
1282079716053319681
1282079719773659141
1282079723888226305
1282079744285188101
1282079750513713152
1282079769731796992
1282079774823706625
1282079795707338763
1282079801440907264
1282079807619170305
1282079821565243398
1282079825101049856
1282079841924382720
1282079845426630656
1282079850736435200
1282079857829187588
1282079873096388608
1282079875562475520
1282079878339330048
1282079933385388032
1282079934756712449
1282079959155044352
1282079972123987968
1282079983700254720
1282080001798533122
1282080026066903051
1282080038490460172
1282080042496008192
1282080046744612864
1282080069544898562
1282080101002338304
1282080131385749504
1282080143104671744
1282080148272173060
1282080169142808576
1282080174817910784
1282080206036008974
1282080207604719616
1282080257462468614
1282080264785506306
1282080277406326786
1282080281541910528
1282080282821234689
1282080291016728576
1282080307680882691
1282080307706044416
1282080311170367488
1282080327893159943
1282080341063282688
1282080348575277056
1282080364161191937
1282080365776179206
1282080366203826176
1282080382330916864
1282080386323869697
1282080390195232769
1282080412257452032
1282080416707616768
1282080430691364872
1282080449892880384
1282080457824382977
1282080471560728578
1282080479903195141
1282080491974406145
1282080527948951554
1282080529580544000
1282080562522419200
1282080567333273600
1282080570768490502
1282080575185014791
1282080580083957760
1282080608995274754
1282080609888800768
1282080613592264704
1282080625420374023
1282080630386225152
1282080643392962563
1282080668273512448
1282080690075574273
1282080693279956992
1282080696203382785
1282080720924471297
1282080726352044032
1282080727459336193
1282080734983880704
1282080735764123651
1282080756152406017
1282080764763480065
1282080777140920320
1282080810515005441
1282080823785603072
1282080882346491904
1282080890848501761
1282080894136668160
1282080927406075909
1282080931503697920
1282080940160946176
1282080953641263104
1282080957005094912
1282080961514147840
1282080974180933634
1282080991989899269
1282081011761848321
1282081016979419136
1282081058444521472
1282081061833519106
1282081066094866432
1282081074357698560
1282081078191235072
1282081095115317248
1282081103956905985
1282081111640879106
1282081122030157826
1282081124668276749
1282081125943267328
1282081128074149894
1282081128623505409
1282081134852145152
1282081150278795266
1282081154372440065
1282081154586284034
1282081154615726080
1282081156930969600
1282081158814216192
1282081188346245131
1282081200820150278
1282081201935785984
1282081204435472384
1282081204792168448
1282081212606144516
1282081213562355712
1282081217412689920
1282081242264084481
1282081262103142407
1282081275860316161
1282081285238927361
1282081290762833922
1282081301223354369
1282081320772841472
1282081321989308418
1282081326309322757
1282081338929983488
1282081344017895427
1282081356529491969
1282081363798167553
1282081377542799362
1282081380176924673
1282081380973735936
1282081409641979906
1282081416298332160
1282081421851537413
1282081440474308608
1282081448430727168
1282081485122670594
1282081515107737601
1282081515707539456
1282081527233482753
1282081539967287301
1282081548272099333
1282081565317758978
1282081565519093761
1282081572292685824
1282081594640158721
1282081594975477761
1282081615582236675
1282081639091200000
1282081641805099008
1282081644904669184
1282081645147938824
1282081653104443394
1282081655398772736
1282081658166890496
1282081674675785733
1282081678094041089
1282081687644635136
1282081720360153089
1282081724936138763
1282081728434241536
1282081732666241024
1282081734880722944
1282081759203659777
1282081825813336065
1282081838153060363
1282081842972299264
1282081846709440512
1282081850257805312
1282081857824268288
1282081859149737984
1282081860281962496
1282081862719090688
1282081871023820804
1282081872143503360
1282081894461579268
1282081904032919554
1282081926023528448
1282081936354217985
1282081952963665921
1282081966553288704
1282081980281167873
1282081980818096129
1282081992910295047
1282082005325213696
1282082026816974849
1282082063001227264
1282082089920167937
1282082090096484352
1282082097860157441
1282082102834593792
1282082106194169857
1282082144215539717
1282082147571040258
1282082153275117568
1282082161571635208
1282082161722626050
1282082176260026375
1282082181892976640
1282082185160384513
1282082190864646154
1282082215359385606
1282082215476826115
1282082224775614465
1282082232832843778
1282082233080254464
1282082236678811648
1282082237639356417
1282082241120817155
1282082248829947905
1282082269151334402
1282082273123340289
1282082286612164608
1282082295881629699
1282082297622093824
1282082298343510017
1282082300042280961
1282082330262278150
1282082333420449792
1282082333634383872
1282082338143428616
1282082349451055104
1282082391306063872
1282082396570030087
1282082436172718081
1282082441893515264
1282082456892518400
1282082458570129408
1282082479575375873
1282082483341852672
1282082496075763715
1282082496113516544
1282082500760809476
1282082513880571911
1282082521958748161
1282082563419287552
1282082596801978368
1282082631040086017
1282082631752880128
1282082635943153664
1282082647255080961
1282082694298402817
1282082727106232321
1282082727429320704
1282082731518840832
1282082739496169472
1282082740154884104
1282082757150232576
1282082762418159618
1282082786514477058
1282082792537563136
1282082796282843136
1282082831439745025
1282082852927045632
1282082855863058435
1282082877912621057
1282082886343110656
1282082888591310848
1282082903879491586
1282082905490161664
1282082907293724672
1282082932635639810
1282082936486006785
1282082953242140673
1282082954097950726
1282082962000019456
1282082982535270400
1282082988285550592
1282082995243974656
1282083000222654464
1282083008321855490
1282083046632513536
1282083050638077952
1282083063120506881
1282083079901908992
1282083088206462976
1282083091947810817
1282083115486384128
1282083125565296641
1282083130346700805
1282083153306365954
1282083155298705409
1282083180728573955
1282083196872646657
1282083213490499584
1282083218171322371
1282083247053328384
1282083247565021185
1282083256628805643
1282083293421346818
1282083301948186625
1282083302212603906
1282083314539606017
1282083322806632448
1282083327290208258
1282083350983987200
1282083360454504450
1282083396265615360
1282083402645200896
1282083402750058497
1282083406579470336
1282083419950907392
1282083421800460288
1282083435985743873
1282083452322557952
1282083457724751872
1282083462006968320
1282083474246172673
1282083486401212419
1282083490561814528
1282083508995883008
1282083509788712960
1282083511214604288
1282083514444324871
1282083540314796032
1282083554864910337
1282083558023000064
1282083561743450112
1282083566420217856
1282083591233691648
1282083602608664578
1282083604475121671
1282083624364515336
1282083629150228481
1282083645440827398
1282083657805713411
1282083670476697605
1282083691578093571
1282083692324753408
1282083699702595584
1282083700834881537
1282083701132648448
1282083704853143552
1282083708539998209
1282083716794220546
1282083738759778305
1282083742337527811
1282083750424334341
1282083753720811520
1282083763791355904
1282083793067794435
1282083817084379136
1282083822255865857
1282083822327103488
1282083825720479744
1282083846842920962
1282083853050552322
1282083860306591744
1282083880867188736
1282083889893130240
1282083898659409921
1282083922965344261
1282083939096465408
1282083939323203584
1282083947636158464
1282083976694259714
1282083977143242754
1282083988367192068
1282083999897264129
1282084000052338688
1282084006037721090
1282084014862434304
1282084015151869952
1282084019702845440
1282084021011349506
1282084031484616704
1282084040544342021
1282084040984518656
1282084068243288064
1282084079568064514
1282084081824665601
1282084099402821632
1282084110748602369
1282084144714067970
1282084148912558080
1282084198958764033
1282084216029745158
1282084220123283456
1282084249621979136
1282084249923813376
1282084251563958274
1282084254663544833
1282084271323336705
1282084272250200065
1282084273760153600
1282084279032385537
1282084283218186241
1282084284690501632
1282084299689226240
1282084316667711488
1282084337912094721
1282084338239254528
1282084341779234816
1282084345466036230
1282084362746388480
1282084375316791299
1282084400969072640
1282084413187260418
1282084437728034816
1282084442513842176
1282084443067383809
1282084446431322112
1282084451145732100
1282084459181899776
1282084459999662080
1282084463254466560
1282084471387430917
1282084491369033728
1282084505910681601
1282084526538153984
1282084547086213123
1282084551980806144
1282084552329048064
1282084568108019712
1282084568175128577
1282084568187596801
1282084581420785669
1282084584973307905
1282084585095024650
1282084598160203776
1282084598172639232
1282084602597773313
1282084627486781440
1282084637456515073
1282084645018890241
1282084656104562691
1282084688169807872
1282084713528582144
1282084715906965505
1282084716087312384
1282084719727915013
1282084736073162753
1282084757581500418
1282084765642833920
1282084777894584322
1282084782348947463
1282084786111229952
1282084818570940417
1282084819917307904
1282084836912451584
1282084838514688001
1282084849055039491
1282084849206153217
1282084853907771392
1282084857372217344
1282084875592519681
1282084895674834944
1282084899743203329
1282084903727685635
1282084904038281216
1282084911554482182
1282084920215711745
1282084921532649472
1282084925383094272
1282084942504013825
1282084959709085696
1282084962230063107
1282084972808089602
1282084975546949632
1282084989241352192
1282084991892164608
1282085008572911621
1282085012615999489
1282085012913876992
1282085017619963904
1282085021550104576
1282085021583650817
1282085029649285121
1282085033839394818
1282085034036355073
1282085036448251904
1282085039212236805
1282085050138480647
1282085059621728261
1282085067272024064
1282085068370874368
1282085076109529088
1282085079712444416
1282085101032091653
1282085151090958338
1282085155423821825
1282085160763166727
1282085164055756800
1282085165293015042
1282085169076121601
1282085172591112192
1282085204811812866
1282085213988720640
1282085215070978049
1282085231009378308
1282085240534523904
1282085243709792257
1282085256187850752
1282085261619482626
1282085264261705728
1282085280674004992
1282085284667105280
1282085285808017408
1282085297971322880
1282085298420068352
1282085327524425728
1282085377872809984
1282085378120441861
1282085382817853440
1282085385305284610
1282085390245978112
1282085393966432256
1282085405437956098
1282085419660656642
1282085420931723264
1282085427986350085
1282085432730234880
1282085445803925505
1282085470025834496
1282085479320559619
1282085496223494144
1282085513004974080
1282085521301225472
1282085523817930756
1282085542281256966
1282085553358266368
1282085571079417858
1282085609566343169
1282085616503619586
1282085617854304262
1282085625643098113
1282085650506887169
1282085659113672706
1282085671663009794
1282085686678609921
1282085704558772225
1282085706005917702
1282085721935884291
1282085751757447169
1282085760397479937
1282085772309356544
1282085785089519619
1282085786574356480
1282085808900575233
1282085819289939968
1282085825170350080
1282085839254818817
1282085864487694337
1282085866232410112
1282085877590691846
1282085902219698177
1282085906741108737
1282085909207248896
1282085927918002176
1282085932406124544
1282085948734484485
1282085952576339968
1282085960528928768
1282085989884858372
1282086003092582400
1282086007865839621
1282086011783151617
1282086024408113154
1282086035317374976
1282086062936870912
1282086074462986240
1282086074488152067
1282086079185682433
1282086080171237376
1282086090820608000
1282086103441223680
1282086115172728832
1282086146240118785
1282086167400177665
1282086182600486912
1282086182898237442
1282086187335909383
1282086187528679424
1282086242675564545
1282086255128272896
1282086304864296960
1282086305191600129
1282086322098716672
1282086329858297856
1282086338703941634
1282086338733506566
1282086344588574720
1282086365102895104
1282086365732249601
1282086367296491521
1282086371604258817
1282086372791246856
1282086393565507586
1282086410137112576
1282086439082221580
1282086440013373440
1282086457029439489
1282086464306786305
1282086465271287808
1282086466244542464
1282086478760173568
1282086480903626764
1282086484900753408
1282086485567692801
1282086498993442816
1282086503586258944
1282086514596425728
1282086542966587395
1282086556732469248
1282086560746242049
1282086569352945665
1282086574113435648
1282086577225764864
1282086611455365121
1282086659186495488
1282086660050690049
1282086670175739906
1282086674978217997
1282086715835002883
1282086723145494529
1282086737796313089
1282086766799986688
1282086771291906048
1282086791407964160
1282086841366097920
1282086872311828480
1282086880004071424
1282086887646269448
1282086892511657984
1282086896345047040
1282086896999362561
1282086909041205248
1282086913164238848
1282086917182554112
1282086928255291393
1282086953899266048
1282086956105699328
1282086976569696258
1282086981342654465
1282086992734380032
1282086997239226374
1282087018168811521
1282087018651148288
1282087022358933504
1282087022535028738
1282087024053420036
1282087060170592256
1282087067309223937
1282087068403855360
1282087135827259394
1282087137916137477
1282087155716759552
1282087176763609088
1282087182262403072
1282087221445554176
1282087227095384069
1282087244854001664
1282087252764635136
1282087253968379916
1282087256665325570
1282087257382490114
1282087269546053633