1281438005220319234
1281438012707090432
1281438087822770176
1281438088007495680
1281438088162676736
1281438103828398081
1281438104344240129
1281438105078132736
1281438134283141121
1281438146715160576
1281438150854770689
1281438167434960896
1281438323517599744
1281438444451848192
1281438457307561984
1281438457592713218
1281438473866502144
1281438498130669569
1281438499066056704
1281438506166951942
1281438520222113797
1281438540367364097
1281438635259318272
1281438646042853379
1281438680092114945
1281438692138086400
1281438695988633605
1281438703974416384
1281438783578288131
1281438792004636672
1281438792834932736
1281438796815499265
1281438801957552129
1281438805443125248
1281438826649382918
1281438838796230656
1281438855690846211
1281438873852293120
1281438938935316482
1281438957012570112
1281438960733102080
1281438985131298821
1281438985181696000
1281438989220581376
1281439004177559556
1281439006111289350
1281439053733335041
1281439069151604739
1281439081633845252
1281439086901776384
1281439120720400385
1281439182771101697
1281439212340867073
1281439275230416897
1281439296549842945
1281439329584381953
1281439337188556806
1281439576481882112
1281439580969775104
1281439606114664449
1281439616852086785
1281439644651909120
1281439652960862208
1281439681524244485
1281439747861295104
1281439801854447617
1281439807978131457
1281439832645029888
1281439887166668800
1281439919467044865
1281439958818000896
1281439969198800898
1281440000567959552
1281440021015396352
1281440109414367232
1281440147083390976
1281440170454052864
1281440220387434496
1281440265224499206
1281440277819985928
1281440428806438915
1281440448704200705
1281440562524991488
1281440588290654208
1281440604879122432
1281440650030792705
1281440663926644736
1281440720037875713
1281440725780123648
1281440730846654465
1281440744738299905
1281440763717521408
1281440776090615809
1281440802355458048
1281440911080267778
1281440927202963457
1281441087530336256
1281441089845489664
1281441120795287552
1281441130496892930
1281441142161018881
1281441170225106944
1281441201124671488
1281441276345356289
1281441372659159041
1281441435850616832
1281441469199310853
1281441510702092292
1281441607439519745
1281441661344788483
1281441758040084480
1281441817087664129
1281441824868110337
1281441830370897920
1281441876508319746
1281441891817369601
1281441896074625025
1281441925308878849
1281442055923724288
1281442106561757185
1281442127008993280
1281442164229251074
1281442174236651520
1281442181224562688
1281442210328846337
1281442273637564419
1281442311684022272
1281442332068450304
1281442353761234945
1281442382836367360
1281442416533344263
1281442429359415296
1281442454114271232
1281442563644252160
1281442592199147520
1281442608896598016
1281442714723266561
1281442769290973186
1281442823401639936
1281442844499116032
1281442889717870592
1281442941106622466
1281442953161060352
1281442999851978753
1281443016474005505
1281443021125332994
1281443036791214087
1281443126045884416
1281443133134233600
1281443170866417664
1281443276986277888
1281443280492703746
1281443298792534018
1281443312658980864
1281443349644210176
1281443368648744960
1281443369164709890
1281443377116897280
1281443377561534466
1281443448013426689
1281443474059886593
1281443544989749248
1281443574291152896
1281443720701849606
1281443758467248129
1281443759008489472
1281443800473153536
1281443842718412800
1281443850423156737
1281443885399580672
1281443909407670272
1281443909697040386
1281443922368245762
1281444023777910784
1281444060708737024
1281444082364174337
1281444124030205953
1281444149221261313
1281444162114486272
1281444168359804928
1281444240799694850
1281444306830495744
1281444378721112064
1281444433045553153
1281444447352496129
1281444449839714304
1281444497596067840
1281444500582400006
1281444513353838593
1281444606278807552
1281444606857674752
1281444613694390273
1281444640256937985
1281444646921678849
1281444676554444801
1281444770225635328
1281444827834589185
1281444878627426304
1281444894611890176
1281444898831364098
1281444924756422657
1281444928036302848
1281445003152240642
1281445014954860544
1281445017815400448
1281445029320499200
1281445100804018176
1281445189815422978
1281445212804403200
1281445228906295297
1281445256823574528
1281445306555437056
1281445347248812033
1281445382317199360
1281445390416359426
1281445407311241216
1281445428328910856
1281445457005293570
1281445473635663873
1281445480933797888
1281445499032293376
1281445500999176192
1281445502949699586
1281445531957354496
1281445542929690626
1281445543307354112
1281445583123865603
1281445600244822016
1281445604623704064
1281445656704372736
1281445789110276097
1281445818046672896
1281445952285442048
1281445977359097856
1281445981645488128
1281445990478692352
1281446007109070849
1281446216283254784
1281446225674489859
1281446228501442560
1281446284289806337
1281446351075778562
1281446375222177793
1281446409766608896
1281446413763739649
1281446438916902914
1281446480356806656
1281446489076772864
1281446518453493762
1281446530835050497
1281446531820912643
1281446535860047873
1281446548057067520
1281446590423547904
1281446635873071104
1281446694027251717
1281446711332831232
1281446745486979073
1281446747777036288
1281446753061834753
1281446764017582087
1281446770338193408
1281446774654201858
1281446807462195201
1281446829104783367
1281447013473816577
1281447016397180928
1281447017151991809
1281447135725195265
1281447157053059072
1281447169594060800
1281447244357439489
1281447250334371841
1281447272774094850
1281447283326881794
1281447328478625793
1281447336246308864
1281447340566630402
1281447371600097281
1281447374737432577
1281447377832947713
1281447381939236864
1281447392831852544
1281447399748038657
1281447407750971392
1281447421009068032
1281447433310879744
1281447436934942720
1281447473878200330
1281447525082226690
1281447545496047616
1281447550722011136
1281447634327293957
1281447651402121217
1281447668875579394
1281447688215638017
1281447700601409536
1281447701603917824
1281447709279485959
1281447714111344641
1281447802577416192
1281447851692822528
1281447889370116098
1281447902020161536
1281447902481719296
1281447906659237889
1281447994475323394
1281448016142929920
1281448019746054145
1281448148771074048
1281448208397266944
1281448215619858432
1281448242824216576
1281448283957800961
1281448284372914176
1281448313674321921
1281448315607973888
1281448371845304320
1281448469039742977
1281448548891070465
1281448611725836288
1281448654155378688
1281448723252424704
1281448867482017794
1281448899258064897
1281448934486016001
1281448998583390209
1281449114329182211
1281449173263548416
1281449177407344645
1281449190946635781
1281449198244659206
1281449227751583744
1281449243408916480
1281449253060128768
1281449262245720064
1281449289743347712
1281449302435532800
1281449337017401351
1281449387080781824
1281449428922953728
1281449442101665798
1281449488427683840
1281449497365798914
1281449530609872897
1281449564642242561
1281449572749934592
1281449644204134402
1281449652261273603
1281449706565050368
1281449751636897792
1281449752786280453
1281449798495866880
1281449812194471936
1281449845077585920
1281449958101577728
1281450109285412866
1281450111646806016
1281450124938362880
1281450133759107072
1281450137638916096
1281450205766922241
1281450207566114816
1281450213195096064
1281450238910201857
1281450260007661569
1281450284661633024
1281450301946507264
1281450420062175233
1281450439972716544
1281450519668523009
1281450582490804224
1281450591818928130
1281450670256783361
1281450690410242051
1281450730050785280
1281450834153189376
1281450838666272769
1281450872707452929
1281450874766872577
1281450880353447938
1281450885017731072
1281450906224152576
1281450927011115009
1281450939132649473
1281450985378979840
1281450993473982466
1281451098646228992
1281451141096587264
1281451194863558656
1281451212072800256
1281451238073278464
1281451294058778624
1281451337461436419
1281451371519184896
1281451435301822464
1281451441928851457
1281451540146839557
1281451614386229250
1281451619310166016
1281451652038266881
1281451686481911808
1281451690768596993
1281451771680788480
1281451806871126018
1281451828559990785
1281451980649574402
1281452112639963138
1281452117484621825
1281452170865516549
1281452252570542080
1281452349366702080
1281452385865306112
1281452427812765697
1281452485094379521
1281452497685684225
1281452541386031105
1281452575884279813
1281452580854312960
1281452598789316610
1281452663339732994
1281452705874141184
1281452717223800832
1281452897398435840
1281453019163324416