1286149035460644865
1286149083628003329
1286149091966119936
1286149116599271424
1286149153505116160
1286149163953029120
1286149172748357635
1286149177429303296
1286149213785427968
1286149222690099200
1286149248011112450
1286149297596137472
1286149314310475776
1286149339790880768
1286149389816418304
1286149441301479424
1286149449702662144
1286149591289622533
1286149591763750913
1286149624969953282
1286149733979807745
1286149758982041601
1286149780440145921
1286149831837331456
1286149846982955008
1286149855459471360
1286149899785048064
1286149930810134530
1286149984958574592
1286149993699500033
1286150023604867072
1286150024187936768
1286150036926001158
1286150095927259136
1286150137568468992
1286150253935095810
1286150261694701568
1286150275485569024
1286150326509133824
1286150388903817216
1286150395945869312
1286150413239095297
1286150438371303425
1286150464048955395
1286150506910568448
1286150530683699203
1286150544172544000
1286150563739111425
1286150589634633728
1286150601944911873
1286150613449900032
1286150640310386689
1286150641153380353
1286150677832404992
1286150689891254273
1286150705988870145
1286150805951623169
1286150874851676160
1286150924826796032
1286150933345456133
1286150954249789440
1286150980094976005
1286151014178082816
1286151031064125441
1286151039553429505
1286151105122988032
1286151123297013762
1286151160324333569
1286151160840290305
1286151185162858497
1286151197611700225
1286151319519027200
1286151324250316801
1286151390620917761
1286151423953166342
1286151460808359936
1286151509143482368
1286151513044213761
1286151536419241986
1286151542748389376
1286151609433698304
1286151670724997121
1286151705667698688
1286151765549867008
1286151769328934912
1286151777084219392
1286151856729853955
1286151862534602752
1286151881731932161
1286151949641891840
1286152005338247168
1286152091048783872
1286152108992061442
1286152166475026432
1286152259806605314
1286152363649138689
1286152389888626689
1286152511267549184
1286152556486393857
1286152561792229376
1286152565533679616
1286152616469123073
1286152632977879040
1286152700204285957
1286152717090476037
1286152742323359746
1286152746463182853
1286152749395185665
1286152751030972416
1286152779447169026
1286152859646451712
1286152878483152897
1286152885906993153
1286152975434412033
1286153114932916224
1286153156099846146
1286153231618514946
1286153241458364422
1286153278087032832
1286153415169437697
1286153449818804227
1286153555116621824
1286153568458870784
1286153574414573569
1286153626159906816
1286153677485506570
1286153701518958595
1286153709911592961
1286153802912010240
1286153814915964928
1286153852006236161
1286153882926817280
1286153890916741120
1286153958445256704
1286153974308122625
1286154028620095488
1286154104079671296
1286154125776793601
1286154219028795393
1286154230148079616
1286154230688911360
1286154243037003779
1286154267745759232
1286154347890565121
1286154348192571398
1286154368861925377
1286154390567415808
1286154464118874112
1286154524365914112
1286154607845154817
1286154675448946689
1286154680830050305
1286154717005922305
1286154733233684480
1286154733246242816
1286154759544516609
1286154767086084101
1286154775893958656
1286154797763178496
1286154838129049601
1286154917682581506
1286154935176855553
1286154948191764481
1286154998167019520
1286155098813390848
1286155151632240642
1286155161921085440
1286155179163709440
1286155193684566019
1286155200722501632
1286155215737991168
1286155236650954753
1286155241709170689
1286155363641769984
1286155392523804673
1286155418897530880
1286155523197296640
1286155581938704387
1286155598124457985
1286155640788758528
1286155647747203072
1286155651673014274
1286155706601742343
1286155737077411840
1286155762788573184
1286155807898456064
1286155816857243648
1286155819709431810
1286155837094887430
1286155844770582529
1286155852689416192
1286155865549082628
1286155921874460672
1286155950957658112
1286156017034649600
1286156034814480384
1286156046994563072
1286156076153548800
1286156122420916232
1286156155656343553
1286156177047343105
1286156231028113409
1286156235205758976
1286156269741658112
1286156350662180865
1286156377715605504
1286156445474594817
1286156457470316546
1286156529075236865
1286156547509411842
1286156663037161472
1286156696578961408
1286156704418156545
1286156709497638912
1286156726148796417
1286156734684205056
1286156735024189441
1286156854834364416
1286156948614844417
1286157053241810945
1286157065686331392
1286157078575427585
1286157128957403136
1286157415088623617
1286157460521095168
1286157472760303617
1286157507132563456
1286157522299101187
1286157632907153409
1286157653517824001
1286157720366743553
1286157746111500288
1286157795369390080
1286157829519233024
1286157830844809223
1286157904316436480
1286157929478004736
1286157946485760000
1286157958619922432
1286157963368046597
1286158080426651653
1286158110575525888
1286158115164098561
1286158137599328257
1286158188136595457
1286158206889127936
1286158210995494914
1286158237109084160
1286158273322913793
1286158277055664128
1286158286991974400
1286158290947149824
1286158437341003777
1286158453954809862
1286158499928580097
1286158515673980928
1286158515921281024
1286158546388824064
1286158555389652993
1286158582140923904
1286158589162393602
1286158676903043073
1286158718703489024
1286158761401503744
1286158764412895237
1286158773434953729
1286158811363852288
1286158890317553665
1286158893949661184
1286158894818000908
1286158898194505728
1286158936165376000
1286158986140479489
1286159008705818624
1286159040154927105
1286159069921914880
1286159152394326016
1286159238704902144
1286159261861588992
1286159321861173249
1286159397333262338
1286159455621652482
1286159473023897601
1286159499372331008
1286159507333115905
1286159523913375744
1286159591634608129
1286159600291647488
1286159603667935234
1286159629328605185
1286159658537771008
1286159674321055744
1286159791639928832
1286159880408244224
1286159895751000064
1286159925794635776
1286159947605172226
1286159950738317312
1286159976281636866
1286160043860086786
1286160165918605312
1286160195094106112
1286160202849570819
1286160220004245506
1286160245895512064
1286160342146408449
1286160345845784577
1286160360127574016
1286160367048105990
1286160442973356032
1286160585126752256
1286160589018951683
1286160694610497539
1286160697492221952
1286160700398874624
1286160700679655425
1286160731793129472
1286160845982982144
1286160928833261568
1286160933690028033
1286160978699198470
1286161048689446912
1286161077139460097
1286161110517850112
1286161214536474624
1286161251282964480
1286161300507299848
1286161330794311681
1286161331708497921
1286161370380214272
1286161386163363845
1286161390206500864
1286161440123035649
1286161465628663808
1286161479469678599
1286161502974562304
1286161541008470019
1286161625355976704
1286161650832355329
1286161658465980416
1286161679018078210
1286161692196589569
1286161703168651266
1286161708298379264
1286161752355303424
1286161838502281218
1286161881166561281
1286161927194808321
1286161939366846465
1286161956773093379
1286162002134540291
1286162073169408000
1286162141523906560
1286162158808596480
1286162163648925697
1286162203851100161
1286162263389265920
1286162288135659521
1286162288521617409
1286162312383139842
1286162434949107712
1286162543371644928
1286162552699981825
1286162586682232832
1286162598325620737
1286162633201078273
1286162707536904193
1286162765682540544
1286162799924850691
1286162888059691008
1286162891545038851
1286162967789101057
1286162989033197573
1286163025708437504
1286163064388227072
1286163071828922368
1286163103479033857
1286163115470540800
1286163138187079683
1286163214460497921
1286163257774964736
1286163315488509953
1286163319313723392
1286163324141436929
1286163391476711424
1286163457478463488
1286163468559638529
1286163470694535169
1286163473924161537
1286163535488266246
1286163550533287936
1286163592782512131
1286163659522179075
1286163746856079360
1286163777399009280
1286163893966925825
1286163910509256705
1286164083021172736
1286164099873701888