1278780491441811457
1278780495506149377
1278780510022635522
1278780522467078144
1278780530540986368
1278780560194842625
1278780568726093829
1278780574673571842
1278780581640314880
1278780585213739008
1278780629354606592
1278780631040716800
1278780665379663873
1278780684887343105
1278780698409795584
1278780715010797573
1278780736380829696
1278780773810790400
1278780786674728962
1278780794991898625
1278780819532910593
1278780841146101760
1278780893918871552
1278780907755896832
1278780939011842052
1278780954144698368
1278780966513905666
1278780988051488769
1278781078430351360
1278781092485455873
1278781105546637313
1278781109871038465
1278781138392276997
1278781184013733889
1278781192108736518
1278781197036945412
1278781227198185473
1278781234001219584
1278781290226028544
1278781290284675073
1278781302628589569
1278781327131717633
1278781337982427138
1278781339836317699
1278781344231772160
1278781360983834624
1278781364171616258
1278781364469264384
1278781365383827466
1278781378230915076
1278781431829925890
1278781441116188675
1278781441325666304
1278781445138534403
1278781478722318337
1278781491045154817
1278781503670018048
1278781515837603840
1278781543574634496
1278781587866476554
1278781607822983170
1278781614613463040
1278781658821517318
1278781713095757825
1278781717952815115
1278781733987639305
1278781734214131720
1278781734570602496
1278781767525302281
1278781780548415489
1278781792967897088
1278781818431516672
1278781818750279683
1278781839415676928
1278781851931295744
1278781952032727040
1278781994432954369
1278782011205967884
1278782017170178048
1278782023990218753
1278782048572862464
1278782057842278400
1278782065648033796
1278782132803035137
1278782162523717632
1278782187249307648
1278782214549827585
1278782216605241344
1278782233063706625
1278782241771053059
1278782257738768385
1278782271026323468
1278782309060272133
1278782313850187778
1278782334104461318
1278782384121536513
1278782384377335808
1278782435090710529
1278782464291491840
1278782514258206732
1278782539562442764
1278782569492996103
1278782576811847680
1278782577604780040
1278782602741198848
1278782606969102337
1278782615181459457
1278782619602296837
1278782661788655621
1278782686388248578
1278782690133762053
1278782703131754497
1278782711180652544
1278782732399771650
1278782749277642759
1278782762216980481
1278782778142842892
1278782782534230017
1278782791627530250
1278782850259652608
1278782862813204482
1278782877723791361
1278782887031160838
1278782916651253761
1278782972238454797
1278782984439517184
1278782984712261632
1278783014839844864
1278783015003578380
1278783043453489152
1278783051183644684
1278783093634207746
1278783105986441216
1278783110126149633
1278783110394634246
1278783118489640973
1278783118716133376
1278783122805600256
1278783164824068096
1278783165042167808
1278783181798416390
1278783188597432323
1278783189679554560
1278783194616270848
1278783231542910976
1278783231756820481
1278783235716243473
1278783240669671425
1278783265818763268
1278783294230781952
1278783299025022976
1278783393983946752
1278783403270311937
1278783413567315974
1278783423495245824
1278783445875830784
1278783455002873857
1278783499164622850
1278783541640171520
1278783576042098689
1278783583231107076
1278783604856946688
1278783629997596672
1278783639111819271
1278783648557391875
1278783675816165376
1278783676659032064
1278783684846383105
1278783692912156675
1278783701799886858
1278783717906014216
1278783718342221827
1278783721747996694
1278783743608541185
1278783747668623360
1278783780925431822
1278783788319981568
1278783789477408768
1278783797912199168
1278783830338555909
1278783856599011329
1278783870238941193
1278783926660673536
1278783936945152014
1278783940225052673
1278783949288988681
1278784004099985408
1278784010437758981
1278784020055236613
1278784036878659585
1278784066695946240
1278784095896711176
1278784096265789458
1278784116742381582
1278784150187552769
1278784150837710849
1278784170408345600
1278784187496095762
1278784192248197122
1278784212338958349
1278784225500516353
1278784242898657292
1278784257469620225
1278784267825278976
1278784272581775368
1278784276327280640
1278784276490829831
1278784301677416449
1278784305548988418
1278784328911249409
1278784355993821184
1278784366446075927
1278784381314883584
1278784389216980992
1278784409076809730
1278784414701535233
1278784463829372930
1278784515545194514
1278784536327970816
1278784598634356737
1278784599263449090
1278784637016432641
1278784686140121088
1278784702313369600
1278784715852570650
1278784738677927937
1278784755874619416
1278784756734398464
1278784758198263815
1278784795192025107
1278784795825274880
1278784812875223040
1278784813286207489
1278784838233812992
1278784846186176512
1278784850846072832
1278784888213299207
1278784904143265798
1278784909646192649
1278784917846011905
1278784922115878912
1278784959784812545
1278784978160148499
1278785020174319616
1278785043364798476
1278785051824709638
1278785060875849728
1278785175913193474
1278785179360911369
1278785183710433280
1278785191088132099
1278785245266010136
1278785248688562197
1278785282352046098
1278785292485316608
1278785312345464832
1278785380058357778
1278785395887661062
1278785412841037829
1278785425381916672
1278785434252832768
1278785437583187968
1278785447368548358
1278785455211728898
1278785487835205632
1278785491597484034
1278785496597004288
1278785496794030081
1278785496856948736
1278785521871982597
1278785526435373076
1278785537101516802
1278785543501942785
1278785554872754210
1278785560253956096
1278785639031271424
1278785661491953665
1278785688457142280
1278785718039478272
1278785719071158272
1278785767767236626
1278785781763629069
1278785794174595072
1278785810809184264
1278785811144728592
1278785851326160902
1278785853687554067
1278785861178531842
1278785874059288582
1278785900735070208
1278785903272456192
1278785912516861974
1278785915763208193
1278785937292615686
1278785937468559360
1278785994582523904
1278786002388213766
1278786024844546048
1278786024878026752
1278786033019215877
1278786034889715712
1278786037595152384
1278786050115006464
1278786052891631617
1278786078321905668
1278786079869591552
1278786087536799746
1278786091781259264
1278786113520447488
1278786121594527751
1278786129815363590
1278786142289055744
1278786142611968007
1278786175847677952
1278786242969325569
1278786243883646984
1278786262758023178
1278786280655073281
1278786286015275008
1278786318823112704
1278786344899227648
1278786386137620480
1278786389845262336
1278786401115529219
1278786415199956993
1278786423664062464
1278786461970685959
1278786469356646401
1278786511480041473
1278786549086380042
1278786570217283587
1278786574797463559
1278786590198947840
1278786595907395589
1278786624067952643
1278786624667570177
1278786645567909888
1278786663070785554
1278786670708613133
1278786671161597952
1278786690585419797
1278786695765385222
1278786713750581248
1278786758293876736
1278786763163656196
1278786805421268999
1278786817932832768
1278786825478385665
1278786825742671872
1278786827659468811
1278786872102322177
1278786885184180224
1278786935637630976
1278786963240345607
1278786971935150080
1278786979249954817
1278786979442888704
1278786998044680203
1278787006827552768
1278787036300955648
1278787050188177409
1278787081993502720
1278787086624137216
1278787089702817792
1278787110531592193
1278787112159064067
1278787115568910336
1278787124532146176
1278787153174990848
1278787157239271424
1278787178378792960
1278787186696105989
1278787195931942920
1278787202831519744
1278787216634937344
1278787219285856258
1278787229385732098
1278787241284902912
1278787283785641986
1278787291461365760
1278787292300271623
1278787342157910018
1278787342342504448
1278787346733977600
1278787363192406016
1278787380472930310
1278787388614103041
1278787398646849545
1278787399502442497
1278787401016467456
1278787405454204958
1278787456360312832
1278787470369447936
1278787481203335173
1278787564447633408
1278787585326952448
1278787588703354881
1278787593816047616
1278787643959107592
1278787644361752578
1278787660274860034
1278787681464573965
1278787707406290944
1278787719553003524
1278787761965801472
1278787766214680598
1278787788767453193
1278787803921317889
1278787841120755722
1278787866051649536
1278787882862477312
1278787896405708800
1278787908560961536
1278787916790145025
1278787929708650510
1278787946385203207
1278787984054247434
1278788000416063489
1278788021421330434
1278788024810299426
1278788025716113408
1278788029214228480
1278788032691306496
1278788034067128332
1278788046658457600
1278788050592641025
1278788050890354688
1278788054686326795
1278788091101224960
1278788101570166785
1278788146080120837
1278788157794902021
1278788163046170633
1278788163687739392
1278788168951578624
1278788174236446720
1278788188727840768
1278788202334228480
1278788213621088264
1278788232893927424
1278788235259453446
1278788255954153472
1278788274140700697
1278788290074808321
1278788301806276608
1278788320630366229
1278788323839029248
1278788333066309632
1278788344571285504
1278788347457085441
1278788348707049472
1278788357133230080
1278788361822433280
1278788365148516352
1278788368084721669
1278788378150961159
1278788395096051712
1278788395288977415
1278788396907819008
1278788403169882113
1278788423822835713
1278788426876289025
1278788445385773056
1278788453321367552
1278788475228229632
1278788477971247105
1278788485613260805
1278788508421742593
1278788576717664256
1278788579020464142
1278788612709068807
1278788621227773954
1278788637786857484
1278788641985355802
1278788661237211142
1278788684213559297
1278788684490235904
1278788724755750918
1278788733039448065
1278788746473857046
1278788752568188928
1278788755634245638
1278788760159870978
1278788767940304904
1278788776748351490
1278788779239780354
1278788797463961600
1278788807677095936
1278788818615898112
1278788818645245961
1278788827084136449
1278788843823484928
1278788855555112960
1278788867898949632
1278788868737818627
1278788869052338181
1278788881224261651
1278788885162713091
1278788896772546581
1278788903336439808
1278788918767476738
1278788936970768384
1278788937348235265
1278788969241731072
1278789011373346816
1278789019799818240
1278789033024462848
1278789052364283904
1278789057322061824
1278789069779197956
1278789076167131136
1278789116491071488
1278789122996518912
1278789124917518346
1278789129585688582
1278789149869268992
1278789157855387661
1278789158685859842
1278789179216990208
1278789179422498831
1278789204332417024
1278789208132509703
1278789208845541377
1278789221491359746
1278789229342912512
1278789242299330560
1278789267716739073
1278789271978225665
1278789279305654272
1278789279674753039
1278789301086478336
1278789305205481495
1278789334007767061
1278789350956740609
1278789366534594571
1278789368392671252
1278789383043166209
1278789420787871745
1278789435497340932
1278789468703477760
1278789481110228992
1278789481735348233
1278789491835142145
1278789522025783296
1278789522894053377
1278789551666987008
1278789553646690316
1278789560684732421
1278789560822976513
1278789561259352077
1278789570218385416
1278789589394743303
1278789594872459264
1278789595472121856
1278789616217317401
1278789625599995905
1278789627302862852
1278789649364901902
1278789687109451777
1278789690896900100
1278789716314185728
1278789736946163721
1278789741245272066
1278789765844758528
1278789768474746880
1278789775026249738
1278789834325319686
1278789858224463907
1278789862842392577
1278789900343685120
1278789908572798977
1278789909264859136
1278789934535471104
1278789949429436416
1278789975522369556
1278789988503740420
1278790006950133760
1278790048016719895
1278790057336463366
1278790081336299527
1278790093176791056
1278790114559352843
1278790124273360898
1278790132766736385
1278790194364375047
1278790218913583106
1278790220016738309
1278790252371550209
1278790260579807232
1278790281983340545
1278790307124051968
1278790311377080320
1278790320306769920
1278790328301084682
1278790336551280657
1278790355471785997
1278790379005976578
1278790382789300224
1278790390099914752
1278790390645010432
1278790394747277312
1278790395443503125
1278790416461160467
1278790420701593600
1278790420928045056
1278790424220532736
1278790428813385728
1278790435431997450
1278790437344591873
1278790452456677382
1278790484522131465
1278790514775556097
1278790525668253711
1278790534430105602
1278790547101057024
1278790551756853248
1278790556882264066
1278790559402872832
1278790579921567747
1278790580353617926
1278790584535318531
1278790585961328640
1278790609814327298
1278790621210296320
1278790659596574734
1278790667985182721
1278790668190658560
1278790681159491609
1278790714013302784
1278790714856357888
1278790714873327617
1278790760813518853
1278790778538647557
1278790831885840385
1278790860851863555
1278790870280687616
1278790878132396035
1278790889394012163
1278790930233995264
1278790943659843584
1278790949020200961
1278790949896937483
1278790962760859648
1278790983237459977
1278790996223037442
1278791003550474262
1278791020130578432
1278791066204794880
1278791066498543616
1278791068654460937
1278791078985060352
1278791083334524940
1278791087105204233
1278791112610766860
1278791141861842954
1278791150158176274
1278791163361792002
1278791170903031808
1278791172861784065
1278791200619687936
1278791248116101120
1278791260002803714
1278791262234173451
1278791263798669313
1278791264192913408
1278791267682521088
1278791276499001356
1278791284547870728
1278791295016685569
1278791312716816389
1278791351774175241
1278791372666003472
1278791376889688064
1278791381201321985
1278791381759098880
1278791387287150592
1278791431163961357
1278791439984529411
1278791452143861760
1278791482229612547
1278791483718430720
1278791502450352128
1278791536558424067
1278791543466450969
1278791595362574350
1278791622986170368
1278791637326606336
1278791649087197184
1278791653017432065
1278791678900535296
1278791691638628388
1278791701054869504
1278791705429340160
1278791716942864397
1278791742184185872
1278791778037096449
1278791780708868135
1278791787994247168
1278791800413708288
1278791827227893768
1278791876028620809
1278791887252606977
1278791897360850970
1278791913605341184
1278791930978041856
1278791941530849280
1278791943279874048
1278791944748097547
1278791968194277376
1278791976763219977
1278791986028437513
1278791993783705608
1278792002629283840
1278792006467280931
1278792017301168159
1278792044178296835
1278792060393447440
1278792060456169472
1278792060850655235
1278792061789990912
1278792085663936515
1278792098553225218
1278792115657596950
1278792140689006592
1278792144556351505
1278792147500625920
1278792157277483008
1278792158359814144
1278792178458910720
1278792195022127105
1278792198893391873
1278792207613390851
1278792220649422849
1278792232968085505
1278792249812238336
1278792274038722561
1278792275066314775
1278792293336576001
1278792304594018305
1278792308134199298
1278792308326952962
1278792308759158790
1278792366846074884
1278792404787621889
1278792416418426880
1278792442939138053
1278792513655103498
1278792518147158016
1278792557905010699
1278792557921697792
1278792561008807938
1278792564447907842
1278792601978712064
1278792619326398492
1278792622971121664
1278792623227052032
1278792686217158685
1278792689610350621
1278792698564993024
1278792719490592768
1278792739514126336
1278792753212604416
1278792773169266688
1278792782283280384
1278792790764335107
1278792795176779776
1278792802357391368
1278792819054907392
1278792819235270658
1278792820350951429
1278792840886145024
1278792886222454791
1278792908368478208
1278792927561445376
1278792928173928448
1278792932330549249
1278792942002540545
1278792949187346434
1278792975540121600
1278792979403010048
1278792983912071169
1278792985866616832
1278793000404029446
1278793003411390464
1278793008419307520
1278793016187260938
1278793016757694469
1278793029239951367
1278793046625267725
1278793083828662272
1278793092720713728
1278793167601573888
1278793197293047810
1278793203727163396
1278793205257912320
1278793230516211714
1278793235016699904
1278793259783946240
1278793264653533185
1278793276309426176
1278793304906387456
1278793322979487744
1278793345909882888
1278793360715595777
1278793373932019712
1278793390298144768
1278793394416947201
1278793398976208902
1278793399462739972
1278793419310141442
1278793448657612801
1278793457528700930
1278793461458763781
1278793474528157696
1278793507738656771
1278793511676948481
1278793528546660352
1278793536792600577
1278793553431261184
1278793564139421697
1278793610385915905
1278793616962379776
1278793621312061441
1278793621869703168
1278793629629403136
1278793671861829633
1278793675548565504
1278793696230682624
1278793706804568064
1278793713188327424
1278793717143371776
1278793753004834820
1278793772223037441
1278793775767261184
1278793784197857282
1278793796839407617
1278793802610769922
1278793814799499267
1278793816397529088
1278793834433056773
1278793842733600770
1278793923150913537
1278793923339714569
1278793924539068416
1278793935809318914
1278793944269066241
1278793944332005376
1278793950367801344
1278794015899516943
1278794018818789381
1278794020165165057
1278794023386468355
1278794044630609920
1278794093708152834
1278794109306777601
1278794124133429248
1278794128088842247
1278794141565169668
1278794155703939072
1278794160166907905
1278794178663796739
1278794204303355905
1278794220753555457
1278794225832919040
1278794258317705216
1278794258405883904
1278794302345359360
1278794317201641476
1278794317495177217
1278794334192775170
1278794342065418248
1278794347480219654
1278794350588198913
1278794396893245440
1278794444645507072
1278794472562753537
1278794478007070724
1278794494578737154
1278794506159210506
1278794539138859008
1278794556520239106
1278794584814837760
1278794589080391682
1278794601902403584
1278794619170492422
1278794678431776772
1278794694567383044
1278794703002120194
1278794705287987200
1278794711839334400
1278794722199265280
1278794723755466752
1278794724615258114
1278794749005017088
1278794762108186624
1278794762334724097
1278794778688327681
1278794791384281088
1278794795088035848
1278794796929372160
1278794799571746816
1278794814662807555
1278794824615784448
1278794833155559424
1278794845885210624
1278794871009153026
1278794871239700481
1278794875555549184
1278794908283867136
1278794912763269122
1278794916919775232
1278794922594717697
1278794925820096512
1278794937388195842
1278794942681317377
1278794946317869061
1278794959848701954
1278794967058702336
1278794967230676992
1278794971458400256
1278794975229227013
1278794975522758656
1278794984230191106
1278795000550219776
1278795009425387520
1278795025699213312
1278795034762940416
1278795041595551744
1278795063485579264
1278795093021876225
1278795105789493250
1278795106326200320
1278795160080482304
1278795168909410305
1278795185137356800
1278795199364378626
1278795201541103616
1278795206507274240
1278795206704300032
1278795235485777921
1278795257279320065
1278795265105956874
1278795300552019968
1278795302791720967
1278795305480269825
1278795336308396040
1278795349482758145
1278795357393018880
1278795368151625728
1278795378045980689
1278795378566090759
1278795399700951040
1278795478771986432
1278795478818160640
1278795521608605696
1278795525324759048
1278795529426698242
1278795541816791041
1278795555196583936
1278795558782742529