1252039347093856258
1252039404975161344
1252039425795620864
1252039473375805440
1252039539243319296
1252039795372482567
1252039905410076672
1252040144452030473
1252040148373647360
1252040214400335873
1252040451575689216
1252040547092402178
1252040556647251972
1252040612037177348
1252040740152045570
1252041153379291136
1252041267866939395
1252041402470600706
1252041486864199682
1252041520993259520
1252041573803667464
1252041871875948544
1252041932542480384
1252042232573673472
1252042389239132160
1252042592277000192
1252042654445010949
1252042680168833024
1252042702784512004
1252042803284238338
1252043057668784128
1252043333389574146
1252043608959533056
1252043612558254081
1252043684163588099
1252043809627746306
1252043839541567489
1252043868708540416
1252043885708111873
1252043913923362818
1252043936199315457
1252044032450142208
1252044076095922177
1252044082769059840
1252044169427783680
1252044202197676033
1252044204215169024
1252044320150077440
1252044329742409729
1252044564879355911
1252044736661278720
1252044804130816004
1252044925002117120
1252044946531586048
1252045013405569024
1252045013665669120
1252045134088167426
1252045483037601792
1252045596556439554
1252045626155638785
1252045852220194818
1252045861124702208
1252045878040428544
1252045898487599106
1252045924454596609
1252046015592529920
1252046033108062208
1252046246853910528
1252046338813911040
1252046658004795392
1252046687339720704
1252046741030924289
1252046796416618496
1252046834765303814
1252046863936761857
1252046918345199619
1252047007352385536
1252047018371043331
1252047135924781056
1252047161623105536
1252047194405965826
1252047265453260801
1252047267995009024
1252047291768332291
1252047303424106496
1252047322730704896
1252047396525268993
1252047496236478464
1252047504788672518
1252047567518564357
1252048004359393280
1252048042359836674
1252048264817500160
1252048604577042432
1252048775813697539
1252048784298819586
1252048972031672320
1252049006601080835
1252049092277964801
1252049181914480640
1252049215984996353
1252049274671693825
1252049365079920641
1252049372101009408
1252049533690920960
1252049538849873920
1252049627261497344
1252049681716314114
1252049821772345344
1252049875195375617
1252049910276534273
1252050097380175872
1252050214958981120
1252050331694804992
1252050509109788672
1252050591649497088
1252050617587154944
1252050784654520320
1252050843848736771
1252051021603495942
1252051028830121984
1252051096027062272
1252051213115445249
1252051237975007237
1252051267024609281
1252051543697715200
1252051645036474369
1252051649373147136
1252051967968522240
1252052001396977669
1252052009299124225
1252052361612349441
1252052374115323912
1252052400501690368
1252052403094016000
1252052870268178432
1252052899603066883
1252052957295607811
1252052966183485440
1252052995933683712
1252053109330726913
1252053250997719040
1252053338629328899
1252053447861432320
1252053469432864768
1252053557366448134
1252053682977456134
1252053704519356417
1252053759737372677
1252053872660459520
1252054278384029696