1248913741233651712
1248913742559133701
1248913812947980288
1248913818102550529
1248913890609594368
1248914003394310151
1248914011422367744
1248914081131581440
1248914095404748800
1248914124911693824
1248914162643808256
1248914183736807424
1248914192423256066
1248914199356588033
1248914216876113920
1248914528273723395
1248914529783709696
1248914599002255367
1248914663703633920
1248914673690386432
1248914704606449664
1248914892758953986
1248914940011954176
1248914961583280134
1248914992776257536
1248915009415065600
1248915098715983872
1248915119536582661
1248915127300247552
1248915142357614593
1248915450714632192
1248915497283813376
1248915631014961152
1248915757326569474
1248916087762083841
1248916138425278467
1248916207467728899
1248916243291099136
1248916250547359744
1248916314216857605
1248916360614367233
1248916411856101377
1248916431883755520
1248916625694371840
1248916642156830725
1248916687421952000
1248916792568950784
1248916797157408768
1248916972999282689
1248917170710405120
1248917430996471813
1248917450781007872
1248917464651612161
1248917538823643136
1248917547531059201
1248917589226598400
1248917702564962305
1248917795489730561
1248917899844005890
1248917920781963264
1248918009403580421
1248918015493779456
1248918042274410501
1248918051677929473
1248918280548397056
1248918280728797190
1248918281638924288
1248918327226843136
1248918349066711040
1248918392104419328
1248918596463390721
1248918605053321216
1248918923845619714
1248919059749466112
1248919070801629184
1248919128653434880
1248919145980157952
1248919309805588480
1248919433734578176
1248919522666405888
1248919683513925639
1248919769379532800
1248919870437126145
1248919879178043393
1248919934567976963
1248919992705441793
1248920235010383872
1248920235442343936
1248920269152030720
1248920562497392640
1248920593107476483
1248920768299360259
1248920821298495488
1248920909412552704
1248920982867324928
1248920999300665344
1248921023887671297
1248921282059665410
1248921360484765697
1248921376930410498
1248921382328520704
1248921418269679618
1248921418798174210
1248921472980017152
1248921507025301504
1248921706401431554
1248921726068707329
1248921812706131969
1248921951206342657
1248922011188879361
1248922030671462401
1248922039945068546
1248922083192647681
1248922110828969984
1248922161324023809
1248922236599197697
1248922258074210304
1248922302403706880
1248922347060502533
1248922388324065280
1248922868542365697
1248922945222610944
1248922974742286337
1248923033491955712
1248923054861766658
1248923159547404290
1248923255567577088
1248923285712035840
1248923291307442176
1248923424266780672
1248923578633867264
1248923593695625217
1248923638365065217
1248923654668218368
1248923835468075008
1248923922676015107
1248923989600169989
1248923990636343298
1248924135151095809
1248924149965156352
1248924164334878720
1248924178083975168
1248924231473057792
1248924278990483456
1248924284036296704
1248924438436786181
1248924443331575808
1248924474319110144
1248924521878433792
1248924596948140033
1248924614270414849
1248924715311382531
1248924755207639040
1248924828448346112
1248924842541408258
1248924983696297984
1248925006391922688
1248925071990644737
1248925098284740611
1248925252392017922
1248925349381115904
1248925380355993601
1248925484374728705
1248925579547729920
1248925625802358785
1248925680357658624
1248925693100113921
1248925735403712514
1248925823287070720
1248925867117432840
1248925931244118017
1248925957303537665
1248925969315819520
1248926029697159168
1248926048756137984
1248926132230959104
1248926177223495680
1248926188959084544
1248926312737144832
1248926338813050883
1248926569315201025
1248926610885152768
1248926699170996225
1248926700068626432
1248926706183766017
1248926726224318466
1248926793244925953
1248926892343754753
1248926893333766145
1248926925755527170
1248927001278386177
1248927012917567490
1248927013425078272
1248927019292692480
1248927021889134593
1248927022866296832
1248927038884306945
1248927089161572352
1248927168895176704
1248927294850301952
1248927298964926464
1248927353809580037
1248927388391571457
1248927404753424384
1248927451004141568
1248927487590936577
1248927576783028225
1248927601520934913
1248927605979582464
1248927740650291201
1248927853346869249
1248927950063439875
1248927979004141568
1248928175738011649
1248928376842305537
1248928460505903105
1248928495834554368
1248928509587795969
1248928690714574848
1248928777326882816