1249049640827322369
1249049688784932868
1249049742916583425
1249049744120467456
1249049772444573697
1249049783118884864
1249049793898467329
1249049890845609993
1249050032504016897
1249050071980638209
1249050094852325380
1249050438890119171
1249050602983874562
1249050850938499072
1249050850955329536
1249050972476674049
1249051072842346497
1249051097060130816
1249051160910147585
1249051184788385793
1249051228065140736
1249051228153303040
1249051240966901766
1249051341642772480
1249051778055843843
1249051811471745027
1249051820032315392
1249051848528596996
1249051911875178496
1249051922008596480
1249051945307901953
1249051966258335744
1249052141681074176
1249052330101739526
1249052607877799938
1249052654753345536
1249052730292928518
1249052805932781568
1249052952603607043
1249052964087640066
1249052989886627842
1249053053048836099
1249053111597088769
1249053153753997312
1249053342015393792
1249053370997862400
1249053404644728834
1249053488988000257
1249053497439338496
1249053647729811456
1249053652838424577
1249053729904607232
1249053736594333696
1249053762208976896
1249053991914397706
1249054198202679297
1249054243606212610
1249054289089015809
1249054356676046848
1249054525215801344
1249054578798198784
1249054591230058497
1249054658859077635
1249054702098137090
1249054708981018626
1249054751649599488
1249054801796661250
1249054822835408896
1249054833623150594
1249054894050496513
1249054903298936834
1249054985951772674
1249055078784344067
1249055517500157954
1249055540623310851
1249055563352125440
1249055565667590144
1249055650430119936
1249055745418489856
1249055828247744516
1249055859231031296
1249055926818164738
1249056017666752512
1249056125602926592
1249056184704946176
1249056193047388161
1249056235720245248
1249056282792751105
1249056299091779584
1249056299461074946
1249056370479042561
1249056538100146184
1249056563454709767
1249056583415296000
1249056753628708868
1249056794309275650
1249056853142777856
1249056855126614019
1249057070554497025
1249057108009594888
1249057139752132608
1249057167719661570
1249057174644555780
1249057204105338880
1249057306471514114
1249057371869102085
1249057401308942337
1249057452861128708
1249057570922401796
1249057690992558081
1249057724991549440
1249058006949601281
1249058065418158080
1249058193189277697
1249058224113934336
1249058283425497088
1249058293022175233
1249058303616806912
1249058327436447744
1249058343739699200
1249058492733779968
1249058582643040256
1249058680072318976
1249058698334371841
1249058799035400194
1249058968699383814
1249059000315973633
1249059008549285888
1249059054481178626
1249059101092577280
1249059249902272513
1249059306521198592
1249059595768623104
1249059716598243328
1249059737578008577
1249059800920424448
1249059813851627526
1249059885087678466
1249059893547425793
1249059931443154944
1249060116617465857
1249060165179125761
1249060275451392000
1249060380036431872
1249060451389849602
1249060518926651392
1249060565156278273
1249060715639508993
1249060762150211584
1249060902613155850
1249061047090032642
1249061104879382531
1249061165008736256
1249061206528274443
1249061223200624643
1249061319728381952
1249061323335401473
1249061397750833152
1249061657399062528
1249061812202422272
1249061895778308098
1249061972429041671
1249061998404517890
1249062003739521025
1249062016318349312
1249062024509829122
1249062027361951744
1249062045494005763
1249062081619537920
1249062175630659587
1249062238771503104
1249062247151939589
1249062549082927104
1249062603201982465
1249062775084724225
1249062779534761984
1249062938033491968
1249063013958791170
1249063059710029824
1249063060117037060
1249063064919519232
1249063083454222340
1249063233874317312
1249063357988114432
1249063565736194049
1249063576201056258
1249063668714803201
1249063699647811585
1249063743700586500
1249063785991507969
1249063917709639680
1249064046596218880
1249064129920405510
1249064173981405185
1249064180696547328
1249064235264618496
1249064297575178240
1249064312821301248
1249064314364985347
1249064360393097217
1249064403103666176
1249064498620702720
1249064511551700993
1249064523711098880
1249064599199944705