1247735921971204097
1247735922910691328
1247736040736976896
1247736108097601536
1247736456153612288
1247736468824395779
1247736570989252608
1247736650077175808
1247736728900620292
1247736860496936963
1247736938708078594
1247737190836080641
1247737193755340805
1247737253364822016
1247737258246942721
1247737362542546945
1247737597096595457
1247737610300243968
1247737613253054464
1247737693569597441
1247737774041694208
1247738029374087168
1247738130116927489
1247738365425758208
1247738453216972805
1247738553708281856
1247738633953529860
1247738927240314880
1247739012795768832
1247739079896240134
1247739120501157888
1247739267536715777
1247739459493339136
1247739723759656960
1247739736828989441
1247739759474036739
1247739816017444864
1247739841564905472
1247739950130487296
1247740034704441345
1247740162064424960
1247740168481669120
1247740273213542400
1247740374275297280
1247740387164291072
1247740412330012677
1247740638180683776
1247740693339967496
1247740734607740931
1247740927717695488
1247740938082009088
1247740949238673409
1247740967551004679
1247740968964517889
1247741075797786624
1247741139131617280
1247741195956051969
1247741250414903299
1247741540237062146
1247741568116764672
1247741632243523584
1247741745535705088
1247741762342252551
1247741796026740736
1247741817317019648
1247741825252655105
1247741884035993600
1247741900485885954
1247741951736270849
1247742068941656066
1247742085236535299
1247742123320815619
1247742156778831873
1247742223959064576
1247742273120546816
1247742307417415681
1247742312064503809
1247742374895169536
1247742636636508168
1247742680714473475
1247742789720240129
1247742806791196672
1247742853759066112
1247742868531187713
1247743088501587969
1247743241379692546
1247743406412943360
1247743444824424448
1247743471374536704
1247743557093359622
1247743557126877185
1247743570343165960
1247743833900646403
1247743947318820867
1247743960287596546
1247743989949726720
1247744064616726530
1247744183407767553
1247744204266074118
1247744286797352960
1247744429739261953
1247744667782746114
1247744765673615361
1247744815573258241
1247744824687464448
1247745511349604353
1247745646880157698
1247745751066619904
1247745982063718400
1247745988908871683
1247746175307902977
1247746296267419648
1247746455806197764
1247746460793188356
1247746497686331393
1247746728087846913
1247746741098516489
1247746770831958016
1247746838322491398
1247746906765197315
1247746988327579650
1247747075934044161
1247747105038290957
1247747131500146688
1247747176966451200
1247747182377062400
1247747244075307010
1247747259749429249
1247747327726505988
1247747386891354112
1247747446400118786
1247747458693619712
1247747494886248452
1247747512884060161
1247747588465410049
1247747681104982017
1247747852324851712
1247748003856703493
1247748024404566025
1247748087142998023
1247748108387094528
1247748167484837888
1247748221582987267
1247748422762778626
1247748499132710913
1247748506443337728
1247748552677150721
1247748632427692034
1247748666250518530
1247748805975363586
1247748873654636551
1247748988515651585
1247749451571007489
1247749667951017987
1247749753045045253
1247749757319036928
1247749791586455555
1247749827871424515
1247749949527220229
1247749992212652035
1247750045765488640
1247750111259529216
1247750126291935236
1247750150203641858
1247750172081131524
1247750260320907265
1247750277509165064
1247750294697422849
1247750302482096129
1247750528588607488
1247750595034804226
1247750746939863040
1247750759317245952
1247750840107991043
1247750848043610113
1247750923083902976