1252250673267253251
1252250673925758978
1252250779202867203
1252250810874019840
1252250901101924353
1252251002897604608
1252251029569224704
1252251184032821250
1252251221760421888
1252251288844357640
1252251305327964160
1252251314353917952
1252251404091002882
1252251423972052992
1252251427415552005
1252251431660408833
1252251515601014785
1252251536585097217
1252251596886441991
1252251804966039557
1252251817888681984
1252251834455973894
1252251839204143104
1252251872422883328
1252251969177022467
1252251972830408716
1252252048667693056
1252252069823606784
1252252107438080000
1252252115570954241
1252252167005777922
1252252246030659585
1252252464058896385
1252252469834461184
1252252489069584387
1252252502172581894
1252252517897048064
1252252543247319042
1252252560427188227
1252252580035604483
1252252686113812487
1252252761296691200
1252252840992669696
1252253046974763011
1252253206324936704
1252253218094092290
1252253269222711299
1252253327770791938
1252253445597396994
1252253491357257740
1252253515378024449
1252253583585808387
1252253864239280128
1252253910665920514
1252254091033448448
1252254104119914496
1252254141382103042
1252254229659627526
1252254246231130112
1252254275780018176
1252254363751297026
1252254394063650819
1252254459461201921
1252254521734111232
1252254525022441472
1252254535827050496
1252254560451801095
1252254572497649666
1252254590491414528
1252254682652839936
1252254688696848385
1252254732074221571
1252254903713640450
1252254929667846146
1252254972277747713
1252255041756545024
1252255056172388352
1252255081455640577
1252255178671128576
1252255279653302272
1252255409731182592
1252255501989163008
1252255517034139649
1252255560231268353
1252255836904226816
1252255844118470656
1252255869963841536
1252255877895204865
1252255949038985220
1252255960724385797
1252256094245830660
1252256277595664391
1252256348982644739
1252256402514444291
1252256436119363584
1252256486639558661
1252256643498356737
1252256708572975104
1252256775392432134
1252256813430394880
1252256833760305152
1252256935245684742
1252256985187119105
1252256993563336705
1252257014190874627
1252257060303056897
1252257283381366784
1252257316189110273
1252257325466873856
1252257342059495425
1252257420333776903
1252257450876641283
1252257465531596801
1252257542845194241
1252257624180944896
1252257640895246343
1252257704082620420
1252257845397110785
1252257899293917191
1252258151409344513
1252258235282681856
1252258289628393473
1252258321383464961
1252258377083822080
1252258401897320449
1252258410827075584
1252258410927730692
1252258478367944704
1252258486836178944
1252258503613448194
1252258525130174465
1252258528472989696
1252258537385803777
1252258579102543873
1252258599948226561
1252258655648378882
1252258658400047105
1252259158646235137
1252259371498733568
1252259373692284933
1252259505682952192
1252259811892305924
1252259837376749569
1252259891852398592
1252259908592033792
1252259964510334976
1252260012916977668
1252260095922061312
1252260099810344960
1252260235441434626
1252260353045495810
1252260382443474944
1252260402513182721
1252260448126279682
1252260465750822913
1252260596315238400
1252260684655624193
1252260712086306819
1252260811516583938
1252261023761018884
1252261036817670144
1252261166451249157
1252261181483614208
1252261229298626563
1252261325784432642
1252261520865726475
1252261555569295361
1252261704160903178
1252261711941439489
1252261739770425346
1252261838294745089
1252261844707770368
1252261871781949440
1252261876228112384
1252261930691149824
1252262032595914753
1252262051633823744
1252262093484687366
1252262137969377285
1252262269544796161
1252262407788994570
1252262462411485184
1252262607785951234
1252262642976202755
1252262722768719882
1252262852984836097
1252262915740258304
1252263118576721921
1252263134384893953
1252263201355509760
1252263410118492160
1252263469317001227
1252263503471054848
1252263536513998851
1252263868287594498
1252263907437182983
1252263947882893312
1252263998419943424
1252264085703491585
1252264186547183616
1252264341371588609
1252264364293398530
1252264408937570304
1252264450809266176
1252264585660215297
1252264642509930498
1252264644141408257
1252264756351840256
1252264807409033218
1252264970840158208
1252265000439169024
1252265029421813761
1252265083335516161
1252265134581415936
1252265285970771970
1252265369856880640
1252265382037127168
1252265382309756934
1252265419806666752
1252265436349153281
1252265533023703045
1252265552749326336
1252265579131449344