1251888294801092610
1251888302048923648
1251888311536431110
1251888404830326784
1251888460941733889
1251888469204500482
1251888479010766848
1251888503169839104
1251888553304481798
1251888557440094208
1251888959631896576
1251889014166163456
1251889043849256961
1251889102636699649
1251889132672081922
1251889228432265216
1251889236720193536
1251889293246836736
1251889481038192640
1251889541432045570
1251889589402378241
1251889622612934656
1251889681320546304
1251889740032479234
1251889799138553856
1251889805094531072
1251889908031074304
1251889975119024128
1251890079632629762
1251890151069872128
1251890179717181440
1251890264903385088
1251890369257758722
1251890384076017664
1251890464669806598
1251890642667687942
1251890765510242305
1251890852009578497
1251890984868368391
1251891032213635072
1251891083652497408
1251891120281399298
1251891120520519681
1251891221267730433
1251891300023955457
1251891355204321282
1251891359222362112
1251891442584297473
1251891488272855042
1251891568820342787
1251891615423135745
1251891648726011904
1251891702371057666
1251891771727949824
1251891850509783041
1251891853848436736
1251891896148021250
1251891980096897026
1251892074225508353
1251892219176529923
1251892250042343426
1251892341150867457
1251892374118301703
1251892483153432577
1251892754638086144
1251892846782808065
1251892848288382978
1251892890021724163
1251893014815027207
1251893234378379264
1251893324383784960
1251893334294978563
1251893548237991938
1251893628223524865
1251893742333804544
1251893937620480001
1251893993656500231
1251894047624609792
1251894171222278145
1251894190008606725
1251894295763640320
1251894404308037632
1251894446007828480
1251894446284845059
1251894467033874432
1251894568452325381
1251894574315900933
1251894593395752965
1251894621988368384
1251894631094247424
1251894632067280896
1251894731610734592
1251894852264001536
1251894880990871555
1251894945180499971
1251894983558344706
1251895037798965249
1251895070900576256
1251895193319747585
1251895251763171330
1251895354267705345
1251895470072291330
1251895595263901697
1251895624821166080
1251895943521280006
1251895956670492672
1251896036672573447
1251896077785202689
1251896105740230656
1251896262728863744
1251896350255591425
1251896371453538305
1251896451166281729
1251896488680095746
1251896490319986688
1251896522146488320
1251896522226229248
1251896682083766273
1251896790925877250
1251896966856007685
1251897004508303361
1251897068022530050
1251897143423614977
1251897155918446592
1251897168383766528
1251897193096609793
1251897256212443137
1251897296322781186
1251897462383665153
1251897622685679616
1251897679682187265
1251897768815271939
1251897834787520513
1251897898301902851
1251898141256941577
1251898234022162437
1251898253697855489
1251898300762112000
1251898527334174722
1251898552298754048
1251898808138526723
1251898941832118273
1251898992322965511
1251899018797617153
1251899055833317376
1251899123453661184
1251899244463755269
1251899324235120640
1251899536739405824
1251899607497523203
1251899677110403072
1251899705912487938
1251899709880401922
1251899756038799363
1251899802373120004
1251899957994553344
1251899973593108488
1251900079570550787
1251900091000131585
1251900186424750083
1251900380583268353
1251900406113931264
1251900502566199298
1251900574079074304
1251900758624219137
1251900838706122753
1251900855055527940
1251900893123031043
1251900897271197701
1251900951293616128
1251901018373345282
1251901023116881921
1251901174409658369
1251901236581994505
1251901299970519048
1251901329036935169
1251901362473963523
1251901379385442304
1251901706503204864
1251901735733518340
1251902008606351360
1251902016487477248
1251902048850804736
1251902117226266625
1251902122070667265
1251902197735936000
1251902278887448576
1251902327474188288
1251902344251371520
1251902482307002368
1251902512547987458
1251902548761608195
1251902562070138880
1251902750733959170
1251902881021571072
1251902931562983425
1251902951288901632
1251902965390114818
1251903027667181571
1251903036177465346
1251903237654892547
1251903249751379969
1251903363287040001