1252477164496121857
1252477223946379265
1252477304141479936
1252477525814587392
1252477677971349505
1252477727740813317
1252477849010712576
1252477897199087616
1252477912965496832
1252477984159805440
1252478122076680192
1252478129500614657
1252478132902395905
1252478199872868353
1252478256235917315
1252478307146366977
1252478346501525512
1252478420711284742
1252478579251822592
1252478580912766978
1252478608326574081
1252478619886256128
1252478632833900545
1252478675162812418
1252478704531505153
1252478752099090432
1252478780049780738
1252478803454156800
1252478821124710400
1252478873423556614
1252478944596701186
1252479004268953608
1252479086641008640
1252479105351790592
1252479113560031232
1252479228882423808
1252479258070376449
1252479283236343810
1252479388593065984
1252479409900183558
1252479469220057088
1252479510743785472
1252479551416020992
1252479560068861954
1252479678226616322
1252479707414577152
1252479722883215360
1252479728533016578
1252479769767100416
1252479804219113472
1252479840814579712
1252479879586680833
1252479916798627840
1252480018950893570
1252480034784378881
1252480077675155456
1252480104174964736
1252480130045358081
1252480130464780289
1252480173015875585
1252480289902858246
1252480308592533505
1252480320106123266
1252480344273702913
1252480663254523904
1252480696817463297
1252480722276925441
1252480894679449603
1252480898274136069
1252481057078706177
1252481259483402240
1252481359471423490
1252481409593290753
1252481526593474560
1252481632445095937
1252481674102870027
1252481732835602432
1252481742067445760
1252481825659731968
1252481849479192578
1252481854298521602
1252481958866714630
1252482034334863361
1252482052357787651
1252482070141689856
1252482084888813570
1252482106262867969
1252482108787957760
1252482214836744193
1252482228115828736
1252482442180440064
1252482513332772864
1252482562993332226
1252482614394384390
1252482651128082432
1252482689459818496
1252482710687191041
1252482810478125056
1252482831860805632
1252482872809787393
1252482898441240576
1252483059347345410
1252483097439858693
1252483113462063104
1252483147524177920
1252483162871119874
1252483209327185920
1252483241606406145
1252483485757030401
1252483663322910725
1252483708067524611
1252483713264267264
1252483755563982850
1252483955993042945
1252483984971292674
1252484005833908224
1252484073563525121
1252484094069559301
1252484153930588164
1252484438094733312
1252484488732393472
1252484513382440961
1252484572995969029
1252484614620360704
1252484624275525633
1252484668361969666
1252484714230943748
1252484743779713028
1252485051670884352
1252485065747169280
1252485114354941952
1252485139411730432
1252485183774703617
1252485464948432896
1252485575308869635
1252485580140625929
1252485622369042432
1252485755487879168
1252485792905269248
1252485965597356033
1252485969418354688
1252485985612566530
1252486024175005696
1252486053463646208
1252486065459359745
1252486123969896450
1252486153317552129
1252486187438104580
1252486237471903744
1252486271609552896
1252486358414831617
1252486415113318400
1252486493584539648
1252486561536585735
1252486657946902529
1252486732098015234
1252486907776335872
1252486912868331522
1252486917708566528
1252487132465238016
1252487175054282753
1252487186223489024
1252487252070019073
1252487261159075841
1252487324153208832
1252487336480342017
1252487403375398913
1252487432773066752
1252487500477501440
1252487834214203394
1252487836214816769
1252488008101699588
1252488049960910848
1252488153790889984
1252488250536505344
1252488260082978816
1252488289489059840
1252488335722975232
1252488343595573250
1252488360016228353
1252488385861767179
1252488410922659840
1252488599209046016
1252488658181111809
1252488696559001600
1252488699608170497
1252488742545358848
1252488942559076353
1252489056098963457
1252489065024204801
1252489090001440768
1252489137564921856
1252489178610368513
1252489301700620288
1252489326002388996
1252489353474871296
1252489705460887554
1252489718542950401
1252489807256829958
1252489857705799681
1252489887070203904
1252489892472512512
1252489911728574465
1252489912479145984
1252489916329517057
1252490067261751296
1252490071862849536
1252490185838694400
1252490201487888384
1252490330949197824
1252490372674093056
1252490440445702146
1252490448171487238
1252490527448223745
1252490527737548801
1252490545164926983
1252490801147342849
1252491003652714498
1252491014138298368
1252491044211564545
1252491048502296576
1252491178378883073
1252491233332789249
1252491270733299712
1252491329344544768
1252491355596693505
1252491373829218304
1252491426870505474
1252491434659373056
1252491459413962752
1252491531564527616
1252491569325891584
1252491707574296576
1252491894145212418
1252491949803782145
1252491967893733377
1252492005319618560
1252492018258857984
1252492022344286208
1252492025192210432
1252492068120920064
1252492088270295041
1252492210521681920