1251239008321110021
1251239170418315264
1251239245886287873
1251239378569105408
1251239581619494912
1251239639312146432
1251239765279682560
1251239832799633413
1251239883206586368
1251240140439248896
1251240280864575494
1251240518375354368
1251240572192542720
1251240625397051392
1251240699498029058
1251240793303629827
1251240809913073666
1251241070609956867
1251241082962284545
1251241107771600896
1251241112364253184
1251241137341370369
1251241346419089414
1251241371911979009
1251241426836430849
1251241443844395008
1251241523276021762
1251241609548591104
1251241636887064577
1251241699579322368
1251241711713628167
1251241733234532356
1251241778973339649
1251241898985099265
1251241928072536066
1251241989229678595
1251242207035699207
1251242209518608384
1251242228011368450
1251242282566721540
1251242302909153280
1251242311440314369
1251242344608866307
1251242378112966662
1251242445922172928
1251242549672464384
1251242566042992643
1251242806242312198
1251242894712885248
1251242986631028737
1251243016699940864
1251243176230297600
1251243209151393792
1251243496112975872
1251243589021007873
1251243863949430784
1251243880038764547
1251243880294449152
1251243892986351616
1251243909101092864
1251244052789497864
1251244068291645443
1251244219940954114
1251244354074750976
1251244416397967362
1251244484853215232
1251244744744861697
1251244907932651525
1251245201466650624
1251245470124408832
1251245482698895360
1251245494027849729
1251245494929707008
1251245621161283585
1251245633731792898
1251245685485305857
1251245788694548480
1251246036166668288
1251246085810593792
1251246273853894659
1251246508093169667
1251246519119802368
1251246531149271042
1251246548215894017
1251246585360629760
1251246614003449864
1251246614016143360
1251246624657080320
1251246665308295169
1251246719653855233
1251246866198482944
1251246899912474626
1251247085455884288
1251247097573191681
1251247122394968065
1251247241349591040
1251247244046729220
1251247294084796422
1251247315215581184
1251247317031714816
1251247369875791874
1251247399319687168
1251247483474370568
1251247550289473536
1251247604710727685
1251247684469624832
1251247721698283523
1251247739351883776
1251247747107258368
1251247747241476097
1251247815235375104
1251247834772443140
1251248074732830720
1251248217452404736
1251248234036633601
1251248242727292930
1251248307541852160
1251248528040644610
1251248703802925059
1251248824653398026
1251248971760177157
1251249055944134656
1251249060188696577
1251249194712653828
1251249203256479751
1251249228548132868
1251249290866905088
1251249295027732481
1251249421146357760
1251249491862327296
1251249509503586306
1251249571499556865
1251249577765801984
1251249593158782976
1251249663946231810
1251249664520790017
1251249817805701120
1251249835971354627
1251249865750802432
1251249883044024320
1251250025520197632
1251250283218436097
1251250415363997698
1251250465213263872
1251250566182944770
1251250580837679105
1251250670675640323
1251250797481992195
1251250919041232898
1251251283346042885
1251251395262590982
1251251786733813760
1251251795663388672
1251251828764798976
1251251920582463488
1251252128623910912
1251252146042834945
1251252235683708928
1251252389878943749
1251252620464971777
1251252734533292033
1251252805609811968
1251252935608209413
1251253040885219328
1251253103975903235
1251253132098707456
1251253182421962753
1251253312302673920
1251253527550267392
1251253574014664705
1251253598148755458
1251253670563450881
1251253771629461504
1251253782291402753
1251253927565197318
1251253961757265922
1251254096260222978