1252613059882782721
1252613060205912068
1252613086285934593
1252613089905659904
1252613110453743616
1252613144603754498
1252613160672153601
1252613295279874049
1252613315790061569
1252613316435947520
1252613454986448899
1252613471486738437
1252613484547842057
1252613527136763906
1252613555419054081
1252613563149139969
1252613744301047808
1252613828027678721
1252613895468060683
1252613991832027137
1252614040997765122
1252614071653974016
1252614260926173186
1252614509761462273
1252614526937239563
1252614662807584770
1252614697427374083
1252614732764401664
1252614751764578311
1252614805678174208
1252614843737268224
1252614907759075331
1252614918593003523
1252615019151458305
1252615061513940993
1252615166660947969
1252615237125038080
1252615287230402563
1252615468122169349
1252615510010793985
1252615558995963909
1252615581800427525
1252615585806069761
1252615650108936194
1252615669268570112
1252615740810686465
1252616021699104768
1252616051407433729
1252616101537570816
1252616252922552320
1252616273596420101
1252616428861128706
1252616469063643137
1252616679986794498
1252616772345163776
1252616806243631104
1252616885884968966
1252616889899024387
1252616932085436416
1252617011139657728
1252617112461422597
1252617120904622086
1252617171131392000
1252617221135876097
1252617246666420224
1252617288945209347
1252617514636521477
1252617552628498438
1252617627245125632
1252617636434767875
1252617646262149121
1252617653618958338
1252617745683931144
1252617825140781056
1252617884364308480
1252617914143907845
1252617959765352450
1252617967449395200
1252617993642749953
1252618072273424394
1252618253391876098
1252618439606308864
1252618572116959233
1252618572192526338
1252618576130748418
1252618735736819712
1252618920453910528
1252618927890468866
1252619067166425095
1252619083402678274
1252619178214715392
1252619196837609480
1252619280341807104
1252619504170999809
1252619515671785473
1252619582721814529
1252619603647385604
1252619630662889472
1252619651089039360
1252619773474738176
1252619788599394306
1252619901770125314
1252619985547153409
1252620022905798657
1252620151624577026
1252620157236785158
1252620253701365761
1252620291949412353
1252620392541323264
1252620535953076225
1252620605377175553
1252620652428898304
1252620667461283848
1252620966879989760
1252621017677271042
1252621084031094784
1252621185008844802
1252621269322924034
1252621339724255233
1252621407122526208
1252621503465734144
1252621804495089666
1252621888213274626
1252621998519455745
1252622003380649988
1252622022644883456
1252622185631449089
1252622451672076289
1252622459720908806
1252622485624930309
1252622506424512513
1252622535943831554
1252622619461013508
1252622690323705857
1252622694702624777
1252622723207041027
1252622854341799936
1252622879637856256
1252622966707404803
1252623110433574912
1252623123641483266
1252623345151102979
1252623457436786690
1252623468291428354
1252623554635538436
1252623560453033984
1252623672470147078
1252623676186472450
1252623729651331072
1252623739168014337
1252623819468148743
1252623886325133314
1252623965996019712
1252623978213998592
1252624112691720197
1252624117313855497
1252624213006934016
1252624217499025408
1252624242748862464
1252624277737820162
1252624289049841664
1252624368020205569
1252624393047552004
1252624557120172032
1252624606491561986
1252624649667698688
1252624725056139273
1252624730923778051
1252624735537684480
1252624800452874242
1252624817120935936
1252624842177814528
1252624977246875648
1252625026706219008
1252625028841168897
1252625056523522048
1252625059400896512
1252625064631156737
1252625091831218176
1252625235838251011
1252625312770330625
1252625387730984961
1252625400234115074
1252625677481684992
1252625782809247744
1252625790098911232
1252625803205963776
1252625912551571456
1252625929131700224
1252626101102313478
1252626112926154759
1252626130756042752
1252626276671582210
1252626310461034497
1252626339422785536
1252626381915201537
1252626436151795720
1252626439465308160
1252626590606991364
1252626648010240001
1252626763563196416
1252626909965324294
1252626993415405570
1252627027770957825
1252627216007155714
1252627384144146432
1252627413323874314
1252627468332171267
1252627514591232001
1252627610737270785
1252627635835977734
1252627655893102592
1252627669432311810
1252627719814361091
1252627724163780608
1252627728399863814
1252627824927784961
1252627916355186689
1252628002980204546
1252628017404424194
1252628031832829954
1252628072316182529
1252628084534190082
1252628097280638978
1252628117988007936
1252628130608623616