1254198549572653056
1254198607881871360
1254198641889165312
1254199031280152577
1254199152747196422
1254199187761246209
1254199370725109760
1254199463821770754
1254199558940299264
1254199602976350210
1254199619439005696
1254199741010841606
1254199923383373825
1254200060021280769
1254200092246056967
1254200109098840066
1254200232151257094
1254200269577035776
1254200316221722624
1254200375692996612
1254200411436744705
1254200538411028481
1254200579179655168
1254200758989402113
1254200791189073921
1254200828128157696
1254201072320753665
1254201175018278912
1254201179984125952
1254201255104319490
1254201380572745729
1254201691186102272
1254201695632048131
1254201816105058305
1254201820718776321
1254202009760280576
1254202143910789126
1254202290619199489
1254202294868066305
1254202450522734592
1254202454234800130
1254202459439988738
1254202697743577090
1254202732707225600
1254202836633686016
1254202860000157697
1254202869986836481
1254202879126142977
1254203058612867072
1254203158236102662
1254203204063113219
1254203347164372992
1254203377111703552
1254203445256622083
1254203448087568384
1254203473886711808
1254203475518521344
1254203487216259072
1254203499505528832
1254203532636372992
1254203541071245313
1254203622495121410
1254204026687815680
1254204086901190657
1254204097701560322
1254204111978889232
1254204115741106176
1254204363007918080
1254204366677893120
1254204424714625025
1254204467995607040
1254204715845529604
1254204728071737347
1254204822770909185
1254204836494446592
1254204941247356929
1254205004417626113
1254205193584996352
1254205306751668224
1254205444572221440
1254205805064343555
1254205837234458625
1254205864447299584
1254205948773707776
1254206107100332033
1254206117128871936
1254206128340168704
1254206200234852360
1254206225820135424
1254206312935837696
1254206330446860288
1254206561234432005
1254206791853977600
1254206889472282624
1254207068090912770
1254207492353130502
1254207597550415877
1254207676822806528
1254207792962994176
1254207793814528000
1254207840673202177
1254207844079067137
1254207953999101956
1254207973661962241
1254208129522417669
1254208188800434176
1254208289266679808
1254208314461827072
1254208325962661888
1254208456573288449
1254208503926919168
1254208507626303490
1254208519965818882
1254208931553034248
1254209307664625669
1254209413050589184
1254209492507602946
1254209657008263177
1254209839846305792
1254209844619460613
1254209874226896896
1254210017764544513
1254210326662266880
1254210332672897030
1254210335374000132
1254210453397520386
1254210678929403906
1254210682876317697
1254210805815443456
1254211006521323520
1254211118928707586
1254211126591664129
1254211233290637314
1254211363838103553
1254211422847938563
1254211497879797761
1254211840923578373
1254211878596816896
1254211992262451202
1254212093471068162
1254212141663559680
1254212315525890048
1254212470010515458
1254212683856875520
1254212797920972801
1254212961998168066
1254212991282708482
1254213158253797382
1254213493235970048
1254213536315772928
1254213587180150785