1249245912079065089
1249245965539782656
1249246002982211585
1249246104522276864
1249246146918256641
1249246209547665409
1249246401730621440
1249246441803001856
1249246540171898880
1249246549235900417
1249246556693262336
1249246791570087936
1249246904929705986
1249246955475292160
1249246955856896000
1249247082701041664
1249247151743479811
1249247180772249600
1249247240943738880
1249247278650527745
1249247290977648643
1249247329443385344
1249247330370387968
1249247654262886400
1249247660319612929
1249247698601082884
1249247702984122368
1249247850938150913
1249247899277557760
1249247986149920771
1249248074142105600
1249248365617074177
1249248407492984834
1249248557611110401
1249248596618358784
1249248637789655043
1249248818316673026
1249248846791815168
1249248996528275457
1249249169983840258
1249249207195598848
1249249367145549824
1249249392185339904
1249249418609487872
1249249474284867584
1249249488595816448
1249249644183461890
1249249699883700225
1249249813050228736
1249249862945771520
1249249955430178817
1249250005233401858
1249250105540202496
1249250193092087810
1249250307827208192
1249250415117557760
1249250507874611200
1249250534189674496
1249250545732206592
1249250637864488960
1249250705002713089
1249250830622081024
1249251011417591808
1249251044971945984
1249251565921161217
1249251770578153474
1249251938753019904
1249251967412641792
1249252162787397632
1249252168760246273
1249252176918085632
1249252199311585285
1249252226733834240
1249252480245850113
1249252768734253056
1249252798392348674
1249252895628963841
1249252957306011649
1249253129033363456
1249253180329713665
1249253259061137408
1249253420835524608
1249253436236816389
1249253486426013698
1249253502641111041
1249253658279247873
1249253716202369025
1249253998261161984
1249254198903963655
1249254224187146240
1249254421894246400
1249254556619456513
1249254581726580736
1249254598197551106
1249254619198492676
1249254740367749120
1249254978855694337
1249255100737974273
1249255116768591874
1249255276923875328
1249255411116457984
1249255491819061248
1249255533216854016
1249255772720070656
1249255789270724609
1249255859802132480
1249256163650097153
1249256192192532485
1249256223763050496
1249256251634135040
1249256263373991937
1249256272181874688
1249256492991053825
1249256765147021312
1249256900371156993
1249257110963138561
1249257118873481217
1249257181242740736
1249257425565343746
1249257466195574784
1249257638958755843
1249257760157507585
1249257831284396032
1249257922921521153
1249257939229184000
1249257974192910337
1249257978773082114
1249258045021884417
1249258099703046144
1249258104073547778
1249258171215953920
1249258460887171072
1249258465618427909
1249258473331789827
1249258620790816769
1249258657159602179
1249258700415463424
1249258869383024640
1249259077961535491
1249259106310864896
1249259168566931456
1249259297290063873
1249259387480412160
1249259421378719744
1249259429649883138
1249259509186318342
1249259522050396165
1249259537909112832
1249259564085710852
1249260171475464192
1249260474211934208
1249260479291232256
1249260591748911105
1249260624577732609
1249260649290465281
1249260661256970240
1249260697076277248