1247962474692870144
1247962504438992896
1247962516623425538
1247962709251043333
1247962743568838656
1247962872447188993
1247962900452593670
1247962911416504323
1247962940302602244
1247962956580687874
1247963074801192960
1247963082283982849
1247963091377274880
1247963101129060352
1247963114760540160
1247963196658507779
1247963243634515968
1247963254481190912
1247963414862999557
1247963481300709376
1247963502905626624
1247963752823226370
1247963758204530688
1247963783508701184
1247963822469427200
1247963901037338626
1247964005810884608
1247964181783089160
1247964211860443136
1247964316147634178
1247964395944038400
1247964521764982784
1247964713566130176
1247964718834298881
1247964844877381633
1247964927970729985
1247964995515584512
1247965013949796352
1247965055607607296
1247965203851083780
1247965327130009601
1247965544986394628
1247965589378863109
1247965628926959618
1247965657943113730
1247965675299037184
1247965792546836482
1247965855599730688
1247965959706406912
1247965994493984768
1247966117630554114
1247966204104327168
1247966212245635073
1247966242759032832
1247966249788805126
1247966287650795520
1247966363060183040
1247966441380311040
1247966456618287107
1247966464033918976
1247966464205881346
1247966464302362629
1247966487391985667
1247966500465586180
1247966542932791296
1247966547680931842
1247966690559905793
1247966880670928896
1247966925084221441
1247966937566478337
1247966938006839296
1247967029774123010
1247967080298635266
1247967269382209539
1247967294317363200
1247967532687949830
1247967553927950339
1247967604314120192
1247967679937425409
1247967733834305538
1247967743405690881
1247967768999165952
1247967785390489600
1247967801555308544
1247967818534060033
1247967967201067008
1247968170662559745
1247968179126587392
1247968221241671684
1247968258747256832
1247968322303537152
1247968510556409862
1247968559411666946
1247968644711305222
1247968663384117249
1247968699501420544
1247968720879857665
1247968926836953093
1247968996999213059
1247969001076072448
1247969038820691971
1247969101168828416
1247969119007199232
1247969263798763520
1247969311215452161
1247969435991699461
1247969596625375233
1247969743719596034
1247969819103764482
1247969831833554944
1247969889446436868
1247970020455579649
1247970020463869955
1247970032388386817
1247970179763654659
1247970346365587456
1247970352438939657
1247970565798985730
1247970879298027521
1247970984587677702
1247971031643545601
1247971069102886918
1247971080674742274
1247971101638098944
1247971182571331586
1247971202687275010
1247971207447605248
1247971240935120896
1247971266243497987
1247971321159356417
1247971336930103296
1247971496791650304
1247971513329999873
1247971513527087104
1247971521768947713
1247971589355782144
1247971605399117824
1247971709489221634
1247971725570117638
1247971899340206086
1247971899927400448
1247972054558793729
1247972097202073602
1247972112435822594
1247972155234619399
1247972180358463488
1247972234989154304
1247972238696964097
1247972298931519488
1247972340996009984
1247972377490640896
1247972420008513536
1247972436613763080
1247972503970078720
1247972507463954432
1247972523721007104
1247972558265180161
1247972676716711937
1247972691769831424
1247972713332969473
1247972907222958082
1247972985660739588
1247973006162497536
1247973083165503488
1247973120377585666
1247973140837392392
1247973149293056001
1247973153634123776
1247973174320312320
1247973384266428424
1247973611132116993
1247973676575633415
1247973702970617857
1247973879567572998
1247973880255438848
1247973946579767296
1247973987449266176
1247973999231094790
1247974056336543746
1247974097394397186
1247974109742600192
1247974122283388928
1247974122442895362
1247974143464820737
1247974144052015106
1247974221617209345
1247974237043707904
1247974238226534400
1247974319457697796
1247974333638684673
1247974481857052673
1247974496075517952
1247974541353193474
1247974543098089473
1247974634521321480
1247974636811403264
1247974661154983941
1247974692360781827
1247974701063983104
1247974705350541315
1247974788204761088
1247974851480035332
1247974910799933440
1247974932249706498
1247975003246735361
1247975024612409346
1247975046393577472
1247975196151230468
1247975314346643457
1247975535847800833
1247975646275371009
1247975766782029824
1247975862655422464
1247976109762805760
1247976157619851264
1247976173235310593
1247976230126747651
1247976516685873152
1247976597111652353
1247976706130022403
1247976714967416833
1247976731820142597
1247976924812578823
1247977037895254018
1247977058346643457
1247977062767267840
1247977068584775680
1247977125589725184
1247977201271820296
1247977217788796928
1247977327230844930
1247977364946145280
1247977393152720902
1247977396583751685
1247977398278258689
1247977404393496580
1247977426912714752
1247977443400523779