1255210173099937793
1255210181794959362
1255210202673995778
1255210245355442176
1255210272052187136
1255210278779830273
1255210296618168324
1255210361843834882
1255210378738503692
1255210427614625793
1255210429724401664
1255210437542469632
1255210438842707968
1255210446048694278
1255210446086443008
1255210547307569154
1255210572024610818
1255210588726161408
1255210609098067970
1255210624436408320
1255210627334696960
1255210645294854152
1255210651682832385
1255210660184686592
1255210693747408896
1255210730757881856
1255210752736026624
1255210761259024389
1255210788161282055
1255210820054777860
1255210925117845505
1255210945309282304
1255210989072646144
1255211008228052992
1255211028910166017
1255211087747854336
1255211088523620354
1255211187836313600
1255211188381720577
1255211192789893121
1255211227640299522
1255211238872641536
1255211240533700610
1255211368631975936
1255211397836832768
1255211414144286721
1255211416337948673
1255211419013791744
1255211419131240448
1255211443760349189
1255211470062845952
1255211482708467713
1255211484352778252
1255211494582759425
1255211507232751617
1255211512727126016
1255211553520906241
1255211587314614272
1255211590477021191
1255211598827880449
1255211608269193216
1255211640729067520
1255211671439712256
1255211691941359616
1255211695728988161
1255211725822935041
1255211778549710849
1255211838792273920
1255211977451941888
1255211993516199936
1255211993818152962
1255212023056666627
1255212129080262657
1255212153398853633
1255212165864316928
1255212220297940995
1255212239071506432
1255212241676374020
1255212243186339847
1255212273137668096
1255212275243220992
1255212282293948422
1255212287406731265
1255212338032054272
1255212383494041600
1255212430155673600
1255212438338895874
1255212509981741061
1255212518160715777
1255212576692006912
1255212606777954306
1255212614197501953
1255212644954451973
1255212673211432971
1255212677451972608
1255212710393978881
1255212712772145152
1255212719411728384
1255212736365113350
1255212744527286272
1255212847933452293
1255212859962908673
1255212873825083393
1255212938106998787
1255212945660948484
1255212970952372224
1255212993555595264
1255213017366757376
1255213048693833729
1255213075793207296
1255213092289622017
1255213101307346946
1255213110127783936
1255213126146035712
1255213147377598465
1255213151362015232
1255213163815059457
1255213209583259648
1255213290352828417
1255213306660315136
1255213340030201857
1255213347173105664
1255213348557336576
1255213394925367296
1255213398721249288
1255213407189569538
1255213413409738754
1255213438575316992
1255213478522040320
1255213478589214722
1255213528811819009
1255213575758643200
1255213590858137601
1255213610789302272
1255213637418926080
1255213666556764160
1255213742213734400
1255213755430035456
1255213773394194439
1255213791714910210
1255213797704232960
1255213831325876225
1255213843606839303
1255213847792832513
1255213851206770689
1255213868604768257
1255213908857688065
1255213914083733504
1255213946400890881
1255213965073883137
1255214002550038530
1255214006781919232
1255214034099605505
1255214057327648778
1255214107583639552
1255214112226844673
1255214128777564163
1255214142929027072
1255214183710408704
1255214229445017600
1255214262873718784
1255214296688029697
1255214305437499394
1255214323951009792
1255214350941523968
1255214353458094082
1255214411201089538
1255214416645312514
1255214418318819328
1255214442490413056
1255214460115005447
1255214465341173766
1255214468490985474
1255214481434480640
1255214522727632896
1255214532936507394
1255214554969182209
1255214560077807616
1255214571654205440
1255214573042499585
1255214623525134342
1255214635000705025
1255214649110343681
1255214649110343683
1255214713497149440
1255214796166901763
1255214833445855234
1255214838214729730
1255214875074342917
1255214883517485056
1255214962110271489
1255214984612712448
1255215000748244994
1255215005286436864
1255215051482509312
1255215076988116996
1255215100065128452
1255215132021415936
1255215156126236676
1255215160475688968
1255215186115547138
1255215207703609349
1255215226447855617
1255215244059779072
1255215286044766209
1255215315694358528
1255215358019080197
1255215375756570624
1255215376012476416
1255215395486695425
1255215408359014400
1255215499958464514
1255215508221280260
1255215513287958528
1255215521831796737
1255215584045907969
1255215591205584897
1255215592275169280
1255215592623276041
1255215592807845899
1255215607320018956
1255215623115878400
1255215675880222722
1255215677159374849
1255215684847636486
1255215731450482689
1255215756356333568
1255215932542246913
1255215936573001730
1255215937009172486
1255215941086044162
1255215941329260545
1255215970337067009
1255215991237328897
1255216010195603458
1255216051471527936
1255216094882791424
1255216100016521217
1255216165812568071
1255216171139379200
1255216206522482692
1255216274478698499
1255216275288207361
1255216327171719169
1255216343579754498
1255216385380278272
1255216385384382464
1255216465411801088
1255216472386940932
1255216489982038018
1255216523888799746
1255216536446435330
1255216575206080512
1255216578020495366
1255216590485848074
1255216591119298561
1255216598622842881
1255216599000285185
1255216607682539521
1255216615689539585
1255216637747347457
1255216676116856833
1255216676477468673
1255216734480535553
1255216809596391424
1255216830014197762
1255216863753224194
1255216863757455360
1255216874834604048
1255216901271232515
1255216910288986112
1255216964374495232
1255217027502845952
1255217035874832386
1255217060382212099
1255217060835135488
1255217136043245569
1255217155274084354
1255217174412775425
1255217178326052868
1255217186844684290
1255217190502125569
1255217241139937280
1255217366562156547
1255217375219195905
1255217430277881858
1255217435155877902
1255217450817372165
1255217455322009605
1255217463505178624
1255217488775831552
1255217501308403720
1255217538109145091
1255217538453118976
1255217573177823234
1255217580522057728
1255217588864536578
1255217593725706240
1255217626663596034
1255217707068403720
1255217782670667776
1255217794184097805
1255217803109507072
1255217824265535488
1255217931761455104
1255217934529638403
1255217944428150789
1255217950317051910
1255217953794113536
1255217974702678017
1255218000229269504
1255218005610500103
1255218087911198720
1255218090981416961
1255218095360180228
1255218142768443401
1255218161592524800
1255218176448659459
1255218182882811905
1255218190323535873
1255218271038640135
1255218298347761669
1255218377506934787
1255218394137268231
1255218411573051393
1255218419831574530
1255218432464900101
1255218449346936832
1255218457706139648
1255218461774614534
1255218540627492866
1255218549037072390
1255218553902501901
1255218663898198024
1255218733989199877
1255218872166252545
1255218902335983618
1255218924515442695
1255218947982602240
1255218955398057985
1255218959659470849
1255218959785299970
1255218961718956033
1255218980480004097
1255219015447912452
1255219024100818949
1255219065850822661
1255219067566333965
1255219085912289280
1255219106049077251
1255219148973539329
1255219174923816965
1255219182746075137
1255219183341764608
1255219196067287043
1255219311293140995
1255219342603681802
1255219389131116546
1255219437449498630
1255219445594759168
1255219459926654977
1255219468122365953
1255219475684655109
1255219484677341184
1255219577618915329
1255219597567053832
1255219602029793281
1255219602243624962
1255219612473589761
1255219623311609856
1255219629972172810
1255219671659315203
1255219694539362304
1255219824961228801
1255219870544924677
1255219889658384391
1255219913037361153
1255219913054175232
1255219924819152904
1255219950551281666
1255219996885749760
1255220168680255490
1255220169976303617
1255220173231083522
1255220185092456455
1255220197159514115
1255220221310369795
1255220249097576448
1255220286024228864
1255220327338119168
1255220375576883209
1255220416303566851
1255220474969313287
1255220496184074240
1255220497001873409
1255220512478896134
1255220533601480705
1255220542023630849
1255220568674185216
1255220588303527939
1255220626190721025
1255220684344737792
1255220685020041221
1255220705190449155
1255220768226652162
1255220786870325257
1255220793358909444
1255220822844887040
1255220843053043712
1255220844130963462
1255220852167245826
1255220893472698369
1255220906646962179
1255220907284598784
1255220957490397184
1255221016575557632
1255221061769142273
1255221075073478656
1255221083998957570
1255221087035670530
1255221096019886083
1255221112226578436
1255221116257386496
1255221133806317571
1255221154723364866
1255221187954782213
1255221195802361857
1255221196607623169
1255221217637945353
1255221242505895936
1255221243307065350
1255221289226297344
1255221294775312384
1255221330821238791
1255221333073461249
1255221385661743105
1255221401537126402
1255221439654920193
1255221442737844227
1255221459523379200
1255221469371609088
1255221485515538433
1255221557074460672
1255221567354736642
1255221616872755206
1255221681519550466
1255221696791023619
1255221703950635012
1255221748104036354
1255221800298037254
1255221812499222537
1255221821659648001
1255221833651171331
1255221851535683593
1255221855281197061
1255221859223769098
1255221871370481666
1255221875548082176
1255221901603082242
1255221946901565442
1255221963829776386
1255221993139560448
1255222013205110784
1255222025251164165
1255222173859549185
1255222188090761216
1255222205761323008
1255222211461382146
1255222253555527680
1255222358358601729
1255222362171150338
1255222374787698690
1255222387475468290
1255222402465902592
1255222415011045377
1255222417829609479
1255222467087470595
1255222483948654596
1255222488600137734
1255222500230922247
1255222515376553992
1255222542547255298
1255222557969653761
1255222563879428103
1255222618623442950
1255222622071250947
1255222623711215620
1255222639624425474
1255222651519406088
1255222660306554889
1255222698025852935
1255222701758832642
1255222760823013377
1255222764937654280
1255222765361278977
1255222770683740168
1255222802610884612
1255222802665390081
1255222811179786240
1255222832126201863
1255222832562417664
1255222857145241605
1255222870034329603
1255222875348447236
1255222920592359424
1255222966624882693
1255222970831843328
1255222973851668482
1255222983364358144
1255222987336421378
1255223018525208577
1255223042344615936
1255223075827834882
1255223134808166401
1255223142324350979
1255223159382593536
1255223200847409154
1255223238617182209
1255223251288109059
1255223265246806024
1255223266769285122
1255223284867702787
1255223294829223937
1255223318891855872
1255223348331675649
1255223352479944707
1255223352484139014
1255223360230952965
1255223409128230912
1255223430900744194
1255223455936581633
1255223478422245380
1255223481882611713
1255223508306665472
1255223558437056515
1255223558764220420
1255223582659170304
1255223611079774215
1255223641475776512
1255223688561115141
1255223696182124544
1255223712351244289
1255223719607373825
1255223721641607169
1255223741056987137
1255223767221092352
1255223809281601536
1255223820677455875
1255223851040079878
1255223856865914887
1255223868287000578
1255223901187198981
1255223913757409286
1255223921105829888
1255223922410258432
1255223922842308608
1255223924352311296
1255223951183302657
1255223964114333696
1255223970674114560
1255224081479340034
1255224097648361476
1255224098839498752
1255224138823864324
1255224182029332482
1255224186416619520
1255224225020985349
1255224257036144640
1255224282982092800
1255224283594469376
1255224318042267650
1255224368965320715
1255224428692201474
1255224455242055686
1255224461994967042
1255224530949345281
1255224538671058953
1255224572758167554
1255224581083799554
1255224597592576007
1255224636037632005
1255224657181114370
1255224681516408842
1255224711195344902
1255224711547686919
1255224742581342214
1255224773690474496
1255224822558265350
1255224828543500292
1255224845324951554
1255224857341689864
1255224883023351808
1255224886458540033
1255224891370024968
1255224891726577666
1255224900027121674
1255224904418496513
1255224916854681609
1255224954360082434
1255224975117750282
1255224987356672000
1255224994394750977
1255225031623413761
1255225098908434434
1255225105120145409
1255225105694810112
1255225126863491075
1255225151567904770
1255225154638143491
1255225160245882882
1255225239476338688
1255225260300959745