1255180188197040130
1255180251644276736
1255180271739195392
1255180271940485120
1255180278668148739
1255180297504559105
1255180309202702336
1255180330438361090
1255180334771122179
1255180385786277888
1255180385824235525
1255180406623809537
1255180414030958592
1255180427557433345
1255180587301814275
1255180708324298754
1255180826008006656
1255180828839153665
1255181077251002369
1255181332705087489
1255181406743023616
1255181644530700294
1255181710733475841
1255181848839405570
1255181890769698816
1255181904141332480
1255182004565377024
1255182030536466434
1255182067568173058
1255182222660825089
1255182365246226434
1255182374247100417
1255182409370394624
1255182439649095686
1255182489158475777
1255182522155257856
1255182553063084033
1255182801978175495
1255182810295308288
1255182822869958657
1255182872945795072
1255182881581867009
1255183001929035779
1255183028713750528
1255183173849427970
1255183359589920770
1255183376039936005
1255183426715627524
1255183434672156678
1255183461419069440
1255183531078307843
1255183552632799235
1255183617606778886
1255183719968550913
1255183725077372931
1255183809470959619
1255183878953873415
1255183880535113729
1255183961615106052
1255184043152457731
1255184081177862144
1255184148358103042
1255184207242055683
1255184245795860480
1255184282236129287
1255184294827483142
1255184340100829184
1255184442320134146
1255184466852696065
1255184512788713475
1255184533701431304
1255184550231183367
1255184747774566400
1255184814656946176
1255184818503135234
1255184911297904643
1255184986530930690
1255185167037202434
1255185339574112256
1255185398055276549
1255185452711075840
1255185473645002752
1255185485892329472
1255185611654193158
1255185674610921472
1255185712141545473
1255185733314363395
1255185842668068864
1255185846556295173
1255185972523868160
1255186480013676546
1255186538306117634
1255186551635619842
1255186572091305993
1255186584938393609
1255186702580289540
1255186709899120641
1255186757420822530
1255186761522778112
1255186767986253835
1255186793777057793
1255186794401988609
1255186866070081536
1255186911532122112
1255187016494374912
1255187096953745408
1255187108945412096
1255187117744873472
1255187268727275520
1255187438756118529
1255187478438264832
1255187524583952384
1255187549229891587
1255187580267696128
1255187582893334530
1255187583056912386
1255187631937392645
1255187675121881090
1255187692473552896
1255187749977628680
1255187985374593024
1255188126047375365
1255188244528082950
1255188293102133248
1255188311980859400
1255188367840436225
1255188413898244099
1255188451252506624
1255188492805640192
1255188518910996480
1255188520936730624
1255188536615206912
1255188577056632833
1255188616596332546
1255188631830044673
1255188682291785731
1255188704588693505
1255188711756763137
1255188720069734401
1255188895727321088
1255188920901480449
1255188921459380224
1255189050807508998
1255189109976387584
1255189213819142147
1255189230848000002
1255189344677171203
1255189403430879232
1255189459747905544
1255189516131975170
1255189550164586499
1255189591931445248
1255189683799293953
1255189695270707200
1255189708830904321
1255189734030221322
1255190048171003904
1255190097324118016
1255190230279139330
1255190309123895300
1255190313901215745
1255190315033649154
1255190355277950976
1255190367496003584
1255190384722038784
1255190392959578113
1255190416229576710
1255190611231154177
1255190678356754433
1255190734233370626
1255190756626706438
1255190770597986308
1255190900742987778
1255191010239381505
1255191014383456257
1255191060856188928
1255191064270471173
1255191147674288129
1255191148693348352
1255191155484082177
1255191251328159749
1255191253039362049
1255191286610571266
1255191333049733121
1255191397495431176
1255191475262021632
1255191687330238467
1255191723392872452
1255191801369112578
1255191861607661571
1255191970655473671
1255191970768658433
1255191982747443200
1255192070630846464
1255192079174635521
1255192253565415425
1255192295609118722
1255192520990117889
1255192534919380995
1255192570419953665
1255192649566478342
1255192751181828099
1255192830131220484
1255192909739102212
1255193107328634881
1255193132637081601
1255193253638475783
1255193356805734400
1255193414817243137
1255193550469414912
1255193552457433090
1255193674528567298
1255193716949749763
1255193841868648450
1255194192982073344
1255194322699530242
1255194324939223040
1255194377183518722
1255194411207733250
1255194499137110018
1255194503692136455
1255194700539211776
1255194849004961793
1255194851454443521
1255194877538660353
1255194919263711232
1255194943120957442
1255194946686124033
1255194949106221057
1255194990139113472
1255195027648712707
1255195049173884939