1245712695401369602
1245712801185837056
1245712899030605824
1245712927346372608
1245712967288709125
1245713066437668866
1245713178710937601
1245713313054502912
1245713355051913218
1245713361939116034
1245713407732527104
1245713413357088768
1245713459112599555
1245713497301942272
1245713535067254787
1245713702440988673
1245713711609888768
1245713904128360448
1245713946587389952
1245713950521454597
1245713958859763715
1245713992187691008
1245714002317135878
1245714063096758273
1245714063847538689
1245714072127131648
1245714096995041281
1245714097112481795
1245714189894770688
1245714282412756992
1245714288662188032
1245714373936480256
1245714448523964416
1245714474692235265
1245714579449163781
1245714638538506244
1245714688618397697
1245714717852798976
1245714797628440576
1245714877232152577
1245714911096762368
1245714994488098817
1245715064809807872
1245715110246711296
1245715133726425088
1245715154421121027
1245715179729498121
1245715212197650432
1245715561004269568
1245715573914427394
1245715575663362048
1245715717133078529
1245715732840828928
1245715771105447937
1245715771155603457
1245715798284472322
1245715833869021184
1245715884330618881
1245715926558707712
1245715938479091712
1245715949585604608
1245716041487056896
1245716096629514241
1245716118007943168
1245716193757011968
1245716596418416640
1245716639653326850
1245716643000594434
1245716753528655873
1245716863474155520
1245716917593075717
1245716936014651393
1245717037076414469
1245717120316514308
1245717163303985152
1245717203887898628
1245717226348478470
1245717258740969473
1245717297429438464
1245717301833465856
1245717419097600001
1245717465423736834
1245717528539586560
1245717658462572544
1245717687054921730
1245717716641726464
1245717778369327105
1245717794966179841
1245717825915781125
1245717857247408128
1245717922678333443
1245717977141366784
1245717981063188480
1245717981235118080
1245718040202883073
1245718182024937472
1245718224827629568
1245718228778745862
1245718279223721990
1245718292112855048
1245718316259344385
1245718320999010307
1245718350531084289
1245718383598895110
1245718429904109570
1245718551815770114
1245718581263900672
1245718631377485828
1245718765670526976
1245718769785163776
1245718791767515136
1245718841306603521
1245718904326049792
1245718916686544896
1245719055266394115
1245719076162265090
1245719218378719235
1245719259990425602
1245719377741148160
1245719423203151872
1245719471357956097
1245719604300615682
1245719608482336768
1245719612068683777
1245719617323950087
1245719700937400320
1245719763495653377
1245719763814420481
1245719910493323267
1245719924628164610
1245720036838424577
1245720137283452928
1245720166538850309
1245720177624391680
1245720187527000064
1245720200034619394
1245720212386660357
1245720292435070976
1245720304267046916
1245720669628792832
1245720673596723200
1245720699257401347
1245720782917062658
1245720900520931329
1245720904988078080
1245720925737119745
1245720946322923520
1245720971559858177
1245720980888133633
1245720997061222401
1245721068461064193
1245721147934736387
1245721202360045568
1245721289383235584
1245721434674036739
1245721440411963395
1245721483042791424
1245721506597961729
1245721508279959553
1245721566077431809
1245721574768021504
1245721609471696903
1245721752254083075
1245721764585443329
1245721856491114496
1245721913667850241
1245722046014742529
1245722186872225795
1245722280707186688
1245722286189150209
1245722389238837249
1245722435695099904
1245722515172995072
1245722544604205063
1245722556897742848
1245722615781572609
1245722631745273863
1245722657917734912
1245722708178079750
1245722729644535811
1245722788180234240
1245722907528941569
1245722930388008960
1245722934854832128
1245723043940335623
1245723086210715648
1245723102329397248
1245723420597379075
1245723454474784768
1245723513656410113
1245723580450648066
1245723819622326272
1245723828094824448
1245723928598724611
1245724004511625216
1245724100527611907
1245724234430607362
1245724297819230209
1245724341611966465
1245724361165864960
1245724368908541952
1245724444296970246
1245724490400759810
1245724519962161152
1245724574534131712
1245724587041718276
1245724626287841280
1245724633313263619
1245724750988574723
1245724784392114176
1245724825836040194
1245724939610546176
1245725113917603842
1245725145416663042
1245725157764796416
1245725169500512258
1245725359276019713
1245725476489920512
1245725516277186563
1245725615099195399
1245725623387029504
1245725648305508358
1245725814894796805
1245725815985311744
1245725853851541504
1245725854665043968
1245726174199681024
1245726197947887618
1245726238691471360
1245726244278169600
1245726342995259394
1245726406711140352
1245726437656707073
1245726496276320257
1245726835297734657
1245726881023811584
1245726978927235072
1245727052575080448
1245727166802714624
1245727177984933895
1245727223899918341
1245727275921879042
1245727334398922754
1245727443211685890
1245727489751756804
1245727537323560960
1245727648665554945