1248717424377069568
1248717453594689536
1248717609161424897
1248717709900156930
1248717717676240896
1248717756285026305
1248717949348851712
1248717973818413056
1248717982815137798
1248718028608397312
1248718175245438977
1248718209500528642
1248718339079356418
1248718628670881792
1248718745561894918
1248718761764499456
1248718821659234305
1248718884632436748
1248718888222830593
1248718898565914624
1248718951682473984
1248718967939760128
1248718989066252288
1248719046461145088
1248719074965651461
1248719172466548736
1248719265097756673
1248719276975898624
1248719307720122368
1248719434090496001
1248719501019021314
1248719643314761728
1248719723631644678
1248719840501735431
1248719861624299520
1248719873766830080
1248719958818689024
1248720049185132546
1248720075953262595
1248720212918231041
1248720245541539842
1248720294551998472
1248720314231488512
1248720356027875334
1248720423191220230
1248720465280917504
1248720481810894849
1248720503268954114
1248720524886212608
1248720561766891521
1248720613449125889
1248720625084125189
1248720634902990853
1248720794894716930
1248720927036190722
1248721065154502656
1248721199221182464
1248721233082044418
1248721292687110144
1248721320742969347
1248721321208365057
1248721346156257284
1248721640168529920
1248721693813567488
1248721744585797639
1248721748675178504
1248721770040954883
1248721807831633921
1248721824747261952
1248721837242101760
1248721961712332801
1248721966913204229
1248722101248225280
1248722103760633856
1248722189060321300
1248722197184524288
1248722222182694913
1248722248208433160
1248722322544001024
1248722334825041920
1248722340378300417
1248722452236177409
1248722472343658497
1248722521618341888
1248722566291828738
1248722606594949120
1248722625091620864
1248722692662071296
1248722703856566279
1248722734940672001
1248722774555844608
1248722849545609216
1248722894382866432
1248722948472463361
1248722990788943874
1248723049383247872
1248723062192627712
1248723128534122500
1248723141721030660
1248723258532298754
1248723397124726784
1248723695465631744
1248723841565765637
1248723887837208576
1248723943994929152
1248724083472322560
1248724097657430022
1248724164124356608
1248724185796546560
1248724202842214401
1248724210903650304
1248724266922602496
1248724278075367424
1248724285868453889
1248724297918500864
1248724324330156037
1248724489426239488
1248724563074187267
1248724622725521409
1248724953731481600
1248724999365681153
1248725016604291072
1248725028637757440
1248725030852231171
1248725085185175552
1248725205486202880
1248725292853555200
1248725310163406849
1248725334817734657
1248725423048945664
1248725569639940098
1248725572793991168
1248725617761280004
1248725671532269573
1248725746115321856
1248725783335645193
1248725793322070016
1248725857096458240
1248725863073382400
1248725872049152005
1248725901543694336
1248725947123195905
1248726005889536005
1248726035933335553
1248726064928411648
1248726069961732096
1248726073434660865
1248726128145072135
1248726131630579714
1248726219987746817
1248726299226640392
1248726318809853954
1248726476171640833
1248726484694577155
1248726501438021632
1248726509751320578
1248726525966536708
1248726569721442310
1248726806124994560
1248726838978936836
1248726857354280969
1248726857597550594
1248726860235771904
1248726861989007360
1248726924400242689
1248726933921304588
1248726987599904768
1248726997729189889
1248727038007095302
1248727038766260225
1248727109012520966
1248727260737265664
1248727264730198029
1248727285299056640
1248727290655068160
1248727331449049093
1248727381738754052
1248727395026100225
1248727495114883072
1248727570432045056
1248727624844627969
1248727696290598912
1248727788477009920
1248727847100993536
1248727914138554368
1248727918324461569
1248727930978611202
1248727969410867201
1248727981855514626
1248728015305093120
1248728027678179329
1248728128492429313
1248728451814744067
1248728622594228224
1248728690764034050
1248728708204068864
1248728727825125379
1248728736507314176
1248728946184617985
1248728984571064326
1248728997380255744
1248729051164020738
1248729064338329601
1248729163227262982
1248729230147543040
1248729407986024449
1248729439707357184
1248729462490963970
1248729482967441408
1248729542514159619
1248729587942445056
1248729722059661313
1248729745405050880
1248729902939078656
1248729906499870722
1248729972178595848
1248729974133186560
1248729994194452488
1248730024552714240
1248730070136418307
1248730108006891522
1248730142987276288
1248730250734981126
1248730290257825794
1248730367823134721
1248730393408344066
1248730523276640256
1248730544369631232
1248730586656768005
1248730632672272384
1248730699584147456
1248730913556463617
1248730933999665154
1248730960071471116
1248731030913253376
1248731042548244483
1248731089784295425
1248731144603848704
1248731257657270280
1248731259368603648
1248731264552763394
1248731453870882816
1248731517427335174
1248731585412845569
1248731624193351687
1248731703973163008
1248731716778364929
1248731743806464004
1248731950459715585
1248731966033321986
1248731992306442241
1248732024833216512
1248732027391823873
1248732059994132483
1248732070907482113
1248732095725424640
1248732134203768833
1248732289187680258
1248732297970491393
1248732326235901954
1248732415423586305