1252341273383497731
1252341311610302464
1252341363280150528
1252341370557104130
1252341470930993153
1252341499057954816
1252341537842753536
1252341655752994822
1252341709976989702
1252341733582499841
1252341768563183616
1252341775634624518
1252341932031766529
1252342153553956865
1252342188282834950
1252342268058451968
1252342359951466496
1252342363533393922
1252342396852899840
1252342435696398336
1252342573546364935
1252342744124514305
1252342780048760832
1252342800936394754
1252342861208498189
1252342910097358853
1252342940363419650
1252342943718899721
1252343056088489992
1252343069174722562
1252343090121076737
1252343140838633475
1252343146467344385
1252343237307559937
1252343299777560578
1252343386016645123
1252343551326732296
1252343599280209927
1252343630758469638
1252343673150337037
1252343677692739587
1252343690594402307
1252343703789727745
1252343853652164608
1252343888800407554
1252343899231629313
1252343983662981123
1252344063254073349
1252344155373625345
1252344188743479299
1252344305798135810
1252344445116149763
1252344540763062274
1252344780425576451
1252344784795996162
1252344796116471811
1252344830367154182
1252344939788201985
1252345014320918533
1252345112266280967
1252345119883227143
1252345229476155398
1252345311583801344
1252345405410426881
1252345624021790722
1252345636189401092
1252345660973568001
1252345673606811650
1252345680359636997
1252345686252634129
1252345691998875648
1252345803961597959
1252345871049449473
1252345963416416267
1252345983700103169
1252346118681198595
1252346336348794889
1252346365931184128
1252346411724595201
1252346415885324302
1252346420213899269
1252346534093438977
1252346558567211014
1252346566817415172
1252346617564282881
1252346621762789385
1252346673382096904
1252346713664180225
1252346718646972418
1252346732039426051
1252346802155601923
1252346852747259912
1252346978693873666
1252347015628943360
1252347083454988290
1252347084017070085
1252347161267671041
1252347183392673793
1252347585827713025
1252347767025852423
1252347777192833024
1252347795790417921
1252347805839921157
1252347866808414210
1252347908818530304
1252347963533189120
1252348050015547397
1252348056449634305
1252348129019482116
1252348148116123651
1252348173927907329
1252348236523696130
1252348249286995969
1252348284351332352
1252348555148136448
1252348559363420164
1252348587570196481
1252348660181954561
1252348685473640450
1252348831464714240
1252348846274785286
1252348878516441089
1252348889992052738
1252348903233482752
1252348966278029313
1252349025459687429
1252349033563123724
1252349079759159296
1252349146859630593
1252349251465560072
1252349280645312521
1252349373687623687
1252349470479540232
1252349481837670400
1252349491350433797
1252349789108240390
1252349943634776067
1252349964258177024
1252349964987990017
1252349966992830464
1252350044298080258
1252350153408696322
1252350182605197312
1252350413631705088
1252350463850147840
1252350656892907521
1252350707404922881
1252350971306360835
1252350974242381824
1252350987601207296
1252351017649225731
1252351129322569728
1252351164663783426
1252351272314785793
1252351306456424449
1252351315428032513
1252351327960625153
1252351419853619206
1252351432352624641
1252351612846145537
1252351827229564932
1252351918971564032
1252351977935089667
1252352392571416577
1252352441904820227
1252352463111221248
1252352587757568004
1252352589355560964
1252352592325349376
1252352631743246337
1252352641696272384
1252352648054845451
1252352754208534535
1252352820600139776
1252352833359245321
1252353084308680706
1252353093192151046
1252353269386498049
1252353298998280194
1252353345294970887
1252353403612622849
1252353461179437065
1252353538300055555
1252353655220531200
1252353719263354884
1252353748833193986
1252353785529110530
1252353928525537280
1252353965968158723
1252353982808244226
1252354259896504320
1252354301587947522
1252354303756398594
1252354339751878666
1252354485650767872
1252354494395871232
1252354511525433346
1252354632703066123
1252354686805368832
1252354716282970112
1252354934902714375
1252355161038581761
1252355161076322306
1252355278411935744
1252355353515192323
1252355408162742274
1252355413195935744
1252355457600983040
1252355464903274496
1252355513922146306
1252355584847822848
1252355593542590468
1252355617685008387
1252355807733100544
1252355858974994432
1252355874128973825
1252355967108263937
1252355974762921985
1252355994098626562
1252356058602823682
1252356098541010944
1252356256183939074
1252356339872874503