1246331689690898432
1246331704102420480
1246331705285390336
1246331746917978112
1246331927268864000
1246331948085190657
1246331955777540097
1246331969480192002
1246331988543328256
1246332049016799237
1246332123713163264
1246332183385604096
1246332208308080640
1246332241019428864
1246332320921063424
1246332353338920963
1246332361798823936
1246332367540637699
1246332369474387974
1246332384594649093
1246332438437072896
1246332452403961857
1246332475103567872
1246332517881270272
1246332518363803648
1246332543240151040
1246332547707088896
1246332552438112256
1246332553008726016
1246332577063067649
1246332586252787714
1246332601092067328
1246332610424369152
1246332656867893249
1246332664908378113
1246332681526403072
1246332707363344384
1246332727785402369
1246332731715354624
1246332732394831872
1246332761721487363
1246332787071877126
1246332891937869829
1246332941598208002
1246333000054263811
1246333005397803009
1246333021596368896
1246333059059912704
1246333068459167744
1246333071969923074
1246333076663414784
1246333089531326465
1246333122116857856
1246333126579814404
1246333185388089344
1246333190232395777
1246333193457995777
1246333231609217024
1246333248013086720
1246333261154050048
1246333390430687237
1246333445485105153
1246333462161903617
1246333466150670339
1246333520999378949
1246333566260318209
1246333579044347905
1246333589609840640
1246333688230686720
1246333731532668929
1246333755507212291
1246333793537077252
1246333801673789440
1246333898268737536
1246333902920323073
1246333910587506688
1246333922914398209
1246333924386549760
1246334048747708417
1246334061532057600
1246334138325430272
1246334233691459586
1246334233762766848
1246334246693863425
1246334309524320261
1246334321306161152
1246334330445553667
1246334463400910849
1246334539271733250
1246334539733127168
1246334588735152137
1246334611828899840
1246334624621629440
1246334637036556288
1246334640203403265
1246334724458582016
1246334842398261250
1246334975772942342
1246334988418781184
1246334988813045760
1246335006122733571
1246335022543429632
1246335039245291520
1246335311342428161
1246335323870760960
1246335328824094725
1246335337258815489
1246335525738483712
1246335542209515520
1246335689618124800
1246335691245662210
1246335712980611072
1246335727341715460
1246335739148681220
1246335743326326784
1246335798623920128
1246335832450981888
1246335836716580864
1246335856991809536
1246335969298509827
1246336109111652352
1246336116116140032
1246336120130019329
1246336150777651202
1246336167030575105
1246336184516784128
1246336280566190080
1246336372203552769
1246336372446650368
1246336381585985536
1246336427014549504
1246336444542717953
1246336490055045122
1246336498187653120
1246336528411955200
1246336594845601792
1246336701984673793
1246336717948432384
1246336729616916481
1246336745026670592
1246336746138357761
1246336759295868928
1246336820461408256
1246336821253902336
1246337027395772416
1246337044172939264
1246337203053027328
1246337232920862720
1246337278387068928
1246337295122231296
1246337300616937472
1246337342518054912
1246337350290071552
1246337402634821633
1246337409416957952
1246337472608514048
1246337512924053505
1246337584856522752
1246337663465967616
1246337664846041088
1246337690972434432
1246337715647340544
1246337739999436801
1246337790557765632
1246337806881996806
1246337853786816512
1246337911924146176
1246337912419074049
1246337967368499200
1246337991330562049
1246338126118862848
1246338146758823937
1246338260307030016
1246338303458267136
1246338311238582272
1246338366704058368
1246338383279837185
1246338834536652800
1246339218789609477
1246339444904361985
1246339944294912000
1246340094975336448
1246340241386061824
1246340242392543233
1246340360529297408
1246340399200862208
1246340491307868160
1246340581908983810
1246340872905646080
1246340961199722501
1246341271012151296
1246341290364633088
1246341775360434178
1246342281197649920
1246342411414130688
1246342454380388355
1246342469035249670
1246342559938433026
1246342631355035649
1246342664661893121
1246342743615516672
1246342853028130816
1246342855951613953
1246342928257220608
1246342975287934977
1246342977972105216
1246343004903763968
1246343054652575744
1246343122457513984
1246343142716014592
1246343188132044800
1246343218138099712
1246343230217547777
1246343230842638336
1246343323033440258
1246343326401355776
1246343338715795457
1246343356717957120
1246343368986238979
1246343461701177344
1246343543981068289
1246343599131787264
1246343627544170497
1246343661677195265
1246343675061440514
1246343700185309184
1246343792438816770
1246343805386792960
1246343842649030656
1246343871086370816
1246343917517209603
1246343947661611008
1246343956541190144
1246343997670322178
1246344094420328448
1246344120370683909
1246344191120035841
1246344199508811777
1246344320870944775
1246344320900370432
1246344328110174208
1246344364013391873
1246344500500295682
1246344510465921025
1246344531156570112
1246344598676336642
1246344606960279555
1246344631840694273
1246344632503398402
1246344699809394688
1246344707170398208
1246344715131215872
1246344749704937472
1246344803102666752
1246344813018038278
1246344972560932864
1246344988734164992
1246345029813182466
1246345056165953536
1246345185505742849
1246345241461833728
1246345252132225024
1246345273254780928
1246345289801359360
1246345327801704449
1246345348382986241
1246345428129533952
1246345490867814400
1246345537596428289
1246345581355765763
1246345616864808960
1246345622006812673
1246345661395734530
1246345705083600897
1246345712004214789
1246345767855566848
1246345797504921600
1246345805813825536
1246346061331017728
1246346161985814528
1246346162468261889
1246346162652626944
1246346199805964290
1246346236514299904
1246346342923997185
1246346413866225664
1246346443171835904
1246346472951435265
1246346577641459712
1246346598403264512
1246346598587617281
1246346649326112770
1246346733241528325
1246346758302642176