1246376969140305920
1246377005857284102
1246377052502188033
1246377072743907329
1246377100635975680
1246377233587015681
1246377237777207296
1246377258509422593
1246377258853502976
1246377429335191553
1246377483626262528
1246377589184266240
1246377644293263360
1246377676442685442
1246377687981195264
1246377778938654720
1246377916470099969
1246377946501140480
1246377983553818624
1246377983931232256
1246377996480647170
1246378073232154630
1246378148201185281
1246378156606488576
1246378164982558724
1246378239892893697
1246378329105727488
1246378446781067264
1246378613726785543
1246378621960257536
1246378660157747200
1246378698007351298
1246378718571839488
1246378731628871682
1246378811677122560
1246378824318586881
1246378849052454913
1246378849136283652
1246378932359831552
1246378980938338305
1246379058369384448
1246379100928987143
1246379259867713537
1246379339660374018
1246379352348078085
1246379359876919296
1246379401891074048
1246379482711130112
1246379485836054529
1246379498808860672
1246379499660476416
1246379528097759232
1246379645790048256
1246379718829584384
1246379847116632064
1246379905698291713
1246380043200315395
1246380148183592963
1246380278144065536
1246380291712856065
1246380316740079616
1246380363305422849
1246380370758701058
1246380409342099457
1246380496965324802
1246380527067607041
1246380560529985536
1246380628565610496
1246380664980738050
1246380677693669377
1246380707355570176
1246380732685193216
1246380786963623936
1246380954215686149
1246380979448578051
1246380983361908741
1246380993688342528
1246381003985375232
1246381033894928384
1246381034230382592
1246381037233549312
1246381037715894272
1246381045978669056
1246381050382737409
1246381054623170563
1246381076676857857
1246381080099184641
1246381082146152449
1246381084021084160
1246381084612444160
1246381129856364544
1246381136739254274
1246381147023695872
1246381184805822465
1246381193383358465
1246381205827674113
1246381273083523072
1246381314611261441
1246381318893682689
1246381331753218048
1246381331971375109
1246381369053323266
1246381369585831936
1246381411524907009
1246381469531901952
1246381487592636417
1246381503715704833
1246381671777099778
1246381805793619968
1246381859065511936
1246381872554393600
1246381892905009152
1246382005601927168
1246382222493409280
1246382266898579462
1246382293041795072
1246382370162266115
1246382392799092736
1246382429465526272
1246382518322028544
1246382574143930368
1246382594700259328
1246382615084650496
1246382719421935621
1246382723138281474
1246382745653256193
1246382778268160000
1246382834375417856
1246382838049648640
1246382862418333696
1246382862661795840
1246382871700537344
1246382895964598272
1246382908383903744
1246382962880450560
1246383005029019653
1246383006962647040
1246383009185628160
1246383119139143680
1246383126688956417
1246383151452217346
1246383252719284224
1246383273556705280
1246383290044514305
1246383307950096384
1246383332809572352
1246383365663711234
1246383391613898760
1246383407589814274
1246383449541312513
1246383529484849152
1246383546987577346
1246383608794738688
1246383639216238592
1246383653623455745
1246383734779269121
1246383832095428610
1246383923527122944
1246383977788854272
1246384037138227201
1246384074199044102
1246384082596114432
1246384117442203649
1246384133800112128
1246384171846488065
1246384179438223360
1246384200254492672
1246384208940920833
1246384221578350592
1246384226343288833
1246384280076316678
1246384318374711299
1246384330131161088
1246384364063055873
1246384371847708672
1246384382316883968
1246384385110290433
1246384393410707456
1246384413971267586
1246384531961241600
1246384557160611842
1246384557424881666
1246384648311263239
1246384653897994240
1246384666044764160
1246384703050878982
1246384741714210817
1246384865068699650
1246384883943038977
1246384899390681089
1246384959801241600
1246384988515229698
1246385030487773184
1246385068890656768
1246385076516069376
1246385173123432448
1246385201984327680
1246385241029087234
1246385297841143809
1246385369844678656
1246385379353264128
1246385425230499840
1246385464401186819
1246385522358063107
1246385523758747649
1246385676721012738
1246385706055929856
1246385714222125056
1246385844589649920
1246385861572296706
1246385873912020993
1246385895860621312
1246386037745692674
1246386146306740224
1246386259712491521
1246386301340807173
1246386361181093888
1246386423537774593
1246386438536679430
1246386444156973056
1246386449362149376
1246386460296491008
1246386544707018752
1246386591809130496
1246386616542912513
1246386633445793792
1246386742791462912
1246386809136963584
1246386847279972354
1246386884735098880
1246386898811138048
1246386940821278720
1246386951269351425
1246386956755513346
1246386960664576001
1246387129174941696
1246387186418810880
1246387190554378241
1246387195688161281
1246387245340413954
1246387315804721154
1246387418657435649
1246387446264315907
1246387447304318976
1246387504686624768
1246387555232133122
1246387613436608512
1246387631224651777
1246387690431549440
1246387744332320768
1246387749348925440
1246387770848878592
1246387837399740416
1246387886762741760
1246387928588304384
1246388000130584581
1246388084503175169
1246388156464640001
1246388203185000448
1246388207593324544
1246388217139560449
1246388238220234753
1246388244176142336
1246388294042124288
1246388328733310976
1246388340913590274
1246388344709197826
1246388393841393665
1246388403152859137
1246388465899573249
1246388467401023488
1246388474543878144
1246388553669652480
1246388558077874176
1246388558929281025
1246388583188971520
1246388583306420224
1246388656753049601
1246388671978393606
1246388772637474816
1246388981488640003
1246389000077824000
1246389036375330818
1246389074509750272
1246389086597853186
1246389091194802178
1246389406170329089
1246389581580206082
1246389607870025728
1246389611372429312
1246389778431516672
1246389830084263937
1246389858089578497
1246389864603549698
1246389896446648321
1246390163611308032
1246390211568861184
1246390337167216640
1246390392884326401
1246390395904327680
1246390429601300480
1246390500837515270
1246390524015247361
1246390651723362304
1246390672049025027
1246390721931816961
1246390814093213696
1246390831918936065
1246390873488797696
1246390891008258048
1246390936906563586
1246390948969340928
1246391053541752832
1246391095996690432
1246391141852995584
1246391276271890439
1246391289291014146
1246391301290983426
1246391339501191169
1246391340398755840
1246391377061203969
1246391383788785665
1246391498339483648
1246391498913886209
1246391591226523648
1246391623870808066
1246391662814703616
1246391713037340672
1246391725649571840
1246391798718541829
1246391817127378946
1246391830570307585
1246391868860088320
1246391872442044417
1246391874778062848