1251963988432375814
1251964319979495424
1251964344100958218
1251964415211114497
1251964451802185729
1251964796540346368
1251964889293357061
1251964948923719681
1251964977822359552
1251964982184591363
1251965036920266752
1251965045367623680
1251965072978718722
1251965086631108609
1251965158605205504
1251965166658387969
1251965179736121344
1251965217254387712
1251965283666923531
1251965357545394176
1251965359348944898
1251965477145976832
1251965501858693121
1251965518845640705
1251965540379299846
1251965552802873344
1251965623913058305
1251965685745487872
1251965846328455169
1251966054869413897
1251966193889677312
1251966215460773888
1251966336680558593
1251966479618244613
1251966536518164480
1251966563571445760
1251966567191109635
1251966597218123781
1251966632756314112
1251966928006062080
1251966974202187776
1251967037053767680
1251967041290080266
1251967195283767296
1251967208965771267
1251967243015127045
1251967436015964161
1251967490264981504
1251967656447471617
1251967670104264704
1251967704178798599
1251967829894664198
1251967864237625344
1251967907569045505
1251967987432787970
1251968022631374848
1251968027026878464
1251968052922429441
1251968094785859584
1251968211412750336
1251968220053090304
1251968300248117250
1251968358062284800
1251968513985728512
1251968534973804545
1251968555815485440
1251968567236538378
1251968577252532224
1251968663546019840
1251968783012397056
1251968807393996806
1251968857507606531
1251969038458261513
1251969070758584323
1251969075326132224
1251969285053874177
1251969420106350594
1251969461256695813
1251969498879455233
1251969540507959305
1251969558296047617
1251969591250759681
1251969596107653120
1251969665607204865
1251969709270020096
1251969754669019136
1251969910739263488
1251969960575827968
1251970048887083011
1251970093753397253
1251970103370899456
1251970120332738563
1251970237471350787
1251970262779727872
1251970413841862667
1251970426302894080
1251970502895296514
1251970735607775232
1251970874783268868
1251970908065017858
1251970931964227584
1251970974360104961
1251970976209764353
1251970977313030149
1251971017628663808
1251971344310235137
1251971357178335235
1251971401621348352
1251971529019215872
1251971596417478659
1251971628298153984
1251971755478056974
1251971830824480771
1251971869198233600
1251971907370586112
1251971943990988800
1251971978510118925
1251972128997605376
1251972236258545667
1251972267229057024
1251972279879135233
1251972371897966592
1251972372242092041
1251972569730658304
1251972594808631305
1251972660332027917
1251972675657805825
1251972675767017472
1251972787742347266
1251972788249931776
1251972833829322752
1251972847511183362
1251972866972794882
1251972942885347328
1251973035403489280
1251973156346134535
1251973231810154496
1251973249338167298
1251973249589706754
1251973307429269504
1251973332674793478
1251973397082447872
1251973415134732290
1251973429861003265
1251973471434727424
1251973529475702791
1251973794031382532
1251973899635560448
1251973978362482688
1251973984633196544
1251974130062286849
1251974259271962624
1251974272731344897
1251974283582009346
1251974389861502976
1251974691830534145
1251974733836488706
1251974826031493127
1251974864019357697
1251974865575391239
1251974889189314561
1251974913524670466
1251974939340668928
1251974956566577153
1251975102872379393
1251975119695761409
1251975131917934599
1251975203682258945
1251975242249011200
1251975261874249728
1251975313011159041
1251975332590161922
1251975392514256896
1251975634995367938
1251975707389034496
1251975723880984581
1251975753186631684
1251976150873710594
1251976273112563712
1251976284487516160
1251976334537928704
1251976344126107649
1251976495007924225
1251976998299279362
1251977034689118216
1251977149407473664
1251977225974550530
1251977250850947072
1251977342739558401
1251977354743816197
1251977405696270336
1251977472356372480
1251977526995496960
1251977612076998659
1251977623871393793
1251977673942892546
1251977686618169347
1251977740758196224
1251977804024930306
1251977844776894465
1251977908673032195
1251977955242377219
1251978068865974272
1251978084770816001
1251978160645832705
1251978230560632833
1251978273732640772
1251978295006113792
1251978648363532288
1251978688931016709
1251978726528737293