1251737293477601280
1251737323252756480
1251737406841159682
1251737492295839744
1251737595798851584
1251737718725509131
1251737781660942336
1251737797398061058
1251738065640488965
1251738071168507904
1251738083139043328
1251738270188388354
1251738381803032578
1251738418821857287
1251738443773882368
1251738549067501568
1251738674196369408
1251738783327744000
1251738792261636097
1251738908460810247
1251738980904652800
1251739160668299264
1251739161343770624
1251739512226676737
1251739556484771840
1251739608938876937
1251739828267266051
1251739885930721281
1251739898865790976
1251740114885259265
1251740179586519040
1251740338927984640
1251740460252491778
1251740532746878977
1251740545048883201
1251740725168861185
1251740855771095041
1251741087762386946
1251741151767511040
1251741261138145280
1251741346022506496
1251741661065023489
1251741873162432520
1251741895283421184
1251741963050643456
1251742063357333504
1251742105497669632
1251742185885663232
1251742209684107264
1251742386000199688
1251742390467125249
1251742440785997824
1251742681371496449
1251742810837061632
1251742969373134848
1251743029297324032
1251743140656144387
1251743186139123712
1251743232150523905
1251743242204430337
1251743271828815874
1251743380255780865
1251743388509933572
1251743503492751360
1251743641141379074
1251743941973721094
1251744101843775492
1251744327874863105
1251744377606733824
1251744382790676480
1251744484800360450
1251744496922083329
1251744501430796289
1251744837411524609
1251744868084441089
1251744905447145477
1251745007381426177
1251745167272480771
1251745191956013060
1251745255545688065
1251745280535392256
1251745380296990722
1251745656755990529
1251745721230913536
1251745829842534405
1251745892035710977
1251746009723490313
1251746020343648256
1251746026878205952
1251746064849424385
1251746156838862848
1251746241374896128
1251746301055848448
1251746379254226945
1251746493138075648
1251746593377828865
1251746608326291456
1251746652047544320
1251746851973287937
1251746878187884544
1251746957820821505
1251747205091860482
1251747226679865344
1251747344137191424
1251747512198688769
1251747565852176384
1251747579009724416
1251747587637510144
1251747651147624449
1251747834820300801
1251747867905200132
1251747914457604105
1251748195505442821
1251748283397009408
1251748467921293312
1251748539278823424
1251748622506450944
1251748729574641664
1251748777800523777
1251748816190967809
1251748970423971841
1251748980729483266
1251748992280453121
1251749012677357568
1251749475124604929
1251749478744244225
1251749482556870656
1251749495601344512
1251749848401002497
1251749886078435332
1251749986808631299
1251750141540868096
1251750351063007232
1251750569250717696
1251750657717125122
1251750670501363712
1251750854228664322
1251750897442369536
1251750909014446080
1251750988853231617
1251751044708737025
1251751098194558976
1251751316650672128
1251751345478041601
1251751772890292224
1251751807921139713
1251751868780298244
1251751928175960069
1251751986472660994
1251752041661132800
1251752138868326400