1253670044950724608
1253670075808219136
1253670082217205760
1253670193332617217
1253670226090176512
1253670264589729799
1253670302602727426
1253670306394312705
1253670314665541633
1253670439534170114
1253670469624102912
1253670670774517761
1253670746536267776
1253670755876945921
1253670834528489477
1253671131975999489
1253671161914941445
1253671350494875654
1253671377334202369
1253671463124697089
1253671552320630785
1253671555994968066
1253671631144095746
1253671660730933253
1253671677743042561
1253671945586929665
1253672030169370624
1253672105767514115
1253672128701968384
1253672473087877122
1253672501802082304
1253672504364797952
1253672598472404992
1253672688788398081
1253672788952522755
1253672856166244353
1253672864366104579
1253672872998035457
1253672886029647876
1253672955944583169
1253673034256285696
1253673061343264770
1253673082834825221
1253673162539237378
1253673330638491649
1253673334585384963
1253673351878447104
1253673469168037889
1253673486075203584
1253673549811900416
1253673792062267394
1253673795543617538
1253673824123527168
1253673837553528833
1253673867295567872
1253673976628310016
1253674126998409216
1253674164709478400
1253674203020222464
1253674324743110657
1253674360977719296
1253674525750734848
1253674609267707904
1253674656508317696
1253674860833693696
1253674932711690240
1253675035589517313
1253675083182243840
1253675108482396161
1253675155303391236
1253675284697661440
1253675304566108160
1253675314217091073
1253675414884691970
1253675444630507520
1253675559114211328
1253675566039011329
1253675574503112706
1253675679318597637
1253675717604376576
1253675781970112513
1253675838429691904
1253675914099068930
1253676073511985152
1253676077530189831
1253676098732396551
1253676140742443008
1253676232375484417
1253676366815473664
1253676383504662530
1253676392442671104
1253676425602904064
1253676513511309313
1253676556544643073
1253676832060313603
1253676856139628546
1253676887144046594
1253676904349159424
1253676920685895682
1253676929250668549
1253676933340160000
1253676982207995904
1253677063732690946
1253677310202560518
1253677357119963136
1253677566738776065
1253677616957206528
1253677667372720129
1253677736897515520
1253677763476754434
1253677818241863689
1253678015273406464
1253678023737511945
1253678048655880192
1253678094810058752
1253678565469683713
1253678628170354688
1253678659816300545
1253678698693308416
1253678812107288578
1253678824702820354
1253678883183837187
1253678925902868486
1253678975743717376
1253679131562254342
1253679266287489025
1253679413796966400
1253679479165079553
1253679575734915072
1253679625240113153
1253679742366224384
1253679932577701891
1253679994993364993
1253680032817397761
1253680172424925184
1253680234714595329
1253680393372356609
1253680398091145216
1253680490911014913
1253680506400538626
1253680523949604865
1253680575077945344
1253680578068709379
1253680695781855233
1253680754372104192
1253680758138572801
1253680787989331970
1253680921036886017
1253681136544464896
1253681282548105217
1253681496440877062
1253681521535393792
1253681693518704642
1253681706500005892
1253681706630070274
1253681781368336386
1253681823688781824
1253681874100199424
1253681979213651969
1253682075980361729
1253682163318509568
1253682179307175936
1253682272928178176
1253682351969898496
1253682395112517633
1253682436082466818
1253682451563438080
1253682549760626690
1253682617716805632
1253682624662589441
1253682695688896512
1253683065148358660
1253683074065403910
1253683115719110658
1253683233750827011
1253683295260495875
1253683417486700547
1253683513917943808
1253683543127064577
1253683572118036482
1253683690170986496
1253683770307289088
1253683809826099202
1253683834421379072
1253683849105530880
1253684166496927749
1253684283098763266
1253684306440060929
1253684369937620999
1253684415831605248
1253684537588158465
1253684558488354823
1253684616936009730
1253684625458651137
1253684646791036928
1253684680441749505
1253684826462289920
1253684973795790850
1253684977713188865
1253685066376581128
1253685078380761090