1254092809654734853
1254092810258493441
1254092848611221505
1254092879200309249
1254092932363235331
1254092961610174467
1254093033391480834
1254093168188043266
1254093247196037120
1254093280532406282
1254093288816160768
1254093418843824128
1254093427396001792
1254093454445023233
1254093498795601920
1254093528126218246
1254093772801130498
1254093893148295168
1254094094118219777
1254094208006328321
1254094292194406400
1254094484146581504
1254094489012011008
1254094497182412801
1254094559044395008
1254094635242328069
1254094670533140484
1254094769782996997
1254094958849474560
1254095214290939905
1254095303977963521
1254095340493570048
1254095381945815041
1254095435498749952
1254095476682563590
1254095529547612160
1254095541732028418
1254095579883409409
1254095591740551168
1254095625991356416
1254095699966394375
1254095725710979073
1254095734699425795
1254095933920468992
1254095969437827072
1254096112790757376
1254096154083508225
1254096246341464064
1254096263324274688
1254096505901735936
1254096623732494341
1254096846756229126
1254096938296922117
1254096963592531970
1254097025752133632
1254097316002357248
1254097341423984643
1254097353860055041
1254097435678433280
1254097483975864320
1254097697910317058
1254097810716229637
1254097824347652096
1254098104476893191
1254098204871835656
1254098247225876480
1254098284412624899
1254098301525336067
1254098359817662464
1254098456223850498
1254098473856774144
1254098477413543937
1254098565208604672
1254098595697098754
1254098603146174466
1254098645147947008
1254098674285785089
1254098691885084673
1254098897032470530
1254098992922648577
1254099069066248193
1254099291389390849
1254099299534856194
1254099412927893505
1254099424789356546
1254099450307448833
1254099537666494465
1254099651847995394
1254099710912192512
1254099748388171776
1254099823340519424
1254099882698252290
1254100071584428033
1254100084842795008
1254100116920832001
1254100167311138821
1254100200823623681
1254100216975941632
1254100323406426123
1254100467698761729
1254100486602588162
1254100628747493378
1254100675140648960
1254100687744622592
1254100734527889409
1254100746301329408
1254100748851310592
1254100898248372226
1254100906099916801
1254100977436766208
1254101015588212738
1254101113885736961
1254101145133346818
1254101203635634177
1254101346568949760
1254101389438926848
1254101409517252608
1254101415221432328
1254101417968762881
1254101469751586816
1254101530929590272
1254101590342017024
1254101624206905345
1254101641453801472
1254101646872903682
1254101778326589440
1254101888036978690
1254101938448326661
1254101941912604672
1254102026549673984
1254102069067350016
1254102105591287808
1254102159836225536
1254102174814126081
1254102227775393792
1254102498396246019
1254102511721553920
1254102593162416141
1254102664708796417
1254102695595687937
1254102700930859010
1254102751853805570
1254102752076021766
1254102797991186434
1254102844027723777
1254102877221482496
1254102882275733504
1254102984310620161
1254103082415411203
1254103204758867970
1254103347373752320
1254103397248020480
1254103563724378114
1254103666577100802
1254103788081864705
1254103878532050950
1254103926292520965
1254103935062769665
1254103959574364160
1254103959775502338
1254103966553722881
1254104168492683264
1254104178345025539
1254104227582009346
1254104228353671172
1254104261258027010
1254104269961277446
1254104319797927937
1254104320569679873
1254104376345595904
1254104379432591363
1254104404392726528
1254104419135823872
1254104437527699458
1254104478921482242
1254104487750443009
1254104496738832385
1254104550870528005
1254104575671513088
1254104589399404546
1254104722610491395
1254104769431552000
1254104819796566016
1254104921831616513
1254104991666667520
1254105045685149696
1254105124672352258
1254105142804140032
1254105192368410632
1254105205085540352
1254105272127090688
1254105305643917315
1254105339374587904
1254105406747656193
1254105507066974208
1254105511093403651
1254105578776834048
1254105653284687872
1254105670686838784
1254105834650550273
1254105925952000000
1254105927021735940
1254105960165117953
1254105964120334337
1254106048073523201
1254106090134024194
1254106102926462977
1254106135394746370
1254106271281582080
1254106346477301761
1254106421798539264
1254106606091923456
1254106669564510209
1254106689638412288
1254106769728483328
1254106769799942146
1254106984992866312
1254107033361453057
1254107146880462849
1254107214501105664
1254107289851768833
1254107315688611843
1254107319765315584
1254107592437256194
1254107666953252867
1254107693004054528
1254107763640328192