1254440178980204545
1254440183082045441
1254440208424189953
1254440237608038405
1254440292318695425
1254440435189051392
1254440453572825089
1254440489576792065
1254440527811842054
1254440867718483968
1254441011415101444
1254441206211379200
1254441311480041473
1254441375187206144
1254441462957146112
1254441496448770048
1254441626417729538
1254441702196035584
1254441718545477635
1254441751495864320
1254441790108811273
1254441832399859718
1254441986872000512
1254441993138139136
1254442226140114944
1254442271866417153
1254442306503147526
1254442624028741634
1254442641715892224
1254442641900568576
1254442997552308224
1254443081404780544
1254443085888659457
1254443098853302273
1254443248350892033
1254443409105977344
1254443434246647809
1254443496284413953
1254443505197318146
1254443555990503426
1254443619022516224
1254443644045705216
1254443710735097862
1254443718716862470
1254443819040473088
1254443935105028098
1254444075513786369
1254444151636099072
1254444163061317632
1254444193524654081
1254444360520871936
1254444432641818625
1254445073749741569
1254445143492567040
1254445157459599360
1254445196059738113
1254445496900485121
1254445696981270530
1254445773825212416
1254445773921583105
1254445804447825925
1254445962766028801
1254446063399981062
1254446081276022785
1254446089291390978
1254446197965762568
1254446243960553476
1254446252957237249
1254446261211664384
1254446298687774720
1254446388152348674
1254446395534147585
1254446563092504578
1254446717841346563
1254446734639378433
1254446739026857990
1254447054883086336
1254447116111372288
1254447166720000000
1254447364460310529
1254447493120589824
1254447502608207874
1254447503010906117
1254447647282298881
1254447665657589761
1254447672871829505
1254447674436259841
1254447678928220162
1254447712180690944
1254447804245827585
1254447980159139845
1254447985389428737
1254448064279965696
1254448115043700738
1254448128394170372
1254448290755678208
1254448294949982208
1254448588551327745
1254448588643540995
1254448663947964416
1254449058690801666
1254449105000161291
1254449222251950080
1254449246138511367
1254449331396055045
1254449385494069248
1254449431505702915
1254449520353652736
1254449574615199745
1254449663123558401
1254449811346075650
1254449906003017729
1254449951855316992
1254450162581360640
1254450187403173891
1254450270249066499
1254450672725946368
1254450806876540929
1254450970983051265
1254451005107793921
1254451017304834048
1254451036061937664
1254451180517933056
1254451445140803585
1254451445992210433
1254451481614434304
1254451555375419397
1254451616591339520
1254451651156553728
1254451686497714176
1254451797994938371
1254451877359554560
1254451923400437761
1254451985736237057
1254452073313316867
1254452216536104960
1254452216859164672
1254452279173885952
1254452338514944001
1254452380118196226
1254452401995685888
1254452504470978568
1254452688164708352
1254452766891823104
1254452767730462720
1254452899612164102
1254452946525319168
1254453060501307393
1254453125391548416
1254453257184989185
1254453395412443139
1254453396825726976
1254453432737386502
1254453614078308352
1254453617689534465
1254454104773890049
1254454125057789958
1254454192208588802
1254454230213107716
1254454423947902977
1254454443543875591
1254454598942822406
1254454691657850880
1254454800638500864
1254454842451537921
1254454905772871681
1254454960730910721
1254455193682526213