1252326182038777861
1252326182068117504
1252326267191463936
1252326277479952384
1252326297973542933
1252326299902922753
1252326321566384130
1252326388436094978
1252326407998341121
1252326430320590848
1252326476134920192
1252326526542131213
1252326543927328769
1252326619181531137
1252326896509091844
1252326968613146624
1252327159575613440
1252327175027478528
1252327244468555778
1252327292946116609
1252327308565889035
1252327436886441986
1252327666906259456
1252327667921231872
1252327685826785282
1252327957038850057
1252328037154263040
1252328172219011072
1252328183258591233
1252328213063270401
1252328267840921605
1252328288027947008
1252328376771194880
1252328397025542147
1252328498133372928
1252328543096373249
1252328573387579393
1252328582371737601
1252328684737921029
1252328840711602192
1252328913902149647
1252328971741663232
1252329051987030018
1252329165757378560
1252329185516777472
1252329296166883332
1252329397966835713
1252329412147765254
1252329504707678209
1252329600698335233
1252329675919155201
1252329684852867073
1252329739735519233
1252329748467982341
1252329802666659841
1252329806781313025
1252329860703256576
1252329934367924224
1252330004190543887
1252330070624145411
1252330077007863810
1252330099963199489
1252330105872867329
1252330226194853888
1252330255676665857
1252330314472452096
1252330323293192194
1252330342792531971
1252330483003863045
1252330788319887361
1252330846654042114
1252330872117870606
1252331052934332416
1252331055547375627
1252331098941591552
1252331150942617601
1252331207033065472
1252331253430456321
1252331431084376070
1252331432875372548
1252331492702855169
1252331563007827968
1252331584574930946
1252331756834840578
1252331757241688067
1252331821523775491
1252331870945259520
1252331924955283462
1252332202274230281
1252332304674013192
1252332381945634816
1252332407119740930
1252332407149264905
1252332508722745346
1252332557955485696
1252332558034993152
1252332598946410497
1252332663630946306
1252332679904800781
1252332709080207360
1252332768006213637
1252332768090099714
1252332797605396482
1252332806279176192
1252332843151179776
1252332967961206786
1252332984428101638
1252332985426329605
1252332998680338438
1252333032134017024
1252333200136785921
1252333232458252288
1252333296094187520
1252333300858990595
1252333434409750529
1252333468098453504
1252333493729865729
1252333509945044993
1252333594653196289
1252333665318830085
1252333695144308737
1252333718657630209
1252333744876371968
1252333767940866050
1252333776690122754
1252333786018336768
1252333805249142784
1252333816909385730
1252333821376073730
1252333824765235204
1252333996618457089
1252334059562377219
1252334156417286145
1252334157629460480
1252334168287203329
1252334173425209346
1252334185123119104
1252334231151349761
1252334239091220486
1252334307290611712
1252334324512370688
1252334386638237699
1252334416094994438
1252334487909826562
1252334491621896198
1252334666746671106
1252334667535171584
1252334721067073542
1252334952827490304
1252334964059680768
1252335062688960514
1252335066778267648
1252335108582969344
1252335175775801345
1252335289080721415
1252335296705900545
1252335426796507136
1252335456521502725
1252335497663459331
1252335557721481217
1252335564868726784
1252335846973485056
1252335968792850432
1252335990301167622
1252336132358049793
1252336170362691587
1252336240701198336
1252336460126203909
1252336475854843905
1252336484176351233
1252336529726455810
1252336643022958592
1252336655932903426
1252336777190346752
1252336823424233472
1252336883067170816
1252336903090667520
1252336987199201281
1252337050268942336
1252337051913109504
1252337074096742401
1252337079595356162
1252337138491748355
1252337163628417026
1252337165880696835
1252337167763861505
1252337230237990913
1252337279160311808
1252337314732429313
1252337381811912704
1252337410186244098
1252337486254178304
1252337536757895169
1252337574208659456
1252337582697922560
1252337591703093249
1252337599873720320
1252337730115125252
1252337736121344000
1252337759106236422
1252337762922975233
1252337765590556674
1252337775476715522
1252338007538978817
1252338053328363521
1252338055299526656
1252338120835678209
1252338170852601861
1252338211801595905
1252338396283854849
1252338564077023237
1252338577544863746
1252338650475409413
1252338686626197506
1252338762136326146
1252338920995594241
1252339017569337345
1252339122812805125
1252339238294523908
1252339265075245061
1252339319576186880
1252339349963698177
1252339456272719876
1252339520915124227
1252339574853926912
1252339767456362500
1252339815095230465
1252339834472919041
1252339907319574529
1252339957089222658
1252339969961545729
1252340020104425473
1252340156461391872
1252340183061524482
1252340284060389376
1252340605260185606
1252340650906808328
1252340687099420673
1252340687149740032
1252340775100153858
1252340825691832320
1252340872319885312
1252340892226052096
1252340908109885441
1252340946777169922
1252341003463213060
1252341005661007873
1252341058878332941
1252341060044378113
1252341089027022852
1252341152054796303