1245788138989068289
1245788159348289536
1245788222678085633
1245788276599984128
1245788294882811904
1245788544569724930
1245788681648177169
1245788682734444544
1245788782215008256
1245788842268872704
1245788872807714816
1245788911097376768
1245789028865146880
1245789108498284547
1245789293169147904
1245789364203982848
1245789453697921026
1245789547633340417
1245789548514246657
1245789805381894144
1245789859496820738
1245789892401139717
1245789921887092736
1245790085800484867
1245790139860869121
1245790410699616257
1245790463350603777
1245790467373109248
1245790542467936257
1245790588894695426
1245790603599687680
1245790810366513153
1245790898329399297
1245791012343119874
1245791184376811521
1245791209714483203
1245791402568622080
1245791448689250304
1245791481559949314
1245791503001116672
1245791561302056960
1245791583791915009
1245791601634525185
1245791619279970304
1245791661910683648
1245791662426775552
1245791809218936834
1245791838193188877
1245791862021148769
1245792027515764737
1245792052039778306
1245792057160945664
1245792284072960000
1245792438016446464
1245792593901993990
1245792606635819008
1245792673681809408
1245792871627644928
1245792958625931276
1245792979274461184
1245793012887818247
1245793226948304896
1245793264952893442
1245793298666618880
1245793318824542208
1245793327628324865
1245793348323020800
1245793411854217216
1245793463041482753
1245793525108813828
1245793712715767811
1245793864922914816
1245793881410744323
1245793891166629888
1245793977519034369
1245794036373471233
1245794036612501504
1245794071840522243
1245794137250594818
1245794364384821249
1245794481183449088
1245794535881523200
1245794707852140544
1245794777427259393
1245794959589904389
1245795003047251968
1245795114158567424
1245795202947862533
1245795223608885249
1245795285131038725
1245795372880072706
1245795391288705027
1245795462399045633
1245795517176655874
1245795637896998914
1245795662664552448
1245795709162577920
1245795843757821954
1245796003334291456
1245796070157770752
1245796070896132097
1245796103670374401
1245796113216614403
1245796133814685696
1245796204367183874
1245796250806562817
1245796259715108866
1245796267873071105
1245796329965654016
1245796376832888833
1245796394134319104
1245796448555405320
1245796473842724864
1245796618156326913
1245796641447313410
1245796643611578375
1245796645620588544
1245796771306979334
1245796774725316608
1245796915876421632
1245796970654060544
1245797011028234240
1245797022612979712
1245797140103905285
1245797185683427331
1245797211717300224
1245797212862504960
1245797265580724224
1245797299353255936
1245797375655825408
1245797472733138944
1245797555193200643
1245797563674001415
1245797597949751297
1245797626924216325
1245797708553650176
1245797748571545604
1245797890896756737
1245797897058295810
1245797898677374981
1245797937386418176
1245798041463988224
1245798084002471936
1245798104965828612
1245798115443183621
1245798155591061504
1245798184669990912
1245798209643053059
1245798222586576897
1245798239242276865
1245798314513174535
1245798339246989312
1245798411401662465
1245798452925169665
1245798453478690817
1245798582873178112
1245798800842579969
1245798814113501191
1245798926793486337
1245798931445043202
1245798936431833088
1245798987866574848
1245798990521806852
1245799057085345797
1245799103021400064
1245799142137438208
1245799157727707141
1245799161066336256
1245799179697487874
1245799185712058369
1245799224819634182
1245799282944249859
1245799367514165248
1245799421842984961
1245799458815774721
1245799514205798400
1245799548557185024
1245799639128756230
1245799744913297410
1245799759329320961
1245799905928433664
1245799916552806405
1245799992499023876
1245800164452777984
1245800199659728896
1245800243876089858
1245800279502540800
1245800310968397824
1245800368187072513
1245800496855687168
1245800504615026688
1245800514383761409
1245800658621644800
1245800784626954242
1245800797411192834
1245800810383953921
1245800810392551425
1245801012524351488
1245801138676543489
1245801145886486531
1245801330246967297
1245801351348662273
1245801356042080257
1245801390628319232
1245801498199678978
1245801682811916288
1245801820909457408
1245801972055396352
1245802176036864004
1245802198795198469
1245802235348635650
1245802416550940672
1245802499807666176
1245802689612533762
1245802735720488961
1245802767274262529
1245802811679440897
1245802902548926466
1245802969636970497
1245802978436669440
1245803044824104960
1245803138545745920