1248113409046044678
1248113410228830209
1248113419716263942
1248113482928619521
1248113482999816193
1248113525039534081
1248113558207909890
1248113597256855552
1248113633525030913
1248113666571956224
1248113697513340929
1248113880829575168
1248113964967436289
1248114053454716930
1248114070450049027
1248114219045642242
1248114249701851136
1248114452039417856
1248114485036044300
1248114623796084738
1248114632629334016
1248114649188499458
1248114657652609025
1248114699222183936
1248114862602850304
1248114871121530880
1248114934183006210
1248115044904251400
1248115289750769666
1248115661252911105
1248115670895616002
1248115844049244161
1248115936084643840
1248115944028803073
1248115944116957184
1248115948441067522
1248116003369779201
1248116184010108928
1248116230696902656
1248116342760275970
1248116390332112898
1248116477233893376
1248116511270723584
1248116556904771584
1248116569940660224
1248116586793308161
1248116590798868481
1248116651922350080
1248116661229682688
1248116675116961792
1248116697522794497
1248116894017523713
1248116930554273792
1248116975936643073
1248117032836567041
1248117081293242369
1248117106421288960
1248117183911092224
1248117432759095296
1248117706005647360
1248117718676647936
1248117743993229313
1248117764407123975
1248117810460532736
1248117837023137792
1248117899404791809
1248117967558230016
1248118009006379009
1248118037833633793
1248118056875941888
1248118112853032960
1248118129663893510
1248118222303506432
1248118574788628480
1248118612075954178
1248118614076555266
1248118659064705029
1248118696423256064
1248118901239504899
1248119091023376384
1248119241015832576
1248119316689510402
1248119564480712704
1248119593773568001
1248119698417487872
1248119706214678531
1248119820131991553
1248119829099196416
1248119854231674880
1248119874515132417
1248119909823000578
1248119971508416516
1248120088504332298
1248120252656840704
1248120269530685441
1248120386119753734
1248120487219265537
1248120538590928896
1248120549819154432
1248120751237914624
1248120885434671105
1248120922910982147
1248120932729790465
1248121011930894336
1248121025226825728
1248121190243356673
1248121196165484546
1248121228927385605
1248121255045332994
1248121435140141056
1248121481873231872
1248121573489303552
1248121934757298181
1248121942827134976
1248121959600119814
1248121975790129158
1248122009382457346
1248122044077621248
1248122147769368576
1248122173711175680
1248122396021645319
1248122487964971009
1248122530419724288
1248122642839810048
1248122646803300352
1248122650880364544
1248123091500191745
1248123142008176645
1248123398024237056
1248123499165544451
1248123705097629701
1248123755127140352
1248123833510318080
1248123951525609472
1248123965110980609
1248123966843125760
1248124010237497349
1248124111210942464
1248124119717208065
1248124177560690689
1248124207101120513
1248124291251613696
1248124572974579712
1248124585377034241
1248124589936345088
1248124629576638464
1248124652540416001
1248124675969830912
1248124689383391232
1248124790088630277
1248125009056292864
1248125292641566721
1248125519725342722
1248125532501430273
1248125825796341760
1248125914275352577
1248126052184047616
1248126071578353666
1248126225626914817
1248126309378797569
1248126338319474688
1248126412441206786
1248126540195549184
1248126762338435073
1248126798891794433
1248126979125252096
1248127071949291522
1248127088411856898
1248127255454158849
1248127307635556353
1248127365827436544
1248127378892546048
1248127563127382016
1248127599898812416
1248127752202416128
1248127964547514368
1248127999863476224
1248128157737254914
1248128191492915200
1248128297042505728
1248128378915491841
1248128465628327938