1247811450791284737
1247811577274929152
1247811585193607171
1247811638654361601
1247811643960147968
1247811651660890112
1247811878694379520
1247811933559853058
1247812009418092544
1247812101495836672
1247812167853899777
1247812277446807552
1247812339711086592
1247812491507150849
1247812511774228480
1247812557689085953
1247812597761507333
1247812693001723917
1247812835029245958
1247812931665817601
1247812952461176834
1247813082832949248
1247813094606360578
1247813096674136065
1247813224159948800
1247813233773142016
1247813784628051968
1247813854735691776
1247813870581841921
1247813888722247680
1247813992766111745
1247814130544693248
1247814135695339521
1247814197364191233
1247814223893151746
1247814324317327360
1247814326397759488
1247814690845134848
1247814726123487238
1247814739800944642
1247814794008289280
1247815079262924802
1247815149601165313
1247815220736778240
1247815259764727808
1247815280182448133
1247815575184666626
1247815603068342272
1247815625831075845
1247816144825835520
1247816310064443392
1247816350761979906
1247816452561727492
1247816462699499520
1247816490239262720
1247816534615044096
1247816580685107201
1247816718510174208
1247816798898139137
1247816852056629249
1247816857232392193
1247816911854792704
1247816940078407685
1247817096224006148
1247817152931004416
1247817188683153408
1247817272774647808
1247817431386427392
1247817507500670976
1247817726749560833
1247817826565488640
1247817955687174144
1247817984183132161
1247818162705510400
1247818271623168001
1247818284017352709
1247818296508002304
1247818400275054592
1247818442289405952
1247818682040045568
1247819013297766402
1247819086400192520
1247819097599102976
1247819214792142849
1247819260824629249
1247819298086588417
1247819370627293184
1247819432711335936
1247819670557777920
1247819700710584320
1247819931388952576
1247820056760692736
1247820107444662273
1247820230061109249
1247820266106785792
1247820271144370178
1247820383643787264
1247820572576215041
1247820577567649792
1247820582353276934
1247820618655043584
1247820707288903680
1247820724351328256
1247820833537404933
1247820880283086851
1247820900134563841
1247820929620742145
1247820971370823681
1247821046981550080
1247821101985435648
1247821168511344641
1247821180725153792
1247821300145545216
1247821635580641281
1247821655763795968
1247821667411378176
1247821688265375745
1247821694934360067
1247821742250262528
1247821982864945152
1247822254987251713
1247822263514214400
1247822285563736070
1247822348729946113
1247822382586368000
1247822440325173249
1247822544813555713
1247822649331515392
1247822685075374080
1247822747994140674
1247822749315354626
1247822770970353666
1247822971491794944
1247823064592797696
1247823065045745665
1247823136424427520
1247823173929725954
1247823296055382022
1247823334630256640
1247823383343095808
1247823464934920193
1247823540889350144
1247823552566513664
1247823691733299200
1247823722930515973
1247823786566705152
1247823883044040704
1247824096903278592
1247824108496224256
1247824109444182021
1247824223432847361
1247824343523946496
1247824746449784833
1247824868344836098
1247824998368075777
1247825141444345856
1247825185048231939
1247825191234875394
1247825304191668224
1247825418691809280
1247825429555109889
1247825505656733696
1247825648485314560
1247825749551099905
1247825829335306240
1247825899795255297
1247825946423504898
1247826041290264576
1247826042401837058
1247826189873483783
1247826199075622912
1247826268235563009
1247826327811604481
1247826380366188544
1247826420065132544