1246678975964946438
1246678976145178624
1246678976472457224
1246679068197539843
1246679068843663362
1246679118973775874
1246679202411110400
1246679219049861124
1246679285697368064
1246679311635165185
1246679344694480896
1246679414441738240
1246679512672161793
1246679557421199361
1246679613868138496
1246679617710125056
1246679698282668032
1246679760702488577
1246679877895495681
1246679932346007552
1246680016517128192
1246680066244952064
1246680071219396609
1246680096037093377
1246680112382312449
1246680145106104325
1246680167507877888
1246680414380593152
1246680461042053120
1246680579854045184
1246680611781132288
1246680737824362509
1246680863451918336
1246680997829083136
1246681023326253056
1246681111209508864
1246681219602907136
1246681279552241664
1246681395931406337
1246681521815158784
1246681552286711814
1246681560885030913
1246681584968720385
1246681592988422146
1246681605659394048
1246681832982056960
1246681967434792960
1246682038587064321
1246682108770365440
1246682113060921348
1246682155033509888
1246682323078111234
1246682335279484928
1246682340291514369
1246682401897496579
1246682427960881152
1246682465755893761
1246682565164929024
1246682638556876800
1246682671264104448
1246682751153176576
1246682949971357697
1246682956753764355
1246682977955913728
1246682999422361600
1246683078317215744
1246683099561418752
1246683174115119104
1246683216603312134
1246683246877949952
1246683308857028608
1246683323797098496
1246683326313713664
1246683363357982721
1246683364251201536
1246683396652388352
1246683413932699651
1246683457326964736
1246683505851015169
1246683510544297984
1246683523479752704
1246683531050283008
1246683569583521793
1246683630858051584
1246683641205276673
1246683719965921281
1246683736780886016
1246683774760476673
1246683850266284032
1246683890950918144
1246683964841984005
1246684160283963393
1246684355637833729
1246684369877516288
1246684428836966402
1246684612916645888
1246684620206161921
1246684660660346883
1246684701198299136
1246684844488183808
1246684852289564672
1246684899773485059
1246684982984101889
1246685000054894592
1246685246881325060
1246685486464237568
1246685499034685440
1246685559717756928
1246685809282965506
1246686258442588160
1246686286296973312
1246686301107245056
1246686320476352514
1246686322397523968
1246686471622258688
1246686513758261249
1246686610264969216
1246686618573877248
1246686667177689091
1246686672194097152
1246686706469949442
1246686723163262981
1246686824317108224
1246686853367058433
1246686854994374656
1246687096426954752
1246687260155629568
1246687389310951424
1246687390246322181
1246687595599364096
1246687627643965441
1246687705506795521
1246687726130388992
1246687734439313409
1246687759604912129
1246687797106184194
1246687824642035715
1246687885358583808
1246687889422864385
1246687956859060224
1246687994431418368
1246688018489962496
1246688035648962560
1246688094985891840
1246688101646381058
1246688136127750145
1246688143299969031
1246688182495850496
1246688220567547913
1246688328986042370
1246688393188331522
1246688421432692736
1246688505419325443
1246688548217950210
1246688551250604032
1246688778737065984
1246688782767624194
1246688835251007488
1246688937533485056
1246689021901881345
1246689063970668544
1246689164864577542
1246689172506562560
1246689352966639616
1246689412399992832
1246689428803686400
1246689620969979909
1246689625617260545
1246689741967249408
1246689794819854344
1246689826960596993
1246689869268578305
1246690095161323521
1246690216741670912
1246690225344004096
1246690226849939456
1246690367941926912
1246690439064965121
1246690576688279553
1246690741646053377
1246690775691415554
1246690812521369601
1246690820624912388
1246690853935964160
1246690946584059905
1246691021976715267
1246691069267300352
1246691105871101952
1246691135839449091
1246691164721500160
1246691194421366792
1246691261748297729
1246691340999512069
1246691349648179200
1246691366375239681
1246691453394395136
1246691521841135616
1246691543416598528
1246691589726011394
1246691611305742336
1246691622009614338
1246691626367496192
1246691643589197824
1246691673419264001
1246691723297857536
1246691981293649920
1246692125078626305
1246692206779363328
1246692322546462721
1246692355886874624
1246692369556070400
1246692401709830150
1246692477815398400
1246692616453763075
1246692708132851714
1246692729624481799
1246692817310814209
1246692830149513217
1246692860226912257
1246693115160715264
1246693118478442497
1246693123801006080
1246693127240306690
1246693160207691776
1246693281813028864
1246693568757915648
1246693799377559553
1246693978885574659
1246694038448689153