1251903408975613953
1251903417385201665
1251903417498374145
1251903460339056642
1251903483814567937
1251903513153736704
1251903543948324866
1251903635153444866
1251903673833328640
1251903808143327234
1251903896915599360
1251903910660517888
1251903919900577793
1251903925705474049
1251904018428784641
1251904097109721088
1251904231377780736
1251904277938913280
1251904366530965504
1251904377008332802
1251904383052382208
1251904496327954436
1251904505215512577
1251904621179740163
1251904626007453700
1251904638972018690
1251904802562375681
1251904931986132994
1251904964869476353
1251904986981728259
1251905045181980672
1251905053906083841
1251905094376919041
1251905209049198598
1251905254733549568
1251905410262589442
1251905557088415746
1251905653737771009
1251905679000064002
1251905740106862595
1251905791994597377
1251905888765558785
1251906009716547584
1251906060434255873
1251906072761098240
1251906143770873857
1251906258002563072
1251906402249048066
1251906411635884032
1251906412294426626
1251906416484290560
1251906437841850368
1251906530292752385
1251906550677078022
1251906614208184321
1251906626350538752
1251906643484381189
1251906760018821120
1251907020288143362
1251907032770371585
1251907071072706561
1251907151150239747
1251907151150419969
1251907238719033345
1251907279575642114
1251907286726926338
1251907310143909894
1251907326791110662
1251907346252664841
1251907381103124480
1251907401479065606
1251907667943178240
1251907670749204486
1251907774486896642
1251907796775436291
1251907907416928258
1251908164838195201
1251908179287511040
1251908438432665605
1251908480178573321
1251908535023263745
1251908551741710336
1251908563418529792
1251908669165522945
1251908677134475267
1251908786643709952
1251908801818697730
1251908836878741505
1251908987634634752
1251908987634814978
1251909038327115776
1251909042076880902
1251909109428957184
1251909118383792132
1251909235006464005
1251909239561486338
1251909499612540933
1251909528536395776
1251909558487810051
1251909617593901056
1251909638032932866
1251909674754084868
1251909764109352960
1251909981550579713
1251910006791901186
1251910028321226753
1251910115545972741
1251910225721884673
1251910237730279424
1251910304625233920
1251910363353767936
1251910423043100677
1251910551720132612
1251910770394370053
1251910818649853953
1251910829080842242
1251910993317433345
1251911009406644230
1251911009452937217
1251911026515292161
1251911073445425152
1251911176948199426
1251911181780103180
1251911278509121537
1251911384146669568
1251911563218432004
1251911617912193025
1251911701009534976
1251911810963234817
1251911814906105856
1251911848372420608
1251911873739530240
1251911899245088768
1251911982648823816
1251911999652540418
1251912132351885312
1251912204909260801
1251912229001322498
1251912484136595457
1251912501345816581
1251912536129183750
1251912568614137856
1251912653573890049
1251912678857113607
1251912863746310146
1251912913687916544
1251912913897484288
1251912917810888704
1251912917924171776
1251912919308263428
1251913211709927426
1251913307776339968
1251913336398196736
1251913480527130626
1251913496016584707
1251913513963945985
1251913517667700736
1251913680322789376
1251913687906111490
1251913744340226048
1251913765722836994
1251913814620033024
1251913903916953601
1251913937588817921
1251914059068342287
1251914092119560200
1251914113527267328
1251914119843770368
1251914326388215815
1251914394239471616
1251914574296756224
1251914708350836737
1251914742563835904
1251914864416698373
1251914900974125057
1251915124178325511
1251915149130240006
1251915266918940678
1251915304717832194
1251915330210988033
1251915389396795392
1251915577444057090
1251915669257494528
1251915699204829185
1251915716795777024
1251915793148895232
1251915866251370501
1251915874564337666
1251915973239635969
1251916030630408192
1251916055364227074
1251916218103033856
1251916293873242112
1251916441353195521
1251916499461251073
1251916676234436609
1251916781117112321
1251916805817249793
1251916871349256192
1251916906912780288
1251917011556405250
1251917061829414913
1251917078358945793
1251917242301906946
1251917263655092227
1251917353027342336
1251917359553622017
1251917494182219779
1251917502306639873
1251917531247529992
1251917687040757760
1251917863541256199
1251917888279232525
1251917938874920960
1251917942649913344
1251917946567483392
1251917980897861633
1251918013911064576
1251918135420223494
1251918161034850304
1251918164604010497
1251918203024015360
1251918218740076545
1251918228546338818
1251918412575580169