1245470999593639936
1245471121287327748
1245471257900077056
1245471335398113280
1245471423168159744
1245471553162219521
1245471709383319561
1245471947611353094
1245472081472417792
1245472338222645250
1245472367385681923
1245472438017818625
1245472459291348995
1245472916302692355
1245473041829765120
1245473088084619272
1245473097307783171
1245473113728573441
1245473191285248001
1245473311120744449
1245473347846246402
1245473394553810945
1245473526376796170
1245473747030568962
1245473846528036866
1245473986290388993
1245474019354333186
1245474027642257408
1245474158085054464
1245474244227731462
1245474258643542016
1245474275525570562
1245474564869668867
1245474585899753475
1245474636105728006
1245474975798132737
1245474978985803778
1245474988335026176
1245475057012359168
1245475154706280448
1245475204001718272
1245475261438558210
1245475390812049409
1245475596634750976
1245475692914954240
1245475877468745730
1245475932405665793
1245476185607299073
1245476376943177734
1245476413873868800
1245476431783698432
1245476443737423872
1245476548527996930
1245476590441684993
1245476712168775685
1245476833774252032
1245476987843629056
1245477005761470464
1245477172199874560
1245477173894492160
1245477178105630720
1245477198686904322
1245477308095320064
1245477366429777921
1245477399942385664
1245477408469331968
1245477684580356097
1245477814993858565
1245477876511780869
1245477991649431552
1245478167588061187
1245478293572288512
1245478306285121536
1245478396383109122
1245478582857674757
1245478599563624453
1245478713011159040
1245478867743256576
1245478955840417794
1245478990279610368
1245479027042705409
1245479044654792705
1245479170542637058
1245479211646824455
1245479216306503680
1245479225152253952
1245479321092882433
1245479358904643584
1245479442605998080
1245479648231858177
1245479686118846466
1245479809041522688
1245479818688376833
1245479891233095681
1245480017590734849
1245480078651396096
1245480352216473608
1245480620421234693
1245480706685493248
1245481009837150214
1245481254398701568
1245481284438093824
1245481325903175680
1245481372422008832
1245481552995385344
1245481561136365568
1245481615112855552
1245481703151296513
1245481921859276801
1245482144216109062
1245482173529915392
1245482174821867520
1245482324168409088
1245482336822624258
1245482689399934976
1245482780596801536
1245482798305198084
1245483006212689920
1245483007814914050
1245483029243412480
1245483063775297536
1245483150882430976
1245483154808262656
1245483477593501696
1245483590386880513
1245483771182317574
1245483955262042119
1245484041668898819
1245484085126074368
1245484102418984961
1245484312272617473
1245484328991285248
1245484354270355460
1245484534419742722
1245484781841899520
1245485255877935111
1245485340703547397
1245485369866334210
1245485394323537924
1245485411360804864
1245485612221845506
1245485628206301193
1245485693901647878
1245485698863562752
1245485738357129218
1245485798364975106
1245485824965251073
1245485868887838720
1245486071263059970