1248083302017372160
1248083392475697152
1248083402315751424
1248083434783662081
1248083625163157506
1248083913131601920
1248084487524610048
1248084544743448578
1248084549940080640
1248084689031757824
1248084722099650560
1248084789426401280
1248085083032104961
1248085207326109696
1248085216817807360
1248085313261645824
1248085435533807616
1248085850509807616
1248085890032791553
1248085980554432512
1248086002310266887
1248086026469269504
1248086043611594753
1248086068198387712
1248086164734533635
1248086244816551937
1248086299556208640
1248086445375586304
1248086495438589955
1248086580461436933
1248086593287729153
1248086764406722560
1248086773227544581
1248086911811387395
1248087003633238016
1248087037183438848
1248087071023038464
1248087108759117824
1248087121807605765
1248087125334970371
1248087129495941120
1248087150228209664
1248087155005698048
1248087175888961537
1248087238740553728
1248087251231391744
1248087402364776450
1248087595243974658
1248087616806768640
1248087817642594304
1248087918247325701
1248087973255696385
1248088065383391232
1248088098996498438
1248088211701641217
1248088212473434112
1248088233189068800
1248088260359999488
1248088304123138050
1248088446653968384
1248088462873505792
1248088463334932480
1248088476605612039
1248088623507013632
1248088654087675904
1248088761545543680
1248088832827940865
1248088860908650497
1248088879942565889
1248088895968948224
1248088929007362048
1248089021567234049
1248089038180864001
1248089087140958209
1248089121962115072
1248089161329856512
1248089163867529216
1248089226651959297
1248089231312007173
1248089514259644417
1248089533159112707
1248089626964885504
1248089671575449600
1248089728596897792
1248089993748328450
1248089999901409281
1248090015042654208
1248090162283851778
1248090166117502976
1248090299995471873
1248090438625447936
1248090711767035904
1248090811817955335
1248090871385354240
1248090880151400448
1248090955036495872
1248091006420938753
1248091206350848000
1248091236176723968
1248091244544262145
1248091291029626880
1248091336068272128
1248091386823335937
1248091395665137664
1248091476669673472
1248091646878724100
1248091663190261761
1248091751446908931
1248091836075274248
1248091932359786501
1248092144939798528
1248092192444424193
1248092292646223872
1248092399571800064
1248092456580780033
1248092542605750272
1248092607533613057
1248092799372754945
1248092806469435392
1248092926581727233
1248092942884933632
1248092943589576705
1248093063676858369
1248093086670077952
1248093207197634561
1248093282527313922
1248093282577547271
1248093434910584833
1248093437846568960
1248093559518924801
1248093572412432386
1248093640716513282
1248093661994168320
1248093680570957824
1248094031445401600
1248094305929039872
1248094616815050753
1248094637602062336
1248094851796807680
1248095023775662083
1248095057330057223
1248095089047601152
1248095099122139137
1248095212037124101
1248095442140680194
1248095541025800193
1248095606632931328
1248096030467514368
1248096081940013056
1248096117939556353
1248096143390789635
1248096223027814400
1248096240153346048
1248096269320380417
1248096306775699458
1248096361687519232
1248096432499941377
1248096440187904000
1248096617674280960
1248096647357313025
1248096722548674563
1248096724482211850
1248096762897641472
1248096891151114240
1248097027961040896
1248097032071454721
1248097053239947265
1248097196228186113
1248097208311754753
1248097238372368384
1248097472498425858
1248097481226928128
1248097514038931456
1248097531671822342
1248097574021664779
1248097577519775745
1248097607894761472
1248097626177728514
1248097745665220608
1248097799876403212
1248097846840213509
1248097887738789888
1248097893371662336
1248097958383550464
1248098006265561090
1248098283131670528
1248098286789066758