1249381768320425985
1249381827413975041
1249381833336328192
1249381836402409474
1249381873702309889
1249381873765277697
1249381874469711872
1249381877103890435
1249381898067025923
1249381980233498624
1249381987091169280
1249382037456330752
1249382050227863552
1249382070914355201
1249382144079728640
1249382254796853254
1249382347994062848
1249382377249550337
1249382628689657856
1249382666249650176
1249382712277860352
1249382773510615045
1249383041597935619
1249383049722298375
1249383197189836800
1249383367176605698
1249383381588213760
1249383450882101249
1249383589432774657
1249383618079678464
1249383631472283650
1249383664590430224
1249383690209243142
1249383757263466496
1249383845402677254
1249383879175258119
1249383907809734664
1249384067629559808
1249384348169707520
1249384478545301506
1249384518735343616
1249384579313610754
1249384654211178497
1249384797597646849
1249384826823729153
1249384843558948871
1249384917424693249
1249384964858220544
1249384994272956421
1249385124334120961
1249385178906144773
1249385418354610176
1249385485052645378
1249385571908272130
1249385790926467073
1249385871196987392
1249386148570464258
1249386185539178498
1249386209169850370
1249386314778267651
1249386361733304326
1249386403848318977
1249386595695853568
1249386692672245760
1249386722737008640
1249386784800333827
1249386810318479360
1249386810494668801
1249386818207993863
1249386831403274241
1249386848457285632
1249387200204214273
1249387272321015815
1249387367774867456
1249387512344260611
1249387554815827971
1249388020060610562
1249388097453699072
1249388118450606081
1249388147382710272
1249388152340480004
1249388300101496833
1249388320104361992
1249388328132190208
1249388379004751873
1249388554142261248
1249388652054151169
1249388689840627713
1249389035572719616
1249389036638265349
1249389042162155520
1249389138463395845
1249389167148032001
1249389251701194753
1249389280637538304
1249389281145208833
1249389313936240648
1249389318168289286
1249389400523526144
1249389427530575874
1249389440570552326
1249389503602540544
1249389570694750212
1249389616072884224
1249389647404269568
1249389748549869568
1249389750890287105
1249389780233850889
1249389944247914496
1249389990066311169
1249390064775331845
1249390161617510401
1249390195709001728
1249390216785395712
1249390279439908864
1249390283231571970
1249390303800254465
1249390312616792068
1249390342194876416
1249390379868114945
1249390475976597507
1249390588987756544
1249390603214913536
1249390618872291330
1249390680297705478
1249390820316319746
1249390841124270081
1249390955322421249
1249390955964370945
1249391033894371328
1249391067541069829
1249391185845723136
1249391342624493568
1249391650528325633
1249391671768264704
1249391734385065984
1249391840283045888
1249391919345606659
1249392007392485377
1249392045166338048
1249392234786631680
1249392305133379584
1249392389828915203
1249392389871022081
1249392443637858304
1249392493931778050
1249392657526337536
1249392772991217665
1249392832886059010
1249392905741099009
1249392942344699904
1249393092828057600
1249393168610721792
1249393236151422976
1249393329789435905
1249393383409319939
1249393474878595072
1249393550518661120
1249393584593395717
1249393588607365120
1249393618437189632
1249393653715329024
1249393695918559239
1249393781469851649
1249393785651564546
1249393810687184896
1249393852454187009
1249394012277985281
1249394120386170880
1249394124421300230
1249394137876611075
1249394184693243904
1249394309897560065
1249394322832863232
1249394477837496326
1249394493616295937
1249394607873351680
1249394666237280256
1249394717047107584
1249394737829646336
1249394825599897601
1249394875792896000
1249394897448103936
1249394918197547010
1249394943711297537
1249394976791773184
1249394981418254339
1249395002263789568
1249395014087479296
1249395114658717696
1249395140340387841
1249395181855662080
1249395185999462400
1249395198930481152
1249395366891532288
1249395417596362757
1249395439134060545
1249395475960266752
1249395576539688960
1249395610379141121
1249395622664380417
1249395635352190976
1249395685428023301
1249395732341112832
1249395742625665026
1249395878466433025
1249395912058851329
1249395966437920768
1249396003318509574
1249396025254506496
1249396083693965315
1249396389894926349
1249396415035514882
1249396559948775425
1249396613040287744
1249396699883134977
1249396713900646405
1249396734456979456
1249396767881187328
1249396854208581632