1255164887283662848
1255164888130994176
1255164904358764545
1255164916866187264
1255164938223575040
1255164958586867713
1255164959413207042
1255165022436802560
1255165027205726208
1255165139315286016
1255165254276972553
1255165316117774336
1255165349223452673
1255165394219909121
1255165441607192576
1255165478567321601
1255165509659656192
1255165529775419392
1255165554597531651
1255165705277734916
1255165735044866050
1255165735099404289
1255166049588334592
1255166117586169856
1255166125534408704
1255166156513648642
1255166300978139136
1255166313955299329
1255166454196056065
1255166510563307522
1255166531899494403
1255166582050914307
1255166804462194689
1255166812225929221
1255166873446027265
1255166886444228608
1255166905465352193
1255166950768021504
1255167116891828225
1255167129353179136
1255167220075974657
1255167232323325956
1255167496145027075
1255167593167482881
1255167601723887616
1255167618597687296
1255167781898604544
1255167781919588354
1255167848596504578
1255167882180337664
1255167969681969152
1255168109826191361
1255168334372442116
1255168482435641345
1255168599976751105
1255168737444900865
1255168746823520262
1255168763399335937
1255168813970194433
1255169103347814401
1255169140718841856
1255169164991516672
1255169178283237377
1255169265369411584
1255169290883395584
1255169322688958464
1255169517854089218
1255169767973019649
1255169769613012992
1255169786494902273
1255169787275157504
1255169803926503426
1255169891281354753
1255169924810637317
1255169925125201924
1255170000601710594
1255170071032365057
1255170114430865408
1255170138522955778
1255170161360830465
1255170176410169344
1255170239492325378
1255170277811662850
1255170347789283328
1255170558381211648
1255170575116402688
1255170604162048000
1255170621144784896
1255170932152381442
1255170978545532929
1255171116655677440
1255171212969422848
1255171254442754048
1255171292581552131
1255171426362863616
1255171426862104576
1255171473037279238
1255171481895448576
1255171548186624002
1255171565089689601
1255171585427812352
1255171589936566279
1255171930065256448
1255172000798162946
1255172002064805888
1255172147733057536
1255172167618232321
1255172169165873152
1255172328482312193
1255172446124216325
1255172496158011394
1255172530022776832
1255172575870803971
1255172609555169280
1255172638860853248
1255172647568265217
1255172814442823682
1255172848303452160
1255172936681558017
1255172979568316423
1255173125593071616
1255173214453596162
1255173229527760898
1255173261656092672
1255173289368059910
1255173328446373889
1255173444062199810
1255173557329551362
1255173716801138691
1255173892055990276
1255174034486112256
1255174073040220167
1255174346257174528
1255174350107324416
1255174374526607361
1255174442239524865
1255174446186463232
1255174484123955202
1255174614742978560
1255174676982226944
1255174706669465601
1255174924504891394
1255175013080195074
1255175052485488641
1255175088309252101
1255175122119471106
1255175129677606913
1255175229502078980
1255175253891919876
1255175307038019585
1255175339371753472
1255175452991328256
1255175490823995397
1255175596176334850
1255175607874355200
1255175611070533632
1255175667370676225
1255175728880062465
1255176075254149121
1255176132795731971
1255176213326413830
1255176215083843587
1255176257504976902
1255176436249513989
1255176536463798272
1255176577157074945
1255176580986527749
1255176587068178432
1255176594345189379
1255176706962399232
1255176770460037120
1255176795856527360
1255176879201533953
1255176942632013824
1255176954740903936
1255177039369428992
1255177085183762433
1255177291073826819
1255177305900544000
1255177327975075842
1255177432132276225
1255177801998761986
1255177852292644868
1255177907531644928
1255178162855538693
1255178174675197953
1255178192106721285
1255178243931602946
1255178271685132288
1255178275804057601
1255178546005397505
1255178570063888387
1255178602955636736
1255178644995137536
1255178687210827777
1255178746170138624
1255178904718831616
1255178930383962112
1255178980828774401
1255179046402613250
1255179186290987010
1255179248962281475
1255179299411439616
1255179320554934279
1255179487781814278
1255179526268686337
1255179568140386312
1255179656933900289
1255179734360735745
1255179899549224963