1251163602704199682
1251163611017273349
1251163725400363008
1251163735265128449
1251163840181460994
1251163860666589184
1251163931818639360
1251163952337182720
1251164081710526464
1251164159045033989
1251164159456182272
1251164210718965760
1251164239546339329
1251164247368794112
1251164255438680065
1251164326808829956
1251164348417966080
1251164372002537473
1251164469184602112
1251164486259490817
1251164667222900736
1251164678450888704
1251164682179600384
1251164695802847232
1251164796961132544
1251164943627333633
1251165025731055618
1251165035273039872
1251165069565554696
1251165103065403396
1251165224914296832
1251165256077869060
1251165339016200193
1251165342065397760
1251165375082815489
1251165382242521090
1251165442506477568
1251165581543424000
1251165640074936321
1251165664565288961
1251165706890227713
1251165748535296002
1251165752356294658
1251165774032457732
1251165799244578817
1251166042375614466
1251166069928144897
1251166126647599105
1251166200698212352
1251166344638160897
1251166407255101442
1251166414024540165
1251166428687790083
1251166503858327553
1251166507754680325
1251166591108165637
1251166607361159169
1251166618484387840
1251166726244298754
1251166805554540544
1251166818363990017
1251166830602969099
1251167069732777986
1251167162288373763
1251167279632519168
1251167298670538752
1251167368132415488
1251167421844664320
1251167430463774721
1251167485337927681
1251167544355913728
1251167547887583238
1251167644998340608
1251167758328295424
1251167995797344256
1251168047093764096
1251168065804533762
1251168100571119616
1251168168984412163
1251168193948921857
1251168269643526144
1251168293207105537
1251168297225080832
1251168378615521283
1251168403638886401
1251168412241408001
1251168520697774081
1251168563014107143
1251168571981430784
1251168610812297226
1251168613521936384
1251168738734338052
1251168906905112578
1251168986907193349
1251169183104217091
1251169183980679168
1251169483022090241
1251169515280322561
1251169552081326080
1251169586189414400
1251169662055874560
1251169738849304577
1251169745589669888
1251169841949655041
1251169846504587264
1251169849402953729
1251170001123528704
1251170131411075072
1251170134946955264
1251170202584317952
1251170228601589761
1251170307181891584
1251170379143372800
1251170417110368257
1251170429303173126
1251170542788513795
1251170553433485312
1251170555442561025
1251170773424762880
1251170873572069376
1251170991394426881
1251171004568797185
1251171057005768706
1251171176514228224
1251171230859890689
1251171243354619904
1251171260169695232
1251171751096180736
1251171817185857536
1251171821266907139
1251171952309555200
1251171956797259779
1251171981036146688
1251172103019048963
1251172145188810760
1251172158027583493
1251172208216604672
1251172228475076609
1251172233361358853
1251172409442476032
1251172426106286082
1251172476110778368
1251172488823943169
1251172739257438210
1251172791099052034
1251172809948246017
1251172816571023361
1251172933856362502
1251172975224606726
1251172991796424705
1251173032464433154
1251173181118803969
1251173227474403330
1251173271375998976
1251173277659250688
1251173340284366848
1251173549903163392
1251173592194265089
1251173642408546304
1251173825175343104
1251173911154302977
1251173919471439878
1251174075260702725
1251174116922519552
1251174270828457986
1251174334619701251
1251174389183401984
1251174406275190785
1251174413753597952
1251174439179468800
1251174489708285953
1251174552698142723
1251174569207046145
1251174619735785472
1251174830050816000
1251174917686595584
1251175144254590979
1251175319379169280
1251175358084382720
1251175780530507776
1251175845810581504
1251175940488605698
1251176089965277185
1251176158303059970
1251176301928386560
1251176318286172162
1251176343909195777
1251176410774827009
1251176427589951489
1251176597333463047
1251176666354847746
1251176726677381122
1251176729671950336
1251176750895243266
1251176892885020682
1251177090457702407
1251177185974632448
1251177295982796802
1251177357341270022
1251177513017098240
1251177549465518088
1251177551260798977
1251177702457061378
1251177757381398533
1251177857650511872
1251177912490815488
1251177959387467777
1251178096306225152
1251178180544573440
1251178193442258949
1251178246789529600
1251178281099038732
1251178335591374854
1251178355975753729
1251178550201327617
1251178555599396864
1251178566152118273
1251178575094599680
1251178579209191424