1255421620950380545
1255421622439366658
1255421697471188992
1255421699492925441
1255421726655164419
1255421787208388610
1255421995346530307
1255421998181867522
1255422063139053570
1255422199546118145
1255422245503152130
1255422268311842816
1255422543885893635
1255422565104918528
1255422598109958152
1255422620570464256
1255422621040218112
1255422631806939136
1255422678011465729
1255422745762058241
1255422757426397193
1255422822077403139
1255422822916263936
1255422822945456128
1255422848505720836
1255422955221377025
1255423021571072001
1255423028894326790
1255423040340602886
1255423047567396867
1255423055507095555
1255423093578829826
1255423093885087745
1255423190970634240
1255423256657563653
1255423366221217792
1255423371057287171
1255423480146939907
1255423508693254144
1255423584144633857
1255423764126478337
1255423956267515904
1255424012483788801
1255424050379272192
1255424212409425920
1255424271914065921
1255424272111226882
1255424277068775425
1255424468769476608
1255424469130231808
1255424570619805701
1255424670947565568
1255424839315316736
1255424884580196359
1255424910349959170
1255424985964961792
1255425097730535426
1255425207671631874
1255425224436322318
1255425232728399872
1255425299619160066
1255425302702034945
1255425328681488384
1255425341394432007
1255425341612490752
1255425480838328322
1255425518037540865
1255425581736513537
1255425627290820609
1255425636061138944
1255425708756733959
1255425711067803648
1255425789497159680
1255425866471034885
1255425903523495943
1255425929708548100
1255425963279683585
1255426091940024329
1255426110365609984
1255426155269816320
1255426211251175424
1255426360635514881
1255426373734236161
1255426434413330433
1255426489757073410
1255426521227046917
1255426524007870464
1255426550343831552
1255426579418710018
1255426667364913153
1255426679339724801
1255426760407166987
1255426784352493568
1255426797635809284
1255426820926771200
1255426834713522176
1255426893261803520
1255426955152932865
1255426956633542657
1255426960777510913
1255426970642460673
1255427000443056128
1255427103467675656
1255427157284794368
1255427263790829573
1255427270828843012
1255427343054778368
1255427359982968832
1255427451506823170
1255427623771045888
1255427630951792644
1255427652753727490
1255427656914481152
1255427690020122629
1255427739445755906
1255427740414681092
1255427849466654721
1255427954881986564
1255428025627422722
1255428160742711298
1255428257928929283
1255428285510619138
1255428299364368385
1255428362543210504
1255428374006292485
1255428390917746688
1255428541757501441
1255428819466551303
1255428827179819008
1255428830338125824
1255428843554381830
1255428881424814082
1255428927503446016
1255428977696669697
1255429040955154432
1255429113545973760
1255429175479066626
1255429209431977987
1255429267229376512
1255429316357341184
1255429339912581122
1255429398423011328
1255429557253013507
1255429674794188801
1255429770449387530
1255429804767272960
1255429958991831042
1255430034686455809
1255430073848659969
1255430101673656321
1255430123823738881
1255430249770364931
1255430263179534336
1255430307433635840
1255430374370553858
1255430445573029888
1255430455538614272
1255430463130423302
1255430510471524356
1255430688737804290
1255430714708951045
1255430738549395461
1255430862172303361
1255430869529083905
1255430885576527874
1255430904870309889
1255430932531724290
1255430970041348096
1255430979839307776
1255431112438034433
1255431165156229120
1255431221682876416
1255431270089269250
1255431292918824960
1255431328482418688
1255431416541843460
1255431435554562055
1255431675825266689
1255431679340093442
1255431717063741440
1255431797497880582
1255431805177679883
1255431864267014144
1255431877080551424
1255431902338658306
1255431935935078402
1255431939038773248
1255431970890407941
1255432019376574468
1255432077492850689
1255432199316389891
1255432201564454914
1255432326202490885
1255432358406295552
1255432376869687296
1255432484176769024
1255432540095209482
1255432571535659008
1255432594797350913
1255432614942474242
1255432659557326848
1255432886624403458
1255433063288442880
1255433132943302656
1255433185107890177
1255433201809580040
1255433252057288705
1255433273603481600
1255433310714703872
1255433344139083778
1255433361226706946
1255433369967616001
1255433465455132675
1255433483033378817
1255433649983500288
1255433733810814976
1255433847405150209
1255433902119890946
1255433905915809792
1255433973318246403
1255434430300270595
1255434532003745793
1255434560676003840
1255434585359421442
1255434610126790658
1255434653219065856
1255434816293609472
1255434871218098177
1255434980169256960
1255435133647302657
1255435164483825668
1255435270226415616
1255435306591010818
1255435368733839363
1255435370654830592
1255435399268368384
1255435437121961984
1255435452091432964
1255435571306139648
1255435571406798848
1255435633654476800
1255435839489835010
1255435839779287041
1255435881533583360
1255436041055592448
1255436061335052289
1255436372879572992
1255436532032430080
1255436634700550147