1253745684660064256
1253745970707337225
1253746026332196865
1253746059248955392
1253746214794821633
1253746420122714113
1253746505552474114
1253746530684669952
1253746550075002882
1253746550133723138
1253746579330105344
1253746684280045570
1253746743373692932
1253746877184356353
1253746906779484161
1253746920402681857
1253747003667779584
1253747242181296133
1253747368408858625
1253747509756932097
1253747582146412544
1253747615453380609
1253747703516889088
1253747841354403846
1253748178211475456
1253748203360567296
1253748207185731591
1253748252781932544
1253748278635696128
1253748328577237002
1253748392653656064
1253748400199102464
1253748449914257408
1253748559070982145
1253748575336620035
1253748625445916674
1253748634467762178
1253748706534477824
1253748760284454913
1253748794258337799
1253748846519189505
1253748853414690816
1253748890605703169
1253748995647606784
1253749028212310024
1253749057706577920
1253749209590755328
1253749221938933760
1253749238724546560
1253749285209980928
1253749317753585664
1253749326574243840
1253749565234327552
1253749683849252867
1253749717097463808
1253749796181086210
1253749884756221954
1253750044815233030
1253750241473425408
1253750262046560256
1253750274914529282
1253750306204086272
1253750399602999297
1253750454779088897
1253750586962575361
1253750656139223041
1253750657867186181
1253750677337227264
1253750689400008706
1253750744479645699
1253750824381136903
1253750865820880897
1253750868517826562
1253750971013820417
1253751014869676032
1253751050672189440
1253751125574066177
1253751202619277312
1253751260660076544
1253751277239980032
1253751380050759680
1253751438209146880
1253751465694429185
1253751470224216065
1253751958801956864
1253752024388251653
1253752045733117957
1253752191359217664
1253752192734908416
1253752393159905280
1253752556532256769
1253752657166000128
1253752691332956162
1253752711931203584
1253752808383250437
1253752934350848000
1253753046439428099
1253753087820513281
1253753119873421312
1253753214777917440
1253753265445093377
1253753284923441152
1253753311209099264
1253753399465648128
1253753438296555522
1253753543800094725
1253753663652159489
1253753704697622529
1253753739023876102
1253753910956875776
1253753962211221504
1253754238569570315
1253754282563829760
1253754450222563330
1253754469529145353
1253754582364155904
1253754591709024258
1253754655496167424
1253754735464607745
1253754875940306946
1253754947117690882
1253755047894151168
1253755052394774529
1253755061492015104
1253755131369156608
1253755324760088576
1253755396709183488
1253755442204946433
1253755463344312328
1253755468956065793
1253755509016051714
1253755684065284098
1253755685294297095
1253755735311290368
1253755797068185607
1253755840298811392
1253756007433601024
1253756151440777216
1253756191530012674
1253756293954916353
1253756337726590978
1253756387768885248
1253756470430220289
1253756520040484864
1253756567540822018
1253756714765213703
1253756784268972033
1253756856675246080
1253756945955160067
1253756951353229312
1253757296116674562
1253757337518641154
1253757363397496834
1253757371811336192
1253757467860914177
1253757706940399624
1253757708878188548
1253757715513475079
1253757728037769217
1253757796165672961
1253757887639441413
1253758034733563904
1253758180703813635
1253758299729772545
1253758416138514436
1253758485805723649
1253758489551388672
1253758499349291012
1253758614189207553
1253758649614376960
1253758649790615562
1253758706581491712
1253758722280755202
1253758743046569984
1253758825993297923
1253758893643173895
1253759020143435778
1253759121167470593
1253759192021848067
1253759220547280897
1253759221520187392
1253759229761957890
1253759233805385728
1253759329670361088
1253759716422901765
1253759732906471425
1253759732986318848
1253759816562028545
1253759871335501834
1253760013597839361
1253760122817519618
1253760209803067394
1253760300974665729
1253760358344544259
1253760600930349056