1246074977700515841
1246075083249991683
1246075168142680069
1246075231229194242
1246075306324029443
1246075362301353985
1246075364641660928
1246075369364439043
1246075381754576896
1246075382366953472
1246075432228675588
1246075537375838208
1246075563929788416
1246075569407746048
1246075641021300736
1246075715646185472
1246075839038423044
1246075893824487424
1246075910798934016
1246076091095060480
1246076103376191489
1246076196296638475
1246076204546805760
1246076343042834437
1246076358142263296
1246076413800640515
1246076481324777475
1246076526891683840
1246076674392723458
1246076679597862912
1246076686619181058
1246076715912138752
1246076749177208840
1246076791875227650
1246076803892068352
1246076808371429379
1246076844094472193
1246076850494988288
1246076900180496385
1246076904337178626
1246076942253613057
1246077069173366790
1246077083622592513
1246077106146004993
1246077127121752073
1246077231979540487
1246077311541075972
1246077359792496640
1246077395486101504
1246077400271781889
1246077452591431680
1246077470815604736
1246077474913517571
1246077500595286017
1246077503304880129
1246077557054857218
1246077563233021952
1246077567020355589
1246077651053412352
1246077701645107201
1246077799808397314
1246077810797621248
1246077823279906818
1246077869240897537
1246077878053359616
1246077909946646530
1246077940586229760
1246077990687080450
1246078108253540352
1246078111592206336
1246078293020938240
1246078311530463232
1246078335114833920
1246078347551150082
1246078419101716480
1246078460755353600
1246078494234337281
1246078528375922690
1246078535510491137
1246078552942018560
1246078574081331201
1246078594901827585
1246078699201605632
1246078769523236865
1246078775420424192
1246078800607285248
1246078825525542913
1246078833721253888
1246078859482710021
1246078976570691586
1246079018576646149
1246079159136391169
1246079208595566592
1246079257895473152
1246079270272761857
1246079382281576450
1246079425562763266
1246079492650668033
1246079509943578631
1246079530378412034
1246079601539002368
1246079735924482048
1246079744308723714
1246079853083975686
1246079860616953857
1246079912303144960
1246079914144653312
1246080025163526149
1246080142985662464
1246080154658426880
1246080157586259969
1246080196933017602
1246080198874992647
1246080264230576130
1246080331406405638
1246080343674888192
1246080356249473025
1246080363971203072
1246080377288044556
1246080419444994049
1246080452890419200
1246080514101899266
1246080549459910657
1246080610298482688
1246080611699380224
1246080632805081088
1246080875214917633
1246080913483710467
1246080981137870850
1246080994517463054
1246081139858722820
1246081272935407618
1246081324915572736
1246081362064486400
1246081388052385792
1246081400845078539
1246081509456404480
1246081530843160578
1246081558290685954
1246081607494230018
1246081611512393729
1246081636279738376
1246081702411321346
1246081799379275776
1246081816093745152
1246081833202118656
1246081845361545216
1246081947316740102
1246081967139041280
1246081988106174465
1246082109602590720
1246082210668711936
1246082306575605761
1246082323386265600
1246082340687949825
1246082436951351299
1246082457629163523
1246082537325240324
1246082592459251712
1246082596620120064
1246082604618723333
1246082618510147584
1246082629822066690
1246082680049016833
1246082692707483649
1246082697145077766
1246082705206521857
1246082758536880129
1246082768179691522
1246082772265062401
1246082971909656578
1246083006936354816
1246083049034518530
1246083204597059584
1246083208120336386
1246083208384577536
1246083267280777216
1246083270288248839
1246083351301074944
1246083363703832576
1246083383614210048
1246083406041174017
1246083422315044872
1246083430997266439
1246083443361861632
1246083472738979840
1246083541064179714
1246083544306286592
1246083554976694272
1246083557023346691
1246083603064389632
1246083686845595651
1246083737223417857
1246083820694183937
1246083913581309952
1246083930211696643
1246084035249659904
1246084135506116613
1246084178829103105
1246084190447251458
1246084198865219584
1246084303311667207
1246084386979639296
1246084387608891394
1246084437831569411
1246084450833686530
1246084508950151169
1246084517422653448
1246084576826593280
1246084647345369089
1246084666886631425
1246084680014868480
1246084743864766464
1246084768611143680
1246084770653786118
1246084928418136065
1246084943027023877
1246085024891330561
1246085109498945538
1246085133377167366
1246085143032475650
1246085351782993924
1246085356103053313
1246085401753686017
1246085423480344576
1246085480623587329
1246085485916819457
1246085511137001476
1246085591311187969
1246085641496137728
1246085674865958917
1246085700350619650
1246085738506174464
1246085784387502081
1246085788275814400
1246085800992915457
1246085818004930562
1246085823235317761
1246085872027676672
1246085940877168643
1246085964600168449
1246086006031466499
1246086061153038337
1246086085928574976
1246086095302991873
1246086186642350082
1246086194028359680
1246086261993091073
1246086293584576517
1246086304695078912
1246086332356624384
1246086335229759491
1246086370898194436
1246086395170566149
1246086421464711169
1246086434236268546
1246086445799890946
1246086446320103425
1246086458856755200
1246086601249349633
1246086622929661953
1246086723508920321
1246086756706816000
1246086789560971265
1246086874613133315
1246086924441452545
1246086950144094210
1246086982297694208
1246087050803032066
1246087075935510530
1246087130578743297
1246087139042791430
1246087180000407553
1246087192969084928
1246087247885004800
1246087360837824514
1246087377271115781
1246087432484917249
1246087454001594368
1246087482858508288
1246087507936149504
1246087524545703938
1246087532925857793
1246087637942718464
1246087650387341315
1246087741214883840
1246087767932755968
1246087847423205376
1246087977970946052
1246088053312999429
1246088057595535363
1246088061491929089
1246088069859729409
1246088073886273537
1246088074443907075
1246088101065297920
1246088148834234371
1246088202940592128
1246088330204319745
1246088358318813184
1246088522513039361
1246088531044335616
1246088560584855552
1246088577664024577
1246088595560992769
1246088618629832705
1246088637055410179
1246088708283150338
1246088883432906752
1246088883596640257
1246088892438233093
1246088975066021889
1246089059979706369
1246089072499732480
1246089072533295104
1246089112697868288
1246089156062658561
1246089156251529217
1246089176887549952
1246089253597020160
1246089334815518720
1246089417174986752
1246089511005798407
1246089528898727937
1246089542282760196
1246089619147538433
1246089626210754561
1246089650923585538
1246089671614103552
1246089713695354881
1246089906927132672
1246089961142706176
1246090002594963456