1251510797471297537
1251510811522195458
1251510822771339269
1251510831260581889
1251510880614768640
1251510900504363009
1251510958784036864
1251511014698430464
1251511078342791168
1251511387861352449
1251511514823000065
1251511520711913472
1251511548507537409
1251511712446124032
1251511724114620416
1251511728262672384
1251511901076348928
1251511971674980352
1251512176965271552
1251512235895205888
1251512370456940545
1251512446319239168
1251512525474037760
1251512655774277633
1251512672635494401
1251512752532750336
1251512815195652096
1251512831582691329
1251512836213391363
1251512899438247936
1251512911836655616
1251513070914068482
1251513155080974342
1251513192091656192
1251513246504361984
1251513391040139266
1251513398132604938
1251513490537426945
1251513524351840256
1251513574113054721
1251513603645042688
1251513686285402112
1251513821132357633
1251513909875335168
1251513934747762690
1251513964225126402
1251514048102797314
1251514182349934595
1251514291280400389
1251514375074168837
1251514450546483203
1251514570226753538
1251514570658549762
1251514577860386818
1251514769887989761
1251515043289628672
1251515046259306496
1251515201691611136
1251515260835692544
1251515268934840322
1251515299477762049
1251515344000356352
1251515439240355842
1251515602855960577
1251515667297206279
1251515754446557185
1251515885136691200
1251515944381190144
1251515977293918208
1251516028238155777
1251516317129158656
1251516325870145537
1251516409147949056
1251516493474533378
1251516581072388097
1251516644498837505
1251516816624664576
1251516860245454849
1251516869757906945
1251516976679313408
1251516991166468098
1251516999819091968
1251517006509113344
1251517068496850944
1251517135752495106
1251517206548090880
1251517222180098052
1251517260558196742
1251517298722078725
1251517369815633922
1251517434160394240
1251517508265349122
1251517651555319808
1251517687877890048
1251517718358081543
1251517763987935232
1251517873849131014
1251517877447876608
1251517961409458177
1251518061582131201
1251518326376820738
1251518363370770433
1251518447608946688
1251518469452922880
1251518570170810370
1251518699380621315
1251518707744022528
1251518737880145920
1251518750580490240
1251518759518404609
1251518836777549826
1251518840753840131
1251518908382707715
1251518946311917569
1251518962552143874
1251518972492746754
1251518993753534469
1251519047637905409
1251519127707176964
1251519177980084224
1251519315230277632
1251519415595806722
1251519417038655492
1251519743208632321
1251519907381956610
1251519961773858818
1251520058670661632
1251520074273501185
1251520101058314240
1251520163683450881
1251520377093685249
1251520418285907968
1251520461432897537
1251520511428956162
1251520515153358849
1251520558627295232
1251520624528261122
1251520641485897729
1251520788680802305
1251520871946047488
1251520872491425796
1251520921334165504
1251521044394975233
1251521052611665920
1251521064770973699
1251521186430885891
1251521429784481793
1251521454581010432
1251521466488807427
1251521501083447296
1251521643861684227
1251521651935756288
1251521681321086978
1251521727818919936
1251521736941752325
1251521782244352003
1251521800749617152
1251521849734856706
1251521860304375808
1251521920824213505
1251521958254129157
1251521966638395393
1251521996745084928
1251522000205393921
1251522047106113536
1251522054853201920
1251522147299794944
1251522182137761793
1251522244154720258
1251522247682068480
1251522256213286921
1251522286034837507
1251522395212599296
1251522429333262336
1251522482147782656
1251522503333367808
1251522583415095296
1251522583629123587
1251522700058726400
1251522705247088646
1251522868455673858
1251523148706721792
1251523152569483264
1251523163604815873
1251523187101368320
1251523313349783552
1251523332014555138
1251523338108841986
1251523384485335043
1251523544598499329
1251523598688202752
1251523736513044480
1251523833216946178
1251523862833115137
1251524191305768961
1251524521187819521
1251524534206779392
1251524710590005249
1251524727039856641
1251524794060812288
1251524836037406726
1251524911090167809
1251524915385126913
1251524957475147776
1251525065893711874
1251525217496829952
1251525256268963842
1251525271859220480
1251525288565125123
1251525461097807873
1251525494199197696
1251525578035015680
1251525728132141056
1251525754073968640
1251525798785363969
1251525855395766272
1251525875901890561
1251525891504693249