1252175174654287873
1252175175203733504
1252175234612035585
1252175242883186689
1252175363951788033
1252175368464871425
1252175444218187776
1252175454531981312
1252175566259679233
1252175723449798656
1252175794291519488
1252175799886721027
1252175901799956482
1252176001972535296
1252176274702958592
1252176332043309058
1252176580283072515
1252176669303021568
1252176751935008768
1252176944851910656
1252176965953519617
1252176978452471808
1252176980390277121
1252177104969576451
1252177356946636801
1252177410289741827
1252177415234707457
1252177463121186818
1252177874133684225
1252177902512353283
1252178007655153665
1252178010440183808
1252178015053852672
1252178019239649280
1252178020871348224
1252178031009030144
1252178065649577985
1252178068929576961
1252178206649733121
1252178254326308865
1252178408265723904
1252178522745049088
1252178539971072000
1252178665246461952
1252178696422789122
1252178837036769280
1252178875095941121
1252178908805509120
1252179060207300611
1252179125982412800
1252179126137556993
1252179382195625984
1252179386167693315
1252179445613342720
1252179453666447360
1252179457714069507
1252179474319380480
1252179561615417347
1252179610839719938
1252179625553334272
1252179643177881601
1252179668511477762
1252179781233389569
1252179816373121025
1252179944773386241
1252179956186206208
1252179973860982791
1252180007440592897
1252180036146409474
1252180105734037507
1252180139435331584
1252180146351734784
1252180309342388224
1252180364099026948
1252180368112775169
1252180401382199297
1252180421929918464
1252180480025190400
1252180553278914560
1252180574308982784
1252180577593241602
1252180640943964167
1252180661152120833
1252180695201480705
1252180754198601729
1252180858238316544
1252180921169653762
1252180955231641603
1252181040682196992
1252181110055895041
1252181173784252417
1252181194768334848
1252181206936027137
1252181218969497600
1252181228524056576
1252181315434274817
1252181346241445888
1252181366256648194
1252181464797417472
1252181596737802240
1252181671912378368
1252181684868571136
1252181688370806785
1252181802208366596
1252182004151414785
1252182020576489478
1252182079720341504
1252182175837020160
1252182235140304897
1252182262449389569
1252182489889738753
1252182525629419523
1252182560525946882
1252182749940776960
1252182767032565760
1252182878055796737
1252182947609919489
1252183111733051394
1252183188237139968
1252183396752785409
1252183396878557184
1252183409297952769
1252183470710849537
1252183504873553920
1252183563858034688
1252183800425086978
1252184067371495427
1252184167707742209
1252184171100860421
1252184306472103939
1252184309634682881
1252184436877266947
1252184549636915200
1252184578271457281
1252184613482618881
1252184676887904256
1252184712203964418
1252184851358330880
1252184855493971970
1252184877002371072
1252184934292361218
1252185111367282690
1252185132448059394
1252185154027749377
1252185204304699392
1252185376241803265
1252185396542418944
1252185535365419009
1252185615300530176
1252185694551719936
1252185737421893632
1252185879873048577
1252185997200121856
1252186017299390464
1252186131334127616
1252186201714569216
1252186206403788800
1252186239563751424
1252186270022766592
1252186344337534977
1252186391909261313
1252186422330691584
1252186755836542976
1252186782193668098
1252186823255826434
1252186894433206274
1252186915958255617
1252186931473068040
1252187074310148097
1252187148020641792
1252187171030695936
1252187251779547136
1252187275707863042
1252187385690943492
1252187447510867969
1252187473469485056
1252187542847459328
1252187624875282432
1252187729321918464
1252187734044741632
1252187736485879808
1252187796195782656
1252187963708116993
1252187971324968961
1252188031584329729
1252188031684972545
1252188157388509186
1252188270236033024
1252188319993270272
1252188403778686976
1252188446602518530
1252188748726427650
1252188815717920768
1252188886245105664
1252188977421049856
1252189000833667072
1252189007926251521
1252189054445158400
1252189108966797313
1252189171659223040
1252189188239261696
1252189246913421313
1252189267880751104
1252189344112283648
1252189389637197824
1252189397769809920
1252189411003023363
1252189427687964673
1252189452480335873
1252189507534766082
1252189508042448897
1252189575017115648
1252189587155361797
1252189599557804032
1252189687827005443
1252189768470986752
1252189922393554945
1252189926847926273
1252189947110412288
1252189983303249921
1252190053239009280
1252190203264946176
1252190241940594695