1247584929480761349
1247584934748962817
1247584952356605953
1247585043322732544
1247585063262457858
1247585150579412992
1247585225569226753
1247585235132440586
1247585288131678211
1247585301658206212
1247585307060510721
1247585373850685442
1247585516247306242
1247585518101168129
1247585520252637184
1247585520533864449
1247585814047055877
1247585862939897856
1247585906107744258
1247585943118319617
1247586187272912900
1247586214112305159
1247586216876400640
1247586219493486603
1247586479863447561
1247586488952520706
1247586677683437568
1247586761816993792
1247586837268287488
1247587018076389377
1247587029975584768
1247587050892800000
1247587122380443651
1247587164562612224
1247587267822129153
1247587294636359682
1247587327804874752
1247587402719387649
1247587500048019456
1247587578506874883
1247587603601186816
1247587737248468992
1247587760078303233
1247587789115404293
1247587873513234435
1247587923312234501
1247588049317396483
1247588225842999296
1247588246420414477
1247588288438734849
1247588288745127936
1247588401341247490
1247588409310425093
1247588443443597312
1247588611085697030
1247588636373196806
1247588673539002368
1247588707898552320
1247588729201389568
1247588742749138944
1247588842644942851
1247588889990057985
1247588900828139520
1247588905341370375
1247588912572268550
1247589177929207820
1247589228055121920
1247589273060003840
1247589313321275393
1247589355243241472
1247589406300667908
1247589408544604160
1247589541050855424
1247589601532919814
1247589749931548691
1247589818760118272
1247589844647391232
1247589889652264962
1247589920622940160
1247590008145547264
1247590045802004482
1247590134465228800
1247590234419859457
1247590280519389186
1247590305307578368
1247590356331515906
1247590415219298304
1247590473629347842
1247590553492971521
1247590624376819714
1247590725237248004
1247590742211661828
1247590758670127105
1247590787627520002
1247590881089081344
1247590935057313796
1247590952086233092
1247590972755775489
1247591052145389568
1247591092234543104
1247591098152861698
1247591099578961920
1247591111079624712
1247591195376857088
1247591240146866182
1247591254013005824
1247591329690865664
1247591413354823681
1247591471873695744
1247591568674095104
1247591694322798596
1247591736869715968
1247591778468978688
1247591781262225410
1247591937445703683
1247591987890528256
1247592059013222402
1247592113795145728
1247592335661305857
1247592339125628933
1247592400840777728
1247592436924203009
1247592444734119945
1247592505769693187
1247592509888479232
1247592512098717697
1247592544252329987
1247592571062423554
1247592579136401408
1247592608861425665
1247592644957659138
1247592671641841664
1247592679522910210
1247592754936295425
1247592972541100033
1247592981751889924
1247593076597633027
1247593149981249538
1247593283985031169
1247593288472780803
1247593292620951552
1247593321574301697
1247593325961584645
1247593413198983168
1247593468886536192
1247593728333590528
1247593853944844288
1247593875369349121
1247593938677972992
1247593960463310849
1247594038963757057
1247594059503452168
1247594198087241728
1247594253028601861
1247594328366686216
1247594396004073477
1247594399753736193
1247594441461960706
1247594496038039552
1247594520016912384
1247594525905891330
1247594689160716289
1247594731321745409
1247594733158842368
1247594781280219139
1247594862796390401
1247594890159992832
1247594999451136007
1247595028865863681
1247595062424305664
1247595151066902529
1247595188484096001
1247595198105956354
1247595236131508224
1247595259300843522
1247595274501046273
1247595452289122304
1247595539866226689
1247595544769441792
1247595582262325251
1247595624175783936
1247595671642935299
1247595708535967746
1247595777322598401
1247595922558578688
1247596019040190465
1247596085268189189
1247596123499495424
1247596214633234434
1247596269821984768
1247596329225912320
1247596342320533506
1247596350293893123
1247596446360072192
1247596564048011264
1247596567865032706
1247596601666920448
1247596610160406530
1247596757460140034
1247596799206084609
1247596824019550210
1247596958086303745
1247597008376004610
1247597008556371973
1247597083894390784
1247597119856312326
1247597167864352769
1247597196465192961
1247597270096179201
1247597362979233793
1247597495036850181
1247597499273162757
1247597524388585473
1247597524707401730
1247597526284468224
1247597543380434946
1247597543648870400
1247597575965900806
1247597608366833664
1247597625240457216
1247597649353531392
1247597650112729088
1247597700536627201
1247597700922503170
1247597994071003140
1247598043937091586
1247598050131894272
1247598052975804416
1247598161834790913
1247598207997284352
1247598241245364224
1247598250800152576
1247598321176383489
1247598388071337984
1247598403397304320
1247598441947172865
1247598522209308675
1247598565054189570
1247598577347694595
1247598661258883074
1247598665348182017
1247598665549651972
1247598672449159169
1247598751792992257
1247598795270918144
1247598822638878721
1247598885289070592
1247598887038111744
1247599030089154568
1247599050981093379
1247599057834520577
1247599092991176706
1247599285769621504
1247599311258443777
1247599382251343872
1247599450815692802
1247599495740866567
1247599570759987200
1247599655300497408
1247599684723621888
1247599889518821378