1254802487112065025
1254802621392654336
1254802650664701952
1254802817874870278
1254802843812466688
1254802939295797252
1254802947197698048
1254802966105776129
1254802990793457664
1254803009042878465
1254803009269350402
1254803040718258176
1254803082459992068
1254803117327241216
1254803158758539266
1254803275985096704
1254803321157713920
1254803515081240576
1254803674251046912
1254803699588882432
1254803735961878530
1254803900571549701
1254804072642818055
1254804135553220608
1254804236845670400
1254804240243003399
1254804240830214152
1254804333138456577
1254804347881488385
1254804420983959553
1254804538973880320
1254804605210251265
1254804642652811264
1254804664018702337
1254804697925509120
1254804714958532610
1254804810827804675
1254804815592304640
1254804998405292033
1254805001861582849
1254805170661347329
1254805275879649281
1254805351498539008
1254805364345909248
1254805473972363270
1254805482641989633
1254805528250929152
1254805726305726465
1254805745264062464
1254805809248251904
1254806056653320192
1254806224698253312
1254806493423116289
1254806514184982530
1254806671261667335
1254806748759838721
1254806803055083520
1254806824638910469
1254807017807626240
1254807049608650753
1254807059532591110
1254807067107438596
1254807193611759616
1254807369462185987
1254807565483094021
1254807616284495874
1254807755258388481
1254807860388585473
1254807916776914944
1254807960695590918
1254808095315890177
1254808212085395456
1254808229365809152
1254808251843182596
1254808315659460611
1254808321493594113
1254808376128811009
1254808426422644737
1254808493946818563
1254808650167857157
1254808656207544322
1254808667515506688
1254808776680648704
1254808779998162946
1254808817335963648
1254808828614520834
1254808833190486017
1254808863049764869
1254808871199297536
1254808993018642438
1254809147989770240
1254809281775493121
1254809355154751488
1254809425270865924
1254809609220640773
1254809743031513088
1254809816473628678
1254809850468581379
1254809915182518275
1254810092794511360
1254810112709013506
1254810146456457223
1254810245039341570
1254810363880787973
1254810467958063107
1254810614804824064
1254810632538460161
1254810980531556361
1254811025867706368
1254811060969844736
1254811067693191168
1254811093832216576
1254811223671083015
1254811282995318791
1254811356500389888
1254811631399436294
1254811774035079170
1254811860832071682
1254812016490934272
1254812049047089152
1254812079455797256
1254812267843145734
1254812348310667264
1254812377649778688
1254812381512904706
1254812423707492359
1254812427683721216
1254812435724341248
1254812532985851904
1254812570088857600
1254812576145432577
1254812644017688578
1254812724971913218
1254812785244082178
1254812805183741956
1254812893826203658
1254812917368631296
1254812989955268608
1254813141315305472
1254813195212066816
1254813476532428802
1254813516449579010
1254813545234984960
1254813547286147073
1254813868427218944
1254814125282164736
1254814130780999682
1254814146270380032
1254814200838467586
1254814270468042752
1254814310812889088
1254814360909873153
1254814387954765825
1254814399023513606
1254814457580130304
1254814559665299456
1254814564987756544
1254814636903448576
1254814638413250560
1254814730885238786
1254814776393424899
1254814810417569793
1254814823071842304
1254814969847328768
1254814973798371328
1254815028647264258
1254815055616540675
1254815091050020867
1254815091771531264
1254815103658196995
1254815150235779072
1254815224991035394
1254815259094810624
1254815267575791616
1254815276190892032
1254815418688114689
1254815506168795136
1254815533708398592
1254815561369845760
1254815691028520960
1254815913901273088
1254816014266597383
1254816063960875008
1254816085188251648
1254816177697755138
1254816240142397440
1254816273965494273
1254816429234196480
1254816600714285058
1254816798010232833
1254816831631745025
1254817075568300032
1254817186729754644
1254817297497305090
1254817310138908672
1254817318871404545
1254817519816359937