1246527965686648833
1246527999115173894
1246528041309929475
1246528055822168065
1246528073287241728
1246528086000177155
1246528098742538245
1246528123530862596
1246528174134931456
1246528211640553473
1246528218691186695
1246528355245137927
1246528358445432837
1246528431392612353
1246528459159019525
1246528473478443014
1246528538909577220
1246528559461609473
1246528624892604416
1246528707117879297
1246528743209758720
1246528756904230918
1246528806321446912
1246528866534948864
1246528970021101575
1246529046193655810
1246529067303596033
1246529082772332544
1246529091249016834
1246529151697391616
1246529233834426369
1246529280970022912
1246529311005343749
1246529331716816897
1246529353795743745
1246529360871305216
1246529463917174784
1246529487887630337
1246529533135765506
1246529554358861824
1246529558402211841
1246529561904308224
1246529566174105601
1246529567277244416
1246529571203284992
1246529595932905473
1246529600861003776
1246529649590464512
1246529662727213056
1246529752766300160
1246529784596717568
1246529801596239872
1246529843170365443
1246529864280268800
1246529867316957185
1246529906244235269
1246529923680030722
1246530007482105859
1246530086507069440
1246530090885771264
1246530141272125440
1246530144652705793
1246530178827849729
1246530229142618112
1246530261845716995
1246530274223108099
1246530296595361792
1246530321174142976
1246530358587219968
1246530382025166850
1246530397598445568
1246530439117860864
1246530482088685575
1246530485414658051
1246530485938946048
1246530564905107457
1246530569279803395
1246530595708112896
1246530603484241921
1246530628138307585
1246530673986490368
1246530727702904835
1246530758967201796
1246530830937337857
1246530833533431808
1246530837434138625
1246530912466206720
1246530988508766208
1246531179844472832
1246531202665725952
1246531219367571458
1246531244067827713
1246531264993087488
1246531278041575424
1246531290226028546
1246531332001402881
1246531387202699271
1246531470816051203
1246531471101194240
1246531605004419073
1246531827680059395
1246531905375416323
1246531925084385280
1246531949193297921
1246531991375204352
1246532000158224386
1246532161932374016
1246532167116771330
1246532238029840390
1246532523225681920
1246532611830427649
1246532632789372934
1246532712359485442
1246532724774625288
1246532733360365569
1246532821373595648
1246532825425330189
1246532830177267712
1246532838679285762
1246532871478603776
1246532875639574528
1246532876411318273
1246532896648605697
1246532916651450368
1246532922447998976
1246532951774384128
1246533005008568320
1246533140966850560
1246533173791449088
1246533181198577664
1246533240783024128
1246533279651524608
1246533307803803649
1246533345837793283
1246533366905790469
1246533385792651265
1246533492458078216
1246533525920051201
1246533551601758210
1246533571885633536
1246533575995990017
1246533672812994560
1246533693914714113
1246533735601917952
1246533756355313664
1246533794741358592
1246533811426467842
1246533920620830721
1246534017060614146
1246534052078854147
1246534054842904576
1246534105929564166
1246534138288627713
1246534301824532481
1246534319163748358
1246534327187304448
1246534331478269961
1246534441918500867
1246534445022224392
1246534466841055237
1246534486625419264
1246534551981047810
1246534639730044929
1246534667223863297
1246534670805843969
1246534679601262592
1246534780948066305
1246534859528515587
1246534931041390592
1246534986062278657
1246535010586222592
1246535187216904192
1246535299532021760
1246535313100587012
1246535321379954688
1246535337121329152
1246535522337591299
1246535531250491392
1246535552008163328
1246535627304243202
1246535647915016194
1246535740185628672
1246535744677654534
1246535763719643136
1246535782258675713
1246535814118404097
1246535954220945408
1246536093538934784
1246536108667781120
1246536200795676676
1246536231233568769
1246536244034711552
1246536260287713289
1246536298069995523
1246536323424333824
1246536340533063680
1246536360757989376
1246536377912737796
1246536394501128203
1246536399358058496
1246536419952246787
1246536479117107202
1246536508091305984
1246536667529281536
1246536704913276929
1246536738601910274
1246536879039811585
1246536957007663116
1246536960778186753
1246537040772190210
1246537040839180288
1246537049366290433
1246537059671715840
1246537103745470464
1246537120677683200
1246537164055351296
1246537198217936896
1246537326559465474
1246537330275627009
1246537388601552899
1246537389327163395
1246537397510320129
1246537444780126218
1246537502783086593
1246537531828682756
1246537534630395904
1246537583355727877
1246537611147186176
1246537660874854401
1246537699227549697
1246537703488778240
1246537715774042113
1246537799962177540
1246538024588120064
1246538026307719170
1246538047455465472
1246538051255484418
1246538063817232384
1246538064647897095
1246538114799153153
1246538139285536771
1246538152010846208
1246538188836999169
1246538244327604225
1246538321125412865
1246538332663939072
1246538335150936066
1246538353996169220
1246538395850952704
1246538403975434241
1246538512897323011
1246538538235113472
1246538617822105604
1246538618807648257
1246538622016208896
1246538622158770176
1246538684611977216
1246538685023166472
1246538701477470209
1246538701552988160
1246538825624625155
1246538831894949888
1246538915835547648
1246538957208408065
1246538961452924929
1246538961767534595
1246539221910859778
1246539255540744192
1246539263363219459
1246539263795027970
1246539298238795777
1246539310083510272
1246539332732715010
1246539368862486530
1246539394128977923
1246539448499744769
1246539473413967879
1246539486680551424
1246539557526437892
1246539578753744896
1246539587196862464
1246539653420912641
1246539748669153280
1246539766990098439
1246539783519842305
1246539890893996032
1246540005100736529
1246540018694402048
1246540149271527425
1246540177616461824
1246540186667765760
1246540195064737792
1246540278812401664
1246540287628935170
1246540504986083328
1246540534564261888
1246540597764263936
1246540622477111296
1246540668308271104
1246540676520718341
1246540685542449152
1246540783693336577
1246540859274715138
1246540937150386176
1246541071800295424
1246541147322945537
1246541149008990213
1246541229812301824
1246541238104358912
1246541251509354502
1246541256227983360
1246541374448599040
1246541398964350976
1246541532045467648
1246541553906188288
1246541779907891200
1246541826129084421
1246541843531091970
1246541855510192128
1246541897226752012
1246542044975312900
1246542080459096068
1246542082900099074
1246542126399115265
1246542166614331394
1246542174394683397
1246542177141956611
1246542198578884610
1246542199619190784
1246542275418689539
1246542288647569408
1246542384088965120
1246542505757364230
1246542623533420552
1246542661357535234
1246542699181703168
1246542711508725760
1246542774243115008
1246542820594216960
1246542843759525900
1246542858468786177
1246542866945540097
1246542883382890496
1246542951951581191
1246542971006267393
1246543000945164288
1246543003902078977
1246543051155107840
1246543051515817984