1248007713180643328
1248007747603296257
1248007807393136642
1248007831984300033
1248007832017833984
1248007987064520704
1248008037765230593
1248008088428240902
1248008167935463424
1248008188797931520
1248008285313060865
1248008297975672832
1248008381014478848
1248008410655641600
1248008452623839236
1248008510870151169
1248008511780352000
1248008553404616704
1248008646144868352
1248008659260465153
1248008787673231360
1248008795172638721
1248008867511848962
1248008906233667584
1248009205065248768
1248009287596527617
1248009299911045120
1248009321276829697
1248009379829317632
1248009400603668481
1248009446984265728
1248009463858003970
1248009475329380352
1248009484426858502
1248009543109324800
1248009563028066304
1248009610797056001
1248009681592659968
1248009736475176961
1248009789998694400
1248009803957321731
1248009891760889857
1248009913013420032
1248009977177890816
1248010006047293440
1248010119129911296
1248010160393441280
1248010331776929792
1248010394934710272
1248010567802998784
1248010646395834369
1248010683523858432
1248010755393212416
1248010948733857796
1248011095417094144
1248011103361052673
1248011160755949569
1248011229483823104
1248011242234470403
1248011274073419776
1248011322911895553
1248011487622422530
1248011535307309058
1248011585601208320
1248011687984160768
1248011762810548226
1248011858914631682
1248012052246847488
1248012093464260610
1248012218748137472
1248012323983245315
1248012450282131456
1248012517382578176
1248012623158767618
1248012700816273408
1248012701772599296
1248012717631270913
1248012751366062080
1248012790083645441
1248012915677859841
1248012961592950784
1248013072469348353
1248013125112094720
1248013129612550144
1248013179931656193
1248013312933027840
1248013333837443073
1248013389869109248
1248013410748362752
1248013515744366592
1248013536476815362
1248013596065329152
1248013607733825537
1248013608346251264
1248013630861271042
1248013868451811328
1248013897237286914
1248013985560940544
1248014020319174656
1248014035401846784
1248014129614311424
1248014433244176385
1248014459672481792
1248014484372779008
1248014559874449408
1248014562843971589
1248014564219744256
1248014644393824259
1248014694159241216
1248014753424801794
1248014765193981952
1248014825482932226
1248014860740227073
1248015008568471552
1248015010829340672
1248015054638690304
1248015095772237824
1248015097840013313
1248015159836037126
1248015234792427520
1248015278471958528
1248015306263388160
1248015321073471488
1248015377860182016
1248015436999839751
1248015587327922178
1248015607724834816
1248015646849265666
1248015650796126211
1248015893839269889
1248016042669948928
1248016047799582720
1248016049108209666
1248016081207214080
1248016117928325121
1248016275432853505
1248016300359610371
1248016334174031873
1248016350288601088
1248016371398479872
1248016493498880003
1248016597874163714
1248016602798288896
1248016622624731136
1248016650432950272
1248016665087848450
1248016724214943747
1248016887939624961
1248017028926955520
1248017083834621954
1248017110267097090
1248017139484618752
1248017181104730112
1248017241934712833
1248017357672345600
1248017395144249346
1248017404233256960
1248017418393276421
1248017423367733253
1248017449695367168
1248017459044438016
1248017571896389634
1248017676019986435
1248017747566452736
1248017772451250179
1248018045139693568
1248018052811128832
1248018062558691328
1248018070590775296
1248018293014671361
1248018307086606336
1248018414636953600
1248018528281608194
1248018579011686400
1248018624494727170
1248018683349184513
1248018713237803010
1248018737732575234
1248018850890706946
1248019059993534465
1248019122039865345
1248019169406095360
1248019282480386050
1248019421534113793
1248019551448530944
1248019568112496640
1248019710970494977
1248019731182833671
1248019773688107010
1248019919867764737
1248020070942437376
1248020125447368704
1248020247426166785
1248020280120733697
1248020348257304576
1248020381790801921
1248020423352205312
1248020508991344641
1248020650318368768
1248020654034571264
1248020679070371841
1248021023192231936
1248021069216256001
1248021089860501504
1248021115349368832
1248021215886925826
1248021291518525442
1248021530744938497
1248021534280687617
1248021537548111873
1248021547710849025
1248021570636963841
1248021579755393024
1248021657115131905
1248021757195251715
1248021803802468354
1248021841488175104
1248022033885057024
1248022071537479686
1248022083050840066
1248022088398462978
1248022092295155714
1248022232644943874
1248022295127322625
1248022302077456390
1248022310755479553
1248022327633330178
1248022347858264064
1248022356632711168
1248022400987475968
1248022467794350081
1248022488400814080
1248022525193400324
1248022541559529472
1248022571808948227
1248022582366015490
1248022676163026946
1248022760145727490
1248022808191545345