1249819652345270275
1249819998647877641
1249820233025458176
1249820274863865856
1249820342052433928
1249820372037521410
1249820518523551745
1249820530443763713
1249820581559709697
1249820703555280896
1249820837919830017
1249820866835251200
1249820874510749696
1249820929145913351
1249820971160211462
1249821096725172225
1249821167059435521
1249821227335680000
1249821234679943168
1249821495380963328
1249821633935806469
1249821801028313091
1249821931811069953
1249821990040539136
1249822199986425859
1249822208186253317
1249822350968860673
1249822417956016133
1249823146728882176
1249823178874109954
1249823381735833601
1249823505874661376
1249823601169178626
1249823826885709825
1249823911547527168
1249824054200107008
1249824116900859911
1249824229807316995
1249824515531526144
1249824640920215552
1249824662294368256
1249824778841493504
1249824789771898880
1249824977928544259
1249825026947403782
1249825136003465221
1249825169474039810
1249825365566029825
1249825450345541637
1249825535053762577
1249825597150429185
1249825641484222465
1249825681497825280
1249825764679221248
1249825786103767048
1249825841606991876
1249825865111719938
1249825908187435010
1249826024973574145
1249826046238654469
1249826058901360640
1249826201864110082
1249826713342586880
1249826730103226370
1249826927084527617
1249826935837847552
1249826956297691136
1249826964770369537
1249827082005352449
1249827202054500353
1249827237693702147
1249827257545342977
1249827347404132362
1249827447089926145
1249828046925946883
1249828126730960896
1249828382059008001
1249828390900662272
1249828391181680641
1249828495368155136
1249828533947564033
1249828634702909440
1249828680098025472
1249828725404778497
1249828767931027457
1249828789376503809
1249828949821206528
1249828998776942594
1249829137633751040
1249829268818821121
1249829321541386241
1249829447621984258
1249829455884947457
1249829518963085312
1249829653566705670
1249830031007809536
1249830270108405763
1249830362060128262
1249830382100451328
1249830475675267073
1249830551088959490
1249830818974965761
1249831003427950593
1249831066787090433
1249831112093978627
1249831200660672512
1249831263646572544
1249831322874458113
1249831406336909312
1249831500989767684
1249831583235878916
1249831800135979008
1249831800710414336
1249832165543534592
1249832341637382154
1249832400693202946
1249832439045898248
1249832734974935042
1249832849659879424
1249832945977896966
1249833003238359040
1249833146251530240
1249833234495610886
1249833303835701249
1249833383158403072
1249833407682469889
1249833494852898817
1249833537471209474
1249833583562371073
1249833923917557760
1249833941772701698
1249833972747681798
1249834053114761218
1249834061649985538
1249834305234161664
1249834535287697409
1249834589327101955
1249834636416438275
1249834686521597953