1253851346844909570
1253851668388679680
1253851709522284544
1253851745438044160
1253851790002450435
1253852082920177671
1253852180400025600
1253852251392704512
1253852578326159360
1253852683468931078
1253852754432442368
1253852922611449858
1253852968635338753
1253853026298839044
1253853043298312195
1253853106334384128
1253853224274137088
1253853240644431872
1253853370525376514
1253853399549800449
1253853484811722752
1253853610439405568
1253853734993563650
1253854050317152256
1253854088292216832
1253854339950501889
1253854373555376131
1253854398490349568
1253854557697761280
1253854562185666560
1253854583396286464
1253854635888201730
1253854722064334849
1253854973953277955
1253854993578409988
1253855094656860160
1253855137119916032
1253855140299202560
1253855275272081416
1253855572795031552
1253855719687892994
1253855895479435264
1253855916966817792
1253855954745073664
1253856009845641217
1253856034197696512
1253856080993701890
1253856101780643840
1253856141903347715
1253856192562188294
1253856311541854208
1253856470107635712
1253856764526764032
1253856768507236357
1253856801067540480
1253857074364198912
1253857193851449345
1253857325875691523
1253857376949751809
1253857422202015745
1253857490166583299
1253857501759537152
1253857573570334723
1253857575638048769
1253857587180662784
1253857703769845762
1253857836729163777
1253858140627632132
1253858182050590722
1253858336065241088
1253858432500654080
1253858523634700293
1253858614265155585
1253858685832421376
1253859133079650304
1253859292815355904
1253859423711264768
1253859608378179585
1253859716209524737
1253859747045965827
1253859775642841088
1253859799667748864
1253859939904339973
1253860032120328192
1253860119961464832
1253860186370052099
1253860303466446848
1253860536007249926
1253860699173863425
1253860723588988928
1253860782103760897
1253860916065718274
1253860962987397122
1253860974551072768
1253861046865080323
1253861092624867328
1253861267531497472
1253861276956098560
1253861340634124288
1253861582733488136
1253861632909901824
1253861734596698112
1253861791110742018
1253862019742064641
1253862038343946247
1253862157680181254
1253862170099679238
1253862212344528896
1253862254883241984
1253862301054251008
1253862380750110733
1253862476732674048
1253862590599618566
1253862612636512260
1253862720082006024
1253862753523118080
1253862803061927937
1253862804274044928
1253863168138330112
1253863261046521856
1253863278440148993
1253863328079806464
1253863336556535808
1253863344664195072
1253863482589614081
1253863540995194880
1253863587719897093
1253863634003886080
1253863986556272641
1253864003270516739
1253864219533025286
1253864356116389891
1253864431244546048
1253864463230365697
1253864502090702853
1253864510735052801
1253864617157079041
1253864834820485121
1253864859730665472
1253864888411324416
1253864932459909127
1253865010385879043
1253865057496166400
1253865233195696130
1253865317677309958
1253865438494298112
1253865474108071936
1253865581100457984
1253865596913156097
1253865687078010882
1253865781974032384
1253865862597091329
1253865953408028678
1253866126515351558
1253866289153470464
1253866293394124802