1255270592988753920
1255270676728070144
1255270697510862848
1255270702258814978
1255270717442215939
1255270734802403332
1255270738006859776
1255270760207339520
1255270777567555584
1255270865618509824
1255270950909681665
1255271010351435781
1255271017456508930
1255271046267244545
1255271063937781761
1255271084053716994
1255271087891533825
1255271091452477444
1255271091758563328
1255271095629987841
1255271099773960193
1255271150105616385
1255271167402876932
1255271188005339137
1255271206393188352
1255271209538904064
1255271213334695939
1255271309786918913
1255271415374282754
1255271452733038592
1255271452741439491
1255271486342004739
1255271536623263746
1255271624393347074
1255271627316756481
1255271641522884610
1255271733361283077
1255271737081692160
1255271747454107650
1255271749844963329
1255271754655809542
1255271816689602560
1255271821911494661
1255271829528346624
1255271848608235520
1255271851036758018
1255271855897882626
1255271871760740357
1255271896029040644
1255271910293864448
1255271930510311426
1255271976442134530
1255271981664079873
1255271997527011328
1255272010453856257
1255272026874556417
1255272035665825795
1255272036190105600
1255272085305405441
1255272093773713409
1255272115558809604
1255272135095975938
1255272144650539010
1255272177848508417
1255272208559214593
1255272224212295681
1255272316914860037
1255272320526176262
1255272367699431425
1255272383323287555
1255272384879345665
1255272391615352835
1255272392462602240
1255272434002952192
1255272479808987136
1255272484049485825
1255272488646443009
1255272512730079232
1255272547937067010
1255272576668053504
1255272584947646464
1255272593524957189
1255272596960161793
1255272618875289600
1255272647782522880
1255272681378807808
1255272682574282752
1255272750903672833
1255272756553359361
1255272763012591618
1255272781383680002
1255272786181926913
1255272810345349126
1255272836685537280
1255272840884092928
1255272859812999169
1255272878884487169
1255272884135755779
1255272907506421764
1255272920177422336
1255272932688957441
1255272968952983552
1255273007230128129
1255273079980396544
1255273107016822787
1255273113748725760
1255273134833401861
1255273151111606273
1255273181100851200
1255273211018821632
1255273230438449153
1255273230748844033
1255273255973408768
1255273281025908736
1255273301678702595
1255273306707636227
1255273314618146816
1255273318631997441
1255273344506777603
1255273348042502144
1255273365411110915
1255273373501919233
1255273377444638721
1255273427180630023
1255273436550778880
1255273579601711104
1255273728071655425
1255273784170471427
1255273806870073346
1255273877070061568
1255273881297960961
1255273900088397824
1255273918828630019
1255274056909312002
1255274094981001217
1255274115692462081
1255274124060098560
1255274124806627328
1255274149355950081
1255274204041293824
1255274249515868160
1255274292654362624
1255274313051262977
1255274329081872390
1255274353480077313
1255274380336267264
1255274406097674240
1255274478067736576
1255274484933832705
1255274509311119360
1255274528189681664
1255274531792486404
1255274581126000648
1255274585949380608
1255274585966215168
1255274586276577280
1255274644862644224
1255274661878943744
1255274678282838016
1255274698583298052
1255274699459899392
1255274719546351621
1255274740517941253
1255274745026818048
1255274776228225029
1255274790824411137
1255274816661307393
1255274837666344961
1255274866342801408
1255274895711375360
1255274932768051200
1255274946290487299
1255274987163959296
1255275043417980928
1255275046857248771
1255275053488488449
1255275063856816128
1255275067166031874
1255275076833947649
1255275097746702336
1255275130558844929
1255275173122539520
1255275357772619776
1255275365779587072
1255275369894158338
1255275382682591232
1255275395529801730
1255275395840172032
1255275428916453377
1255275432565448706
1255275432712290305
1255275437145587714
1255275458003902464
1255275521241481218
1255275561049624576
1255275575280840704
1255275591575777281
1255275600908091393
1255275625398579200
1255275647263551488
1255275666821525518
1255275672349609989
1255275714359803905
1255275852713152512
1255275868877971457
1255275978609352707
1255276028047613957
1255276036918521856
1255276061128097792
1255276104497213440
1255276112059531264
1255276141235048448
1255276158435962881
1255276158977028096
1255276208872468482
1255276229617422338
1255276246226829314
1255276255034986496
1255276274802712576
1255276303646851073
1255276305232343041
1255276308013219840
1255276322491957248
1255276322580058112
1255276342783938560
1255276351705223170
1255276360135778306
1255276435759083522
1255276524183465984
1255276527660515330
1255276531670228992
1255276564427743232
1255276595314647042
1255276598313582593
1255276607431991297
1255276666152255492
1255276672674381824
1255276674335244289
1255276728592850947
1255276748398346241
1255276748813611010
1255276753066614784
1255276773509652480
1255276774788907008
1255276796175691779
1255276809190506496
1255276816727789570
1255276837577555969
1255276848281509889
1255276867214598147
1255276879583629313
1255276900458680320
1255276902815842305
1255276913943248896
1255276929583898627
1255276938425520128
1255276989524652034
1255276997389017090
1255277023213367296
1255277132005216257
1255277136077828096
1255277143627612163
1255277144042803201
1255277156160229376
1255277161159831553
1255277174136999936
1255277182055788548
1255277186061385728
1255277212028284928
1255277215245381634
1255277282337460224
1255277298254852096
1255277299794149376
1255277350062821377
1255277383214661632
1255277421156237316
1255277429230370821
1255277445994987521
1255277450726191109
1255277471777390593
1255277496964124673
1255277508821495810
1255277513116463108
1255277546813489153
1255277549128744962
1255277559102820353
1255277579583488000
1255277580422447104
1255277617743364096
1255277642783342594
1255277670637723648
1255277680574050307
1255277714711478273
1255277740468682753
1255277748244840448
1255277752124571651
1255277752766402562
1255277759527620608
1255277764795604993
1255277777546338305
1255277799839072256
1255277835872329729
1255277860916469761
1255277915631124483
1255277929015148545
1255277954248081411
1255277957121179648
1255277965715398659
1255277966139015168
1255277991220871168
1255278013329047552
1255278020698439680
1255278029506519042
1255278033352753152
1255278078596648961
1255278079909531648
1255278100105105408
1255278100918788101
1255278126977990656
1255278129574301697
1255278134297006080
1255278175875207168
1255278206044733440
1255278224990404608
1255278234415095809
1255278288991326210
1255278289406570498
1255278305852436483
1255278327390253060
1255278342791725058
1255278436492460039
1255278469463883776
1255278477978329091
1255278511188840452
1255278523851440131
1255278544751640578
1255278546479656966
1255278575823007744
1255278637475074050
1255278645251379204
1255278700138057729
1255278703581564928
1255278738838822918
1255278822439731202
1255278829687504902
1255278831113515008
1255278831382003713
1255278873752801280
1255278922138353664
1255278969236205568
1255278973556326403
1255279010894012419
1255279016208146433
1255279044108734464
1255279065206067201
1255279119589400576
1255279126853947393
1255279163998683136
1255279182306828289
1255279185746178048
1255279195615383553
1255279208349290500
1255279211960557572
1255279220944703489
1255279227638812676
1255279253417009157
1255279298237345792
1255279313714319361
1255279388368744449
1255279400603529217
1255279438528425985
1255279530081730560
1255279539036487683
1255279585622667267
1255279650420523008
1255279657039134724
1255279681609306114
1255279686894133249
1255279761653485570
1255279807283236864
1255279836727296000
1255279837444476928
1255279840984535041
1255279864367718402
1255279871930105858
1255279882780782598
1255279903538282498
1255279908529614848
1255279932936204290
1255279962208309248
1255279962724208642
1255280015077507074
1255280030281760771
1255280038083264512
1255280054789181443
1255280059549614080
1255280075588714497
1255280155817369601
1255280214336249863
1255280222871662592
1255280226923433986
1255280252475015168
1255280272322543619
1255280277045346305
1255280315754561538
1255280323442757637
1255280365876502529
1255280403771990017
1255280419551010817
1255280482750734336
1255280554481770496
1255280569824555010
1255280571300880385
1255280571330310144
1255280585779576833
1255280592322772994
1255280600753324034
1255280619401207814
1255280645934395393
1255280646634815489
1255280705149571073
1255280717640142850
1255280806223904768
1255280856748437506
1255280881255751680
1255280901682016258
1255280931482591232
1255280936373149698
1255280941372772352
1255280944262635522
1255280952667967489
1255280997173690370
1255281064232341505
1255281124466720770
1255281166707560448
1255281213197213698
1255281217047535617
1255281237587001346
1255281237780041729
1255281251306651648
1255281275952418816
1255281300879138824
1255281317845090310
1255281327181565955
1255281330641932291
1255281384475832322
1255281399470448641
1255281402058244097
1255281443049213955
1255281456353546241
1255281472308686848
1255281535621771264
1255281556236709890
1255281582069485569
1255281628508753927
1255281636561891329
1255281659689213955
1255281660003786755
1255281711623147522
1255281716287229952
1255281755122262016
1255281802945728512
1255281838089744387
1255281871828799489
1255281896076070918
1255281896445132800
1255281921921298432
1255281955576348674
1255282006210031618
1255282013524955137
1255282018167947266
1255282021603123201
1255282034953596932
1255282056147410946
1255282106839773184
1255282153384030210
1255282185403326465
1255282189652176897
1255282202465775621
1255282266047217664
1255282278282014720
1255282283738738688
1255282313774206976
1255282344895930371
1255282353695600645
1255282369994653697
1255282380081897473
1255282387002576900
1255282403641307138
1255282437392936960
1255282467365433345
1255282471018561536
1255282479595958272
1255282509451010049
1255282538752466946
1255282563704332289
1255282563968532480
1255282580540317698
1255282582012469249
1255282605802610688
1255282633279524867
1255282650987876353
1255282679316189184
1255282743333838848
1255282756185178113
1255282789550886912
1255282794177142785
1255282831707844609
1255282832408293376
1255282995277320194
1255283007348498433
1255283046355480577
1255283104681529344
1255283107231653888
1255283117247602689
1255283159069048833
1255283193038680065
1255283206246535168
1255283209346088961
1255283247166169089
1255283280401895425
1255283305987047428
1255283338908221440
1255283339130478592
1255283344943845376
1255283380670861313
1255283476594638848
1255283491643838466
1255283524363567104
1255283565258039296
1255283636997427200
1255283645033713665
1255283670337929220
1255283678529421315
1255283712423493633
1255283717184028672
1255283774801219584
1255283851221512192
1255283853129908227
1255283980993204224
1255284016720248833
1255284027403177985
1255284064480878593
1255284128427147267
1255284186128306179
1255284291858284545
1255284337584541699
1255284339551731714
1255284441372647424
1255284575556771841
1255284605600632837
1255284647501627394
1255284660256624644
1255284693500600323
1255284718548942849
1255284727512207360
1255284765864886275
1255284823918329869
1255284836362788868
1255284861637722113
1255284915740053505
1255285074817363970
1255285084325904385
1255285104919875586
1255285113652379648
1255285117477666819
1255285138738556929
1255285159978557440
1255285160054067201
1255285227129319425
1255285284125753344
1255285327511654400
1255285352979365888
1255285444180422658
1255285561989959682
1255285562069655555
1255285566796595201
1255285571259375616
1255285629182775296
1255285629988024322
1255285658538647553