1248838224404819969
1248838291991990272
1248838295586361344
1248838354285858817
1248838560867811328
1248838761288470528
1248838859795894272
1248838984702349314
1248839042608893957
1248839043015561216
1248839166089146369
1248839182040076292
1248839282330087425
1248839307126767616
1248839312596062208
1248839332795838470
1248839381596508161
1248839403113295872
1248839456259313664
1248839511204941824
1248839519966760960
1248839542020493312
1248839546705530884
1248839640502751242
1248839856916180993
1248839886389555200
1248840065716895744
1248840212849012736
1248840342591410178
1248840453765595136
1248840460073938944
1248840463961874432
1248840477241217025
1248840506445975553
1248840566374203393
1248840616181510144
1248840669252198401
1248840686486634496
1248840704392077315
1248840796314275840
1248840838614056960
1248840922080718848
1248840926249746434
1248841171226333185
1248841173222883333
1248841195075309568
1248841320258580487
1248841445106204677
1248841543131299840
1248841547572842496
1248841567756050432
1248841707287973888
1248841793522642944
1248841832768786434
1248841983864582144
1248842029896892421
1248842101338472448
1248842193252450306
1248842196935045122
1248842210637795328
1248842357094658048
1248842407052865539
1248842407380160512
1248842499046678528
1248842675345858560
1248842733248184320
1248842825552351234
1248842901049597952
1248842938492338176
1248843017248620544
1248843026161696768
1248843082600079361
1248843184693637120
1248843237386784768
1248843492308258817
1248843694037299201
1248843853479763968
1248844084485271554
1248844432318722050
1248844448051556353
1248844461842534402
1248844486018584580
1248844504443961345
1248844538451382274
1248844592062935041
1248844789350453248
1248844877682462721
1248844986642321408
1248845005000716288
1248845073753800705
1248845279836676096
1248845280214003713
1248845292658733056
1248845307921567744
1248845392394895360
1248845485953212426
1248845728262180866
1248845816426455040
1248845830213251072
1248845883824730113
1248846056055386112
1248846073042309122
1248846130999222272
1248846168290803712
1248846249408835584
1248846306312892418
1248846329767288832
1248846389544546304
1248846391876521986
1248846603118497792
1248846679727468544
1248846690846527488
1248846705635864577
1248846721930506242
1248846794471112710
1248846823785029632
1248846966290669568
1248847171916455937
1248847184285650944
1248847298009972738
1248847309833670658
1248847339264999424
1248847460199350272
1248847490725687297
1248847491086168064
1248847603539771392
1248847629552717852
1248847732883644416
1248847741469560832
1248847742190981120
1248847751301009409
1248847960064118787
1248847972437069827
1248848040909090816
1248848055899750401
1248848093803474944
1248848123184558081
1248848143799771136
1248848300176015360
1248848379750170624
1248848404286828544
1248848576836333568
1248848794227216384
1248848841060675589
1248848862447644672
1248849076101120000
1248849082736455680
1248849257806712832
1248849428137402368
1248849524329717761
1248849621755052033
1248849729783508993
1248849758896025601
1248849769939611648
1248849825732255744
1248849831126327304
1248849860544958469
1248849875950845952
1248849914626486273
1248849965197053954
1248850000316116994
1248850074211360773
1248850116141694978
1248850320949559298
1248850326112710657
1248850337118724107
1248850414038061056
1248850501195702277
1248850694783635457
1248850892314591232
1248850913223032833
1248850921125105665
1248850941903863809
1248850959716892672
1248851143800885248
1248851261765664768
1248851279654387712
1248851294833594369
1248851385845604357
1248851388643196930
1248851609418752000
1248851612703109120
1248851664167002113
1248851684719124481
1248851936423505920
1248851981789057024
1248851991020748801
1248852024474644481
1248852035060940800
1248852074978136064
1248852175066992643
1248852191323906048
1248852195996348417
1248852199691689984
1248852242305777671
1248852312594034688
1248852381552398336
1248852388661862400
1248852485747486720
1248852570887671809
1248852620266975232
1248852698897645569
1248852875557638145
1248853048962609156
1248853064921919488
1248853114834354176
1248853131435429888
1248853180080930817
1248853186531770368
1248853231834406912
1248853278902718465