1250891721136918530
1250891749863690241
1250891845430902794
1250891996308307969
1250892806517915648
1250892846556561410
1250892934544797697
1250893054288039938
1250893487458775040
1250893871422353416
1250894118458478593
1250894152507817986
1250895003657756672
1250895024897867777
1250895059425230848
1250895208037806081
1250895270931574785
1250895304712429572
1250895388367679488
1250895413726441473
1250895438414336002
1250895543020269568
1250895577644032000
1250895728458825731
1250895744673841152
1250895757491744774
1250896050661056515
1250896055639498752
1250896078901297152
1250896218718220288
1250896373878329346
1250896373966344193
1250896606691459074
1250896759905288196
1250896772874088454
1250896835306127360
1250896842100899840
1250896855338287105
1250896906848518144
1250896969586872327
1250897039459864576
1250897041309470726
1250897070405402626
1250897076004716545
1250897120657158144
1250897246100631553
1250897279810244616
1250897295371108359
1250897297640247298
1250897321551900678
1250897359464214528
1250897435137699840
1250897477487689728
1250897515366547468
1250897519049048065
1250897523675402242
1250897799765508096
1250897821013770241
1250897904170160128
1250897929990221824
1250897967139164160
1250898043903361024
1250898126916988930
1250898320689594368
1250898324460154880
1250898559211376649
1250898785217187844
1250898844549857282
1250898860874104833
1250898916402499584
1250898999567097868
1250899020366729220
1250899044500553728
1250899045733658624
1250899050741870593
1250899053212246017
1250899142102171649
1250899314647465984
1250899338454319109
1250899360319254532
1250899438622646272
1250899511289012225
1250899665953882119
1250899683360354307
1250899759310811137
1250899829833846789
1250900108692070403
1250900141927616512
1250900156716810240
1250900241848524801
1250900270713798662
1250900341949788160
1250900396622655493
1250900438507040770
1250900450636939268
1250900483755180034
1250900507654328320
1250900615355604992
1250900801020727299
1250901147541549062
1250901214079918080
1250901218068758529
1250901302193713152
1250901356266827776
1250901491495440385
1250901650459549696
1250901700791209984
1250901717551644672
1250901721737498624
1250901733993115649
1250901805359398912
1250901839261978624
1250901930936852480
1250902056975679495
1250902064894443520
1250902187372314627
1250902194477387776
1250902228602404872
1250902467925225472
1250902539266076675
1250902636288598016
1250902669314621440
1250902700545327104
1250902703175335943
1250902740768665600
1250902929877458951
1250903055043833868
1250903176187871235
1250903664425938944
1250904067074908170
1250904309107064834
1250904720052490241
1250904761550794753
1250904835945267206
1250905899998339077
1250906324143144967
1250906536089542657