1255240371635843072
1255240381819752448
1255240397607120900
1255240431056695302
1255240443610218498
1255240448001671168
1255240473670815745
1255240493803417601
1255240501432852481
1255240506935848961
1255240548916572168
1255240572413108227
1255240573805563908
1255240599013412866
1255240634195234816
1255240658354343936
1255240662330617868
1255240670710829057
1255240679325917191
1255240686909239300
1255240712473493513
1255240733314990081
1255240733419847680
1255240743750455297
1255240745759518721
1255240770728218625
1255240812377636871
1255240836599644163
1255240863833370624
1255240905730207745
1255240938038996994
1255240960189124609
1255240977050210304
1255240988701995009
1255241003897847815
1255241023162376200
1255241036101804033
1255241041202024450
1255241042187689991
1255241085246492677
1255241110563295234
1255241136077234177
1255241140871233538
1255241223297695749
1255241241018728449
1255241244734881795
1255241303996141570
1255241337995235330
1255241433700843521
1255241437790253056
1255241441128984577
1255241446287908864
1255241458774351874
1255241471990652935
1255241530190835712
1255241555230818304
1255241559357952007
1255241563984322561
1255241581264809984
1255241619231694856
1255241639288868867
1255241673338126351
1255241677721255939
1255241685388464128
1255241688727072768
1255241698046881794
1255241699464491015
1255241740241588229
1255241743940886534
1255241784311119874
1255241831895445507
1255241849897451521
1255241877714014208
1255241882449465344
1255241908135301122
1255241908538036230
1255241912665202689
1255241913093042184
1255241943828910080
1255241979098730498
1255242050703941635
1255242075731353600
1255242146912796673
1255242155230220289
1255242167540424717
1255242167741792256
1255242185081065473
1255242189510193154
1255242193087991813
1255242208145477633
1255242277489868801
1255242285362618368
1255242289103994880
1255242302521511936
1255242302655803394
1255242352320548865
1255242356594540545
1255242381735182337
1255242387267489797
1255242427985809410
1255242454560899072
1255242457723342850
1255242465516367878
1255242467349344269
1255242473846300673
1255242479013675009
1255242482679496707
1255242486701797377
1255242507425927169
1255242524022706178
1255242524563824640
1255242620261019649
1255242637088612354
1255242650212536320
1255242650279718913
1255242671163146251
1255242759679741953
1255242821864488961
1255242868328980481
1255242883063525379
1255242901992484867
1255242927066005510
1255242931675500544
1255242947731304448
1255242997719056392
1255243032284278786
1255243044716249089
1255243099267313665
1255243100668248064
1255243115654414343
1255243208147206147
1255243216779124744
1255243237520007176
1255243266305470467
1255243300610740224
1255243328528015360
1255243329589084161
1255243342125969411
1255243367258226689
1255243371897147392
1255243388401717248
1255243442860494848
1255243443296776193
1255243468584169472
1255243509847732224
1255243525844762626
1255243573118803971
1255243597198381062
1255243606740414469
1255243639921442816
1255243690202857475
1255243703129640960
1255243711593754626
1255243723643944973
1255243730354872323
1255243770045575168
1255243799514808321
1255243811586015232
1255243823355179015
1255243828312903688
1255243853856215040
1255243875221897221
1255243882947915778
1255243911951458304
1255243925192953866
1255243971443515394
1255243975713271811
1255244004821741568
1255244017014628353
1255244017375289346
1255244038346805257
1255244047133937664
1255244055543504897
1255244086342225924
1255244094953140224
1255244101013975045
1255244151907586051
1255244185642434562
1255244239224688641
1255244252046639108
1255244261114732544
1255244264231112707
1255244265195741191
1255244311396057097
1255244357688594432
1255244391658270722
1255244403351977985
1255244409354031106
1255244503654502401
1255244524756099075
1255244550286778368
1255244562408321025
1255244604372389888
1255244658772447236
1255244673448378369
1255244692842782723
1255244705761280001
1255244732000866306
1255244768684228614
1255244780625371136
1255244793812332554
1255244869523644417
1255244872946155536
1255244899219316736
1255244941120409600
1255244952755372033
1255244957641846792
1255244994832670726
1255245011568021511
1255245037128101891
1255245062495232001
1255245087262625792
1255245091544932358
1255245107978174464
1255245114194235395
1255245124570951698
1255245124663214082
1255245129163694083
1255245147182436353
1255245149527040000
1255245159836631040
1255245200718548993
1255245242544029696
1255245305177661442
1255245317517258755
1255245326732181510
1255245358491410432
1255245401944440832
1255245414707671040
1255245418507763714
1255245426254581761
1255245431262625793
1255245468877107206
1255245473490886657
1255245493178978310
1255245498874843137
1255245510346244098
1255245514918019073
1255245519296835585
1255245520211189762
1255245529518407689
1255245560837259264
1255245645230850051
1255245681318670339
1255245685802373126
1255245687996002305
1255245732048785414
1255245772205051906
1255245800327741445
1255245801128853506
1255245816874389505
1255245850147774466
1255245878949969925
1255245883458965507
1255245902496829440
1255245913569845259
1255245926081400835
1255245930216947712
1255245930477031425
1255245967932248068
1255245972311080967
1255245992477241350
1255245996386328576
1255245997577551874
1255246009476812815
1255246026270703616
1255246072475258882
1255246193967403008
1255246198358904840
1255246202817384454
1255246232643145729
1255246244492042241
1255246266113699842
1255246315652595712
1255246316470505478
1255246332534685699
1255246396208353283
1255246404613701635
1255246416974405634
1255246421101629444
1255246437488746497
1255246443230769158
1255246450755330054
1255246458032394253
1255246484435501057
1255246496162775040
1255246503490326533
1255246514185744391
1255246525623668742
1255246530161901569
1255246537900331008
1255246601209159686
1255246641155710978
1255246651758989312
1255246652165820417
1255246669626724355
1255246672797601792
1255246710667972608
1255246719069143040
1255246758126510083
1255246782625468420
1255246806377734145
1255246835645546501
1255246840439738370
1255246907741528068
1255246911692562432
1255246911721914376
1255246928696221704
1255246935595892739
1255246966772191238
1255246991971450881
1255247029208481792
1255247104315965442
1255247109374304260
1255247138566651913
1255247184385191943
1255247229910163456
1255247250550382595
1255247271853207556
1255247289339305984
1255247294833872901
1255247297933385728
1255247310629613579
1255247313540349953
1255247334927151105
1255247339264135171
1255247362391506944
1255247363549134853
1255247364589326336
1255247394045820934
1255247439394738176
1255247442049671170
1255247469534904323
1255247469811769349
1255247470222770177
1255247477617438723
1255247489789235202
1255247494251978752
1255247494369488896
1255247506830757888
1255247515110309900
1255247532030078977
1255247624913014793
1255247628851388418
1255247641123983361
1255247679271112705
1255247703195385866
1255247719528005632
1255247725878292481
1255247754479230976
1255247771780734981
1255247830366683137
1255247834020040713
1255247859382960135
1255247885337341954
1255247888608886791
1255247919562752007
1255247927339110402
1255247947085811713
1255247960172105731
1255247976450138114
1255248005667659778
1255248036692987904
1255248054384496655
1255248111070523394
1255248136022433793
1255248220743180289
1255248275021717504
1255248298815995904
1255248339538530304
1255248367367737344
1255248368151990274
1255248387340996608
1255248392466415627
1255248399072444419
1255248400234295298
1255248412297043968
1255248433780228098
1255248439128068099
1255248471159910406
1255248471717744640
1255248473039015938
1255248475639484416
1255248557227085827
1255248564470657025
1255248564646789121
1255248566139916290
1255248584674590720
1255248606493397002
1255248610293354497
1255248648314720258
1255248669772861443
1255248787234324483
1255248795438403586
1255248811829723143
1255248831081521153
1255248848995352576
1255248869472055297
1255248870684139528
1255248912719515649
1255248916129480704
1255248919191269379
1255248921242341377
1255248976040923137
1255249012275511313
1255249013579923463
1255249017791021058
1255249021368754177
1255249023335911429
1255249026242486272
1255249030738837508
1255249041476239379
1255249054667243521
1255249058765197312
1255249088041402369
1255249100670451712
1255249105200254979
1255249117653143559
1255249142663860226
1255249172611108866
1255249180450271235
1255249205741879296
1255249217628577793
1255249272708173825
1255249277355462657
1255249320686821382
1255249373665079316
1255249390748475396
1255249407748038659
1255249436709715968
1255249465784635396
1255249486496108544
1255249486961573896
1255249487267799053
1255249499292827648
1255249503352954881
1255249520675471370
1255249642377416704
1255249654612189185
1255249663080488962
1255249676368056321
1255249680579125249
1255249687768174594
1255249704851509248
1255249720919887874
1255249722119467016
1255249788737589249
1255249836305252355
1255249881284960258
1255249907360960520
1255249957361238016
1255249960825733122
1255250023949971456
1255250032049172481
1255250099325853704
1255250138777485315
1255250149271646211
1255250183270604803
1255250183513878530
1255250183828525059
1255250190639996928
1255250233254174729
1255250263314759680
1255250267295158272
1255250339198054402
1255250375596216320
1255250392679682051
1255250410316627969
1255250447998296068
1255250482706120706
1255250533268545542
1255250572984401920
1255250576922816512
1255250602826829827
1255250631679520769
1255250636096110593
1255250657113759746
1255250720347107332
1255250741138243585
1255250761468071936
1255250761652502529
1255250770775224323
1255250783085441028
1255250787170758657
1255250824957251588
1255250833681383426
1255250835854045184
1255250838198661122
1255250846390136833
1255250853348495360
1255250891696898048
1255250902707027968
1255250921963040768
1255250928594231305
1255250954716397576
1255250959539884038
1255251004653740032
1255251014145511424
1255251047062388738
1255251049063034881
1255251051067904004
1255251056088489986
1255251080725827584
1255251094986506245
1255251123100844032
1255251189614206977
1255251198334119936
1255251202910171136
1255251212355670017
1255251227899834371
1255251231594987522
1255251243666112513
1255251244689563648
1255251248846188544
1255251248980332544
1255251253233438720
1255251344660799490
1255251358254600195
1255251370720067591
1255251373026926592
1255251379720986629
1255251383206502402
1255251449497485313
1255251457990971397
1255251458657787904
1255251467688194061
1255251473379844099
1255251499891949571
1255251533962326017
1255251563066646534
1255251587590651915
1255251588953837568
1255251616833380355
1255251695401152514
1255251722437525505
1255251726464155649
1255251726879383552
1255251794218962951
1255251825428701184
1255251840255569926
1255251848254062597
1255251898925490177
1255251937014022148
1255251938683359232
1255251942466637830
1255251945989844992
1255251952356790272
1255251952453275648
1255251965531086851
1255251969884786688
1255251995629420549
1255252032757346309
1255252036721016839
1255252037194965002
1255252045264818176
1255252053686976514
1255252063073849345
1255252091012087816
1255252095789338624
1255252104287080448
1255252107634114563
1255252137388511241
1255252154773897216
1255252175162347526
1255252182334652421
1255252230338482176
1255252247304429573
1255252273279762437
1255252275808874499
1255252305177387012
1255252305865330691
1255252322478891011
1255252326354386945
1255252351264440321
1255252367139909632
1255252368687607809
1255252402107822085
1255252419040161794
1255252448933019654
1255252489957449729
1255252491698155521
1255252498362904578
1255252510866096131
1255252514955505667
1255252553320841217
1255252574300770305
1255252578310422529
1255252586615234561
1255252641187352577
1255252733369749504
1255252761664532481
1255252762876686336
1255252770858426372
1255252829444411395
1255252876567478273
1255252884226297857
1255252892652638210
1255252984990183425
1255253023141625861
1255253052333883393
1255253139856424964
1255253168964931590
1255253194776723457
1255253217602043911
1255253227907551234
1255253337823379464
1255253404949061633
1255253446015496193
1255253513283743745
1255253516509216770
1255253559869943809
1255253630502010881
1255253639112921089
1255253694142177281
1255253706410545153
1255253723431010309
1255253764551868418
1255253811771461632
1255253823494524932
1255253903857377282
1255253912493469703
1255253937235595269
1255253970806857728
1255253999541944321
1255254001542627328
1255254023420116992
1255254031255117826
1255254059260547078
1255254067858866182
1255254151862333447
1255254157352722433
1255254159193976833
1255254160129372165
1255254180115210243
1255254192656187395
1255254206220550145
1255254223475916800
1255254247874142209
1255254275648819201
1255254280883314689
1255254317344399360
1255254331366014976
1255254339628797953
1255254356770816001
1255254411305197570
1255254423745581063
1255254434935910402
1255254452983996417
1255254490497892352
1255254490619482113
1255254506956369921
1255254520839446528
1255254532784881665
1255254565785608194
1255254632982556677
1255254641438310407
1255254654130192385
1255254668793581573
1255254678448807938
1255254708450734086
1255254720215756800
1255254733033521153
1255254737827528704
1255254771415617536
1255254784610877441
1255254796065484800
1255254855062560768
1255254914613358592
1255254936813809665
1255254960725426176
1255255006418292736
1255255057471332352
1255255073581600773
1255255094276370432
1255255111946981378
1255255178560880641
1255255203282026499
1255255236958203907
1255255245464231941
1255255249771773959
1255255271145902080
1255255286388002819
1255255295632252928
1255255296185962498
1255255324606582786
1255255338070298626
1255255341866106890
1255255359033356289
1255255364469219328
1255255378046189569
1255255400976449536
1255255409079791617
1255255413186011141
1255255429992587265
1255255451115098112
1255255455976296452
1255255467955236868