1249668657342545920
1249668660123373568
1249668660685418497
1249668661511704576
1249668696689131520
1249668825408090119
1249668856710389760
1249668940076204032
1249669150827413504
1249669178040049665
1249669178455359492
1249669208201363457
1249669375201652737
1249669422203240454
1249669489840377856
1249669506739458048
1249669557272416263
1249669569355976709
1249669611504664576
1249669791444398082
1249669800277807105
1249669955018092544
1249670056390414336
1249670119036530689
1249670147436093446
1249670206344945664
1249670321180999682
1249670458779357185
1249670462910509056
1249670652098830336
1249670718826127360
1249670756629450752
1249670811142815745
1249670848803303424
1249670856726511616
1249671062649888768
1249671192027508739
1249671230765953024
1249671471879917569
1249671482453692416
1249671507573452800
1249671528066752512
1249671683612573698
1249671741950939136
1249671758854094849
1249672056700010497
1249672434195681282
1249672450780037120
1249672622876614656
1249672790170456064
1249672803307012096
1249672979216322560
1249672983376846849
1249673029644419072
1249673168824012801
1249673179942940674
1249673264437383169
1249673343441174528
1249673444670701568
1249673480905375745
1249673721859563520
1249673759226724353
1249673935458906112
1249674001733103616
1249674086634135566
1249674131693391873
1249674144184250370
1249674502637637633
1249674598473519105
1249674707483451392
1249674777301643269
1249674941903011840
1249674992431902722
1249675108932816897
1249675222283943936
1249675327921586176
1249675349371256832
1249675436138905600
1249675479570878466
1249675492359385089
1249675492988518401
1249675620876877824
1249675621610840065
1249675878096949250
1249675936519389184
1249675965032095747
1249676247329693698
1249676297313402881
1249676301658660867
1249676355999916032
1249676385980952576
1249676430839078912
1249676526586433541
1249676695965257728
1249676993412636672
1249677046772613120
1249677206638346241
1249677236707512323
1249677290751090688
1249677291967459335
1249677332459249664
1249677333373616128
1249677362469441537
1249677367624323081
1249677392026775552
1249677420317343746
1249677524537192448
1249677606968078336
1249677673179287553
1249677924103368705
1249677987164729345
1249678201544044544
1249678471124660224
1249678548773875714
1249678616713142272
1249678696157310979
1249678737903423490
1249678775660535809
1249678939980795904
1249679065046380544
1249679111779487746
1249679153407893504
1249679174396084225
1249679308643336193
1249679401479888897
1249679425337094145
1249679442894393345
1249679466428858369
1249679581159796736
1249679631223066632
1249679660952113152
1249679727071125504
1249679916813164546
1249679917115211777
1249679988166545408
1249680132106792960
1249680230815420416
1249680330832871424
1249680336331714560
1249680340970377216
1249680408020766720
1249680649105047558
1249680897206452224
1249680961500938240
1249680973379153920
1249681007571349504
1249681040563552256
1249681074730524672
1249681104367386627
1249681128836993024
1249681179659382784
1249681404201443331
1249681493573505026
1249681573164642305
1249681636834369537
1249681674037846017
1249681837464616961
1249681980230426628
1249681989201993728
1249682012530753537
1249682029639348224
1249682029874012165
1249682034475200518
1249682181108035590
1249682218718507009
1249682221251923968
1249682744029970433
1249682798236954624
1249682911961296897
1249683062117539842
1249683096187928576
1249683188034736128
1249683293278257152
1249683310294564870
1249683352728358912
1249683498673131527
1249683549290221568
1249683553035653120
1249683615312642051
1249683682773827585
1249683729674428422