1255542361788047361
1255542361817591808
1255542364397088769
1255542386891075586
1255542446139809792
1255542475420098560
1255542491866181632
1255542547277058048
1255542567732641792
1255542653531435019
1255542665237708801
1255542773266219008
1255542848851709955
1255542878379503616
1255542882083233792
1255542892019486730
1255542899548119040
1255542932171632640
1255542954988617729
1255542991181275138
1255543012802904066
1255543088057114624
1255543164309344257
1255543214091747329
1255543234429882371
1255543304852246530
1255543373206654976
1255543536386097152
1255543595664375809
1255543596893106176
1255543680561225730
1255543692343074818
1255543787704725504
1255543809682923521
1255543818281078786
1255543847515381760
1255543856646537222
1255543868126367744
1255543876959514624
1255543942323544064
1255543964557598721
1255544065543811073
1255544098821373952
1255544104534134784
1255544219260858372
1255544255302512642
1255544312785321984
1255544380221526017
1255544430506807297
1255544496273620995
1255544496592388097
1255544551147700225
1255544572886818816
1255544581631991808
1255544639060414464
1255544731347464193
1255544794853638149
1255544887501447169
1255544898213814277
1255544929146855424
1255545242826289156
1255545248140472321
1255545252456300546
1255545339257511938
1255545339685158913
1255545528856637440
1255545583990796288
1255545600394682369
1255545749850468352
1255545903118716928
1255545914728632320
1255546097377906691
1255546177023598592
1255546222653386753
1255546250763440128
1255546274352369664
1255546298431873024
1255546418334502912
1255546483618861059
1255546485510410240
1255546530779537408
1255546581958328320
1255546645145624577
1255546670445666305
1255546728411025408
1255546783134031872
1255546787214983168
1255546946791575552
1255547006765981696
1255547060285210626
1255547092120018944
1255547202686136323
1255547215617163264
1255547244155154432
1255547244981485568
1255547268704243713
1255547285292945408
1255547286295371776
1255547294524551174
1255547303034867712
1255547411403063297
1255547492013420544
1255547555376779267
1255547747970592768
1255547821362642944
1255547953759924224
1255548058051510272
1255548091798872066
1255548112841502720
1255548115676995587
1255548148560343044
1255548179061207042
1255548184065122307
1255548200586526722
1255548270325067777
1255548356203548674
1255548363950432263
1255548415251042305
1255548490135961601
1255548523904450561
1255548553222598657
1255548658646265858
1255548780218396675
1255548867669454848
1255548901257621506
1255548903476228097
1255549031037702147
1255549097106239488
1255549148427948043
1255549178895360005
1255549261770563586
1255549303973707779
1255549308537049089
1255549421443481600
1255549442352009217
1255549519217000450
1255549534865723392
1255549737370976256
1255549790651387904
1255549840202715136
1255549856669749249
1255549857898680321
1255549865431650305
1255549904216305665
1255549916321120257
1255549926450311169
1255550000068653058
1255550004954980353
1255550008142827522
1255550025666572289
1255550100501299204
1255550154494504960
1255550205572911106
1255550549862371328
1255550551191719942
1255550553666531330
1255550554895310848
1255550570607316992
1255550612521000960
1255550665285222400
1255550669513273352
1255550722004758528
1255550888720003072
1255550914514964481
1255550935516004354
1255551054680375297
1255551170774523904
1255551288366043136
1255551518029369348
1255551527437008896
1255551536069062657
1255551539789344768
1255551590309621761
1255551639689269254
1255551666495066113
1255551701752467456
1255551768110514178
1255551785210609664
1255551787383181313
1255551816290439168
1255551837161193473
1255551838998257664
1255551874981261312
1255551937753288706
1255552050341044225
1255552298438270977
1255552298761302017
1255552315542712322
1255552399365701632
1255552426460934144
1255552444890841091
1255552445515792386
1255552482966716416
1255552525551521797
1255552530047578112
1255552753893543937
1255552888052625408
1255552961566191619
1255552974019067904
1255553179653230593
1255553204537958402
1255553225014390785
1255553251078017024
1255553309504659456
1255553397597638656
1255553410138603520
1255553453692030976
1255553485627707393
1255553620491321345
1255553658365730816
1255553682478899207
1255553707615358977
1255553711801319425
1255553799449706497
1255553871642005507
1255553880085143560
1255553886712147969
1255553895956467719
1255553917636816897
1255553921591869440
1255553954890555395
1255553955926544387
1255553984175226881
1255554014302932992
1255554095605149696
1255554115138191361
1255554157790015489
1255554174990921728
1255554191247896577
1255554194867716096
1255554291172962304
1255554338853879808
1255554484538953733
1255554634258829312
1255554708812386304
1255554807257063430
1255554865222135808
1255554877842812929
1255554887011753988
1255554898671828992
1255554979177398272
1255555036740009986
1255555147314483201
1255555175961550855
1255555177441972224
1255555309998759937
1255555423714902016
1255555448029229062
1255555549812441091
1255555688320897027
1255555734164705287
1255555738015055875
1255555767429664769
1255555864066490376
1255555879115554817
1255556147983065088
1255556175371911169
1255556228563918849
1255556279621345281
1255556296369213440
1255556312563355648
1255556324928237569
1255556476145459201
1255556476522901507
1255556523494866945
1255556559922438144
1255556673604902912
1255556694194614278
1255556698640723971
1255556735995183104
1255556807663157254
1255556828924084230
1255556841582596098
1255556874314776578
1255556933517488129
1255556965482278912
1255556966878937088
1255556996520165377
1255557085200293889
1255557092619939840
1255557093009940481
1255557093043535872
1255557093077086208
1255557093513261056
1255557227102064644
1255557244046970882
1255557244592234498
1255557264842395650
1255557325521371136
1255557344265633792