1245425700745732099
1245425773453938692
1245425806815498240
1245425842223792134
1245425849433755648
1245425888193380355
1245425936117444608
1245426007055663104
1245426028518019072
1245426088387448840
1245426158340096003
1245426195015090176
1245426350183178240
1245426409675292672
1245426446773911552
1245426493796147203
1245426494022680577
1245426501425692673
1245426527279382537
1245426556786429952
1245426669571072001
1245426829617442817
1245426905408401410
1245426955245109248
1245427034949632000
1245427043380211712
1245427044101394434
1245427055694696450
1245427223387144193
1245427252625620994
1245427340861149184
1245427414424936449
1245427479340294144
1245427659858833408
1245427739835981824
1245427777483964419
1245427819741450240
1245427848925585408
1245427965871054848
1245427968920498183
1245427969863979009
1245428085287030785
1245428111476436995
1245428154740535296
1245428154832842752
1245428439781265408
1245428469770735617
1245428560942301186
1245428654106165249
1245428658195570689
1245428930510753792
1245428947631984641
1245428951897346048
1245428984176934914
1245429073071026179
1245429092792414208
1245429094080065536
1245429119124414466
1245429215991824387
1245429236665475072
1245429241061097472
1245429245423366144
1245429250385215488
1245429325781925891
1245429354458300416
1245429396569092096
1245429539049635840
1245429644314185728
1245429677604450305
1245429740153892864
1245429748626534406
1245429761406631936
1245429769786871809
1245429962766680065
1245430131725746176
1245430188999139329
1245430201686917121
1245430226777079808
1245430252282798080
1245430285421797376
1245430352916742145
1245430432495218692
1245430456239226892
1245430485116952576
1245430512304488451
1245430595670417414
1245430608320479232
1245430740713639937
1245430742525587456
1245430897266102273
1245430934184345600
1245430943881584641
1245431002731773953
1245431045534691328
1245431047506071553
1245431362854797312
1245431459990638592
1245431568857878528
1245431679570702336
1245431770163675136
1245431876870737920
1245431887985692672
1245431971171483650
1245431978834485248
1245432086967844865
1245432193708519425
1245432210787688449
1245432231742582784
1245432332430999552
1245432486932262912
1245432503512395776
1245432602993070081
1245432638766276611
1245432648434176000
1245432693208350721
1245432789778018312
1245432814939459584
1245432898485989377
1245432924754915329
1245432982736945152
1245433021605478405
1245433086315302918
1245433160835440641
1245433162684985345
1245433295459868672
1245433321976475650
1245433330809495553
1245433334609489921
1245433410027261952
1245433501538603008
1245433553078358019
1245433581926633473
1245433691444326401
1245433701099503622
1245433842397097989
1245433846805471240
1245433997527855106
1245434002204512256
1245434017509453824
1245434043807739905
1245434079987761154
1245434089722662912
1245434140276776960
1245434175026540544
1245434202985824256
1245434270098718720
1245434270467964934
1245434513250856960
1245434622449577984
1245434720982200321
1245434735624687616
1245434795787726848
1245434815307902976
1245434966726467584
1245434982845177856
1245435033755811841
1245435060406251523
1245435095911141377
1245435190467584000
1245435217462075392
1245435285082525696
1245435352178765824
1245435352510337028
1245435625127501824
1245435633352544258
1245436169837568003
1245436387769356290
1245436459307470849
1245436479310049281
1245436531747237888
1245436616732221442
1245436673153957888
1245436731870121987
1245436795153776642
1245437024133353476
1245437247664594945
1245437328912347137
1245437445128192003
1245437556021329920
1245437562191306752
1245437671914246144
1245437679770251265
1245437725966086149
1245437742974218240
1245437822317756418
1245438143592976384
1245438174832271372
1245438204238385152
1245438233791598593
1245438242259898375
1245438271192100865
1245438397214330882
1245438426528260097
1245438468752375811
1245438627288498176
1245438669659521027
1245438744951472130
1245438790463705088
1245438820138483715
1245438973092040706
1245439055711498240
1245439092567007233
1245439189098913792
1245439293033570304
1245439319835381769
1245439378752704512
1245439492011458560
1245439545870618629
1245439574387671040
1245439610190209025
1245439714443669504
1245439812447993856
1245439835889971202
1245439859541651459
1245439861814734848
1245439886003486725
1245440011975131137
1245440145211494402
1245440210097373193
1245440229735108608
1245440242724765696
1245440263645990915
1245440309317730306
1245440424363335682
1245440460941918208
1245440563127648256
1245440569784107010
1245440590977867776
1245440608145149952
1245440716706324482