1249306272521830402
1249306279333580806
1249306521185501184
1249306581436686336
1249306730460098566
1249306744418791430
1249306790379925505
1249306875683799043
1249306968063344640
1249306988745547777
1249307010132213760
1249307026439602178
1249307048019472384
1249307072488968192
1249307092860710912
1249307332149985283
1249307488798810112
1249307693405405185
1249307714909614081
1249307819439845381
1249307889992216577
1249308073237323776
1249308099225227271
1249308443908898817
1249308762667651073
1249308805113901057
1249309006348177408
1249309006734266368
1249309079417294848
1249309111860199424
1249309290721972224
1249309320770183168
1249309509618630656
1249309609002782720
1249309660345139202
1249309660538122240
1249309679278317569
1249309739621720066
1249309902771798016
1249310000759128066
1249310030064685056
1249310477412216837
1249310712767418374
1249310742790033408
1249310788969549826
1249310886075891713
1249310948285984774
1249310956108140550
1249311014597910528
1249311195116589056
1249311246740066304
1249311308606046216
1249311321998479362
1249311367489884160
1249311405737680896
1249311413488795648
1249311455914098689
1249311456731881472
1249311790871257089
1249311908714307584
1249311916708827144
1249312057498816513
1249312137866031110
1249312198184308736
1249312209982738433
1249312256669519872
1249312278027145217
1249312323162058755
1249312356896833538
1249312513050546176
1249312533401436163
1249313086823174145
1249313162047787012
1249313183099056128
1249313242016407552
1249313268184813569
1249313359499067393
1249313649526804482
1249313708309872641
1249313725091155970
1249313753226608640
1249313788274200577
1249313855001563137
1249313871682252801
1249313913872711680
1249313925629382656
1249314107041480705
1249314274071252992
1249314287136325632
1249314321206738944
1249314504929837056
1249314560080838656
1249314580347547649
1249314976411639808
1249315228988424195
1249315355429756928
1249315482320003072
1249315743327350786
1249316086727598081
1249316140515381250
1249316227039682560
1249316300150714368
1249316304751865856
1249316585329684487
1249316740003024897
1249317064030015488
1249317235249864704
1249317535457185797
1249317700649828353
1249317906917330945
1249318097191940097
1249318153798090753
1249318202158571520
1249318297272803330
1249318308945354753
1249318380139675650
1249318493859741696
1249318497479356417
1249318527116378112
1249318531478499328
1249318657047638016
1249318798898823168
1249318929580863488
1249319043410145281
1249319261073367041
1249319303947735040
1249319766428389376
1249319775945117696
1249319899098419200
1249319933332332544
1249319986545537025
1249320347696062464
1249320631092404225
1249320719722385409
1249320721097973760
1249320903508480004
1249320906725474304
1249321026170781696
1249321039818973186
1249321046454329345
1249321131422736384
1249321261517271041