1246150492952068097
1246150508512935939
1246150527169130496
1246150548333760514
1246150558257274881
1246150653514317824
1246150728659468288
1246150741837991938
1246150748439805953
1246150804387627018
1246150884037459971
1246150893063602187
1246150908641259523
1246150909240934403
1246150942698987520
1246150952324706304
1246150955273519114
1246150972038098944
1246151009870569477
1246151030326407168
1246151147267579904
1246151160219619328
1246151286254448644
1246151365161713664
1246151417896845313
1246151478500302850
1246151492022738946
1246151495608918021
1246151506384076802
1246151558418530304
1246151907674148864
1246151952846802945
1246152030516895747
1246152037190062081
1246152095100698624
1246152097936158721
1246152115510292480
1246152183512330240
1246152259504934914
1246152261866266625
1246152302941126657
1246152304048431105
1246152333248983040
1246152434763943942
1246152476329295872
1246152486521647105
1246152490065805313
1246152519350353921
1246152543937245184
1246152544570806273
1246152571368046592
1246152624388182016
1246152656776826880
1246152762569691136
1246152889061564416
1246152951070167042
1246152959815229441
1246152975963303936
1246153064513503232
1246153065142468608
1246153303823650818
1246153313021841408
1246153375286054912
1246153409377570816
1246153412334542849
1246153423365394433
1246153438083207169
1246153450368520192
1246153475827937285
1246153584657534976
1246153593612374022
1246153650562453505
1246153756539891713
1246153760599990272
1246153786298638336
1246153819865731077
1246153827558076416
1246153903978110976
1246154025432682502
1246154167686701064
1246154180391317504
1246154201450905602
1246154264432517122
1246154288986013697
1246154367637639168
1246154368866570240
1246154399543681025
1246154415557554178
1246154423153221632
1246154537317978113
1246154584101392384
1246154595845517318
1246154621271171072
1246154662329253888
1246154662878871554
1246154676531331078
1246154756843884544
1246154759108800514
1246154763345047552
1246154897881468928
1246154973207048192
1246155012612534272
1246155035739897858
1246155069743120384
1246155074176315392
1246155115670777856
1246155140983373825
1246155158054109190
1246155293349814272
1246155330926477313
1246155369673633794
1246155422467317761
1246155480931667968
1246155498132398081
1246155530986500096
1246155531116597249
1246155662738051077
1246155681943740416
1246155718949994496
1246155727854395394
1246155744916975628
1246155759676583940
1246155807676403714
1246155828740198401
1246155904623525895
1246155975637131266
1246155996822716417
1246156214943264774
1246156261290278912
1246156312762814465
1246156403582144512
1246156415594647553
1246156528064790528
1246156542539227137
1246156621228711936
1246156873037987843
1246156919234060290
1246156963869798403
1246157028197666816
1246157057402630144
1246157061660033026
1246157070656667649
1246157074498650112
1246157108078350339
1246157116399915008
1246157171504467968
1246157369366573056
1246157376715141121
1246157543602348032
1246157595032813569
1246157657599180800
1246157706244681728
1246157753820884998
1246157766496043010
1246157819407028224
1246157847278137344
1246157867142582275
1246157879582826496
1246157997317017608
1246158009568382976
1246158029122408448
1246158219807985668
1246158282697273344
1246158337181233152
1246158337433100288
1246158337617678342
1246158551049003008
1246158584607649793
1246158631281680384
1246158643357155331
1246158647325065224
1246158647782187008
1246158649837453322
1246158674357301251
1246158693739237377
1246158730619523074
1246158733908066306
1246158814971195392
1246158828095320064
1246158867072872448
1246158933808558080
1246158945367945217
1246158961360998400
1246159130022174720
1246159146518564864
1246159175614369792
1246159182811848704
1246159259504689158
1246159300533407747
1246159369085034502
1246159402157010945
1246159402370879488
1246159452862062592
1246159530972434432
1246159604037365768
1246159634274148353
1246159700074409986
1246159762967932928
1246159786468618243
1246159813777788929
1246159890760024064
1246159946934292489
1246160006510030849
1246160023123668992
1246160027775201286
1246160047446593538
1246160077419089922
1246160099275501568
1246160144943190016
1246160166183206913
1246160199527907330
1246160324727918593
1246160350375890944
1246160383951470592
1246160514323005440
1246160518206738432
1246160660498710545
1246160673249398786
1246160784826101760
1246160899699859459
1246161002791485442
1246161067811704833
1246161193208856577
1246161210027859969
1246161214658490376
1246161294400552960
1246161294744403968
1246161296292294656
1246161340583952385
1246161554195824640
1246161574873595904
1246161575297212418
1246161591634137090
1246161621317300226
1246161663134511104
1246161770537873408
1246161771934543872
1246161792356810752
1246161871767515148
1246161926905872386
1246161976855875584
1246162002835193856
1246162043633270784
1246162109211103233
1246162128496734209
1246162183186194434
1246162212957368320
1246162241734377472
1246162300853092352
1246162309833281538
1246162320285409281
1246162392645541890
1246162442972999680
1246162556407951360
1246162667816939520
1246162695252041728
1246162774050385920
1246162798855553032
1246162804186296320
1246162865477861377
1246162874243985408
1246162883454500864
1246162892019433483
1246162929243824130
1246162938559414272
1246162947266629632
1246163055655948288
1246163107262668806
1246163160379293699
1246163260568551424
1246163299122765824
1246163361995382785
1246163362003615749
1246163406849261569
1246163471189893120
1246163569978343424
1246163592262692868
1246163604979638272
1246163668263481349
1246163755853119490
1246163776921120768
1246163802258903040
1246163861616635907
1246163862828855298
1246163869132664832
1246163886014857216
1246163966017110022
1246163995331121155
1246164074464825345
1246164074641018880
1246164100146778114
1246164123978694658
1246164289276260352
1246164477533392896
1246164506801299457
1246164670626574336
1246164678977470467
1246164922280456192
1246165116795715584
1246165198714658816
1246165199180136448
1246165231644090368
1246165257502035977
1246165395888836616
1246165513388072960
1246165526457573376