1245153908126674944
1245154010656419840
1245154073990447105
1245154194299981825
1245154413376868353
1245154418057547776
1245154451813351425
1245154583233642496
1245154652603072514
1245154691455090690
1245154781326442496
1245154787684827136
1245154849219641346
1245154875090112515
1245154925002317824
1245155072096403457
1245155131991166976
1245155152442486784
1245155235527561218
1245155282403155968
1245155390758760449
1245155428935143425
1245155486946787333
1245155491522547712
1245155508463349761
1245155516805820416
1245155545884971010
1245155671793979397
1245155694174593024
1245155699220459520
1245155855902765056
1245155861212860417
1245155955475492866
1245155969954394117
1245156028171399169
1245156212842221569
1245156276314820622
1245156313916739591
1245156326054887424
1245156351422001152
1245156405750960128
1245156493042675713
1245156535673720832
1245156695740907521
1245156697485774851
1245156711872122880
1245156758298869761
1245156779006148608
1245156829455212544
1245156981599612937
1245157137879310338
1245157157068320770
1245157211116101633
1245157298969792512
1245157299544559616
1245157371606962178
1245157392276434944
1245157433229492226
1245157563680899073
1245157618126958592
1245157659893993475
1245157761299570688
1245157832087003136
1245157840555110400
1245157861639897088
1245157898294001670
1245157949116424193
1245158150740668418
1245158216192782336
1245158222115241985
1245158390583697409
1245158423290929154
1245158435731243009
1245158507189399552
1245158574323572736
1245158591251841025
1245158645492363264
1245158662965870593
1245158754909220866
1245158904746688512
1245158920643121152
1245159020371075073
1245159061047267329
1245159069574475776
1245159186914250752
1245159295827628032
1245159316862038017
1245159496386781191
1245159572219854858
1245159683226079233
1245159819776049154
1245159820510068736
1245159862100561920
1245160138723516416
1245160319409946629
1245160436909010946
1245160587883155457
1245160734293516288
1245160776412868608
1245160904221765636
1245160986178453509
1245161044584157184
1245161095498797056
1245161371760820224
1245161384578437120
1245161424831348737
1245161602460135428
1245161648593276928
1245161712191406080
1245161728364724233
1245161739928272897
1245161997273980934
1245162058712322049
1245162193710170113
1245162222826983425
1245162224425066498
1245162279475109889
1245162330888994821
1245162340900798465
1245162595444756480
1245162642936721408
1245162664390770689
1245162697324482560
1245162776886218752
1245162869664165888
1245162919660322816
1245162978678202368
1245163087134699520
1245163217116172288
1245163418601971712
1245163444065599488
1245163553012793344
1245163560541597698
1245163691319779328
1245163714967490560
1245163779182211077
1245163922082185216
1245163955296907264
1245163955477151752
1245163984061444096
1245164039472365571
1245164100910489602
1245164182280028161
1245164299447721984
1245164622467837953
1245164739778379776
1245164840638955521
1245164928404602880
1245165067173130241
1245165084034334721
1245165141496180737
1245165159368118272
1245165235335499783
1245165436611604480
1245165453141565440
1245165738358378496
1245165784235556864
1245165810399752192
1245165834118393856
1245166035742806016
1245166065417666560
1245166115849777152
1245166337804001280
1245166461716291584
1245166523091759104
1245166694416486400
1245166913996697600
1245167017314975748
1245167137704083458
1245167151800938496
1245167231245279233
1245167310781820928
1245167401739706368
1245167624813772800
1245167752396132353
1245167954859372547
1245168057867255813
1245168114951544832
1245168229602824193
1245168238478209024
1245168255066611712
1245168277887877120
1245168444049362945
1245168498076049409
1245168519412670464
1245168665181421569
1245168872648392704
1245168939124039681
1245168946841407489