1247011160492101634
1247011190221529088
1247011372237344769
1247011412217454592
1247011412238577676
1247011463048441858
1247011958995501056
1247011994118565888
1247012136611610626
1247012138339700737
1247012276214870016
1247012310293655553
1247012313930108940
1247012368778809344
1247012536207183879
1247012620877488128
1247012632915255298
1247012708857401344
1247012813446565890
1247012922015887360
1247013007781027843
1247013010574462976
1247013026957365248
1247013043424210944
1247013168108339200
1247013237419200514
1247013257291812865
1247013539040067586
1247013576394641408
1247013580706205696
1247013630916231169
1247013689380790277
1247013690207059975
1247013856473317377
1247013875347791872
1247013942032920578
1247013987558068224
1247014075864887296
1247014147755315201
1247014277510131712
1247014411698495489
1247014758907285504
1247014809834606592
1247014810358657026
1247014834979430400
1247014941950980096
1247014965040615424
1247014990458040322
1247015111581224963
1247015139120832512
1247015211451551748
1247015337326825472
1247015418172067840
1247015472886722560
1247015497704464386
1247015561390952450
1247015598858489857
1247015733021868038
1247015786956365824
1247015845701746689
1247015862806155265
1247015904518369281
1247015938093977600
1247015942229458944
1247015959644250112
1247016030158893061
1247016089453805568
1247016092947660800
1247016101411729409
1247016164682797059
1247016181271351296
1247016189072728065
1247016197930901504
1247016219175239681
1247016243686551553
1247016323512709120
1247016379133370369
1247016447374553089
1247016448909807616
1247016496083144704
1247016516907700224
1247016546334957569
1247016714010836992
1247016718767214592
1247016737184215040
1247016762148712450
1247016878293295109
1247016898539081730
1247016975588446208
1247017028772417540
1247017101769854976
1247017120518377472
1247017312579768320
1247017360319328258
1247017473502830593
1247017544948441089
1247017841900969984
1247018031479431168
1247018116971810817
1247018165231640576
1247018241039331328
1247018307363811329
1247018640320262144
1247018762961895424
1247018899415203840
1247018928800444416
1247018979119575040
1247019001462394882
1247019092562804737
1247019180089577478
1247019180383182849
1247019266609569792
1247019692532748289
1247019905607553024
1247019943305994241
1247019956052647936
1247019964369960962
1247020095148306437
1247020102790393858
1247020106737057794
1247020266502438914
1247020447201288192
1247020666588508161
1247020732707569664
1247020761686081536
1247020770271748099
1247020858759094275
1247020929114419200
1247020979684913157
1247020983300448257
1247020992544870400
1247021042960392194
1247021044025774082
1247021105849798656
1247021130264838146
1247021170932641792
1247021180998967296
1247021335986892800
1247021504216399873
1247021520997711872
1247021788858646528
1247021860560064514
1247021889597276160
1247022233349849089
1247022259442577408
1247022330108403712
1247022419153285121
1247022502238445568
1247022571989557250
1247022590327025667
1247022701404774400
1247022756018810880
1247022909165408256
1247023026128015360
1247023166406496258
1247023274057482241
1247023311537700866
1247023328554029056
1247023365879033856
1247023651133816832
1247023718423040006
1247023819484803072
1247023826220662784
1247023835821395968
1247023850686013441
1247023874463559680
1247023916138164225
1247024120765779976
1247024159294537728
1247024167402319872
1247024209731223553
1247024264320032768
1247024307466878982
1247024329499406340
1247024343374106629
1247024499662389248
1247024578863431680
1247024699554447360
1247024805271896065
1247024833893773312
1247024960494882823
1247025022952062976
1247025065046077440
1247025182427893760
1247025274392326144
1247025367304622080
1247025375751712769
1247025517942829057
1247025623299579907
1247025714584358913
1247025719659474945
1247025853898334209
1247025963180756992
1247026021637017601
1247026038254813185
1247026097004269568
1247026097033752576
1247026180944879616