1248958979977482240
1248958980782788610
1248958983794286594
1248958984381497345
1248959054719922177
1248959083169943553
1248959100458803200
1248959120918618115
1248959159460036610
1248959171237687298
1248959250992451584
1248959259569786881
1248959264263147520
1248959330163941378
1248959355556220928
1248959376699936768
1248959419284467714
1248959461487792128
1248959533415723009
1248959606069571585
1248959721572200449
1248959762902822918
1248959850161115136
1248959981510184960
1248960027013992450
1248960098325663746
1248960136690966528
1248960393776697345
1248960471291629568
1248960610252902405
1248960835218628613
1248960840809811973
1248960876629155840
1248960920358916096
1248960947236016128
1248960971000795136
1248961010733465602
1248961017616318465
1248961037728186369
1248961302061633536
1248961483201011718
1248961742794784768
1248961763405529090
1248961775980220416
1248961817755283456
1248961830078144515
1248961901884735488
1248961935321808902
1248961965097189376
1248961973921841157
1248962007006674945
1248962214784118784
1248962277681688576
1248962342672420864
1248962438705209345
1248962528346025985
1248962575431237634
1248962632775798787
1248962757627654144
1248962786530639872
1248962793736474625
1248962837407547393
1248962854465798144
1248962967590195200
1248962968479338496
1248963054710198272
1248963067913920512
1248963067964092416
1248963085110566912
1248963189624188928
1248963290354585600
1248963344373080066
1248963512237522945
1248963607880257541
1248963662099996672
1248963668391399424
1248963688817549312
1248963898075561984
1248963941222547456
1248964023338577920
1248964087419191296
1248964094721503237
1248964131673300992
1248964141399912448
1248964154595012608
1248964200031907841
1248964322983841792
1248964897024684032
1248964917996093440
1248964920437116929
1248964935033503744
1248964957099737088
1248964964359868417
1248965232665464833
1248965261828349953
1248965290781806594
1248965324461899777
1248965332712095744
1248965362932219904
1248965433803313152
1248965437796335617
1248965470734053376
1248965505408364544
1248965597444091904
1248965600304660487
1248965626380423169
1248965696815394817
1248965701517234176
1248965752515772416
1248965764029149185
1248965774963806209
1248965799764799488
1248965802159677440
1248965912620937217
1248965925002346497
1248966011761516544
1248966038202601472
1248966156305584128
1248966225457303552
1248966415861854212
1248966445129752581
1248966475546857472
1248966528227311616
1248966532144627712
1248966616785866752
1248966633521139712
1248966721739927559
1248966771479957504
1248966967417069569
1248967086216318976
1248967228646739970
1248967230223761409
1248967250230427648
1248967254177431552
1248967317108686848
1248967509811679232
1248967530473050112
1248967531177672705
1248967552199426054
1248967573212971010
1248967669887483904
1248967753169428480
1248967841908391937
1248967966928056320
1248967980064661504
1248968047571939330
1248968063480979459
1248968222977560576
1248968256737513475
1248968445644980225
1248968454373163009
1248968598221205504
1248968662339502080
1248968693054427136
1248968711651971072
1248968801531490304
1248968857093574656
1248968896842997768
1248968948298723330
1248968969450651653
1248969015831269378
1248969047363985409
1248969175533527040
1248969255107911680
1248969422116720640
1248969514496282624
1248969527326621696
1248969594703839232
1248969626387652610
1248969649343127553
1248969661749710849
1248969803588665345
1248969879690059776
1248969904491020289
1248969929010950144
1248969950498369537
1248969986103705600
1248969997197742081
1248969998854471680
1248970110313926656
1248970169390714885
1248970181092622336
1248970185966604288
1248970190483648519
1248970238345056258
1248970319915814914
1248970332628832256
1248970487792840704
1248970730047496193
1248970764935548928
1248970826994479104
1248970862440693761
1248970868908154881
1248970940819607554
1248970968107634689
1248971012286316556
1248971082930851841
1248971187461316608
1248971305044631553
1248971317770096647
1248971356558983169
1248971414864084992
1248971474851057664
1248971563799416838
1248971653671006208
1248971660729950211
1248971662902677505
1248971792288448514
1248971833648480258
1248971909372481543
1248972157075554304
1248972176994123778
1248972211387596800
1248972341599711233
1248972341872386048
1248972446901903361
1248972454732509184
1248972467843940352
1248972492221419520
1248972513490751488
1248972573012099077
1248972710857728001
1248972786078339072
1248972832207278082
1248972933126594563
1248972969193418752
1248972979456761857
1248973335683379200
1248973385989750791
1248973407569547265
1248973427895083009
1248973464720953344
1248973557914169345
1248973570686025730
1248973617326678020
1248973659169067008
1248973712784687104
1248973762034368512
1248973801670488064
1248973897854222346
1248973944335618048
1248973990099668992
1248974011142414337