1250121643529252864
1250121651527827458
1250121681756192769
1250121736047247361
1250121764165779456
1250121769802924035
1250121922748260352
1250121927806652420
1250122017250185216
1250122071163777025
1250122314894774280
1250122315280588801
1250122456985042944
1250122561549189121
1250122598358360066
1250122643266732032
1250122801719078912
1250122822145409024
1250122851543212032
1250122956430327810
1250123242041479171
1250123258344747010
1250123296131158021
1250123370324267014
1250123590089019404
1250123613413523457
1250123615313551360
1250123749409636352
1250123761866735616
1250123920797138944
1250123933791260672
1250124022337228804
1250124064330526723
1250124165253824515
1250124231049805825
1250124359873826816
1250124487606956033
1250124533002055681
1250124592598978561
1250124622298861570
1250124693769793536
1250124760610213894
1250124981805158401
1250125003967942658
1250125120951275522
1250125129285320705
1250125145152327685
1250125146666328065
1250125355249291266
1250125373599186945
1250125385821573131
1250125402078658563
1250125594794143744
1250125746418225152
1250126181887868928
1250126270878363653
1250126320773849090
1250126391686791170
1250126660193697792
1250126761138020354
1250126868071608321
1250126951420956672
1250126958148681729
1250127009423986692
1250127233982717952
1250127356397830154
1250127356691468289
1250127419819741184
1250127478334554113
1250127485469175809
1250127493014736896
1250127625709916162
1250127674015657984
1250127777841459200
1250127997442461696
1250128006812753926
1250128083379683329
1250128116002902016
1250128137310134278
1250128170344419328
1250128185229893633
1250128225029718016
1250128283523526656
1250128323826421760
1250128323885166593
1250128367585619968
1250128392550260736
1250128413165260801
1250128435940339715
1250128437735493635
1250128453757796352
1250128702656196614
1250129017442832384
1250129118030491648
1250129168475570183
1250129172476854276
1250129512433700869
1250129733561573380
1250129797080141825
1250129914247995392
1250130004685524994
1250130012998696962
1250130297313808397
1250130325356888064
1250130344151482369
1250130418394976257
1250130573596770308
1250130711656501251
1250130762533236736
1250130803922735104
1250130904925650944
1250130988530913283
1250131014116139008
1250131077206872064
1250131254449598464
1250131261399719940
1250131286414495744
1250131424855891968
1250131441943375873
1250131499904630786
1250131756478541827
1250131816511569920
1250131882202841095
1250131932626800643
1250132070917120000
1250132083617468421
1250132109018255360
1250132117138391042
1250132280376307712
1250132299003449350
1250132352933801986
1250132477894631424
1250132482516795392
1250132528469397504
1250132531632050177
1250132582454513672
1250132599646883840
1250132767104544775
1250132780169617409
1250132821940699139
1250133111448502273
1250133157158019073
1250133359906426881
1250133480794730505
1250133484183617537
1250133586059104257
1250133631147937797
1250133777948585985
1250133814271184898
1250133928662482946
1250133996232740865
1250134138658500609
1250134260712906755
1250134351536361473
1250134382578458627
1250134428229283840
1250134486710398978
1250134587944075264
1250134610161414145
1250134764503191552
1250134788771418112
1250134981134790656
1250135111242113024
1250135112093753344
1250135133933297664
1250135145706926082
1250135213021319169
1250135225616797697
1250135302925996032
1250135329761193984
1250135334140157955
1250135434505654276
1250135483037782017
1250135577325965312
1250135727918190596
1250135820197134337
1250135823707758592
1250136085432127488
1250136101857234947
1250136168991055875
1250136193712500736
1250136241330245632
1250136489712705538
1250136626606596096
1250136717656555528