1246482678251229186
1246482678448361473
1246482686623076353
1246482721318281216
1246482774850260994
1246482850494496770
1246482879355346944
1246482915409760269
1246482941980676098
1246482942794350592
1246482955104481282
1246482966118834177
1246482967947431937
1246482984229670913
1246482992681410560
1246483030358790145
1246483114790137860
1246483395183591427
1246483402976616454
1246483431720202240
1246483453685772289
1246483569268195333
1246483582585102336
1246483659776983040
1246483707000524806
1246483822474133504
1246483881970237443
1246484050136760323
1246484112803676161
1246484184199245828
1246484275903582210
1246484330639052802
1246484372817154048
1246484400688300034
1246484486205964290
1246484532007596034
1246484608918499328
1246484622550204416
1246484645648031745
1246484662844710915
1246484664308699137
1246484669421342720
1246484733887942661
1246484766674653185
1246484860123983874
1246484880055246853
1246484980701843458
1246485002147241984
1246485025689948166
1246485068819857410
1246485073127337984
1246485110129659904
1246485155897692160
1246485282246889473
1246485283392106496
1246485337620336642
1246485392188112899
1246485472160989185
1246485479832219649
1246485589655986176
1246485627153022979
1246485634828599301
1246485635470221312
1246485656341082112
1246485706651971585
1246485769595699200
1246485796007243776
1246485805977255937
1246485826164477952
1246485828454383616
1246485869927727107
1246485887166251008
1246485914366304259
1246486005013774336
1246486046193393664
1246486046193455106
1246486075431890946
1246486138287726596
1246486209741742080
1246486397780811776
1246486398233972737
1246486475144695808
1246486502999293958
1246486541217812480
1246486574910431235
1246486596330893312
1246486637900693506
1246486666786684928
1246486670767243267
1246486754871238656
1246486847414341632
1246486847959625735
1246486856591527936
1246486864791572481
1246486935578836998
1246487038745960449
1246487048673988608
1246487142915768321
1246487251355303937
1246487301812879361
1246487463893372928
1246487463943528448
1246487608517165056
1246487614737145856
1246487650154041344
1246487671511416834
1246487713148276737
1246487719041101825
1246487779933949953
1246487791346880513
1246487808593793025
1246487858795421696
1246487920296501248
1246488033878253572
1246488101536612353
1246488173527601152
1246488185716129793
1246488231350280197
1246488257069752320
1246488261385523200
1246488349210099714
1246488420014346241
1246488458383646720
1246488529447854081
1246488625660993542
1246488655339741184
1246488670842114055
1246488691071123463
1246488705503760385
1246488720192073729
1246488747668992000
1246488755470401537
1246488773103239169
1246488823321620481
1246488965080731649
1246489066691952640
1246489116788658176
1246489118952919040
1246489120672747522
1246489216986386432
1246489243779837952
1246489275924918274
1246489309873614856
1246489322460565506
1246489333948874752
1246489395374538754
1246489502299770882
1246489523179212801
1246489580603346944
1246489636547026944
1246489649662455808
1246489670076203009
1246489716624625665
1246489747150835712
1246489779614687234
1246489817984176129
1246489929724485633
1246489959625895936
1246489960590594049
1246489975601979394
1246490027003166721
1246490156858834945
1246490194162987009
1246490213565825024
1246490213813293056
1246490232117231616
1246490232465362949
1246490232981200896
1246490337020952579
1246490383418191873
1246490404498952193
1246490479786635266
1246490550641070087
1246490583129964550
1246490587668328448
1246490592818987010
1246490609801662466
1246490630592835585
1246490643477782531
1246490722896879619
1246490739623825408
1246490739904782336
1246490773127749637
1246490823094489089
1246490828962316288
1246490865725571072
1246490872100855808
1246490880762093574
1246490905659371520
1246490933639688194
1246490938488299527
1246490940858159105
1246490995304218624
1246491012765286403
1246491058785021952
1246491062090244098
1246491137973641219
1246491167463792646
1246491238938947584
1246491260308713473
1246491301727666177
1246491331481960455
1246491469512413184
1246491515771334661
1246491575250751496
1246491603927068674
1246491604136886279
1246491650446286850
1246491673028247552
1246491679475019776
1246491845686890497
1246491916201381888
1246491982802886657
1246491986741379072
1246492023399411712
1246492048061956097
1246492068802957319
1246492191192567810
1246492199195475970
1246492241281024000
1246492254027558912
1246492332792283136
1246492369706455041
1246492400496848898
1246492410844033024
1246492438648193032
1246492501520846849
1246492514061651968
1246492577433616384
1246492597742227456
1246492606533640203
1246492610765688837
1246492637194006533
1246492680756047872
1246492681888362496
1246492712410533900
1246492718446055426
1246492731913809920
1246492740273221632
1246492743150567426
1246492824436183045
1246492868195172352
1246492891775713286
1246492984180424704
1246493025536278531
1246493101486563328
1246493101599981574
1246493122303086594
1246493130234441733
1246493241731620866
1246493298245734402
1246493306906787840
1246493366482845697
1246493423705698310
1246493464646148097
1246493493528334336
1246493512272617474
1246493527174975491
1246493574801158144
1246493667319115778
1246493692711464960
1246493701079273472
1246493730061856773
1246493742619492352
1246493825792524291
1246493926892191745
1246493940003540992
1246493982357504001
1246494011193425922
1246494069695467521
1246494118265737216
1246494209139339265
1246494351426875395
1246494388664008708
1246494420289142785
1246494435413721088
1246494442250539008
1246494465734443012
1246494548282540032
1246494569413275649
1246494640301395970
1246494791694725120
1246494811781083138
1246494825073041413
1246494829363642368
1246494896090787841
1246494966257459201
1246494967725506567
1246495074713661440
1246495085002231809
1246495088261443589
1246495103272849409
1246495117998948354
1246495122981822468
1246495206763085824
1246495257061216262
1246495282004668417
1246495311843020803
1246495349465808904
1246495354696142851
1246495361922785280
1246495374010957824
1246495433351979014
1246495464733712385
1246495580026580992
1246495659928272896
1246495710071214083
1246495750726586371
1246495768627810311
1246495953261137920
1246495972101775360
1246496020684390403
1246496037163790336
1246496054213656579
1246496078934900736
1246496091337625602
1246496133901238273
1246496150741549057
1246496225366441984
1246496258249887745
1246496272317648896
1246496276461449218
1246496280764964864
1246496338541510657
1246496448423686144
1246496452395794433
1246496471580622852
1246496490031394818
1246496515234746368
1246496539746467847
1246496569727365122
1246496590690312192
1246496607668846592
1246496650098610177
1246496679488040960
1246496742385778691
1246496792390316037
1246496803169714176
1246496830357200897
1246496837340708871
1246496914004197376
1246497027049099264
1246497065200259073
1246497065204682753
1246497115884457984
1246497153012264960
1246497188479262721
1246497285384568835
1246497329340796929
1246497355265949697
1246497372458356737
1246497425314832384
1246497438501830660
1246497463151800322
1246497644098224128
1246497668601466886
1246497697328177155
1246497736087580672
1246497740105887744