1246346807170359296
1246346849834991617
1246346874849640448
1246346922018906112
1246346925831577600
1246346929254121472
1246347101602275328
1246347112897380352
1246347143779987457
1246347156283326464
1246347228022804482
1246347257970069504
1246347264282570753
1246347307932499968
1246347324533747712
1246347416766271489
1246347463008464896
1246347497284366337
1246347696543117312
1246347758828544000
1246347784954863616
1246347818467348487
1246347882610987008
1246347914634506240
1246347953675124737
1246347977980968960
1246348015939375104
1246348033572233216
1246348049523195904
1246348066451415040
1246348088467472384
1246348091726475264
1246348112903294976
1246348130959884288
1246348145736515584
1246348172445626368
1246348259183988736
1246348314221490177
1246348318206242817
1246348331321786368
1246348418471116801
1246348448514756608
1246348465598124032
1246348466936262656
1246348489812054016
1246348516496158720
1246348523836026886
1246348527711600645
1246348530161274880
1246348552617500672
1246348611836936192
1246348725062164481
1246348745761001472
1246348842192097281
1246348847070273536
1246348853638508544
1246348858952527877
1246348959699709953
1246349073830907904
1246349120056504320
1246349181767254022
1246349254022402055
1246349269105336330
1246349270657220609
1246349298331086849
1246349333227638785
1246349346255208448
1246349350546046978
1246349408213458945
1246349421736067072
1246349496495353856
1246349505727016960
1246349536332824576
1246349556008312837
1246349622374612992
1246349658642722817
1246349740498976770
1246349752507043842
1246349836871446528
1246349855213137920
1246349867250790401
1246349867515105280
1246349945487187968
1246350222625779712
1246350264413626369
1246350360941187074
1246350460761575424
1246350461994762240
1246350468806144000
1246350495016460288
1246350536648978432
1246350541032009728
1246350556442038275
1246350633705373698
1246350683827290112
1246350741020610561
1246350838798393344
1246350852207435777
1246350941433073665
1246351183402405888
1246351376365637634
1246351400780660737
1246351430891515910
1246351510398816256
1246351543403606017
1246351669048135680
1246351676912648203
1246351799356776448
1246351841085902849
1246351904910663680
1246351988041760769
1246352047307276288
1246352065518960640
1246352126957228032
1246352174914953216
1246352256297054208
1246352294838501376
1246352411544948736
1246352508194189312
1246352520760492032
1246352537747255297
1246352553765453829
1246352655028342789
1246352760276213761
1246352822888738816
1246352834079133696
1246352852622225408
1246352970545008640
1246352978686005253
1246352983006294016
1246353016367665152
1246353150438588417
1246353154557517825
1246353221226037249
1246353302146748416
1246353381091926016
1246353523031277570
1246353646520078336
1246353680791752704
1246353682792239105
1246353695354368000
1246353859204861952
1246353888493490176
1246353923205517312
1246353946119151616
1246354010539319296
1246354035789062145
1246354190139523074
1246354193725689856
1246354231939874818
1246354290962300928
1246354308666458112
1246354372184780801
1246354395857588225
1246354467546677251
1246354656500101120
1246354738897014784
1246354781708455939
1246354787467243522
1246354814709248001
1246354853699477506
1246354857918730241
1246354864537509888
1246354944149471232
1246354997404712961
1246355043336343555
1246355046398230528
1246355134579433472
1246355153780867074
1246355160298815489
1246355171514466304
1246355198236221440
1246355256100950017
1246355373520326656
1246355418906906625
1246355597353799681
1246355692320993285
1246355755944427521
1246355779180875777
1246355884856541184
1246355893068972033
1246355931501416449
1246355968302166022
1246356082127241218
1246356082135457792
1246356091853774849
1246356285039284224
1246356314558738432
1246356367780327431
1246356387564630017
1246356426819239937
1246356442246008832
1246356443164364801
1246356446792597505
1246356455382343682
1246356472021299200
1246356518905229314
1246356546608607237
1246356715752349697
1246356720151977984
1246356727550873600
1246356732424728577
1246356748354629632
1246356870677307394
1246356935969918976
1246356954898935808
1246356962276769792
1246356983961096195
1246357021131018240
1246357064038764544
1246357122536869888
1246357126559207424
1246357139444154370
1246357218796154880
1246357234839367680
1246357259040387074
1246357268821663744
1246357291609145345
1246357332415483905
1246357344109420547
1246357358944477184
1246357377743491077
1246357424384225280
1246357466071220224
1246357474451443712
1246357684703674368
1246357809987571712
1246357911342907392
1246357936386879488
1246357952417738755
1246357973569548288
1246357995111448576
1246357996428496896
1246358002933755904
1246358006435999744
1246358110371012608
1246358122530082816
1246358166562058243
1246358179656511488
1246358263198822406
1246358485505388545
1246358518522732544
1246358619378970624
1246358661221494784
1246358677365436417
1246358719329337344
1246358720961019905
1246358770592157696
1246358783363878912
1246358787511980038
1246358849692434433
1246359008920780800
1246359010057519105
1246359055771348992
1246359332951699456
1246359499625000962
1246359529614385154
1246359599940165632
1246359613248700417
1246359638540517377
1246359709898215424
1246359772678565891
1246359868929269760
1246360123926339584
1246360137989861377
1246360260375445504
1246360280444981249
1246360343594569729
1246360401857712128
1246360506560110592
1246360569818554368
1246360607735062529
1246360625187418114
1246360641247612928
1246360662525304833
1246360684520062977
1246360745459122177
1246360759753269250
1246360833929687040
1246360861054095361
1246360888979963904
1246361022144729088
1246361148351565825
1246361198616084480
1246361219524702208
1246361400714412034
1246361421648191490
1246361454946725888
1246361465516429312
1246361488035586048
1246361522143625219
1246361601537523712
1246361625650589696
1246361631883505664
1246361693719945217
1246361761227382784
1246361786485370880
1246361828566933504