1251616676849778690
1251616737424035840
1251616762128367616
1251616866512109575
1251617534198951936
1251617559167799297
1251617655590727681
1251617699903479810
1251617731482316800
1251617756421619712
1251617761639489536
1251617815032971264
1251617978778415104
1251618070948438018
1251618134009708547
1251618137809858560
1251618150568902656
1251618154951979009
1251618205065347072
1251618339169857537
1251618368618143746
1251618386188161026
1251618589288935424
1251618641122152449
1251618716430692352
1251618739889545222
1251618767043321856
1251618800497119233
1251618812874481664
1251618884706275329
1251618922245361665
1251618925755981833
1251618955791343628
1251619174662766595
1251619291209728001
1251619635256057857
1251619669376524288
1251619698300473344
1251619736191930373
1251619840667848711
1251619857596104705
1251619965331005444
1251619988219269125
1251620032385294337
1251620248522051586
1251620302066454528
1251620361713704969
1251620624067330048
1251620654375243776
1251620667260207104
1251620734620794881
1251620953781612546
1251621099630198793
1251621160938139650
1251621203501973504
1251621312612745216
1251621375921385472
1251621418292387841
1251621443198222336
1251621488916037635
1251621525054197760
1251621688959209472
1251621897030287366
1251621946825080834
1251621988701024258
1251622240870957056
1251622285737369604
1251622323599237120
1251622437315325954
1251622533994098694
1251622576096501763
1251622617418797059
1251622739019882496
1251622739405869057
1251622743998693376
1251622801661804544
1251622802731474944
1251622860721926146
1251622903264817158
1251623003756072960
1251623019476332544
1251623062547558400
1251623091504967681
1251623309910904832
1251623335005286400
1251623360221655040
1251623373261508608
1251623377116291077
1251623397630640128
1251623410909806593
1251623597795237889
1251623653118222336
1251623662408564738
1251623686832115712
1251623826942767104
1251623851240255488
1251623910442807296
1251623930227499009
1251624152710209537
1251624190739984386
1251624227909877761
1251624325234356224
1251624433267048448
1251624442440146944
1251624517992153098
1251624532558974976
1251624656613912577
1251624689488793601
1251624718773428224
1251624861463691265
1251624878320553985
1251624996226699264
1251625099087642624
1251625181069656070
1251625238397440001
1251625327362801664
1251625391653093376
1251625462272413696
1251625553993641988
1251625742527426560
1251625751184576514
1251625777638133761
1251625778501914624
1251625779793977350
1251625790015524864
1251625902171095050
1251625976762699776
1251626073542078465
1251626153346912257
1251626236939468800
1251626245722378245
1251626333475504129
1251626354631512065
1251626377100566533
1251626392946696192
1251626426220101633
1251626446969282562
1251626459296337921
1251626504808796165
1251626547007705088
1251626555144536070
1251626635876544515
1251626723524952064
1251626744450252805
1251626765694513166
1251626812209233926
1251626852407562250
1251626916534157313
1251626963766251520
1251627029860139010
1251627110181089283
1251627252929961986
1251627281627385856
1251627307309162496
1251627335964475392
1251627385230942209
1251627465602215936
1251627512435630081
1251627529401782276
1251627566613639175
1251627801544982528
1251627826865999873
1251627860374110208
1251627881446305793
1251627910693355520
1251627986047995905
1251628186930159618
1251628271789199360
1251628292081438721
1251628409807085570
1251628447589265408
1251628456078528512
1251628552950341638
1251628607484690436
1251628627009179656
1251628644256153602
1251628716008054784
1251628737487081474
1251628871516139526
1251629006039941121
1251629087283720194
1251629094128648193
1251629210998718465
1251629454138454022
1251629508739780608
1251629567531499520
1251629616382521344
1251629626079637504
1251629760825917442
1251629761069228033
1251629938018410496
1251629995224698881
1251630004963700737
1251630184068939779
1251630238435401728
1251630321390497800
1251630443784437761
1251630536293937152
1251630620704485377
1251630733543780358
1251630742070800386
1251630833292771329
1251630899101421570
1251630976553361410
1251631132166230016
1251631220301033472
1251631251007692803
1251631483665735681