1246905453029752832
1246905551847636993
1246905577210556416
1246905671645302786
1246905721687429120
1246905745007927296
1246905850691805184
1246905883424145418
1246905900411084801
1246905917540630531
1246905929053896710
1246906029830520832
1246906051712122882
1246906064630620164
1246906093420384256
1246906122247831555
1246906185229295616
1246906189746708480
1246906228099301376
1246906299088080899
1246906370064101382
1246906499177295877
1246906723547459584
1246907108399996928
1246907236690964480
1246907284128763906
1246907305980985345
1246907482913603585
1246907625737838593
1246907666913509377
1246907720105689091
1246907729349955590
1246907745372176390
1246907779228372992
1246907846618427398
1246907930261237761
1246908010401693696
1246908117113241601
1246908252908064776
1246908265000308743
1246908274244349952
1246908295895371776
1246908387293528064
1246908402971934720
1246908417337208832
1246908480298106881
1246908504931209216
1246908508752056320
1246908605825236992
1246908609788817412
1246908727392944130
1246908878148628481
1246908966317297665
1246909117400260609
1246909163340304384
1246909247021109250
1246909247650033664
1246909324473126914
1246909435580166147
1246909441309462529
1246909461832310785
1246909473991647238
1246909474163634178
1246909482216685569
1246909581520855040
1246909607869591552
1246909621182148608
1246909741298745345
1246909945313996800
1246909981670158343
1246910053057208321
1246910085940510728
1246910096241762310
1246910321131995143
1246910326664282122
1246910354707316738
1246910371354628099
1246910388035297280
1246910434772496384
1246910519828721669
1246910598715244545
1246910664993431553
1246910703039967232
1246910715815919616
1246910824465252356
1246910885932630016
1246910887757307910
1246910929591287809
1246910979461599234
1246911093362036736
1246911155983056896
1246911185334628352
1246911216246648832
1246911230322892801
1246911237679538176
1246911273465335809
1246911315630788610
1246911363081003010
1246911620833349632
1246911639078780934
1246911688999305216
1246912070597124102
1246912095129657344
1246912322104369153
1246912363355426816
1246912448210309120
1246912465562005504
1246912521174302721
1246912627772739584
1246912662073638914
1246912667744440320
1246912808731717643
1246912899953512448
1246912934594428928
1246912955335278593
1246913026487353346
1246913026558697473
1246913039535878149
1246913060209594371
1246913127209480192
1246913136055201792
1246913164723269639
1246913233560141827
1246913299477860354
1246913382856482819
1246913471033335810
1246913651820376067
1246913811258445824
1246913928409395200
1246913970377592832
1246914068067151872
1246914234929348610
1246914238737719297
1246914422527930370
1246914439665930240
1246914443616768001
1246914502676959237
1246914591063453698
1246914606121058306
1246914807858511872
1246914880965312512
1246914930730766338
1246915083965358080
1246915128198483970
1246915136046194700
1246915153074978821
1246915211585437697
1246915215997927432
1246915291826622464
1246915295836614656
1246915352094785537
1246915371350790144
1246915396403372032
1246915438317129729
1246915583653928962
1246915604365348866
1246915676566179846
1246915735772893186
1246915803158474753
1246915810741891080
1246915857772621826
1246915882183471105
1246915886000340992
1246915908544745472
1246915953306238981
1246916014287147009
1246916017164554245
1246916182348881921
1246916364578836480
1246916448921976841
1246916504123310080
1246916532581609472
1246916533642842119
1246916580363177991
1246916616664887296
1246916641818120200
1246916839550136320
1246916965739843584
1246916988292730880
1246917057066786825
1246917061550448640
1246917132807483398
1246917275325730819
1246917514971545606
1246917527638138881
1246917572739694594
1246917669623865344
1246917685906194432
1246917699617337346
1246917728281063424
1246917854957580290
1246917887811616768
1246917918195056641
1246917946028560388
1246917992568557568
1246918093475110913
1246918108683608068
1246918185774747648
1246918227424231424
1246918274215862273
1246918274304049152
1246918366486335488
1246918411969593352
1246918478772047872
1246918613673508864
1246918662591660032
1246918679838650368
1246919029324804096
1246919068424318978
1246919141774237697
1246919158161432578
1246919175148191745
1246919175580327937
1246919288440553472
1246919452098269184
1246919481248501762
1246919506775154691
1246919637406711808
1246919661716791296
1246919720860696576
1246919852343701504
1246919960145743872
1246919963685736448
1246920018136268802
1246920068807753729
1246920119097405446
1246920123153289219
1246920133509091330
1246920211095113728
1246920279961432064
1246920295690067968
1246920412514025473
1246920518655193090