1252764055749550081
1252764265293008900
1252764333538500609
1252764399439425539
1252764714964119552
1252764848183746560
1252764928089493510
1252765142447775751
1252765176031580161
1252765228099670016
1252765482064637952
1252765511357734922
1252765549970374656
1252765560712187910
1252765568039563264
1252765586049957888
1252765632397021185
1252765632690618370
1252765880695603200
1252765913813671937
1252766022391795719
1252766321093165056
1252766462369910784
1252766635250708480
1252766765035204612
1252766899739525121
1252766950150688768
1252767012943589376
1252767077590597632
1252767213632790535
1252767234809790465
1252767258629353473
1252767633356861445
1252767662502895616
1252767666869342211
1252767767356477443
1252767776084824069
1252767969131757569
1252768011641110528
1252768028384792576
1252768045405073408
1252768083070070788
1252768271201447937
1252768282777489408
1252768357885108233
1252768454626574336
1252768526730956804
1252768594020069376
1252768682541023235
1252768702757572611
1252768916813737985
1252769109462351872
1252769139174920192
1252769194212352001
1252769262625648641
1252769277549047810
1252769282171326469
1252769293411905537
1252769613152124930
1252769764361015297
1252770033253613569
1252770045677260800
1252770087750127616
1252770170025709568
1252770221204652035
1252770368198266883
1252770397453516800
1252770414331416576
1252770669198221313
1252770963000659968
1252771158459666433
1252771261895278592
1252771315955597312
1252771323559862273
1252771488370917378
1252771668210126848
1252772041943592962
1252772268234567681
1252772394562969605
1252772506739412993
1252772691419058176
1252772763045105664
1252773110878818304
1252773199277772806
1252773211588169729
1252773236267315201
1252773245851500546
1252773396745682944
1252773496968675331
1252773643836289025
1252773731983753216
1252773770001108994
1252773917032357889
1252773946354618368
1252773996690640896
1252774016777179138
1252774022191988736
1252774135350079488
1252774260507996161
1252774281316048896
1252774377315278848
1252774436559863808
1252774466024689664
1252774466674884610
1252774528817737728
1252774647487172608
1252774835580620800
1252774926307799041
1252775172148428801
1252775246194782209
1252775254667210752
1252775577133727744
1252775583584530432
1252775606732812288
1252775648545787906
1252775698680418316
1252775842075246592
1252775963819159552
1252776009902043136
1252776047415877632
1252776307286474754
1252776613797904385
1252776636510060545
1252776650833608705
1252776751899357184
1252776763731505152
1252776801782214656
1252776873161039872
1252776898557620227
1252776949161832448
1252776952949334019
1252776973736296448
1252776995244527616
1252777066665295877
1252777070415020037
1252777164803629069
1252777211519627264
1252777397205770241
1252777413940920320
1252777526503579651
1252777556526469120
1252777582027833346
1252777590852632577
1252777637203886080
1252777644396957696
1252777717298323458
1252778027118997506
1252778060451057670
1252778068277702656
1252778089584586752
1252778229477380096
1252778412453662720
1252778437212876800
1252778511821144065