1248264431332724739
1248264484080230401
1248264497426575370
1248264506226036737
1248264566078922752
1248264579404177413
1248264580914184192
1248264940185673731
1248264975186976774
1248265014076747778
1248265068770451456
1248265230532124675
1248265235858894851
1248265243794345985
1248265376615608326
1248265411071627268
1248265593133969408
1248265693625298945
1248265743944372224
1248265916288315393
1248266155636035587
1248266168781029377
1248266281029111809
1248266296787177473
1248266296963280896
1248266370313105408
1248266417524228096
1248266469512826881
1248266481827225601
1248266536902672388
1248266703403974657
1248266716792205313
1248266729907773443
1248266828809371649
1248266834412892161
1248266985642905601
1248267032040288257
1248267090169139200
1248267093176279040
1248267098855481344
1248267147148738571
1248267306217754624
1248267342674644993
1248267430146818050
1248267505451143169
1248267560199557120
1248267657213870081
1248267677547794432
1248267685206654979
1248267736704339971
1248267845923934213
1248268059665551360
1248268131056758784
1248268147301335040
1248268206281646082
1248268347508170752
1248268377216475138
1248268458166452225
1248268635006787584
1248268717030432770
1248268772408020994
1248268818251735040
1248268877093457923
1248268877097840645
1248268881111777283
1248268904184664071
1248268997927280641
1248269171118481408
1248269258766848006
1248269343193993218
1248269426643918849
1248269437452648450
1248269456301854722
1248269514778849280
1248269535745953793
1248269663101952001
1248269688028758018
1248269916874121217
1248269931247960064
1248270081252929539
1248270102274998273
1248270177256583168
1248270382878130177
1248270414033412096
1248270467116306433
1248270492198305792
1248270537287139329
1248270559386800130
1248270588843442176
1248270638327848963
1248270641272426497
1248270660167753729
1248270710683860992
1248270761846071299
1248270978343370753
1248271280597598208
1248271326965530624
1248271436030058502
1248271436155777026
1248271500211376130
1248271512672616462
1248271525892911104
1248271532494917633
1248271576539320321
1248271580444139520
1248271632436580353
1248271685712859136
1248271763219181568
1248271766079909890
1248271893205000192
1248271947387023360
1248271980899393537
1248272009521438721
1248272082393325572
1248272089334919168
1248272126332882947
1248272153310617600
1248272156921913350
1248272417664860162
1248272425869103104
1248272462514544640
1248272474493448192
1248272530965762049
1248272623500505088
1248272787359367174
1248272875460706311
1248272975050268674
1248272988681711617
1248272999028948992
1248273042402410499
1248273119812489216
1248273264402710528
1248273331872301059
1248273393704558593
1248273401652936704
1248273467402678275
1248273596063064066
1248273709074468868
1248273918668013568
1248273990012952577
1248273998930161665
1248274029544386561
1248274068245106696
1248274156669603845
1248274232347373569
1248274489542139908
1248274571524014081
1248274672095055873
1248274820791513088
1248274875627835392
1248274877905321984
1248274925565046784
1248275075993870337
1248275109443485700
1248275172823429120
1248275187998613507
1248275202292813826
1248275224233115648
1248275397596401664
1248275461928554498
1248275512419639298
1248275544401006595
1248275620729159683
1248275625745530881
1248275655382511617
1248275684142788608
1248275896596824064
1248276063358259202
1248276087278161920
1248276091455717379
1248276104474808322
1248276175396298752
1248276208028200966
1248276250797305856
1248276359295709185
1248276603542609920
1248276623411085314
1248276649084194818
1248276706512842754
1248276774955266048
1248276850960465921
1248276867188064256
1248276867418857474
1248276871780814848
1248276905960366081
1248276976462434305
1248276977049579524
1248277023786708996
1248277033605566465
1248277159283752963
1248277167240286208
1248277438263693315
1248277496757391360
1248277530383200256
1248277542773161984
1248277567251124225
1248277652659515392
1248277711577141249
1248277821576732672
1248277895333793793
1248277913688047617
1248277940497858561
1248277997934841856
1248278012199657473
1248278017216000000
1248278054356447238
1248278226847350784
1248278275144679424
1248278330178232326
1248278489133973505
1248278589977563138
1248278595476258824
1248278651059109889
1248278721628340225
1248278809184329729
1248278931049861126
1248278949857280000
1248279022368436225
1248279040315842562
1248279082418212864
1248279085685428225
1248279114257174529
1248279261934280705
1248279290405441537
1248279433791672323