1245697504139755523
1245697548364533765
1245697550889279488
1245697760021577731
1245697916511059969
1245697940779384832
1245698041379602433
1245698045490020352
1245698075470913536
1245698280341807105
1245698336746766336
1245698414550986752
1245698420708462592
1245698434927132672
1245698652267581442
1245698662405005313
1245698755992735750
1245698763290787840
1245698775554969612
1245698842487635969
1245699073191133189
1245699074357112833
1245699125640921088
1245699156053811200
1245699292678897665
1245699339248234496
1245699628168695811
1245699749120036866
1245699817776361475
1245699923242254337
1245699950287171586
1245700097049935872
1245700130583519238
1245700209759248384
1245700230848417792
1245700239526449153
1245700243947237376
1245700348720881667
1245700503775961089
1245700507571761153
1245700558486482951
1245700638803189760
1245700683849850880
1245700752779218944
1245700801219235841
1245700812858368000
1245700863974408196
1245700922740785158
1245701041733210112
1245701070128635905
1245701158473216001
1245701221173719043
1245701384227508224
1245701489059860485
1245701506025885697
1245701526863175681
1245701548002299904
1245701629812318208
1245701632882589696
1245701673495990274
1245701761320382467
1245701766974504960
1245701804064673792
1245701847979036672
1245701921211666433
1245701937925849089
1245701985107472385
1245702009065480195
1245702021921083394
1245702344714657793
1245702544988528642
1245702663452291074
1245702902603067393
1245702904754794497
1245702947377418243
1245702974266986498
1245703016449261568
1245703041107591169
1245703049114464256
1245703103464251392
1245703267600007168
1245703296800694275
1245703498651623427
1245703507707076609
1245703510810750976
1245703619422359558
1245703640863686656
1245703773399343104
1245703783763415040
1245703795985780736
1245703871483256833
1245703988751798278
1245704068724482053
1245704191693271040
1245704215441412097
1245704216464719873
1245704475047845893
1245704505339101184
1245704584699527169
1245704639170752513
1245704677058117637
1245704782020575238
1245704853021655042
1245704945275301888
1245704965768622080
1245705046505000960
1245705175878287361
1245705183683805185
1245705228659326978
1245705371039100928
1245705385736011776
1245705464098230272
1245705682193494018
1245705721532088323
1245705737793417217
1245705746525884416
1245705817485127680
1245705821855645699
1245705846081847297
1245705875244924937
1245705942047404032
1245705947986694144
1245705976977797120
1245706107311386624
1245706160658952193
1245706413629997058
1245706442834919426
1245706470219558912
1245706571117735937
1245706639748956161
1245706808221630465
1245706828706508800
1245706845643210755
1245707138942382080
1245707314864291840
1245707335676248064
1245707353250574338
1245707357319049217
1245707373726990336
1245707449480425472
1245707499543511040
1245707519315415042
1245707538764627970
1245707567160057857
1245707604430663681
1245707864426999808
1245707996623187970
1245708120594268162
1245708195928182787
1245708233626374145
1245708392624054272
1245708426400780288
1245708485481959432
1245708571213312000
1245708698720374784
1245708707708784640
1245708765925687297
1245708766424616960
1245708795575033861
1245708816768999426
1245708913183350790
1245709042997174272
1245709043173191680
1245709101906063365
1245709114350714883
1245709139315056640
1245709341199601664
1245709613791469568
1245709750597120000
1245709818364669956
1245709863184928768
1245709903026704384
1245709986925289472
1245709994995179521
1245710064578527232
1245710073004871686
1245710389272358917
1245710394032873473
1245710607250272262
1245710676594700291
1245710695607480322
1245710707586465794
1245710770421166080
1245710792131063809
1245710804579520530
1245710913828618257
1245710947034861568
1245711039792066560
1245711106632548352
1245711148919463937
1245711190338101248
1245711207472009220
1245711274551341056
1245711337143009280
1245711354188750848
1245711391740375040
1245711480189747201
1245711845127790600
1245711874752217088
1245711886705995777
1245711951725985793
1245711971141349376
1245712079908155392
1245712083490144256
1245712134115397632
1245712214205448192
1245712222816358408
1245712377418600451
1245712444309286917
1245712449111719936
1245712557710675975