1247086689006256128
1247086698829213697
1247086704923574272
1247086805834502146
1247086810305409024
1247087036030304256
1247087036541964288
1247087116393123841
1247087187784540160
1247087316545318912
1247087372216537089
1247087656099622912
1247087689775472642
1247087791344717825
1247087883019681792
1247087933825392642
1247087937633677312
1247088000510693376
1247088068412112897
1247088106488188929
1247088168287027200
1247088231016878080
1247088247525781504
1247088475473457153
1247088642172030976
1247088649918955521
1247088725701648385
1247088902579445760
1247088909902917632
1247089002605211648
1247089120461160448
1247089324362997760
1247089363306962944
1247089397930938368
1247089422601826305
1247089503430459392
1247089553464160256
1247089930339262464
1247089946420285441
1247090013554323456
1247090017916162048
1247090185386459137
1247090197524877313
1247090211290570752
1247090327762026498
1247090418585448449
1247090513427288066
1247090795280203779
1247091238848712707
1247091672896290819
1247093778445459457
1247093907848118273
1247094656665559044
1247095034257825792
1247095035063152645
1247095055795585026
1247095105556627456
1247095106924150785
1247095172397035520
1247095256987758592
1247095386231255043
1247095462299041792
1247095516908978183
1247095529621860353
1247095676221165568
1247095786040709123
1247095999077761027
1247096036876791808
1247096217630203905
1247096389831516161
1247096446807093249
1247096489828069379
1247096615271370752
1247096704018546688
1247096724092567553
1247096880066105344
1247096880711921664
1247096947539734528
1247096972223188992
1247097085335388167
1247097144139567104
1247097152020439042
1247097303246221312
1247097349178118144
1247097408191954945
1247097417528475648
1247097459551207425
1247097461547708416
1247097526026731521
1247097533358313472
1247097614048223232
1247097751961206784
1247097923692687360
1247097970727813120
1247098045721960448
1247098071130853376
1247098195857022976
1247098276664373248
1247098297426288641
1247098334030057472
1247098344138313734
1247098348517064705
1247098402376204288
1247098591362945024
1247098628792958982
1247098662007824386
1247098671579070466
1247098691523133442
1247099035837591552
1247099132055093248
1247099133044731905
1247099547479945216
1247099562382086146
1247099580975435776
1247099724194291712
1247099761733193728
1247099763088130048
1247099803546386432
1247099892750680066
1247099995158769664
1247100037722779651
1247100155846750208
1247100160296902656
1247100198515425284
1247100231424053248
1247100252332519426
1247100384235012096
1247100407031070721
1247100518926880768
1247100659591188481
1247100848347312129
1247101169505169409
1247101170470002688
1247101203042861060
1247101240669900801
1247101271405785088
1247101351655428096
1247101636113244162
1247101661492981760
1247101665817300992