1245667293591482369
1245667293704548353
1245667364643000320
1245667507383357440
1245667594964615170
1245667813731098624
1245667825659895809
1245667872111824897
1245667880752070658
1245667930341355520
1245668240266690560
1245668278728560640
1245668303764365312
1245668345204084739
1245668438858584067
1245668463303000067
1245668471960002565
1245668614503575553
1245668640860655618
1245668681784451074
1245668682048643074
1245668753427357696
1245668865624772609
1245669025553801216
1245669034479235072
1245669197633421317
1245669394220531712
1245669457478832130
1245669478903549952
1245669609203568640
1245669642099494913
1245669646470205440
1245669700996128775
1245669822479904769
1245669873021325315
1245669963030986753
1245670006601306114
1245670044559966208
1245670065447501824
1245670081096495104
1245670158347251713
1245670199191375872
1245670199698894848
1245670242316988416
1245670274781122561
1245670429639036928
1245670472852869120
1245670480100634626
1245670547293429760
1245670598543433729
1245670652805369857
1245670702398623745
1245670707025137666
1245670707322851328
1245671055475302405
1245671285901975553
1245671312300916736
1245671369163014144
1245671433000361984
1245671499811500032
1245671546833629185
1245671564386766848
1245671668250525696
1245671674214854657
1245671839730466818
1245671986321403904
1245672028171952128
1245672058186579968
1245672062137430017
1245672081045352448
1245672112469053440
1245672158698721281
1245672250562367488
1245672322083590144
1245672375162716163
1245672385195511809
1245672510865072129
1245672515231526913
1245672540565114880
1245672565240000512
1245672619967381509
1245672620596625408
1245672649868685313
1245672687055372288
1245672834153828353
1245672852197646336
1245672872015790080
1245672896606769152
1245672991414870018
1245673009966460930
1245673127423741952
1245673379115433990
1245673408152702976
1245673701900611584
1245673782104059904
1245673882650054657
1245673957115588608
1245673961737904128
1245673961968582656
1245674133905649666
1245674196878884866
1245674222254317570
1245674226213928961
1245674519701962753
1245674601771929605
1245674699901693952
1245674750338387973
1245674868315688966
1245674935235870722
1245674949315977216
1245675023676801029
1245675038419963905
1245675107554594816
1245675198784974854
1245675224307294210
1245675442742472704
1245675639975395329
1245675737354567683
1245675757663387648
1245675782330081280
1245675979269267463
1245676218348908545
1245676263907434496
1245676331557359616
1245676348762447872
1245676462864240642
1245676490982752257
1245676491079327744
1245676538634342400
1245676612655493120
1245676872962314240
1245676885876649984
1245676931783241728
1245676935939792903
1245677191343403008
1245677326337282049
1245677481371357186
1245677484932243456
1245677577462743048
1245677753552289793
1245677787232579585
1245677870808170502
1245677875073880071
1245677941465497605
1245678014446346240
1245678037951266816
1245678118926458880
1245678291010363392
1245678432257785856
1245678432643690496
1245678432853397505
1245678583118532609
1245678763574206464
1245678843890774017
1245678936429862917
1245678940519387136
1245679058299518976
1245679100708225024
1245679234217054209
1245679414253240320
1245679569610444800
1245679575360823297
1245679699545804800
1245679921889857536
1245680057114214401
1245680077196742656
1245680127352008707
1245680140002242560
1245680194649718784
1245680249225875457
1245680316343336961
1245680467027931140
1245680490046271488
1245680664365711360
1245680689795731458
1245680924848730114
1245681008516759554
1245681008533319681
1245681165236711424
1245681184476200965
1245681192185151493
1245681255720652800
1245681369847607296
1245681423547346944
1245681607773749248
1245681688618778624
1245681767580917761
1245681797888970758
1245681847348035585
1245681890578903041
1245682140995600384
1245682248009031680
1245682304938168323