1251918482834198531
1251918482851020801
1251918483920748544
1251918487993319424
1251918697792327681
1251919091801059329
1251919189159313411
1251919309032415232
1251919395577872396
1251919460925157379
1251919533566119936
1251919650062991360
1251919691469041667
1251919695923630080
1251919717226422272
1251919804866453505
1251919834461298688
1251919838307667975
1251919897464012800
1251919932486492172
1251919989541679113
1251920015219179520
1251920048903434241
1251920098765549568
1251920161562603521
1251920387560148994
1251920417373032448
1251920455361069059
1251920493294346241
1251920674140061696
1251920803115020289
1251921029632573440
1251921064789188608
1251921077225340930
1251921189162942469
1251921256573698049
1251921332129972226
1251921353164365824
1251921359892078592
1251921378275725319
1251921478246948864
1251921492562055169
1251921624871256064
1251921716613390336
1251921729888358400
1251921822922178562
1251921834108485632
1251922027939876865
1251922172215353344
1251922207682334721
1251922242218360833
1251922430542721025
1251922527724675073
1251922570003181568
1251922577351680000
1251922581441011713
1251922581449396224
1251922740963090436
1251922788362989575
1251922841395580928
1251922842293329922
1251923096916955138
1251923207915032579
1251923248780128258
1251923353155362816
1251923369341136896
1251923487830269952
1251923521359536130
1251923794471661568
1251923810657333248
1251923850100703238
1251924024520781825
1251924154221309952
1251924289298841611
1251924300992401408
1251924376611627011
1251924435684265986
1251924447881302021
1251924482165481476
1251924540642537478
1251924686981611522
1251924835397222400
1251924873347313664
1251924918926749696
1251924977009463296
1251925027370532864
1251925056503988225
1251925181754466307
1251925183981596672
1251925205112377344
1251925320866959361
1251925322267873281
1251925338084564993
1251925501519765506
1251925525993590784
1251925690158657538
1251925723431997444
1251925727521443848
1251925740393619456
1251925794517135367
1251925803547406338
1251925868726882304
1251926013271048197
1251926025371619329
1251926058800119814
1251926126051471365
1251926134108893184
1251926209996288000
1251926226647896068
1251926230850588680
1251926234977538049
1251926306415149057
1251926331564216327
1251926343790583811
1251926385498771461
1251926432785346562
1251926453039628291
1251926499088875521
1251926575798501376
1251926591657123840
1251926662918410240
1251926708728594435
1251926729439887361
1251926729750265857
1251926738629730306
1251926894058012673
1251926965222768641
1251927086568214534
1251927179161673729
1251927290017185792
1251927300196773890
1251927395763961856
1251927434485776384
1251927610772209664
1251927618754170882
1251927669131878407
1251927700480102407
1251927724081287169
1251927907095777280
1251927925722472448
1251927949969887233
1251927959025278976
1251928042835865601
1251928257248874498
1251928462811684865
1251928528066695172
1251928676855197696
1251928776444968960
1251928777023787008
1251928810435620865
1251928880283176960
1251928906493558785
1251928973698727936
1251928986755706880
1251929089495236609
1251929116632367104
1251929120885391367
1251929233502470145
1251929233833648129
1251929486221697025
1251929505884561409
1251929519126188032
1251929636470173696
1251929661782855680
1251929678572670979
1251929731953557510
1251929837612134400
1251929900837146632
1251929980256374786
1251930173399805955
1251930416413577217
1251930429344698368
1251930453562580993
1251930543186300928
1251930579907600384
1251930648027099136
1251930758526021633
1251930873852805122
1251930948989485058
1251930953942958081
1251931064739692545
1251931078597771266
1251931251428163584
1251931325067595776
1251931485927440384
1251931511072251904
1251931770892644352
1251931855512907776
1251931989344747523
1251931993820090368
1251932148262678529
1251932174078468096
1251932299479773187
1251932324419317762
1251932509954342921
1251932555563147272
1251932564497063949
1251932630708346887
1251932690108035074
1251932702535634944
1251932791710744576
1251932805178757126
1251932828587249665
1251932845397983233
1251933041750138885
1251933046611365888
1251933062994296834
1251933076143239168
1251933239305998339
1251933448798826497
1251933520055992320
1251933571050172417