1247630238709735424
1247630286122143744
1247630286793445377
1247630295999942657
1247630297845452801
1247630450660646912
1247630474597580802
1247630477218836481
1247630558575771648
1247630566733893632
1247630587361280000
1247630629216358400
1247630629442912256
1247630649932087297
1247630667028082688
1247630674082709504
1247630720434163714
1247630753854152704
1247630772904787969
1247630785479204865
1247630805997957120
1247630886058647554
1247630982758273025
1247630999086907394
1247630999267217408
1247631023950778369
1247631096034086914
1247631127008903170
1247631205052317696
1247631242591375368
1247631288246456321
1247631301449887745
1247631323369549829
1247631377526382598
1247631393703804933
1247631408756969472
1247631507226800129
1247631552621826048
1247631582212632580
1247631640773435393
1247631653259730944
1247631690958360577
1247631718867230722
1247631791957192704
1247632072761581571
1247632078440669189
1247632169658396672
1247632185227530240
1247632215451807744
1247632307533512704
1247632314215084033
1247632341033349120
1247632349161910272
1247632382968115200
1247632387388911618
1247632421069238272
1247632525406724098
1247632572085141504
1247632601432707072
1247632632885600256
1247632733108604932
1247632790197321728
1247632811105935365
1247632856408625152
1247632997609664512
1247633020212801536
1247633117667627014
1247633129751416836
1247633201125720065
1247633305211514880
1247633326392791043
1247633355140726785
1247633512355659776
1247633750252494854
1247633753213734912
1247633792686329859
1247633796687675399
1247633901981327361
1247633945543483398
1247634023129718784
1247634077253013511
1247634169896845312
1247634215467978753
1247634224762454017
1247634287882571776
1247634438512455682
1247634605856915460
1247634636064374794
1247634778154618880
1247634828561977344
1247634923965595649
1247634980890697730
1247635021130801152
1247635145856823302
1247635197169975296
1247635201502707716
1247635259946143745
1247635281395757058
1247635511914770436
1247635512455815170
1247635525030367234
1247635543023894528
1247635638209384448
1247635709466476550
1247635772003495937
1247636078045081601
1247636128255094787
1247636204348194820
1247636267585736704
1247636284316712965
1247636322057142272
1247636439124369408
1247636534037184512
1247636540140007427
1247636543810011137
1247636690555920384
1247636870986706945
1247636941979422721
1247636992906555392
1247637017892196352
1247637030756114433
1247637038758846469
1247637046874771459
1247637110036799489
1247637161001865216
1247637173333082117
1247637331789721600
1247637573314449409
1247637593656905735
1247637664322539520
1247637779225415691
1247637794048167937
1247637809848082433
1247637818203082753
1247637835152330752
1247637877506355200
1247637918979670016
1247637931549958146
1247638031898742791
1247638039880437761
1247638181421273089
1247638238820356096
1247638273138348032
1247638502700797952
1247638511160877056
1247638551975641096
1247638578596806658
1247638594690273280
1247638700881776640
1247638805043126272
1247638850329104386
1247638897443713024
1247638938212278277
1247639006336040961
1247639068814393344
1247639136208650243
1247639153392734214
1247639161215090693
1247639291771195394
1247639337036124162
1247639371223838725
1247639371303604224
1247639480561012738
1247639601008619521
1247639660387422209
1247639664498008066
1247639761092775938
1247639769993052160
1247639771704430595
1247639832479891456
1247640008305127424
1247640142627721217
1247640163657879553
1247640171996200960
1247640184369426433
1247640389030490113
1247640449075970048
1247640476506828800
1247640482169176065
1247640528365203457
1247640794908901377
1247640809517789184
1247640822553743360
1247640931378974721
1247641107443441664
1247641136887296000
1247641144642564097
1247641208068898817
1247641275815297032
1247641447165296640
1247641572625256450
1247641640552083456
1247641659258466304
1247641668670689281
1247641748895137792
1247641782940250112
1247641822412881920
1247641937575903240
1247642018093899779
1247642030454571022
1247642072259137538
1247642078814838785
1247642249795698688
1247642281709957122
1247642290111250434
1247642313754476544
1247642317986713603
1247642428783226880
1247642529899708419
1247642600556965888
1247642679959326726
1247642747093254150
1247642764449394695
1247642798150447110
1247642877133553665
1247642906736971776
1247642915175895040
1247643038467276800
1247643330730545152
1247643380412076032
1247643399521538051
1247643405699756037
1247643586331463681
1247643604585078784
1247643689339342848
1247643694825639944
1247643749871583232
1247643808415854594
1247643950514466816
1247644026771255298
1247644085222948864
1247644118504935426
1247644211006095364
1247644292115574786
1247644294560833541
1247644366790950923
1247644450656059393
1247644517261611009
1247644521736757248
1247644584181522432
1247644664129294337
1247644725881884677
1247644725919780865
1247644730495766530
1247644840545918976
1247644861341335556
1247644928928333827
1247644945164439554
1247645020603199488
1247645075074670592
1247645087607087104
1247645213675397123
1247645295497728000
1247645310266028032
1247645312283561984