1248068112844537856
1248068146549800960
1248068192389513218
1248068294227251200
1248068498649001984
1248068532157534208
1248068608053391366
1248068624113438720
1248068652449980416
1248068702622318599
1248068724302569472
1248068729151188995
1248068779835187200
1248068964720222209
1248069094911479809
1248069111185321985
1248069300113440768
1248069450516983808
1248069526912217089
1248069582893404162
1248069652254806016
1248069664980242434
1248069715127304194
1248069756948811777
1248069756965359617
1248069757322043393
1248069765517713408
1248069812078751747
1248069908103118848
1248070009307316224
1248070078375104512
1248070134939308032
1248070150978441219
1248070155185332229
1248070294495006720
1248070391991541760
1248070516641914880
1248070587206909952
1248070694644170753
1248070735765045248
1248070786176421888
1248070796905512960
1248071127034822657
1248071179769753601
1248071577259986947
1248071607500693508
1248071673510866945
1248071740984524805
1248071753810751489
1248071820433149957
1248071906265305089
1248071908064522240
1248071946291613701
1248071975324377088
1248071980227727367
1248072059533570052
1248072068412977152
1248072077749489667
1248072189796134916
1248072206413856768
1248072223774179332
1248072374811066369
1248072444088389634
1248072446357405697
1248072453726879745
1248072453747695616
1248072500237475840
1248072519766196225
1248072537294151680
1248072538476822528
1248072587852132352
1248072676993884161
1248072881952579585
1248072991260299264
1248073144130248709
1248073170977984512
1248073243233140736
1248073481767403520
1248073619780984832
1248073704300523529
1248073775490441217
1248073787775606784
1248073803516784640
1248073817110478859
1248073825394147328
1248073863394705409
1248073871389069317
1248073913130778624
1248073942994059264
1248073991920791552
1248074081225699328
1248074190193860608
1248074205473603584
1248074315280658432
1248074386114072587
1248074524458979328
1248074550090141696
1248074773323636736
1248074781347459072
1248074884875345922
1248074945529339905
1248074949627203584
1248075427215630337
1248075770108555265
1248075930183938048
1248076030604128256
1248076044071911424
1248076048320942082
1248076193779220480
1248076237567860742
1248076333009252353
1248076522151346178
1248076606733615104
1248076610588135425
1248076743463694336
1248076782441336833
1248076849214656514
1248076871645855744
1248077165738037248
1248077256674742272
1248077320570712064
1248077484970496000
1248077629791580160
1248077816429604864
1248077951897403392
1248077991105593344
1248078180604403713
1248078206525046789
1248078219510775808
1248078295641415682
1248078380614004737
1248078433046806530
1248078452424613888
1248078581856718849
1248078636390838272
1248078815009570816
1248078851202260993
1248079001685549056
1248079005195980800
1248079043049803776
1248079056236675073
1248079101883105280
1248079202634493952
1248079249199845377
1248079320234385408
1248079400488202240
1248079425486196736
1248079458092773378
1248079697218437120
1248079798062264326
1248079899203473408
1248079974139125760
1248080046167707648
1248080163029618689
1248080300967518208
1248080414410858496
1248080435999051776
1248080519692156933
1248080575761715200
1248080716451250178
1248080907673538562
1248080914212503552
1248081055938158593
1248081071381442561
1248081081389035522
1248081152880984065
1248081215917133824
1248081408993656834
1248081425540120578
1248081492527513600
1248081709997772802
1248081723201478657
1248081723663015940
1248081811709755392
1248081812599037952
1248081857725345794
1248081951849959427
1248081983189602305
1248082097266290690
1248082134776066048
1248082184872878080
1248082259652927488
1248082272923742215
1248082410870149121
1248082415676829697
1248082495670632450
1248082532844720128
1248082742387998720
1248082771970412544
1248082784461225986
1248082829080059904
1248083095758266368
1248083128629039104