1246195779741659138
1246195792303489025
1246195807402881024
1246195828848504837
1246195836377354244
1246195837090156544
1246195840277831681
1246195842215817221
1246195850583445504
1246195865955549184
1246195867129806848
1246195867641577480
1246195874910343168
1246195880493043712
1246195884590804993
1246195896678862848
1246195897203068933
1246195949753389056
1246195968178941952
1246195993491595265
1246195994460635136
1246196023648751616
1246196025129340935
1246196027989909504
1246196031282348039
1246196038651850753
1246196044418949122
1246196047812202499
1246196063301558272
1246196086450147328
1246196105169244162
1246196119073325059
1246196140174970892
1246196155391725569
1246196156834684930
1246196170067709952
1246196186739961856
1246196191613849601
1246196199218085889
1246196236933378048
1246196258995187713
1246196259809091589
1246196291727654913
1246196295515148290
1246196316658696192
1246196317833105416
1246196324812365825
1246196332437504000
1246196332601188358
1246196336308912138
1246196348115988480
1246196350024179712
1246196354336067585
1246196366969384965
1246196392504279040
1246196397713567744
1246196417112068098
1246196425601548288
1246196449777459206
1246196518375350273
1246196530861801475
1246196554349735936
1246196576306868225
1246196597458952193
1246196621831884800
1246196626089103360
1246196638554763266
1246196656657387522
1246196673572933638
1246196697912524800
1246196727830503425
1246196736244076544
1246196744368594946
1246196756712493056
1246196767261147139
1246196777650393090
1246196803105697792
1246196807014768642
1246196831412817920
1246196848869568512
1246196853298720768
1246196857400774656
1246196857685987328
1246196862056648710
1246196874207363074
1246196878871539713
1246196910962049024
1246196920797868033
1246196950468374528
1246196953802633217
1246196975076126720
1246196987546013697
1246197002737721346
1246197017329774592
1246197022400667653
1246197024996749317
1246197062959607808
1246197067300691971
1246197100972519427
1246197103354929154
1246197103744946177
1246197134153703426
1246197143024603136
1246197180957896709
1246197193117241345
1246197201086238720
1246197210057973765
1246197220535406592
1246197230991740930
1246197231335727106
1246197264676196353
1246197294665469952
1246197347220099072
1246197390186557446
1246197391222546434
1246197393453973505
1246197398747131905
1246197407047716867
1246197419559333888
1246197436470767624
1246197456607621126
1246197460676083712
1246197478489128961
1246197486475067392
1246197503889793024
1246197570818453505
1246197573238562817
1246197595791294464
1246197606239342597
1246197608344928256
1246197633464406016
1246197633821151232
1246197646093619200
1246197661839118341
1246197666721280000
1246197675223068672
1246197681770369025
1246197687168290816
1246197725428887553
1246197749902487552
1246197755166494729
1246197763790037000
1246197790553919493
1246197800947384321
1246197823214718977
1246197838695944192
1246197847646769155
1246197863966584832
1246197903409864704
1246197905872035840
1246197909986643968
1246197910099853313
1246197930920251393
1246197943016853505
1246197972049825797
1246197973253378048
1246198035878678528
1246198057869271040
1246198075825229825
1246198077775634432
1246198091293888513
1246198099086905346
1246198141138821121
1246198165910573056
1246198168779403266
1246198174840053760
1246198195379531776
1246198207945867265
1246198242586615808
1246198297422897152
1246198297636868096
1246198359364218880
1246198363814531079
1246198364133154818
1246198384467120128
1246198397121544192
1246198416918659072
1246198468441341952
1246198480797761536
1246198482681180160
1246198493116432384
1246198497386340352
1246198501727404034
1246198514125869057
1246198520069197827
1246198535235809280
1246198539673190400
1246198555913728006
1246198572783190017
1246198648834310144
1246198656438542336
1246198678794067968
1246198692098564096
1246198700772294656
1246198714894635011
1246198779000348674
1246198786503909377
1246198811615248384
1246198866514452481
1246198903113953280
1246198946516647945
1246198979680858112
1246198980142194688
1246199013843456000
1246199025528975366
1246199067601825792
1246199118017572869
1246199138947121153
1246199150242189312
1246199155325894658
1246199155938209795
1246199210468233217
1246199218844377088
1246199248137392128
1246199252822315008
1246199268353945600
1246199290072096769
1246199290311184384
1246199311236583427
1246199353175203840
1246199378705928193
1246199391322624002
1246199395231678466
1246199401724477440
1246199430786822147
1246199445819187202
1246199446305681415
1246199470569721857
1246199486805872646
1246199533282791425
1246199554950733825
1246199556024532998
1246199575515467778
1246199579067830272
1246199583895584770
1246199601092153344
1246199617575776256
1246199684403789824
1246199696407719936
1246199799151349760
1246199814565646340
1246199840251543561
1246199850267561984
1246199885356863488
1246199885357072385
1246199902532710400
1246199910820712449
1246199931657994240
1246199931750232064
1246199934686289925
1246199974083223553
1246199979800231936
1246199990894149633
1246199998804570113
1246200024557633537
1246200024649945088
1246200036335198208
1246200058023993347
1246200127007657984
1246200129255878658
1246200142782443521
1246200192124231681
1246200196297404416
1246200227150712832
1246200242086785028
1246200242090827777
1246200263649587200
1246200288622465025
1246200305127231491
1246200360127082498
1246200397712113664
1246200422815105027
1246200447800684546
1246200468466020355
1246200473381560320
1246200477102084099
1246200529388265473
1246200569208770561
1246200573550043139
1246200606144040968
1246200648930078721
1246200653942317057
1246200686045429760
1246200686599196676
1246200698695495687
1246200704072630274
1246200707356725249
1246200741485821956
1246200837136961542
1246200837673713666
1246200867717513217
1246200983710924800
1246201012228173824
1246201053248446465
1246201056314273792
1246201081446707201
1246201105966444544
1246201118956425222
1246201147716595712
1246201163097260032
1246201177466974214
1246201190368653312
1246201206768197637
1246201223868538880
1246201273910730753
1246201324603129856
1246201383100932096
1246201400012357632
1246201423718744065
1246201445860274176
1246201446430683136
1246201458665627648
1246201471038865410
1246201475069399040
1246201516626755584
1246201576248750082
1246201582661885953
1246201622331404290
1246201677180334080
1246201680590446598
1246201710206279680
1246201710361616387
1246201714568343553
1246201718989340676
1246201739684036617
1246201744230617088
1246201789218574336
1246201793933119488
1246201824031498242
1246201836010274817
1246201852766666753
1246201882114023429
1246201928872312837
1246201958345502721
1246202016529031168
1246202050003767296
1246202053665447937
1246202188935974914
1246202221819072513
1246202272670830592
1246202331307413505
1246202359786737664
1246202421589786625
1246202448613498880
1246202451214114817
1246202465135058944
1246202482210078727
1246202494562295809
1246202550459813890
1246202562367365122
1246202566133846016
1246202699374186496
1246202726834298880
1246202733771788291
1246202758555774977
1246202771734499328
1246202808900161538
1246202814004703232
1246202816613330945
1246202842865717253
1246202843050192899
1246202868153159681
1246202876273270784
1246202880513708033
1246202901388812292
1246202905427955713
1246202913334140928
1246203015037517824
1246203068930240513
1246203102685999104
1246203153160319200
1246203173879951360
1246203194335809542
1246203195568914434
1246203198978904064
1246203208055357441
1246203220617089024
1246203229077151746
1246203257854230528
1246203301885964288
1246203354444791810
1246203363139571713
1246203398254460929
1246203430143766529
1246203447222743041
1246203555729588225
1246203560058146821
1246203623220142081
1246203657147817992
1246203694527516672
1246203698759389184
1246203716497076225
1246203748818382848
1246203765407039488
1246203820230795264
1246203824349630464
1246203884940509193
1246203887134146562
1246203893807226881
1246203925109157888
1246203930310303747
1246203934592696320
1246203937205739521
1246203941232263172
1246203950430326791
1246203959922110464
1246203971099738112
1246204000375984129
1246204059335438337
1246204088892764160
1246204126402244608
1246204184707260417
1246204218597310465
1246204239082291200
1246204252432633856
1246204260364189697
1246204268647940096
1246204293994164226
1246204298473746434
1246204301762060288
1246204302365868032
1246204306560188418
1246204328777482247
1246204362013069312
1246204365427429377
1246204387703296009
1246204398864343047
1246204412374028289
1246204484860219396
1246204486772822016
1246204536429174786
1246204562756812802
1246204583375810560
1246204587566129157
1246204613897920514
1246204616699711489
1246204617295368196
1246204646722605057
1246204650736570368
1246204661801062409
1246204667098542081
1246204667215769600
1246204687319273472
1246204738703708160
1246204753064931329
1246204758093955073
1246204789366689792
1246204794055938048
1246204834790797312
1246204855775100931
1246204889711116293
1246204894626738176
1246204927300505602
1246204931339628546
1246204932132347906
1246205008737193986
1246205023811440641
1246205083852947456
1246205095047553024
1246205232624873472
1246205238073266176
1246205258172370946
1246205270969196544
1246205324664717312
1246205325788798977
1246205350807732225
1246205355379523586
1246205356054806528
1246205368658616321
1246205405216362503
1246205437533401091
1246205443849977859
1246205459222028289
1246205483532378112
1246205485445009410
1246205502025056259
1246205542315339776
1246205577589489670
1246205597059633152
1246205606752550917
1246205623567552517
1246205644182630403
1246205648737574912
1246205668849324035
1246205669524586497
1246205694795268097
1246205711597568005
1246205723924725760
1246205728601317384
1246205732044800002
1246205736918671363
1246205741242843136
1246205744967372801
1246205749329567744
1246205765116760065
1246205770217205761
1246205791733977089
1246205803259985923
1246205822188879873
1246205851595087873
1246205854086381569
1246205874877726725
1246205879550124033
1246205879717974025
1246205887724826625
1246205907253551104
1246205934252232714
1246205942393380866
1246205946776489990
1246205950995894272
1246205973410328579
1246205980326551552
1246205997024079872
1246205997430996992
1246206000333537281
1246206039227236361
1246206043186659328
1246206101327998977
1246206176997650434
1246206177794457601
1246206198430359552
1246206202045804544
1246206202234703872
1246206204587753473
1246206219410460673
1246206252616691714
1246206269980995584
1246206307662733317
1246206345134723074
1246206386889011200
1246206400365125633
1246206458393477120
1246206470955454464
1246206492115701760
1246206524009132033
1246206534956257280
1246206537930092544
1246206538169155585
1246206575284543499
1246206588286885890
1246206591533228033
1246206617663811585
1246206622998736897
1246206633396625412
1246206676585385985
1246206722605268994
1246206739520925698
1246206781476536325
1246206785515663360
1246206802485751811
1246206810542964739
1246206819405565952
1246206865110859777
1246206866167934976
1246206870899036165
1246206882123067393
1246206903664820225
1246206907074953216
1246206948678262785
1246206958262239234
1246206974477377537
1246206982677311488
1246206991011155968
1246207020354633730
1246207037844992000
1246207069180461056
1246207111782174720
1246207174537367558
1246207192497348609
1246207200663457792
1246207225561059330
1246207246574456835
1246207255424520197
1246207263787880451
1246207285036081155
1246207293181607937
1246207305860997121
1246207309438758912
1246207310084608000
1246207315981860865
1246207322160074752
1246207347694993411
1246207347757707264
1246207360349192196
1246207368951730178
1246207374899249154
1246207397888176133
1246207435863248898
1246207461327097857
1246207475415744515
1246207475906416640
1246207480717127680
1246207498190589957
1246207506084270080
1246207524635701248
1246207548786647046
1246207570026602498
1246207580487196677
1246207580562743299
1246207620375031808
1246207620551249920
1246207632928628736
1246207634186919944
1246207657930711041
1246207666063470593
1246207670295519234
1246207680928194560
1246207708845367296
1246207733197680642
1246207750117482500
1246207758480715777
1246207758942306305
1246207792135819264
1246207846737477635
1246207847496589313
1246207944120811521
1246207973048889347
1246208039566422016
1246208043836157952
1246208051247374336
1246208056087564288
1246208085154095104
1246208087754711042
1246208120839438337
1246208131677294592
1246208160777601031
1246208165399707653
1246208173868015616
1246208228158889984
1246208228314079232
1246208249466101760
1246208269754028033
1246208290649862144
1246208295683178501
1246208332009963521
1246208362443931650
1246208366357159943
1246208379539914753
1246208387647451142
1246208409071992834
1246208442093785095
1246208443083620359
1246208482719784962
1246208488566595584
1246208500742656011
1246208514009300999
1246208572188438534
1246208579083866112
1246208593160011776
1246208639846637569
1246208651842539520
1246208655713845251
1246208657492148224
1246208669118676992
1246208671459270662
1246208681101983744
1246208693839904769
1246208706167156742
1246208706506874881
1246208706511060994
1246208706615873536
1246208731693662208
1246208739939700736
1246208748101586945
1246208751821926400
1246208756834275328
1246208764958724096
1246208781786193923
1246208809867055107
1246208819870306304
1246208832298156035
1246208844767711232
1246208886236778497
1246208899218149376
1246208962804035587
1246208974925463552
1246208999898460161
1246209020815388678
1246209068630302721
1246209119893123073
1246209126008377344
1246209150943723526
1246209193222291457
1246209222875828226
1246209243369226241
1246209249857822721
1246209252546527233
1246209282288357376
1246209302135746560
1246209308905353217
1246209319194017794
1246209373749248001
1246209390425837568
1246209394469040128
1246209432113033216
1246209444737884164
1246209475872079884
1246209495191216130
1246209508302622722
1246209532558102528
1246209549645774850
1246209557493235712
1246209574895566848
1246209726632857600
1246209733603794945
1246209757632847872
1246209772317216769
1246209775689510917
1246209787882344457
1246209805544493059
1246209809755635713
1246209809801715713
1246209812943249410
1246209864529043463
1246209868152942601
1246209930983616512
1246209977728897024
1246209994464342017
1246210006841622528
1246210015116976128
1246210027485941761
1246210044586348546
1246210115885248514
1246210150785925120
1246210153638244354
1246210162349793281
1246210166078558211
1246210187175669760
1246210246025957376
1246210266200788992
1246210270604726273
1246210311184670723
1246210325575110656
1246210342067113984
1246210379090292736
1246210384463265794
1246210392486899712
1246210392977805315
1246210413655621637
1246210430290276356
1246210451907784704
1246210455200239617
1246210455527280641
1246210472602243072
1246210505695469574
1246210543536476161
1246210567918010368
1246210590038806531
1246210618400673792
1246210671949123584
1246210690022543361
1246210702873890818
1246210719558795265
1246210720120868865
1246210762026205189
1246210778602131456
1246210841445269504
1246210844528082947