1250952115922460678
1250952246436626432
1250952393216458759
1250952585093148672
1250952913721139207
1250953187462242304
1250953347651100672
1250955149461401601
1250955271133958144
1250955405078999040
1250955707438039041
1250956016575012865
1250956066088574981
1250956353348263936
1250956728323108865
1250956776092172288
1250956867951644681
1250956915259183105
1250957082624327681
1250957229454503936
1250957269975605248
1250957455976095744
1250957515971493898
1250957703448592387
1250957711191277568
1250957723946168321
1250957870817923078
1250957975264493568
1250958416098492425
1250958462621712387
1250958603575386112
1250958655203078144
1250958667618213888
1250958819334766593
1250958844026486786
1250958860787073025
1250958912855080960
1250959032095051781
1250959280615952385
1250959305592893440
1250959393044049920
1250959406298091521
1250959494064070656
1250959602197295105
1250959877901615106
1250959900466962438
1250959900911366144
1250960039407423488
1250960098270285824
1250960299248832518
1250960319708446721
1250960341162393600
1250960420405481472
1250960547446616064
1250960672621387778
1250960676975239171
1250960708633837568
1250960760139743232
1250960778045337601
1250960787063156737
1250960887030132744
1250961012087336960
1250961017053548547
1250961047755857920
1250961177682874373
1250961213628067840
1250961331106136065
1250961444146950147
1250961482503905280
1250961654357069824
1250961683423604736
1250961747852361728
1250961805083439105
1250961817775603713
1250961926718238720
1250962325403656192
1250962357980770304
1250962386858565632
1250962442118520834
1250962505909690368
1250962602383028225
1250962678224478210
1250962722138853376
1250962762135736320
1250963042495377408
1250963126582947845
1250963147160195072
1250963424042823681
1250963631086473217
1250963902067814403
1250963906421354496
1250964083152695299
1250964182935252992
1250964518693289984
1250964577220734976
1250964589795258370
1250964597974036480
1250964607386169345
1250964615632023552
1250964694728351746
1250964702387109888
1250964962488594434
1250965235705565184
1250965240252108801
1250965261089337345
1250965462260674560
1250965494112362503
1250965541700984833
1250965755660840960
1250965834563850240
1250965885977800704
1250966133227864064
1250966205705453569
1250966217403367425
1250966246964764672
1250966250915860480
1250966280041005063
1250966293454434304
1250966544198197249
1250966657859817474
1250966662267969536
1250966692018163712
1250966695377862657
1250966749966712833
1250966787639980040
1250966812977557504
1250966926542733312
1250967094373597184
1250967165379006464
1250967199717654531