1250182041699864579
1250182044707061760
1250182108108201984
1250182112755552256
1250182159018741762
1250182201515311105
1250182221878759429
1250182282566139905
1250182369719529475
1250182373460803584
1250182469699006464
1250182481241952257
1250182629376307200
1250182872780193794
1250182939658334209
1250183116553142273
1250183166876401671
1250183220383154176
1250183434313568256
1250183556112044034
1250183602781843457
1250183651549237250
1250183686135394308
1250183695148953603
1250183736353869824
1250183796021813248
1250183799863902212
1250183870781235201
1250184020316610564
1250184042454093827
1250184061173235715
1250184084757909506
1250184106501177352
1250184151162064896
1250184173131902976
1250184252257337344
1250184269235924999
1250184332431495169
1250184403470475267
1250184412081373185
1250184566607839233
1250184675580170246
1250184722648621058
1250184991016767488
1250185076186513410
1250185230171832320
1250185284316086272
1250185360354705410
1250185392713650176
1250185490088767489
1250185569604378624
1250185580597649411
1250185831727468547
1250185846655012870
1250185858742919170
1250185946869272577
1250186026603155458
1250186043049074692
1250186219482472448
1250186262235013124
1250186274285260800
1250186297093701633
1250186417000439808
1250186505437319173
1250186681027833856
1250186783222050816
1250186944270794759
1250186974633373696
1250187058422804480
1250187154304663559
1250187217474973696
1250187294289559552
1250187435805249536
1250187487785283584
1250187573424766977
1250187657927364608
1250187725061455874
1250187737690509314
1250187741188456449
1250187817294213121
1250187868011724807
1250187977516560392
1250188085515767808
1250188117983686656
1250188186694955008
1250188198543683585
1250188313115406341
1250188321122205696
1250188349253595137
1250188349702377474
1250188450638200833
1250188484612108293
1250188492858146819
1250188555860795395
1250188618334904323
1250188685099905024
1250188774140719104
1250188832533819393
1250188890217971712
1250188898254405632
1250189160016523264
1250189222901878788
1250189310827118593
1250189398760493056
1250189406587191297
1250189432034115584
1250189553819889667
1250189608337506306
1250189612527628289
1250189649567506434
1250189708799377408
1250189822137786373
1250190085372481537
1250190288863154176
1250190342650908672
1250190509836054532
1250190648474505224
1250190791470874629
1250190942281367553
1250190979983978497
1250190998002479104
1250191273266483200
1250191290404417542
1250191349913182208
1250191411921563648
1250191482822287363
1250191512467648513
1250191642704990210
1250191684912254977
1250191751672999936
1250191864373940224
1250191872842182659
1250191911102578689
1250192010155343875
1250192217525964800
1250192305522462722
1250192402398285827
1250192620468547585
1250192743688634368
1250192854703579142
1250192947037057025
1250193228273516545
1250193265875394562
1250193280219983873
1250193291418546176
1250193324599885829
1250193441897746434
1250193471635324931
1250193558851575808
1250193954122989575
1250194066920398857
1250194310768873472
1250194339273289730
1250194444583866371
1250194593016053766
1250194637039505408
1250194761132072961
1250195148203581441
1250195299991277568
1250195422141956098
1250195547593506823
1250195640329666564
1250195739243765760
1250195751994523656
1250195871012192257
1250195908224000005
1250195916851679239
1250195983633248257
1250196180690059264
1250196503806836736
1250196603907997696
1250196663383310343
1250196717707952129
1250196809722540038
1250197098789613568