1246769555969585152
1246769953883279362
1246770019146649601
1246770126910873600
1246770956116168705
1246771196630310913
1246771339597398016
1246771468916137985
1246771648054751232
1246771779516993536
1246771879769079813
1246771917396357120
1246772042525036545
1246772070798766080
1246772143947493376
1246772227657302016
1246772417311236097
1246772466904641537
1246772513281126402
1246772531891253255
1246772664879976448
1246772679421526017
1246772681061564416
1246772722341838853
1246772949673299968
1246772990336839681
1246773108062724097
1246773113074921473
1246773243559772161
1246773255781994498
1246773298157047811
1246773455682514944
1246773610586480641
1246773709043650562
1246773822059163654
1246773848399212544
1246773912081317889
1246773977567109122
1246774101722750982
1246774148652773376
1246774169662033922
1246774182718906368
1246774203438661634
1246774259306901512
1246774333281841154
1246774350482534400
1246774408678649856
1246774417344147456
1246774547438804993
1246774602778501122
1246774732181078016
1246774737126252544
1246774798908301312
1246774803274612736
1246774887185895424
1246774917921570816
1246775184561975296
1246775233966518273
1246775365881794560
1246775407543713795
1246775617280004097
1246775701207797767
1246775750793011200
1246775818551951360
1246775949418512387
1246776022919344128
1246776079794098176
1246776157741166593
1246776191849242624
1246776242059304962
1246776371780747265
1246776374032920576
1246776431159521280
1246776433227091971
1246776662848491527
1246776728799924225
1246776904650297344
1246776906256711681
1246777010002841600
1246777101564379137
1246777234272256000
1246777256405590018
1246777491785764864
1246777517446443011
1246777567010381830
1246777696992067584
1246777835827728385
1246777948692250624
1246777965947629570
1246777965968588800
1246777987003015168
1246778120977281024
1246778154821152769
1246778180310110208
1246778255480414208
1246778271858974723
1246778445738045443
1246778544924971011
1246778554643185666
1246778637124280321
1246778662277582848
1246778761283952643
1246778763439788033
1246779001772937216
1246779127761338368
1246779152570540032
1246779257482817536
1246779293134446594
1246779706160091138
1246779868022521866
1246779999899865088
1246780113666166790
1246780171736227842
1246780335226052615
1246780365315829766
1246780537978535938
1246780610644828160
1246780645780619264
1246780645948432384
1246780658984214529
1246780713547878402
1246780935196094466
1246780935288360961
1246781091983364096
1246781191371411462
1246781216638087169
1246781224460279809
1246781388298366976
1246781455159754752
1246781568804323333
1246781580691070979
1246781652061294600
1246781745405419521
1246781791416881152
1246781811994263552
1246781912489897984
1246782040747409408
1246782049597272069
1246782127171141632
1246782209073262602
1246782234343997440
1246782264811425792
1246782269030715392
1246782449402535941
1246782457862643713
1246782579753332736
1246782612829421569
1246782660027904002
1246782756798885894
1246782772041007104
1246782785517506560
1246782923245666305
1246783030120689666
1246783309151178757
1246783309574803459
1246783459550527488
1246783490072309760
1246783585547403265
1246783636336230400
1246783679160102914
1246783716267098113
1246783779710144512
1246783795744903175
1246783895980445701
1246784058744586240
1246784148523671552
1246784181683847168
1246784240672481281
1246784287078137857
1246784433405014016
1246784542582673408
1246784577219280896
1246784588845727744
1246784635255824384