1245818285985280004
1245818317530705921
1245818345267564544
1245818483704815616
1245818682061848576
1245818684620320769
1245818758091935750
1245818808289427456
1245818988921270272
1245819106089205761
1245819127408852993
1245819131347099649
1245819304127483905
1245819319495393282
1245819332896141312
1245819458020655104
1245819566581825539
1245819586676527106
1245819630490456064
1245819689285980160
1245819704226320393
1245819707837403136
1245819773042266113
1245819848015347713
1245819894391808005
1245819919679324164
1245820051292381185
1245820106594070534
1245820121236549635
1245820191935782914
1245820201742094336
1245820272055324673
1245820280930365440
1245820292724928512
1245820330385408011
1245820334898642945
1245820476720635906
1245820606274252802
1245820717154869248
1245820735680958469
1245820789846392836
1245820884859924498
1245821022525222912
1245821049398341632
1245821064820789249
1245821110408695808
1245821219552796672
1245821286804336641
1245821333507842056
1245821337211244549
1245821365283782656
1245821400142827526
1245821442111033344
1245821487904247808
1245821488198025218
1245821553989660672
1245821567420030978
1245821592350756865
1245821647933911041
1245821676979453954
1245821700828209152
1245821727650787328
1245821735557005313
1245821807132803073
1245822060992942080
1245822066546311175
1245822083633995776
1245822167436029953
1245822186474086401
1245822285111537668
1245822394352066570
1245822402908602368
1245822454573854726
1245822482621313024
1245822558127017987
1245822589592834048
1245822589852766208
1245822900671860737
1245822956665622529
1245822989465038849
1245823031815147520
1245823083291619328
1245823111871815680
1245823134206513174
1245823195036426240
1245823216125218817
1245823282995236865
1245823377627119617
1245823528450039808
1245823623740432384
1245823719441719297
1245823738949459969
1245823748646883330
1245823752413179904
1245823770742468609
1245823807635501056
1245823950103498756
1245823958852780032
1245823967018942471
1245823979815911424
1245824096451076098
1245824108471992320
1245824176776187904
1245824222682898435
1245824239019741186
1245824247924228096
1245824293193183232
1245824497871015936
1245824527831109632
1245824557916667904
1245824604427468800
1245824613508153344
1245824710350430208
1245824715463118848
1245824722627170304
1245824730067861506
1245824736661098496
1245824801748463619
1245824829422309376
1245824840369467398
1245824913656688642
1245824941204942849
1245825038772662272
1245825055545688066
1245825057928200199
1245825112949100544
1245825124768464901
1245825174722633731
1245825213020819458
1245825230183907329
1245825246176763904
1245825355883130880
1245825397138350083
1245825443783151617
1245825480638582785
1245825488070668293
1245825627401248768
1245825829466079232
1245825846096662528
1245825854132928512
1245825867332362240
1245825878283649028
1245825880204681217
1245826023154835456
1245826039156297734
1245826137730748420
1245826168135139333
1245826195553280001
1245826240122171392
1245826296531177472
1245826412021526530
1245826542489534468
1245826631186427904
1245826660034908166
1245826673171484673
1245826777420664833
1245826894722973703
1245826911948935170
1245826951245443074
1245827005452517376
1245827037761159172
1245827045281562625
1245827112667209728
1245827215771697152
1245827226131521537
1245827280225669125
1245827348135661570
1245827471779549185
1245827490351738881
1245827582664355845
1245827635005046784
1245827784158482433
1245827897429876736
1245827912583892993
1245827978183008256
1245827981005578252
1245828086266056706
1245828237319495682
1245828358618796032
1245828434053349381
1245828454295076869
1245828459315658754
1245828467679084544
1245828490961858562
1245828518635806722
1245828585279098881
1245828597127888896
1245828606795722752
1245828679546142724
1245828870881841153
1245828966197465088
1245829172150198272
1245829175933652992
1245829195747426304
1245829239791931393
1245829297987821568
1245829306380701696
1245829340400508928
1245829441164476416
1245829503470854144
1245829516381040640
1245829620827471873
1245829636203917312
1245829646341394432
1245829724451909634
1245829784887676933
1245829860498509824
1245830072671465472
1245830203902853120
1245830279513530369
1245830370324393984
1245830435164258305
1245830472900345862
1245830523169181696
1245830578253021186
1245830816808091650
1245830900199215104
1245831064154750978
1245831135034138624
1245831143901011972
1245831152998457345
1245831180986888192
1245831284393459712
1245831323526156288
1245831369869033472
1245831532574466048
1245831559346827264
1245831591756206081
1245831623888822275
1245831654238642176
1245831654460907525
1245831709666562051
1245831881746190336
1245831894446424064
1245831962108891137
1245832049153290241
1245832179592187905
1245832209384292352
1245832213003997189
1245832292444053506
1245832422685466624
1245832502427648001
1245832578092810252
1245832603409809410
1245832716370595841
1245832825300873216
1245832850579927041
1245832871702482944
1245832879768096769
1245832909052727296
1245832917604958210
1245832955320094720
1245832966355419140
1245832968418951168
1245832981048176640
1245832994973265922
1245833048001630209
1245833051927654403
1245833060668456960
1245833158773346304
1245833165085847552
1245833198082367490
1245833203065270272
1245833270249455617
1245833305263616002
1245833332337840134
1245833374888939522