1252416767034642432
1252416767344865282
1252416769685254147
1252416989814874112
1252416989890441216
1252417019359588358
1252417087777107970
1252417088888569856
1252417103337934850
1252417306610642944
1252417310431735808
1252417316949651460
1252417325501825027
1252417455638503426
1252417547246333954
1252417622575943680
1252417643048398848
1252417803920928768
1252417870388097027
1252417949731700742
1252417966865408003
1252418050713743362
1252418089699864578
1252418306461454340
1252418453241094146
1252418625673166849
1252418634300837891
1252418739095474179
1252418767641968640
1252418798063255553
1252418801037004806
1252418889255772162
1252418902866358274
1252418913670795264
1252419110551515137
1252419296791150594
1252419421919776776
1252419606389506052
1252419681970839554
1252419774744674307
1252419835817910272
1252419913496457223
1252420127586279427
1252420202324606977
1252420428854779904
1252420533636882432
1252420538317697025
1252420550615416835
1252420840072704002
1252421120751316992
1252421279027617792
1252421293221138436
1252421342206365698
1252421368710234112
1252421418827935745
1252421454408249354
1252421595341049868
1252421875830976523
1252421880281096195
1252421888262811649
1252422051974926337
1252422060233510913
1252422080915664896
1252422379348701184
1252422542825934850
1252422735822635014
1252422870535335940
1252423000680361987
1252423151046111238
1252423201532960768
1252423507842969608
1252423750378610689
1252423939302715398
1252424098950438912
1252424132244811779
1252424175056109568
1252424237719056386
1252424350210289665
1252424358192021504
1252424467973693446
1252424471186563072
1252424497052782595
1252424611209211908
1252424656708988929
1252424740397936643
1252424824258887680
1252424951555952640
1252425005381545984
1252425089447936008
1252425100944502786
1252425193386991617
1252425331501228039
1252425362459340800
1252425495993434113
1252425541409312769
1252425642689179649
1252425835518193665
1252425839733387264
1252425889565962240
1252425927633457161
1252425963918393350
1252425976962641924
1252426003634241542
1252426065038827520
1252426216813916161
1252426225252880387
1252426262745763840
1252426301345943553
1252426561963188225
1252426564664356874
1252426607303602177
1252426628015116288
1252426722907090946
1252426762270588931
1252426774564098056
1252426788539527168
1252426875399319552
1252426908911820801
1252426972828823555
1252426981339066373
1252427001224237062
1252427106895532034
1252427181436710912
1252427207500107779
1252427219395207168
1252427413683724291
1252427487834865665
1252427537075941381
1252427688897208320
1252427751874674688
1252427764801474561
1252427863447371778
1252427945341157377
1252428095761420289
1252428150895591425
1252428226435022850
1252428258253012993
1252428271913848833
1252428314330886144
1252428352004042754
1252428406433525762
1252428636818337792
1252428759170289666
1252428930771898368
1252429144324886541
1252429199580659718
1252429303985213440
1252429358687350787
1252429396784209920
1252429531169746956
1252429664783527936
1252429807226204167
1252429866378526724
1252429890357346306
1252429975803707393
1252430073736515590
1252430138966282240
1252430188543016962
1252430221724151818
1252430280528297984
1252430477878718465
1252430555913654274
1252430612394196994
1252430653703905289
1252430789272195072
1252430843185754113
1252430843412221953
1252430859518357505
1252430889516011522
1252430957291814914
1252431000686084096
1252431241556553735
1252431330329022464
1252431384074805248
1252431711188578313
1252431758403895301
1252431787747184642
1252431823826587655