1250453906624307201
1250453941332185089
1250453942175236096
1250453979424677888
1250454063252111360
1250454093052678144
1250454180705095682
1250454230827229189
1250454247780634624
1250454331758989314
1250454335659671552
1250454362209599491
1250454487073845253
1250454497807093760
1250454684562788356
1250454841639436289
1250454863382626306
1250454896505171975
1250454961621577729
1250454973080645632
1250455006823755776
1250455041208508418
1250455087190872071
1250455089988472832
1250455189401845760
1250455284352335873
1250455295995842563
1250455300685119492
1250455355257057280
1250455392120983552
1250455434605088769
1250455456201523201
1250455502581944321
1250455632198742016
1250455711932395522
1250455838059384837
1250455888986587137
1250456002023043075
1250456106402336769
1250456333180194817
1250456431507247104
1250456496044937216
1250456584527810561
1250456639704088579
1250456705730781185
1250456776731836416
1250456974245888001
1250457041979584512
1250457074632478720
1250457121801502721
1250457373359169542
1250457401536454656
1250457605891383297
1250457631870922759
1250457729220698112
1250457747176468482
1250457864214216710
1250457880286773249
1250457893561868288
1250457899547181056
1250457930903613440
1250457939128643590
1250458023090253824
1250458070423142401
1250458071840837634
1250458077876367361
1250458291651481601
1250458404939841541
1250458417447047168
1250458493871706114
1250458630916378624
1250458722494812162
1250458806657695745
1250458811275587584
1250458956511789058
1250459142877315075
1250459213555306498
1250459313153376258
1250459498298462208
1250459608033918982
1250459658919112704
1250459759213301761
1250459771762814979
1250459935294525441
1250460002642546690
1250460183106650112
1250460300660420608
1250460300853145600
1250460376103137281
1250460379244888065
1250460405530583041
1250460678659305473
1250460707491020800
1250460799308619776
1250460837615190019
1250460865612128261
1250460879482523649
1250460929608818689
1250461080523927552
1250461148614234118
1250461352843513857
1250461437564198915
1250461453787770881
1250461512847765507
1250461584712970244
1250461809972314113
1250461963005689857
1250461988192485376
1250462016361435136
1250462199476355078
1250462254790627328
1250462288944836608
1250462401545338882
1250462401645993989
1250462403365658626
1250462531992182784
1250462573448830976
1250462648375939073
1250462648858292225
1250462716646522881
1250462800373301253
1250463035002466306
1250463169111371778
1250463249105129473
1250463286681833474
1250463354533171202
1250463416411709440
1250463429493698564
1250463530391912456
1250463546690985986
1250463553401901056
1250463576109826058
1250463752513871880
1250463917580713984
1250463952963862530
1250463997545021440
1250464015295197187
1250464021863706631
1250464217829789697
1250464318694588418
1250464359156977666
1250464359228346370
1250464585578172417
1250464594843189250
1250464762066087937
1250464863580610562
1250464884946604032
1250465039590588416
1250465186034716672
1250465186697433097
1250465210869207042
1250465231253504000
1250465257073582086
1250465371058028544
1250465546388332546
1250465555947061248
1250465652181254146
1250465700210073600
1250465728156835843
1250465743164133377
1250465904544100352
1250465920612352000
1250466060068892677
1250466151903232000
1250466167531212801
1250466252486737920
1250466260577550336
1250466323378954243
1250466382237634561
1250466407550054400
1250466499413913600
1250466663306276866
1250466705236791296
1250466721758134274
1250466722118852610
1250466730067087360
1250466816683581446
1250466830151372806
1250466885881167872
1250466956337123332
1250467010376433665
1250467107474747394
1250467275771174919
1250467426325549056
1250467496823406592
1250467543841726464
1250467544260960256
1250467552200982528
1250467595989508096
1250467606777212928
1250467640818221056
1250467695134466054
1250467707855634432
1250467837635964936
1250467846058127360
1250467879033675777
1250467950768857088
1250467966887645185
1250467992732753921
1250468101705080834
1250468153550929921
1250468189777154051
1250468206810148868
1250468256743333890
1250468477191610369
1250468483038507016
1250468529217908736
1250468559429537794
1250468584259756032
1250468626035101697
1250468743395725312