1254817586157621248
1254817586535161862
1254817586723745792
1254817666679877634
1254817873081622528
1254817905759453185
1254817913837682689
1254817976878092292
1254817982188081158
1254818022549848067
1254818052266438656
1254818115327635456
1254818197318107138
1254818273750810625
1254818286988079105
1254818291685588994
1254818421658791936
1254818455385227266
1254818551669690368
1254818572167249920
1254818735745105920
1254818765633720320
1254818803071975427
1254818991522152448
1254819016851574787
1254819040654168064
1254819050628231171
1254819148552646657
1254819210187935746
1254819310561886211
1254819327435591681
1254819395915808782
1254819600228851712
1254819729702879233
1254819738603028486
1254819755455700993
1254819776565739520
1254819859319459840
1254819864482590726
1254820107462811650
1254820182700298244
1254820244549324800
1254820262857629697
1254820282839240705
1254820390288965633
1254820547659251712
1254820577438846979
1254820694883524610
1254820778970939395
1254820854229319681
1254820861909127168
1254820904229535747
1254820917076787207
1254820944553676804
1254820954515165185
1254820984361611264
1254821097045995520
1254821155585658880
1254821248191934466
1254821323471155200
1254821529466142724
1254821642838200321
1254821802196508673
1254821847708897280
1254821881032642560
1254821914964627456
1254821970601967616
1254822032967163910
1254822062755131393
1254822074499153926
1254822103565598723
1254822230061711360
1254822354645061632
1254822385380925442
1254822444206108672
1254822468822458375
1254822570844729345
1254822576888700930
1254822808623841283
1254822829540999168
1254822895525773312
1254823106339901440
1254823186052546561
1254823209666519042
1254823237000839168
1254823263177498625
1254823368001536007
1254823450188734464
1254823509739503620
1254823518346391552
1254823806784372736
1254824066873282562
1254824268938055680
1254824429495951362
1254824615827800064
1254824929373171713
1254825050420715520
1254825098776805376
1254825257485164551
1254825285553393667
1254825523596820486
1254825720116846597
1254825790077886470
1254826088972333057
1254826315393400833
1254826512714551298
1254826547053297669
1254826703836180480
1254826930932596736
1254827151448252417
1254827380180422662
1254827679557332994
1254827752714309632
1254827867441168385
1254827974915878912
1254828123209658368
1254828186958917632
1254828717383319559
1254828933448597511
1254828976419205122
1254829576821358597
1254830003092484097
1254830043840294919
1254831137668558848
1254831139572899840
1254831221105930241
1254831248289095681
1254831533074132993
1254831558382493696
1254831582709460992
1254831597603479559
1254831642390065152
1254831682793795584
1254831724954935296
1254831784677826561
1254831796828565504
1254831813240991744
1254831831922417665
1254831973782216704
1254831986247643142
1254832015494402049
1254832039741841409
1254832221376204802
1254832546216644608
1254832578424602626
1254832581817839616
1254832597265453058
1254832610468966400