1245244655077392384
1245244666699751424
1245244679270084608
1245244863676809218
1245244879980158976
1245244888901464065
1245244964768034816
1245245303436922880
1245245488489566208
1245245601756766209
1245245627161669632
1245245873237327872
1245245963079258113
1245246264494583809
1245246273545998338
1245246348997177344
1245246390411956230
1245246398494314496
1245246415409803267
1245246428525494272
1245246462155358209
1245246700547162112
1245246772626284545
1245246780419248128
1245246786538627073
1245246867635466240
1245247053967523841
1245247191821832193
1245247235916529664
1245247258867556352
1245247321014755328
1245247359665213440
1245247414388260864
1245247443635015681
1245247514510528513
1245247544411803648
1245247581891985411
1245247610790670336
1245247749655683072
1245247782555918336
1245247782811820037
1245247834934280193
1245247839527149568
1245247875766005760
1245247995253145603
1245248041180975109
1245248068238356480
1245248085325832193
1245248122713866240
1245248151834984448
1245248160424964096
1245248353853554689
1245248421063282688
1245248588839399425
1245248638445441027
1245248819496804352
1245248839759454208
1245248995334602753
1245249033658081281
1245249062179196928
1245249125706338305
1245249314600837121
1245249337073889281
1245249389888540673
1245249444246966272
1245249473070030848
1245249507270389760
1245249662346498049
1245249683653406721
1245249733297410048
1245249867548590085
1245249951501668356
1245250006518390784
1245250047723180032
1245250182318448640
1245250240686497792
1245250354561732608
1245250358001057797
1245250563786174465
1245250597340807170
1245250737925435394
1245250798625251328
1245250819169140741
1245250844913786880
1245250847719768064
1245251056197496834
1245251079522201600
1245251091492524032
1245251167522902019
1245251201492496385
1245251339816443904
1245251365410045952
1245251366240616448
1245251419235430401
1245251604179279872
1245251633451118594
1245251654271696896
1245251936636612608
1245252198805778434
1245252246138286081
1245252258998005760
1245252296952500225
1245252430054342657
1245252455492796417
1245252471263342592
1245252597944115201
1245252895005532160
1245252912940384257
1245252963859197952
1245252988094078983
1245252992464551936
1245253021560451072
1245253197876379648
1245253498649927680
1245253822580064256
1245253853097996288
1245253872291020806
1245254162217979904
1245254277058252809
1245254430699773952
1245254435422588929
1245254477776670720
1245254557573120001
1245254563021479937
1245254615425093634
1245254632261201925
1245254653379411970
1245254707511062529
1245255051850858497
1245255055839821825
1245255076433838081
1245255152543715328
1245255169366847501
1245255182352433152
1245255198836064256
1245255205953900544
1245255429438963712
1245255669005127680
1245255712227368960
1245255801184239621
1245256070970232833
1245256232857939968
1245256242924343297
1245256246774714368
1245256302227525632
1245256318178426881
1245256347727409152
1245256388214808576
1245256666913931265
1245256703978827776
1245256712732454914
1245256715458596864
1245256721167028224
1245257002088951809
1245257216287887360
1245257313960820737
1245257345632022528
1245257417278902272
1245257481724530688
1245257608597925889
1245257760612274176
1245258027386601473
1245258059326390272
1245258084659970048
1245258130885353473
1245258386150653953
1245258394426097664
1245258399132069896
1245258460721119232
1245258679365947392
1245258822270083072
1245258931477282818
1245258983017009158
1245259049106538496
1245259161337761794
1245259237732814850
1245259480738267137
1245259505014730752
1245259556449591296