1248475799025602560
1248475831157919745
1248475930651004928
1248475931720577026
1248476261237710848
1248476424719106049
1248476474111229963
1248476558894882819
1248476654617296900
1248476730240581633
1248476818669109250
1248476889607364612
1248477018355712001
1248477122785472512
1248477137201291266
1248477175436595200
1248477271142174733
1248477473672552454
1248477683219968001
1248477708205436931
1248477754875465728
1248477794591358979
1248477871422619650
1248477938594373633
1248478126578921481
1248478298948001797
1248478320284450827
1248478327054069760
1248478537373237249
1248478601407651844
1248478664653598721
1248478739849048069
1248478752314503168
1248478906094505986
1248479226451222534
1248479313051021317
1248479477278990342
1248479590349062146
1248479615766499335
1248479842665824258
1248479995359453185
1248480261903286285
1248480262230380544
1248480296061681671
1248480371143917571
1248480438336630785
1248480467101159424
1248480505424523264
1248480698182201346
1248480736199364609
1248480752846508033
1248480777777500163
1248481042266066949
1248481134532419584
1248481145991221249
1248481188047507456
1248481214505209856
1248481336022536193
1248481554755510273
1248481849971593216
1248481914396106754
1248481944351858689
1248481969156919298
1248481994448580608
1248482149541376007
1248482199818481665
1248482249571332097
1248482268919656448
1248482325546950658
1248482465695457283
1248482556292427778
1248482561191374849
1248482741223485441
1248482757300203522
1248482853173649408
1248482878855340038
1248482962967945222
1248483160192475137
1248483177401692162
1248483187623223297
1248483346595880960
1248483346923077632
1248483378896072706
1248483399255207939
1248483538086670339
1248483604528652289
1248483697252171780
1248483844052770816
1248483936893677570
1248483957219319812
1248484074928214016
1248484075586777088
1248484221754077185
1248484234311823360
1248484237948289024
1248484258982723594
1248484339769196545
1248484400993415168
1248484432475910146
1248484590680825860
1248484717172625409
1248484732909707265
1248484762831876098
1248484863298039813
1248484945166610440
1248484952116625414
1248485026540318721
1248485071490658310
1248485093397516288
1248485224402440192
1248485340978900992
1248485494435897344
1248485509787037705
1248485578619777032
1248485714888495112
1248485717644173312
1248485751991308294
1248485873894617088
1248485886502690816
1248485945696866304
1248486058083287042
1248486131882053632
1248486163351875585
1248486192804278275
1248486268767309826
1248486284676304898
1248486867407794178
1248487215958601736
1248487346128826377
1248487455277244418
1248487505504038914
1248487925714571265
1248487987437948932
1248488004907225094
1248488089330176006
1248488167780438018
1248488219219378178
1248488382738485255
1248488486795010054
1248488797911670786
1248488810049966081
1248488828492337152
1248488848822165505
1248488923329781761
1248489062643597312
1248489100157452289
1248489128364105730
1248489153810944000
1248489317153951744
1248489451891781633
1248489619034759169
1248489620347604997
1248489695098449920
1248489779387195397
1248489892880900096
1248490085089042432
1248490210280624131
1248490399800291332
1248490470629502976
1248490494776053761
1248490605413429251
1248490639089471489
1248490705703469058
1248490802956734466
1248490889204224012