1251601493532311552
1251601509873102849
1251601511672459265
1251601544111435776
1251601901453443072
1251601912153210881
1251602044881973250
1251602048891662342
1251602102725443585
1251602107578408964
1251602111613321216
1251602417701003265
1251602489952124933
1251602502291685378
1251602681757605888
1251602712053067779
1251602712245886977
1251602753631195138
1251602887685345281
1251602954471133184
1251602964390780928
1251602984108244996
1251602987170115590
1251603169458692109
1251603265281720321
1251603353186033669
1251603394571186182
1251603462879502336
1251603537395691520
1251603718736211968
1251603842241830913
1251603898156101633
1251603988685840384
1251604015856726028
1251604067085926406
1251604067400454144
1251604175680614400
1251604469449621505
1251604480854024198
1251604539687534598
1251604561086775297
1251604674320326656
1251604712421576704
1251604799461699587
1251604816784130048
1251604821376765952
1251604854784643073
1251604867237412865
1251604889630736384
1251604917589962757
1251604928948133888
1251605161308491778
1251605168124309504
1251605215809122304
1251605280833654784
1251605341726441473
1251605375712989187
1251605425004449794
1251605446441308160
1251605452628070400
1251605525508300801
1251605534186311681
1251605605804052481
1251605820011188224
1251605900273627137
1251605941075795969
1251605978690154496
1251606012823572481
1251606108071813120
1251606191446413319
1251606192377303041
1251606268533334017
1251606276749930498
1251606434896203777
1251606448410329088
1251606541058408448
1251606586851831816
1251606641340043268
1251606695140306946
1251606771669614600
1251606822022270981
1251606960962785284
1251606964737581056
1251606972459364355
1251606972614377472
1251607054789173248
1251607071344091136
1251607120283340800
1251607122971787265
1251607124196691969
1251607213396725760
1251607442821189640
1251607510206648320
1251607521791545345
1251607523326484480
1251607635620769795
1251607748019736576
1251607934016110594
1251607941058138112
1251608024206147585
1251608035308392453
1251608062403637248
1251608096583102465
1251608252414124032
1251608264741134337
1251608360983633922
1251608495792799744
1251608570552102912
1251608599270494209
1251608629800767493
1251608667885047811
1251608684498685957
1251608887956045825
1251609016612139011
1251609086988152832
1251609193880203266
1251609195801174017
1251609213442416643
1251609227761790977
1251609376248528898
1251609632235192320
1251609650107162631
1251609778687627264
1251609854843682819
1251610093382070272
1251610102362025984
1251610135715184640
1251610193911255046
1251610210797420544
1251610216094928897
1251610307438526468
1251610391521767428
1251610436283387905
1251610461298139136
1251610704622338048
1251611036773494787
1251611091957878784
1251611183670611970
1251611259188981760
1251611318559240193
1251611339358973953
1251611447886516224
1251611469252374528
1251611477334790150
1251611489867386880
1251611518229086208
1251611722797867008
1251611845875638274
1251611921914179585
1251611985025925122
1251612035143663620
1251612278547333120
1251612388270452736
1251612534852841473
1251612777778741248
1251612821877428224
1251612832270938112
1251612920871628806
1251612936898043905
1251613025834078212
1251613134818881537
1251613231203917826
1251613327085711363
1251613339723001856
1251613411512848386
1251613586692046849
1251613785175056384
1251613956575121408
1251613966100545537
1251613975323840513
1251614078604398593
1251614094525956097
1251614221428809728
1251614284037140483
1251614287648509952
1251614288331988992
1251614350579810312
1251614434922921985
1251614547179429892
1251614589323628544
1251614690607861761
1251614702804836355
1251614825282768900
1251614842454110208
1251614872464510977
1251614895600095232
1251615138156871686
1251615168464904194
1251615277491642374
1251615344965365761
1251615358932234240
1251615416440492041
1251615483377287169
1251615495511576577
1251615554588246016
1251615686125895682
1251615718447210499
1251615746414784513
1251615915072008193
1251616032906756097
1251616137382514688
1251616226138177541
1251616240382205954
1251616297231749120
1251616365527674881
1251616463569457152