1254938381202718721
1254938406376951810
1254938466988638211
1254938540409884672
1254938844186554368
1254938860934529024
1254938953771294720
1254939050147893248
1254939116258709509
1254939258667835393
1254939963445084161
1254940026015793155
1254940090478080002
1254940147646435335
1254940186133184514
1254940232694132736
1254940575536562176
1254940614229135363
1254940853963030528
1254940878055059457
1254940915937968134
1254941143558733824
1254941536455925761
1254941656132005889
1254941696770445313
1254941713375911938
1254941826185822209
1254941919039369216
1254941946331750406
1254942085490397186
1254942098635157505
1254942161457602561
1254942187445522432
1254942194982584322
1254942195481604097
1254942350196998146
1254942556074409984
1254942690799570945
1254942841362513920
1254942855723921415
1254942992831410176
1254943053820964864
1254943140789829632
1254943219504361474
1254943294834053121
1254943340182802433
1254943390908678144
1254943423812874240
1254943437423611906
1254943449410871298
1254943453605060608
1254943491253252096
1254943582533955585
1254943894648823814
1254944018397638656
1254944326557118466
1254944379107790848
1254944447491645443
1254944473139814409
1254944557072093186
1254944598746677248
1254944615574061059
1254944695743967232
1254944800413016065
1254944806754803712
1254944825926987777
1254944838056914945
1254944917530513413
1254944933271699462
1254944943732293638
1254944989202862082
1254945024200097793
1254945798460026881
1254945815262457856
1254945894203633664
1254945924763262981
1254945980241399810
1254945991842656256
1254946011975282688
1254946054362914816
1254946125473185793
1254946292696002563
1254946332285927426
1254946372110835712
1254946381128704005
1254946431556882433
1254946453694353408
1254946497247969281
1254946591020122122
1254946779600166918
1254946948139925504
1254946972492062720
1254947310510977025
1254947499456028672
1254947560160219137
1254947564014755843
1254947777681010689
1254947982052601856
1254947992013946881
1254948117822222338
1254948168329920512
1254948193403453440
1254948367832158208
1254948448232632321
1254948449671413760
1254948587961606148
1254948708031934465
1254948722493943808
1254948760209113090
1254948838504378368
1254948847815516160
1254948876945182722
1254948885631549441
1254949224074092544
1254949367624208385
1254949429393620992
1254949543860416515
1254949600705814528
1254949774429687809
1254949804247003137
1254949807841357824
1254949916725645312
1254949980277637126
1254950168782344193
1254950198608044033
1254950319290609664
1254950365595869185
1254950451046301696
1254950550686310400
1254950727170097154
1254950850906087426
1254950886566236160
1254951229479890945
1254951397507977216
1254951515799740419
1254951527539712002
1254951983741427715
1254952027454668801
1254952113773445123
1254952210653310976
1254952425259069446
1254952480300924929
1254952539256229888
1254952569937571840
1254952614665617408
1254952619987972098
1254952768931917824
1254952811017584640
1254952819360256000
1254952941825323009
1254953016685326336
1254953117709262849
1254953448543358976