1248853285945200640
1248853311576354816
1248853337870663680
1248853490446852096
1248853512982683648
1248853681417543681
1248853857305690112
1248853932140564480
1248853996158115841
1248854096901177344
1248854147182366720
1248854238358192136
1248854352116224002
1248854397725089793
1248854418914754560
1248854451886014464
1248854461516255232
1248854712419573763
1248854725270720515
1248854850881966081
1248854864391802882
1248854901695774720
1248854972386562048
1248855077181366272
1248855081841094660
1248855081908178951
1248855094671663104
1248855098656051200
1248855102397579264
1248855103269777408
1248855132227264512
1248855207435358208
1248855312003674112
1248855372024053760
1248855425417535488
1248855513351294977
1248855522041708544
1248855630275694594
1248855653252128768
1248855717617864704
1248855752317468673
1248855828930723840
1248855854738059265
1248855897557753856
1248855974820999169
1248855983721295872
1248856020547325952
1248856041099493376
1248856063614390272
1248856134716293122
1248856142144368641
1248856149757177857
1248856173140295680
1248856255713533952
1248856281525489664
1248856320205193221
1248856340539326464
1248856440074199041
1248856472944951296
1248856575407558662
1248856595758379008
1248856615127633921
1248856625156444160
1248856633175953411
1248856830908026880
1248857058637684743
1248857124664303617
1248857267052482560
1248857355715919873
1248857422728495104
1248857435667914753
1248857486464974849
1248857519201685505
1248857598171983872
1248857623996141568
1248857626944790529
1248857723808014337
1248857749036957702
1248857765830770688
1248857779189608448
1248857800219881472
1248857840607006720
1248857880813383682
1248857892314320896
1248857909666037761
1248857912497377281
1248857927424720900
1248857929412943872
1248857954297626627
1248857967438503936
1248858088951685120
1248858118848679937
1248858257197654016
1248858343088599041
1248858398709420033
1248858453814185984
1248858483794952192
1248858495090192384
1248858513125801984
1248858541588393984
1248858608659337217
1248858671737475073
1248858708785926144
1248858807096180737
1248858898724986882
1248858973198905357
1248859076836110337
1248859088114429953
1248859149863092224
1248859197091037184
1248859243102367744
1248859371297095680
1248859573903032320
1248859650843242496
1248859666269876225
1248859670703296514
1248859741318713344
1248859755017355266
1248859799728451584
1248859814026973184
1248859881328828416
1248859934302842881
1248859964011089922
1248860001701167104
1248860060375121921
1248860072676978689
1248860085939552256
1248860240835047424
1248860290034184192
1248860333214552066
1248860374436179970
1248860374671163394
1248860480120057862
1248860488773099521
1248860492187062272
1248860497304260608
1248860564543111168
1248860677193764864
1248860734311649280
1248860817153380352
1248860888464936969
1248860931070791680
1248861027623735296
1248861087816130560
1248861256414445568
1248861269550968833
1248861274529656843
1248861323561066500
1248861390871330816
1248861554063204352
1248861725396307968
1248861739807997953
1248861842799132673
1248861889620111361
1248861905860603905
1248862022994931714
1248862052262780928
1248862118830432258
1248862132243963904
1248862170034495488
1248862177936596993
1248862191509549057
1248862312770834432
1248862337097961475
1248862358681747456
1248862499505467392
1248862513619484673
1248862514491817990
1248862529201352704
1248862544262881280
1248862569001103360
1248862577330814977
1248862630908850177
1248862678518575110
1248862744394137600
1248862756977012737
1248862764568698880
1248862803378618370
1248862877940961282
1248862980202266624
1248863135445864449
1248863221970341888
1248863222519611393
1248863273669124102
1248863500170072064
1248863515005181953
1248863634643697666
1248863670488219648
1248863672551817219
1248863717841747971
1248863734564622336
1248863906166181889
1248863919650766848
1248863965884469248
1248864100563578882
1248864121501577222
1248864242385555456
1248864298446639105
1248864388523552773
1248864401081298945
1248864501786501126
1248864522762248193
1248864537907998720
1248864611199221760
1248864640483778560
1248864738114596865
1248864858436702209
1248864896759947264
1248864938564567040
1248865005711360001
1248865111046909952
1248865141937954816
1248865261299462144
1248865298867834881
1248865357445632000
1248865419508641792
1248865442577428485
1248865508239142912
1248865533795004416
1248865542833934337
1248865549397999616
1248865550022791168
1248865625805635585
1248865674421620736
1248865719250554881
1248865756256907264
1248865773365481473
1248865794848706560
1248865874406187014
1248865876616466432
1248865924641247232
1248865969440612352
1248866029821767681
1248866040144150528
1248866087329923073
1248866237377110021
1248866283275206656
1248866297720508417
1248866341802725376
1248866357296295936
1248866409725165576
1248866452347580417
1248866540251987968
1248866599399870464
1248866679704043520
1248866867332120577
1248866880212717569
1248866960810467328
1248866977709359105
1248866997758242816
1248867019195174912
1248867026233257985
1248867124187140096
1248867178146824196
1248867270509637632
1248867278583717889
1248867350645895168
1248867379272200192
1248867430052630529
1248867452001247232
1248867492312694784
1248867497593503746
1248867518720012301
1248867700429819907
1248867718742159360
1248867728405872640
1248867802921848832
1248867855187079168
1248867875181518850
1248867933519884290
1248868146578100225
1248868247539257344
1248868268497973250
1248868277251530754
1248868287737286657
1248868310969614336