1248974146387746822
1248974174963499011
1248974258061086722
1248974283885252612
1248974300209700868
1248974311911718917
1248974317959827457
1248974351933804545
1248974397874061312
1248974446150299648
1248974450625851397
1248974518632267780
1248974522717540353
1248974590103019520
1248974719447003139
1248974757929930752
1248974893011566592
1248974963001839616
1248975005326561282
1248975014193500162
1248975034309316610
1248975087316996105
1248975117109035008
1248975278262583298
1248975361054048262
1248975365671878656
1248975370617081856
1248975580357226498
1248975625534107648
1248975706085715968
1248975831541649408
1248975904661004288
1248975915121438721
1248975936583880706
1248975955885948930
1248975995991777286
1248976035040956416
1248976066401783812
1248976070675750912
1248976238531796992
1248976251542528000
1248976426868584448
1248976634360860672
1248976656376578049
1248976661636407297
1248976662202589184
1248976665134411777
1248976721010982918
1248976828061978625
1248976909075169282
1248977052130324485
1248977093708247041
1248977119037841409
1248977157046644736
1248977169444995072
1248977254887174145
1248977379059535874
1248977399427014663
1248977429164519425
1248977460475158530
1248977499888836609
1248977513092612098
1248977559087452162
1248977601747734531
1248977625898463232
1248977693586018306
1248977798418571264
1248977804496175105
1248977844371251202
1248978088131772417
1248978305937739776
1248978419095764993
1248978587685961728
1248978636604149760
1248978646225825793
1248978784981786627
1248978793068474368
1248978931308527623
1248978950090559489
1248979121125896206
1248979135973785600
1248979136481239040
1248979182442422272
1248979195256025089
1248979296254754817
1248979354656399360
1248979365137801217
1248979366966673410
1248979370397650945
1248979497606496257
1248979551629139969
1248979559954907136
1248979774275334145
1248979782810861568
1248979916860817408
1248980034590826496
1248980223124819970
1248980276480524288
1248980290464333825
1248980483502792704
1248980549886185473
1248980568571891712
1248980583595687936
1248980591753781251
1248980608728158212
1248980618588950528
1248980755209785344
1248980764013875200
1248980781269233664
1248980822763261954
1248981011674914816
1248981167354679298
1248981191874580481
1248981237655457793
1248981251047989250
1248981300297555970
1248981321935806466
1248981355385552898
1248981397122908164
1248981439858778112
1248981443302191110
1248981573854248960
1248981630603145216
1248981643446149120
1248981653449515008
1248981661599125505
1248981782332137473
1248981968210915329
1248981996770074624
1248982252781842432
1248982282565611520
1248982294561542144
1248982475268816897
1248982585931431943
1248982691610939393
1248982718672584705
1248982882233679873
1248982886012911616
1248982900642656257
1248982911782662144
1248983003641966592
1248983108269023234
1248983264087420930
1248983459533643777
1248983557164408836
1248983637376339969
1248983728174411781
1248983741688688640
1248983833266933761
1248984346192740353
1248984366409232384
1248984648044015618
1248984686677770243
1248984727161315329
1248984756752089088
1248984785818656768
1248984945873256448
1248985247540224000
1248985272257253378
1248985335515828224
1248985422174306306
1248985557746753536
1248985746675052546
1248985759723347968
1248985869874155520
1248985896529145856
1248986073788628992
1248986086233321472
1248986145733648386
1248986288197447682
1248986313027616768
1248986577574998021
1248986598529695745
1248986652950724608
1248986663344209920
1248986714426703874
1248986974767235073
1248986975756931075
1248987165742202882
1248987218691198977
1248987395141197829
1248987411889172483
1248987499881349122
1248987559096713217
1248987662003781632
1248987825371877378
1248987852580499456
1248987931857092610
1248987965973389312
1248988062153158659
1248988173310603264
1248988192541466624
1248988380483985408
1248988405721006082
1248988527188156417
1248988666086584323
1248988700047966208
1248988733237530624
1248988750107066373
1248988762832613376
1248988821250813953
1248988892188913664
1248988909385613313
1248988943476871168
1248988955237699586
1248988956290670592
1248989047634132992
1248989082593693696