1250484032200155138
1250484052886421504
1250484081583767554
1250484093885861890
1250484123032002564
1250484181869555713
1250484203545821185
1250484218242760704
1250484241365897216
1250484265470459904
1250484367291551747
1250484384274305029
1250484417069559810
1250484518533967874
1250484528692563970
1250484568400027649
1250484597881663488
1250484598380748800
1250484636133851139
1250484729595510786
1250484892871393280
1250484923963604992
1250485017626710016
1250485071791878149
1250485088263049217
1250485095137529858
1250485163504463872
1250485286032732160
1250485327015235585
1250485339690590210
1250485449681969153
1250485474654904322
1250485604329984001
1250485638350004230
1250485642519351296
1250485835201417216
1250485848916844546
1250485906542407687
1250485956878180352
1250485990461829121
1250486036834029571
1250486124960600065
1250486308482371584
1250486426975612928
1250486443534843906
1250486456524648448
1250486510941376517
1250486731650072580
1250486770657099776
1250486833437216768
1250486833454202881
1250486859337269250
1250486875351023616
1250486959853666313
1250487054716137474
1250487110747947009
1250487144008818688
1250487198312468482
1250487213852426240
1250487234261856257
1250487250447667201
1250487255086620672
1250487315836911618
1250487335566733312
1250487395830489088
1250487420849549312
1250487559311917056
1250487601292689408
1250487621337313280
1250487651439951872
1250487713616334849
1250487835909664777
1250487852502323200
1250487940041641985
1250487974531403780
1250487978893377537
1250488007406366720
1250488041942237186
1250488045993971718
1250488052599984128
1250488129049571328
1250488359971164160
1250488385749336064
1250488531153190913
1250488540657528833
1250488628943470592
1250488704407351297
1250488775685234688
1250488796967288841
1250488846699114502
1250488888675774464
1250488914416148480
1250488950247968770
1250488973681668096
1250488979763400708
1250489031034654727
1250489061124583424
1250489076031029251
1250489085585756161
1250489098193657858
1250489207421915138
1250489211515330560
1250489257908514816
1250489266519457792
1250489291479887873
1250489320357588993
1250489342025510913
1250489392101314570
1250489414280757253
1250489433234825216
1250489497030135809
1250489518102372363
1250489520862134274
1250489562616467471
1250489571604742146
1250489584397561856
1250489639636533249
1250489700059676679
1250489700843835393
1250489840287744000
1250489844834488322
1250490038024130560
1250490051026391040
1250490108337422337
1250490247521026049
1250490268664676354
1250490305763303437
1250490331449094144
1250490424516542466
1250490461585801217
1250490478459604994
1250490559967395840
1250490636081356801
1250490663222771712
1250490788603183107
1250490815639584770
1250490892659625985
1250490931813453824
1250491009978347520
1250491166203752449
1250491215692337155
1250491227423813632
1250491256779743232
1250491488888393736
1250491497910329344
1250491581821419521
1250491626927112194
1250491650440380416
1250491755277037572
1250491765813137412
1250491781713543168
1250491783349301248
1250491883656224768
1250491924751896576
1250491964883185666
1250491971896033280
1250491980104294405
1250491992468930561
1250491997158141952
1250492023859265537
1250492067479982081
1250492093124009984
1250492164334895112
1250492227270385677
1250492336699670529
1250492382308638727
1250492382837125121
1250492408153997314
1250492487183015938
1250492623938183168
1250492714271092745
1250492797758603270
1250492800774389760
1250492873080012801
1250492876397649924
1250492898388262914
1250492902251343872
1250492985143439363
1250493037316378635
1250493070992384000
1250493141414707203
1250493179918516225
1250493251389251584
1250493303939891200
1250493376539045888
1250493505312624640
1250493515492216834
1250493548652306432
1250493652788490240
1250493708056711168
1250494002127941636
1250494106540875780
1250494164875255808
1250494190405988353
1250494195074293760
1250494263667851269
1250494295183892483
1250494356387098625
1250494416718045187
1250494421231165443
1250494425152790531
1250494445021085696
1250494486922362880
1250494492815343617
1250494517775605761
1250494707731324930
1250494740170190850
1250494806285070336
1250495058912202754
1250495077731819520
1250495087953375237
1250495191825424390
1250495201564450816
1250495272217718784
1250495285492580354
1250495302387277826
1250495310377267202
1250495317457412103
1250495334603730944
1250495339955728384
1250495433979375622
1250495449137508352
1250495465810006023
1250495500811407362
1250495560815083524
1250495699394985985
1250495700317679616
1250495717338222592
1250495733767299073
1250495750976364545
1250495766847766536
1250495805309370368
1250495818144112641
1250495822535356416
1250495838499061762
1250495857876766726
1250495952286183429
1250496153650692113
1250496191013384192
1250496262526382085
1250496376078827520
1250496405195632644
1250496451769249793
1250496531175747584
1250496626566803456
1250496647550861312
1250496656220606465
1250496847065559047
1250496867986821120
1250496870654279682
1250496946332143618
1250496984147988480
1250497017152929792
1250497042532585472
1250497067618721793
1250497088552648704
1250497117975719936
1250497122287390720
1250497131770793985
1250497164373110785
1250497165979508737
1250497177530572802
1250497193695481856
1250497251404853248
1250497252344414208
1250497474839511040
1250497495442034694
1250497525100003330
1250497654729183235
1250497927656738816
1250498045021691906
1250498045063634951
1250498045285933058
1250498058057420801
1250498065737355264
1250498074537066500
1250498167172407311
1250498170477514753
1250498179348520972
1250498183496634368
1250498217478946817
1250498338757042176
1250498426682343427
1250498452166852608
1250498467715219457
1250498477722927106
1250498496207237124
1250498509884850176
1250498527496507392
1250498540041838595
1250498670455291905
1250498695436447744
1250498815527772161
1250498883081265153
1250498891981742080
1250498974328504329
1250499121586278400