1245440800340639744
1245440817432539138
1245440818061758467
1245440834083880960
1245440934826868738
1245440985032613889
1245441068973223936
1245441081493401600
1245441139999571970
1245441268190044160
1245441375132364802
1245441552530329600
1245441652413607936
1245441723167150080
1245441861226885120
1245442053359558656
1245442109764747266
1245442130283302915
1245442165028859904
1245442176580018177
1245442185467703296
1245442235400892417
1245442419551694848
1245442457233317888
1245442595792113664
1245442643317919745
1245442708895866881
1245442906267287554
1245442943877558272
1245442956343083010
1245443021916774401
1245443225055186946
1245443266931118080
1245443296131985410
1245443315366936576
1245443405213204489
1245443448536059904
1245443472896585728
1245443501678100480
1245443510175584257
1245443551397392384
1245443614517407744
1245443656737267719
1245443665574551553
1245443711611342848
1245443854263877632
1245443857929601029
1245443866234368001
1245443912577290240
1245443979421810688
1245444013269889024
1245444022111518722
1245444151312859137
1245444210624471042
1245444231897821184
1245444256338149376
1245444264827457537
1245444306695065602
1245444325217009665
1245444348952457217
1245444466405761024
1245444517098029058
1245444542167465985
1245444649881407493
1245444684236959745
1245444860968132609
1245445003075190784
1245445076815417352
1245445082737598464
1245445242402283527
1245445430969843712
1245445472963170310
1245445572816859136
1245445706263007232
1245445804309000201
1245445808570466304
1245445821417418754
1245445888878628864
1245446015311908864
1245446026607169538
1245446129938030598
1245446219587076098
1245446256761044992
1245446417159729155
1245446438030585857
1245446500458651652
1245446517286006784
1245446832026771468
1245446887223812098
1245446915589881856
1245446945268568064
1245446979242602496
1245447146423410694
1245447197690400774
1245447283832840193
1245447332297969664
1245447402238033920
1245447418943922176
1245447465698025475
1245447485419593729
1245447700365148160
1245447767503355904
1245448002430480385
1245448048672534528
1245448084617904129
1245448161235214336
1245448161855860736
1245448270501105674
1245448283373346822
1245448362737799169
1245448556279889920
1245448740443262976
1245448861306544131
1245448938108465160
1245448970958143496
1245448983616442368
1245449012234387459
1245449411775221760
1245449413050458112
1245449503743684608
1245449562728382470
1245449616683864070
1245449655128858627
1245449691631882241
1245449733725962242
1245449774603649024
1245449910972891136
1245449931755839490
1245449986206203905
1245450509403725825
1245450636252123142
1245450816497975296
1245450826203701248
1245450847175053312
1245450850635563008
1245450893891338246
1245451020437782530
1245451169138216960
1245451210569605120
1245451263250255874
1245451337107533825
1245451424558919680
1245451485808406529
1245451504351395842
1245451567152717824
1245451668348702720
1245451684958134276
1245451689257295874
1245451756512800768
1245451948930658305
1245451978001571840
1245452049845813257
1245452050005032960
1245452123162071040
1245452125964054531
1245452146352328704
1245452152446869507
1245452192363900929
1245452277030191104
1245452372861579264
1245452404943998977
1245452709416894465
1245452745718579213
1245452884516503554
1245452943383384064
1245453052422885376
1245453077181800449
1245453133742039043
1245453322053615617
1245453519492177922
1245453525896900611
1245453706671173632
1245453710693560320
1245453715647205383
1245453836896133120
1245453849294405637
1245453898426527744
1245453961017999360
1245453973303279617
1245454083701592065
1245454092069199872
1245454393090195458
1245454570953859072
1245454643712278528
1245454696128577537
1245454998802055168
1245455085695643649
1245455107493412865
1245455275164925959
1245455610881032196
1245455660726333441
1245455661439295494
1245455715633893376
1245455749045792769