1255134675519115264
1255134860529635332
1255134878225428492
1255134910802571266
1255134957199953922
1255135226050646020
1255135309198536704
1255135317398401025
1255135463586684929
1255135498521042945
1255135507165573122
1255135519190597637
1255135545073602560
1255135590640570368
1255135615525347332
1255135628263489536
1255135661989883904
1255135690976714753
1255135803430170629
1255135848397299712
1255135866428653571
1255135880315985922
1255135961530261518
1255136022427389964
1255136026986573825
1255136048012644357
1255136089632673792
1255136094078697472
1255136340548612099
1255136429119700999
1255136473587699715
1255136488037085187
1255136563647803392
1255136751561003011
1255136846713024516
1255136857479733248
1255136878279286789
1255136999834447875
1255137017182093313
1255137293574090752
1255137314457579527
1255137469332258821
1255137545131749377
1255137616132927488
1255137908425584645
1255137950733484035
1255138141364555780
1255138144317390849
1255138191448748049
1255138205747167237
1255138253725855746
1255138417622450181
1255138434647130112
1255138454968528898
1255138580214628352
1255138622879051778
1255138641745047555
1255138730626572290
1255138740470571011
1255138756715139072
1255138874872848387
1255138975624249345
1255138983933181963
1255139017118543879
1255139090384646145
1255139205807616009
1255139302587068420
1255139327174078477
1255139352293720067
1255139382182285320
1255139642141052928
1255139663553024000
1255139676576337921
1255139683870232577
1255139734474481664
1255139772772708352
1255139801876987910
1255139944655286276
1255139969426878465
1255140015442550785
1255140058153103363
1255140065694478340
1255140082488508416
1255140084052983811
1255140094760988672
1255140103573262338
1255140240706007040
1255140283915792384
1255140388601360387
1255140409656795139
1255140462203109376
1255140464535068672
1255140475750584322
1255140489528934401
1255140520902324225
1255140618839318528
1255140627932606472
1255140703388102659
1255140719984906242
1255140745100406795
1255140904807002119
1255140914172792834
1255140914973925378
1255140923207331843
1255141005101158414
1255141005126332418
1255141005415727105
1255141005734494208
1255141028308254726
1255141122877165568
1255141383179866114
1255141419620040704
1255141550335516675
1255141561408487426
1255141587333464069
1255141592094015495
1255141696116944896
1255141697333288961
1255141737598611459
1255141844389818369
1255141877738688512
1255142007275581440
1255142020311465984
1255142167032414208
1255142223999635456
1255142282761662470
1255142288319066118
1255142300037951494
1255142385018744844
1255142386730074114
1255142404807487500
1255142434125668352
1255142451880181765
1255142457139847176
1255142465713008640
1255142487938613250
1255142519328788480
1255142576228724739
1255142637058707458
1255142742180519937
1255142775223250945
1255142788271796224
1255142880059912197
1255142958128496640
1255142958451421184
1255142960355659778
1255142996330176512
1255143001489240065
1255143015716237315
1255143023366696960
1255143073631227904
1255143077355765761
1255143089477349376
1255143172449026050
1255143256226029569
1255143446609707008
1255143572585607176
1255143605284376582
1255143793960968197
1255143807038812160
1255143979407966211
1255144233402392579
1255144240176197632
1255144381440380931
1255144382103076866
1255144411396108293
1255144432883560448
1255144477355683840
1255144499291934722
1255144532640804865
1255144549988495362
1255144562198065165
1255144611850276867
1255144767983284224
1255144774991876096
1255144784416526337
1255144805014712327
1255144863693078535
1255144982064717825
1255145040105500680
1255145090382573581
1255145144472309761
1255145148943458304
1255145152974209034
1255145235522351107
1255145245869654021
1255145254526705665
1255145458915106817
1255145717095518210
1255145761915826177
1255145986688577539
1255146098806538246
1255146142888636416
1255146172336893955
1255146256340365312
1255146280386359296
1255146419918262279
1255146441577648129
1255146453942460417
1255146459491491847
1255146495113715714
1255146797791510528
1255146936404828162
1255146939902865408
1255146961641943051
1255146984911978498
1255147049177116672
1255147054440931329
1255147056001249281
1255147108111273986
1255147242257711113
1255147426580533251
1255147439398383619
1255147502715547650
1255147555412832257
1255147568624857090
1255147888423755776
1255147908959137792
1255147921705590786
1255148026877767681
1255148030510067713
1255148144389533698
1255148236056100864
1255148420227973123
1255148432655712261
1255148552663134214
1255148575849238530
1255148706707288069
1255148727053938692
1255148777435852802
1255148785929293824
1255149003999600647
1255149116700545025
1255149171629158406
1255149381235249153
1255149382439022593
1255149407265124357
1255149419642511369
1255149481911185408
1255149529210355714
1255149604200300549
1255149631010295814
1255149683745239041
1255149701214556166
1255149725352726528
1255149744793374721