1247479230331588609
1247479249541517313
1247479266440249345
1247479286715412484
1247479314787991552
1247479383989858305
1247479605730185217
1247479697769979905
1247479719013937153
1247479819660656640
1247479881589559296
1247479954197155840
1247480237467697152
1247480272880152576
1247480447149449216
1247480571065806848
1247480591198625792
1247480604284895232
1247480654708736000
1247480737877590023
1247480760178638850
1247480769594953728
1247480931365146626
1247480952735088640
1247481209757859840
1247481354687823873
1247481456244424704
1247481484719665153
1247481501320507393
1247481503350751234
1247481628164841473
1247481723891396608
1247481804526768131
1247481837196201986
1247481875695894528
1247481892359868417
1247481938274848768
1247481947737088000
1247482027508731905
1247482211835707393
1247482268748308480
1247482470980706304
1247482507894894595
1247482528388218880
1247482552702636039
1247483003628118017
1247483005657968640
1247483024901574658
1247483032417828866
1247483040546381828
1247483121269784576
1247483145492090880
1247483154585341952
1247483191486812162
1247483275666432001
1247483288245207048
1247483298080624640
1247483337717014528
1247483480121868288
1247483517480701952
1247483548593987586
1247483564880429061
1247483580076503040
1247483584736305153
1247483603061280769
1247483615547539457
1247483670048280578
1247483691594637314
1247483754316288000
1247483764323700738
1247483783365918720
1247483804996046848
1247484085452357633
1247484110198788096
1247484174942044163
1247484311651201025
1247484398230003713
1247484477875589120
1247484500310781952
1247484509362274309
1247484555298299905
1247484559270334465
1247484617726275584
1247484630330007560
1247484651561574400
1247484676274401280
1247484747967803392
1247484853202882562
1247484932185821187
1247485325825454081
1247485422185451521
1247485507929595904
1247485541358190593
1247485675043258368
1247485745885057025
1247485757557805056
1247485772506128385
1247485846682341376
1247486043143602178
1247486086495916035
1247486115659079687
1247486295846371329
1247486347197087746
1247486575249747968
1247486577254772738
1247486689934639104
1247486703008395264
1247486723766079488
1247486941592985600
1247486987680059393
1247487035641860096
1247487113689534465
1247487298343665664
1247487338894233600
1247487390312058881
1247487862972571649
1247487864121655297
1247487922867232769
1247487935303364608
1247487940185534466
1247487996049477632
1247488065532129281
1247488231135985664
1247488304905404417
1247488356134641664
1247488404960563206
1247488514536562689
1247488594475966467
1247488707587956737
1247488719294062594
1247488908956483589
1247488979345108992
1247489004750151685
1247489072169353216
1247489113390845952
1247489156441419776
1247489294312378369
1247489521895313409
1247489708676067329
1247489924116422657
1247489928121942018
1247489986842234880
1247490029980733441
1247490051493318656
1247490208783839232
1247490217042300928
1247490276324716547
1247490438560387074
1247490542688182273
1247490573738655744
1247490590956236800
1247490592763981827
1247490727224971265
1247490787790794752
1247490942954876930
1247491030905208833
1247491039113461761
1247491044364759040
1247491126438825984
1247491198215958531
1247491299470532609
1247491396107300864
1247491420480397313
1247491462587088896
1247491492840648706
1247491602047795201
1247491828934250496
1247491835158642693
1247491902242463744
1247491924270833667
1247491968977883136
1247492056827801600
1247492067065917441
1247492071260327936
1247492105708191744
1247492108346363904
1247492167632855042
1247492226189426688
1247492310247657473
1247492532575051777
1247492540946878464
1247492637654949888
1247492728591724544
1247492729468149760
1247492751198912514
1247492855712468992
1247492923005927436
1247492956078182405
1247492985106968578
1247493042652827651
1247493071643848707
1247493459272970240
1247493576931631105
1247493623115120641
1247493637405097986
1247493648452911104
1247493814169694208
1247493870809681926
1247493887633039362
1247493902506110977
1247493967303892993
1247494058387419137
1247494181150392321
1247494218953736192
1247494281532592129