1250197195636330496
1250197213755539456
1250197216934813698
1250197303207407616
1250197371343994883
1250197493650018304
1250197657391435776
1250197778816536577
1250197791235866625
1250197808671571971
1250197825348153344
1250197858579513347
1250197905438396417
1250198223542792199
1250198261853376512
1250198404308885504
1250198630134362113
1250198735360933888
1250198769167196160
1250198919797071872
1250199370038902784
1250199382072397825
1250199391119347712
1250199402238664713
1250199515321249797
1250199602881597441
1250199827360681995
1250199856746029062
1250199905743896576
1250199997498327040
1250200014967586817
1250200077890715651
1250200132009762823
1250200228306837505
1250200362314678272
1250200413443252224
1250200712337862656
1250200848870912001
1250200865631342597
1250200950217887746
1250201013061070849
1250201088067846147
1250201285602631680
1250201286420492288
1250201394549870600
1250201436207669248
1250201491190792197
1250201612863201280
1250201631536357377
1250201679527624704
1250201956469129217
1250202077625630720
1250202178503016449
1250202199516418051
1250202220798279682
1250202237307142146
1250202501342789634
1250202648856236034
1250202711284473856
1250202728623726603
1250202832676032513
1250202844239663104
1250203034619203585
1250203084787265536
1250203449486163968
1250203475360665602
1250203509523390464
1250203516552933376
1250203613479067648
1250203629815988225
1250203692986335233
1250203844233043968
1250203890835951617
1250203953041563650
1250203957378637827
1250204183430602757
1250204819475902464
1250204957149745152
1250204980847480832
1250205006097244162
1250205161080926215
1250205222560989184
1250205324285546496
1250205324977434626
1250205374902341634
1250205739215400960
1250205865279459328
1250205888679497731
1250205920384016384
1250206197313126407
1250206301600309250
1250206372446310402
1250206385041702912
1250206503014993922
1250206582962561024
1250206587576295430
1250206770443595776
1250206882561765376
1250206955903295491
1250207348590870529
1250207367431622657
1250207463120527360
1250207501787725829
1250207795414261762
1250207874967535617
1250207916080201728
1250208168258547713
1250208214567784449
1250208301830361088
1250208306859294722
1250208394528448512
1250208464070225922
1250208481833082880
1250208529551687680
1250208622308659206
1250208646832836610
1250208672006860800
1250208772317798402
1250208803993210880
1250208864357646336
1250208890815307776
1250209308878548995
1250209397441167367
1250209418635096071
1250209540156645380
1250209546934648841
1250209891643297794
1250209899771985920
1250209910513598464
1250209988758450178
1250210135143665664
1250210182027792386
1250210252169109504
1250210290509254656
1250210357823574017
1250210630314803200
1250210651886227457
1250210818844774401
1250210852495667205
1250211138568097793
1250211167177326595
1250211250757423113
1250211314384896005
1250211338678386688
1250211427203178496
1250211582237261824
1250211599173836800
1250211762806435848
1250211785736667137
1250211833975394305
1250211876690178049
1250211947309457408
1250211951419904001
1250211977168916482
1250212095314006016