1252567762452525056
1252567770178486275
1252567782987911169
1252567786683072513
1252567828865179653
1252567841754304513
1252567937774428160
1252567951053635584
1252567980048670721
1252568011824705541
1252568014450495488
1252568022197456896
1252568102728015875
1252568152711593989
1252568177336344581
1252568185670434817
1252568282873225216
1252568355892068353
1252568439652261888
1252568479359696897
1252568509105799170
1252568535420637184
1252568538302181378
1252568559248535554
1252568571668041728
1252568672562024451
1252568705453690882
1252568706535657475
1252568797204090881
1252568848257224709
1252568859497738242
1252568885376712704
1252568897905016832
1252568936085938177
1252568978582646784
1252569051412475904
1252569109058908160
1252569109340065792
1252569146577035266
1252569167905148928
1252569263891795970
1252569355646271489
1252569378169720833
1252569398256242689
1252569590955233281
1252569608495783938
1252569658550636544
1252569662036021248
1252569770865631233
1252569775869485062
1252569792172756992
1252569809604218880
1252569912888840193
1252569960867442688
1252570006199689217
1252570110549729280
1252570219672993792
1252570289428475905
1252570366700130305
1252570387482894338
1252570446295375873
1252570475785531392
1252570521994174467
1252570622472777728
1252570647235944448
1252570827737968646
1252570937716699137
1252570941579804673
1252570948399779841
1252571030133936128
1252571033737089025
1252571053404143617
1252571057632022530
1252571276729815040
1252571352424501248
1252571373630746624
1252571402626048000
1252571407579402240
1252571461681737728
1252571533484142592
1252571536722219010
1252571550114512897
1252571556880044034
1252571599955546112
1252571641885982720
1252571684462346240
1252571700534947841
1252571838254899201
1252571886367670272
1252572035680735233
1252572070266974210
1252572078710161408
1252572176017952768
1252572252710883329
1252572372135223296
1252572397749837825
1252572535268478978
1252572564582535168
1252572782795411456
1252572791255240704
1252572862369738752
1252572882040807426
1252572884079382529
1252572942564720648
1252572963129503745
1252573004573347843
1252573040451387392
1252573114606792704
1252573369549103105
1252573386817056781
1252573429485707265
1252573474683359232
1252573495357091840
1252573504723054593
1252573567339945984
1252573596787961858
1252573606997037057
1252573690623033344
1252573705483493376
1252573709166088192
1252573739776118791
1252573871456219137
1252573906386350080
1252574032966418434
1252574136431304706
1252574141590327296
1252574288315588610
1252574372176502784
1252574385350860800
1252574493870043143
1252574652905467905
1252574699994963968
1252574711671918593
1252574806442233857
1252574814751072258
1252574908967780352
1252575001896718339
1252575034775830528
1252575068179386368
1252575076060299265
1252575123716157440
1252575240238104576
1252575240695226369
1252575278242635782
1252575309662216192
1252575311163584512
1252575311843262469
1252575313235709954
1252575319120392192
1252575379321229312
1252575476826230785
1252575503933939714
1252575572460474368
1252575627640737795
1252575681113964544
1252575681424371713
1252575731185602561
1252575769706090496
1252576171629465601
1252576221441019910
1252576239031922688
1252576247814766592
1252576280844947457
1252576306094583808
1252576375497805824
1252576469278212096
1252576497770037249
1252576540514226176
1252576683657441280
1252576721355800576
1252576728217763840
1252576745745768448
1252576788850630657
1252576867950919685
1252576902273019906
1252576908891557889
1252576918576205824
1252576971537571845
1252577002458054658
1252577204061368323
1252577211619704833
1252577216229183489
1252577285342818305
1252577309028204547
1252577338128322562
1252577354670579713
1252577391244972038
1252577430583349248
1252577513336737799
1252577547327541250
1252577571310456832
1252577618794332163
1252577660540080128
1252577689610997763
1252577782426750977
1252577873870884864
1252577983610736640
1252578067517669376
1252578382581301248
1252578495517114368
1252578519776997376
1252578582951411713
1252578587250737153
1252578637964087298
1252578798735953921
1252578809351680002
1252578864682934272
1252578994228203521
1252579018660089859
1252579149040025605
1252579149639757824
1252579304812056578
1252579330108071940
1252579341701206016
1252579473595260928
1252579497808887810
1252579501688492033
1252579539798155270
1252579554394173441
1252579617153695745
1252579645138128897
1252579757700628481
1252579808392798208
1252579861715017728
1252579950940393472
1252579963137646592
1252579964542738438
1252580060281921536
1252580106268221443
1252580249558069249
1252580348938145794
1252580491796062208
1252580596779532288
1252580680351002624
1252580722814210049
1252580725301186567
1252580793681162240
1252580810340925440
1252580919417999362
1252581083574448128
1252581104554577922
1252581158338035712
1252581196263014400
1252581498491932672
1252581532323233795
1252581607430643714
1252581702427455488
1252581725278011392
1252581959395676161
1252582053549412359
1252582152132272129
1252582156850933763
1252582156964110337
1252582328737468416
1252582338518753280
1252582342981451777
1252582345972027393
1252582358462672896
1252582462510809089
1252582512943120389
1252582538616492032
1252582605662404609
1252582622821093378
1252582683034767361
1252582747434102784
1252582811447394305
1252582831752122370
1252582841927548933