1245350211909603330
1245350215953133568
1245350300262768643
1245350304360660993
1245350320760291329
1245350400666017794
1245350438528040966
1245350474108321792
1245350658422607872
1245350664290656257
1245350669319639040
1245350702832144385
1245350756674387974
1245350756984774656
1245350765331439616
1245350769680715777
1245350769798365186
1245350782532308993
1245350862282686464
1245350908348620800
1245351159776317440
1245351176461119489
1245351193397932033
1245351222653128704
1245351249895178240
1245351323643625475
1245351331906220039
1245351373761282052
1245351600148729856
1245351696177532935
1245351747218026498
1245351818613460994
1245351826653884416
1245351927203778565
1245351944429998080
1245352032183242765
1245352087103385600
1245352153343983617
1245352180040826883
1245352221325352962
1245352320403210241
1245352359343120384
1245352362987999233
1245352372207001600
1245352720451735558
1245352742287106049
1245352925976805380
1245352942753820672
1245352950760902667
1245352984701214720
1245353028573491200
1245353045661188096
1245353068499062790
1245353106151321601
1245353127118692352
1245353152041422849
1245353358841581573
1245353504287404034
1245353573141155841
1245353581395484675
1245353710143836160
1245353721208463366
1245353727097094150
1245353729915645952
1245354035940429832
1245354045293965313
1245354189586411520
1245354196796350465
1245354282527973377
1245354389595963392
1245354423028613122
1245354595007643649
1245354752646565891
1245354904094265344
1245354915620425730
1245354939628630023
1245354981106102273
1245355051486494720
1245355194994622464
1245355234882289667
1245355243518427141
1245355257330192385
1245355319955320832
1245355423802236930
1245355441871155201
1245355455251017730
1245355488440713216
1245355525941997569
1245355574440513536
1245355596683100161
1245355611358822400
1245355673073967104
1245355773216968705
1245355878330466306
1245355899105030144
1245356088301694982
1245356096786706432
1245356209462333441
1245356306388717574
1245356378899636225
1245356414635331588
1245356453931749379
1245356633405788163
1245356906069327873
1245356931277094912
1245357007818731520
1245357082204942336
1245357216800165889
1245357250849406977
1245357262018875392
1245357267182137344
1245357308806381568
1245357422182621184
1245357426309615616
1245357493246660608
1245357501609992192
1245357507477995521
1245357527187034112
1245357566949044225
1245357581545209856
1245357639820689408
1245357682279809026
1245357803671339008
1245357904489742336
1245358034299301892
1245358320363454464
1245358353091526656
1245358485962756096
1245358504942190592
1245358511279624192
1245358529302556675
1245358571514138631
1245358655169421313
1245358758315749376
1245358810220228612
1245358887366275075
1245358994593636354
1245358999056216064
1245359065473171456
1245359158582374400
1245359275238739969
1245359347367997440
1245359351331729409
1245359452712316928
1245359506453712897
1245359523587657729
1245359533406539776
1245359636384972818
1245359795655368711
1245359816018661378
1245359854660837376
1245359876525572096
1245359972201848834
1245359984935870466
1245359984973619205
1245360056306143233
1245360090451857414
1245360123163430912
1245360135817637888
1245360144281722882
1245360219917606919
1245360233750368257
1245360260744953856
1245360270525870085
1245360370954403840
1245360470732820488
1245360513229316096
1245360576009773058
1245360664316653570
1245360688597516289
1245360716405768193
1245360789290209282
1245360823435956225
1245360899327737858
1245360958740070401
1245361043494354946
1245361112989626369
1245361322767708163
1245361382582779904
1245361394175873025
1245361406205210624
1245361416028270592
1245361473892659202
1245361532726378496
1245361585691848705
1245361684203606019
1245361742244438016
1245361758807588876
1245361788260098048
1245361880878796801
1245361889493880833
1245361928123191296
1245361993747501057
1245362019219451907
1245362300627881987
1245362317119746051
1245362318592167936
1245362323109232648
1245362371301740544
1245362537064849408
1245362540936343552
1245362576130576390
1245362639846420480
1245362707047440385
1245362727700307970
1245362941798617088
1245363228613492736
1245363325896196096
1245363423564701697
1245363520394362886
1245363566544171008
1245363573913800705
1245363732882034689
1245363832114970624
1245363864415481857
1245364028119146500
1245364070011809792
1245364116027510785
1245364143894519808
1245364186164543488
1245364350812110849
1245364454260441089
1245364456076513280
1245364456126926849
1245364594295672833
1245364636691685384
1245364762004934657
1245364942271725568
1245364970319040516
1245364984592207877
1245364986429558784
1245365123016949760
1245365146857472001
1245365178797101056
1245365239803191305