1248491007903027200
1248491103826743299
1248491163532685317
1248491210399813633
1248491331514544128
1248491343896170496
1248491359910023168
1248491360488837121
1248491456341217283
1248491497642536969
1248491552747347969
1248491597110505472
1248491608212770817
1248491842460512260
1248491843647488001
1248491917366587392
1248491989789634562
1248492047759077377
1248492178969464833
1248492204361797640
1248492307889803264
1248492384096104449
1248492416677494793
1248492492711849990
1248492556305883141
1248492582595743745
1248492658256830466
1248492664317603841
1248492765249323008
1248492795179831301
1248492823923417090
1248492883088302081
1248492958904504329
1248493046179573760
1248493163636879365
1248493164668678144
1248493185279524864
1248493264618934277
1248493301847617538
1248493333757882368
1248493340581957633
1248493407162392582
1248493538246946816
1248493561751801858
1248493616823021568
1248493658900279301
1248493743507828742
1248493876211408896
1248493927025401861
1248493927381889024
1248493986496401408
1248494015294492673
1248494040758120448
1248494044126167044
1248494044419747841
1248494082516643845
1248494110777827329
1248494191765680139
1248494204264693764
1248494208018599936
1248494224334409729
1248494283524468741
1248494321415761922
1248494366898802690
1248494467658604544
1248494468682006529
1248494559849373702
1248494564593135617
1248494594527916034
1248494950582349825
1248494953019240455
1248495072632397826
1248495111295524869
1248495156036157441
1248495173132140548
1248495223564406784
1248495249149685760
1248495260906344448
1248495311665811457
1248495332565995521
1248495353352970243
1248495485804933125
1248495513197924358
1248495550451740673
1248495588858933250
1248495683998384134
1248495743234486273
1248495748150218754
1248495804328767495
1248495890429399043
1248495978664976385
1248495982251139078
1248496008008359936
1248496057522089984
1248496070302134273
1248496075087818755
1248496163151466502
1248496405649354753
1248496419670872064
1248496433172377602
1248496444106870786
1248496507105333249
1248496514655117316
1248496525900050433
1248496527196090369
1248496540114513921
1248496561752965120
1248496578119102468
1248496598553772036
1248496606845865985
1248496619256872964
1248496652446388224
1248496670091833344
1248496720247287808
1248496770939674624
1248496783447060481
1248496786685063168
1248496800459157504
1248496812052242432
1248497006353330176
1248497044227948544
1248497063832113155
1248497106102308867
1248497116617428992
1248497131708493825
1248497203183681536
1248497203875741697
1248497227816812544
1248497378979528707
1248497409216245760
1248497579983175680
1248497613856337922
1248497630323159040
1248497810783125504
1248497845474230272
1248497911719051264
1248498017369354243
1248498249784119297
1248498259833704448
1248498377387466752
1248498439240867840
1248498503271108610
1248498658506506243
1248498789335183362
1248498838546960386
1248498930926510080
1248498958051098625
1248498965005225986
1248499128440459265
1248499173789282308
1248499249278377985
1248499254428987393
1248499316638941189
1248499361471819776
1248499388025950213
1248499505458073601
1248499551574446081
1248499773688008704
1248499774115811328
1248499847268687872
1248500013442842625
1248500101892329476
1248500104203399168
1248500117860020227
1248500126525452289
1248500139263549440
1248500242820894722
1248500328527323141
1248500495594819585
1248500529069568018
1248500680106508288
1248500690197950464
1248500789456191491
1248500839288672257
1248500962752442368
1248500969362489347
1248501070910767104
1248501076090740739
1248501094860206082
1248501216562176001
1248501242386472962
1248501280848265218
1248501317204471808
1248501317313560576
1248501359336280075
1248501401069563904
1248501409621790721
1248501456237244425
1248501494355120129
1248501568929853440
1248501585686089730
1248501602639466496
1248501695656497152
1248501726149132290
1248501809263431681
1248501946299731969
1248501947692273664
1248501983809400832
1248502395870445568
1248502503215251456
1248502567971086336
1248502592029638658
1248502671813652481
1248502726230605829
1248502797814792195
1248502873719050242
1248503021627043848
1248503193513984000
1248503301441605634
1248503521332178946
1248503631768424448
1248503649594040320
1248503712546304001
1248503758331338752
1248503774328410112
1248503858801696770
1248503884017876996
1248503935930789890
1248503997515751431
1248504298062794752
1248504698480390144
1248504911618170885
1248505138014109696
1248505142493581313
1248505226635522052
1248505272827437056
1248505287314526208
1248505327164649473
1248505361084145664
1248505365563453441
1248505510384418816
1248505511030345729
1248505519691583488
1248505558551814146
1248505579414458369
1248505596049084416
1248505625262391296
1248505650230882305
1248505694883434503
1248505830724550656
1248505957203742720