1247177259120820226
1247177264665509889
1247177342868307977
1247177439031242753
1247177486263345152
1247177536318078978
1247177644057038849
1247177716262219778
1247177719080779777
1247177741046173699
1247177770058371072
1247177842011627521
1247178094143668224
1247178364840030208
1247178383194292227
1247178428576485378
1247178437674008576
1247178441792860163
1247178450215059457
1247178521186832385
1247178533195198465
1247178588425576450
1247178882463207425
1247179021231759371
1247179063179042819
1247179071043272704
1247179077276049408
1247179095240249345
1247179103561605120
1247179138793762816
1247179163439476739
1247179175808700417
1247179184616529920
1247179292926193668
1247179512695021568
1247179610262913024
1247179784968339457
1247179854379958272
1247179866677497856
1247179921111351301
1247180036312104962
1247180096445841409
1247180132919308288
1247180300544888833
1247180412490854401
1247180462654722048
1247180697065926656
1247180916893548547
1247181000733573120
1247181015568678912
1247181025622380546
1247181050716946433
1247181050863853573
1247181076692258816
1247181181319249927
1247181256670031873
1247181423636893698
1247181562409558016
1247181575021834244
1247181641665204225
1247181751421743105
1247181859714412545
1247181873090093058
1247181952412725248
1247182031588593667
1247182049020166144
1247182298212175872
1247182321612025857
1247182452164100098
1247182497990893568
1247182610922713089
1247182616878555139
1247182665729507333
1247182707882254336
1247182861804826624
1247182874807136258
1247182912996257795
1247182925524803585
1247183093980631041
1247183119851171842
1247183143066570752
1247183240387014661
1247183353910042625
1247183403948130309
1247183554557235200
1247183688821100544
1247183697524035586
1247183769859239943
1247183815061262336
1247183920279556096
1247183949257990151
1247183995596615681
1247184053956014082
1247184058573963264
1247184066459435010
1247184288828686337
1247184336773730304
1247184342457004033
1247184359158738947
1247184410476044290
1247184477048066049
1247184502549610496
1247184614369759232
1247184620094803968
1247184631042125831
1247184653645017095
1247184695432970240
1247184699996413954
1247184805273440262
1247184905420910593
1247184926438547457
1247184997871767554
1247185038980141057
1247185115136081920
1247185147826446336
1247185224179515393
1247185244861562884
1247185253833244672
1247185266256666626
1247185287228375040
1247185308455559170
1247185351090663426
1247185386167648258
1247185429943578630
1247185491847454721
1247185576471609345
1247185652321521664
1247185675029344256
1247185694297968640
1247185792889278465
1247185808307523588
1247185883192836096
1247185897596112899
1247185932916330496
1247186003904745472
1247186045994782722
1247186084137783296
1247186088281718797
1247186142396645377
1247186172264304642
1247186192619188226
1247186398752497664
1247186414862729216
1247186436421369858
1247186588142047232
1247186662670680066
1247186672321736709
1247186691909210112
1247186738289815554
1247186782053072896
1247186809794080768
1247186847312285696
1247187119900176387
1247187235797118976
1247187316210372610
1247187329858469890
1247187348317712385
1247187348762382338
1247187367322161152
1247187373982732290
1247187380160749570
1247187401421795328
1247187437790457857
1247187619102052352
1247187702434299904
1247187745400713217
1247187769866072066
1247187849977270272
1247187932529733632
1247187938213011458
1247187942180700160
1247188005296594945
1247188169549729793
1247188172636737536
1247188172800503809
1247188223337672705
1247188294598717440
1247188313800421378
1247188325640933383
1247188327448576001
1247188330003017729
1247188531295985664
1247188564439437313
1247188566737743872
1247188596441919488
1247188608978583553
1247188663169146880
1247188777136775168
1247188806438195206
1247188813329334277
1247188953410621441
1247189004312891394
1247189005093015552
1247189022268469250
1247189032586493953
1247189162593304576
1247189210244792323
1247189221321957376
1247189241295245314
1247189259028697090
1247189343392784385
1247189460279754764
1247189490860544000
1247189499718885378
1247189508812087297
1247189510745509889
1247189512159199232
1247189585685295106
1247189593499320320
1247189622972723204
1247189634343460865
1247189662042652673
1247189687967444995
1247189707743809536
1247189733781970946
1247189779206168580
1247189779298635779
1247189946911383554
1247189988971671552
1247190081548562437
1247190316400214017
1247190336620855302
1247190358875914242
1247190370217160709
1247190584449806338
1247190657095041024
1247190749583740934
1247190762703458305
1247190852650315776
1247191028962033666
1247191072880525313
1247191100432871425
1247191100512665601
1247191299532312584
1247191322592595977
1247191331895676929
1247191347792093184
1247191381359104002
1247191398501224448
1247191399092629507
1247191423805296640
1247191491023339520
1247191553367474176
1247191636779597824
1247191712906260482
1247191816236982274
1247191965000663041
1247191972869214208
1247192111247589376
1247192199558844416
1247192292085112832
1247192312209432579
1247192337719218183