1249940663212228609
1249940689179283461
1249940718300344322
1249940763993165825
1249940857936957441
1249940954326487041
1249941098471931904
1249941099264671744
1249941167468425217
1249941326725959680
1249941349358374912
1249941351199682560
1249941406778445824
1249941422947647488
1249941439141875712
1249941481994911744
1249941495064326144
1249941507886505985
1249941603923292161
1249941626241212417
1249941654217334784
1249941658533269504
1249941989639897089
1249942045537505281
1249942203037880320
1249942283664982016
1249942387859894272
1249942392750444544
1249942400543469569
1249942412836974597
1249942455530795009
1249942492872572928
1249942531720114176
1249942870909489152
1249942957869780993
1249942963943284736
1249943005232017408
1249943079739707392
1249943138828877825
1249943179538755584
1249943182101676032
1249943264314060802
1249943425689894913
1249943595911528448
1249943680305246209
1249943838908653568
1249943855610257418
1249943931061776384
1249944121105514496
1249944228639191041
1249944272016510978
1249944522496176128
1249944557019525120
1249944636325605376
1249944657716555776
1249944741631885313
1249944888818438146
1249944895932039168
1249944989813084160
1249945051305848834
1249945060168228864
1249945164304379904
1249945235704119296
1249945337831317506
1249945399604826113
1249945462003486720
1249945492068450305
1249945558308892672
1249945592706428928
1249945772692553730
1249945773627899906
1249945780669956096
1249945809505988608
1249946187588927489
1249946255100268544
1249946305641746432
1249946343050641408
1249946343726108673
1249946345059676160
1249946406355337216
1249946423480553478
1249946435786690561
1249946463536214017
1249946637688070144
1249946766155427840
1249946827241250817
1249946833494786050
1249946839853535233
1249946840268562432
1249946876406710272
1249946972225556480
1249946993214054401
1249947030732095489
1249947053217574912
1249947168745676803
1249947170549219329
1249947253592203272
1249947257492783104
1249947517577342977
1249947542566998016
1249947638977396736
1249947652474757120
1249947907685404674
1249947970734194688
1249948021426737156
1249948096164962304
1249948192814161923
1249948197126094859
1249948316533575680
1249948478001704962
1249948637263572999
1249948816947716096
1249948885126168579
1249948977883209728
1249948980986802176
1249949165460664322
1249949166614097920
1249949279071768577
1249949392393474054
1249949561004724225
1249949572417368066
1249949602008178693
1249949673789374464
1249949781356511232
1249949785466920961
1249949952375209986
1249950225344516097
1249950495982174208
1249950511295426560
1249950567553589249
1249950722608771072
1249950865466720256
1249951076549353473
1249951151455420416
1249951191900901377
1249951200344064000
1249951233886097409
1249951257701142528
1249951288302936064
1249951412504707072
1249951562589450247
1249951602573602816
1249951733310242817
1249951758174113792
1249951982342848512
1249952004211765248
1249952056368119816
1249952056519143424
1249952094582239232
1249952102069272576
1249952110629638144
1249952135770329089
1249952245124419585
1249952248974761985
1249952659684986880
1249952731864772608
1249952853356974080
1249952987046383618
1249953030935580672
1249953246224900096
1249953260196093952
1249953280639279105
1249953290499940352
1249953310225969152
1249953733217320960
1249953760610267137
1249953821868150784
1249953973169205250
1249954019700813827
1249954043859886083
1249954077645189121
1249954340699172864
1249954342041419776
1249954450912903168
1249954453760946176
1249954504901967876
1249954518298767361
1249954844804132866
1249954853784145920
1249954862839869445
1249954972441047040
1249955023624306688
1249955064069980160
1249955305984671749
1249955348171161601
1249955381608144896
1249955455545348098
1249955466047873024
1249955478840410114
1249955546037452800