1251254105764278272
1251254164241424385
1251254185959579656
1251254249704521734
1251254266301480966
1251254310572380162
1251254316721147907
1251254328352014336
1251254469263790088
1251254607453532161
1251254684162985984
1251254766832889857
1251254869337530368
1251254932323405830
1251254966129475585
1251255129862438918
1251255145922473992
1251255184048754689
1251255238138494976
1251255238410960896
1251255444657463297
1251255494347575297
1251255501976817664
1251255524152102914
1251255570205511680
1251255586051645440
1251255632998666241
1251255656339955714
1251255918966247424
1251255937857437705
1251256161577259009
1251256172096692224
1251256210252169217
1251256220008112129
1251256228153569281
1251256245455069189
1251256308071837697
1251256359980380160
1251256459263909892
1251256570333130753
1251256677460041728
1251256744183050243
1251256869798076416
1251257196895232000
1251257536931672064
1251257695589498880
1251257710236008449
1251257754695720960
1251257772047511558
1251257835050147843
1251257846479511552
1251257939962105857
1251257943925723137
1251258025404518405
1251258029863063552
1251258075987787789
1251258212336103425
1251258266232983556
1251258594151948289
1251258627618267136
1251258690625142784
1251258770098810880
1251258794765504512
1251258849845112832
1251258895978377216
1251258968305008650
1251259131182358529
1251259155698065409
1251259184894672902
1251259215672340480
1251259336694751238
1251259456408752128
1251259638256934912
1251259691549765633
1251259783493099520
1251259826895806466
1251259873251246080
1251260131611836417
1251260145033719808
1251260179225559041
1251260523485659136
1251260561590910976
1251260924486389770
1251260935882387456
1251260959311757312
1251261004912242689
1251261081097551877
1251261262526386178
1251261387269079041
1251261491824689153
1251261522233491458
1251261588797034496
1251261589250027525
1251261655511523328
1251261656182767618
1251261718300438528
1251261756174819328
1251261770288762881
1251261781340753922
1251261804745023493
1251261882544971776
1251261885334392832
1251261928657137664
1251262024903991303
1251262030427947009
1251262071213158400
1251262146408841216
1251262209218482176
1251262382753660940
1251262540979421186
1251262565935538176
1251262570406842373
1251262707338182656
1251262708764356608
1251262729542926343
1251262784186331136
1251262828394115072
1251262843468550146
1251263043079753729
1251263065443762176
1251263119491575814
1251263404381097985
1251263455077601283
1251263602134261760
1251263642428981253
1251263646300278787
1251263765418512388
1251263798201200641
1251263845127118855
1251263996868558849
1251264046675963909
1251264197645778951
1251264197771628544
1251264255585738752
1251264269188030465
1251264331523796992
1251264336389124102
1251264410603196417
1251264424574418944
1251264436825985037
1251264445323640833
1251264458736967681
1251264491284807682
1251264507600490496
1251264570926260228
1251264574805942273
1251264625926189058
1251264642665418753
1251264667684659200
1251264696818241536
1251264701838868481
1251264873260036096
1251264960979709952
1251265007196811265
1251265011093307393
1251265077979705345
1251265225573240835
1251265241813528579
1251265263145811971
1251265265486254081
1251265317139099650
1251265363330961408
1251265447749660678
1251265452002533378
1251265535444164614
1251265577806712832
1251265702738051072
1251265766508265472
1251265782543118336
1251265904404561920
1251265910498787329
1251265922616242179
1251265951225589763
1251265971752402944
1251265979864268801
1251266122898259969
1251266131517755399
1251266158080262149
1251266168867913729
1251266188379906051
1251266223159095296
1251266291895119872
1251266292784361472
1251266298065022977
1251266298853523457
1251266421889200133
1251266562859896838
1251266605570576395
1251266718204416000
1251266799645028352
1251266950451220480
1251266957644648449
1251267008303452161
1251267028905684992
1251267054059032576
1251267060090335232
1251267092680192003
1251267116856213504
1251267120740151299
1251267135759777792
1251267199353880576
1251267204970094594
1251267234045067264
1251267238142894081
1251267288118034432
1251267390974898176
1251267439884734469
1251267448545792001
1251267451758632962
1251267490648334338
1251267666356121600
1251267721217675265
1251267776007700481
1251267890260709376
1251267908862308353
1251267934514806786
1251268102979010562
1251268140371193857
1251268216497664000
1251268312132190210
1251268348664410112
1251268366943293440
1251268418248101894
1251268433469034502
1251268505049026561
1251268631037538304
1251268747517554688
1251268756900179968
1251268761069502464
1251268790664527879
1251268970054909953
1251268987423506433
1251269180114026496