1248928784926920704
1248928800945119234
1248928815490924545
1248928867651178499
1248928880771108865
1248928909652967424
1248928966968303616
1248929132827688960
1248929174271578113
1248929195700305920
1248929330257936386
1248929378232238080
1248929479868768257
1248929492862521344
1248929552144814080
1248929937483894784
1248929984204455942
1248929990588223488
1248930049933393921
1248930056245776384
1248930069629853697
1248930107709747201
1248930113518997504
1248930164261740544
1248930295492931584
1248930327755730945
1248930339902218241
1248930348483907587
1248930354309840899
1248930415621976065
1248930747085455366
1248930784481861632
1248931109066485762
1248931187986501632
1248931200321892352
1248931371608936448
1248931452026122241
1248931456480620544
1248931533907361794
1248931707434045442
1248931812732104704
1248931833204682752
1248931841282691074
1248931891966869509
1248931900892143616
1248931937323974656
1248931958584782848
1248931963370704896
1248932150004592640
1248932243969581056
1248932270221619202
1248932340023226368
1248932349036781570
1248932391349030913
1248932420344299520
1248932487981563907
1248932496168763393
1248932508382576640
1248932525218476034
1248932575680356353
1248932580126154752
1248932647558144000
1248932655632134144
1248932688641183744
1248932689006166016
1248932777451388928
1248932885517742080
1248932906715590656
1248933037578104836
1248933068431335424
1248933090791051264
1248933151092736005
1248933171628032002
1248933192184324101
1248933209074737152
1248933301831770112
1248933452755304449
1248933501321326592
1248933506094333954
1248933514961133569
1248933522880049152
1248933621165146114
1248933624323297280
1248933641742249984
1248933743487635456
1248933758511742978
1248933827663278080
1248933829525430275
1248933934680788992
1248933951286046720
1248933977328619520
1248934072933638144
1248934098325794817
1248934122556239874
1248934194706776064
1248934543253520387
1248934556339712003
1248934590082961408
1248934617928925185
1248934627571531776
1248934802344022018
1248934828134690818
1248934828562677760
1248934848665960448
1248934878214860800
1248934911735717888
1248934984011919362
1248935025640382464
1248935075867242497
1248935155651280896
1248935323138170880
1248935403131793408
1248935506928218112
1248935729171812352
1248935889247408128
1248935969253883917
1248936195679125504
1248936207989592064
1248936316861063168
1248936330228191238
1248936336133894144
1248936418040254464
1248936446808838144
1248936636106379264
1248936803987410944
1248936846094209024
1248936849596440577
1248936908689797120
1248936912473083904
1248937005028950016
1248937072557092867
1248937218372251648
1248937222830731264
1248937269827952643
1248937314954301441
1248937420323577856
1248937583381336065
1248937637085360128
1248937648472932352
1248937672204263424
1248937696703041536
1248937742987386880
1248937746766454785
1248937810872107009
1248937848025296896
1248937902123474946
1248937919294902272
1248937961284145153
1248937974445867009
1248937977612394496
1248937987183980546
1248938036848705536
1248938057832726528
1248938087142395909
1248938091152322566
1248938133858762752
1248938204587229185
1248938225621766145
1248938326373142529
1248938405821546498
1248938505893564416
1248938536205721600
1248938619664060417
1248938627435986946
1248938640979484676
1248938657702121475
1248938716934148096
1248938787603963907
1248938800304345089
1248938875650740225
1248938899969171456
1248938913722445824
1248938918013173761
1248938955854295040
1248938992994865153
1248939009834795008
1248939098108280835
1248939148368580609
1248939164890017792
1248939395882930178
1248939441533505538
1248939476304437248
1248939561834643457
1248939593157816320
1248939613441400832
1248939651869655040
1248939740121841665
1248939766910980097
1248939857000443905
1248939916127584256
1248939940525867009
1248940036990492673
1248940050118774784
1248940053872566273
1248940129315676160
1248940141797916675
1248940191798231040
1248940229924356096
1248940230406811648
1248940491086819328
1248940502533246979
1248940591158870017
1248940770494566400
1248941211697774593
1248941249278722049
1248941823751532545
1248941853312942080
1248941895440568321
1248941906744291328
1248941953447800832
1248941984108228608
1248942050264875008
1248942069168693248
1248942096641167360
1248942117931692032
1248942188853166080
1248942398908088320
1248942419699269632
1248942642341113856
1248942642441920512
1248942692178026496
1248942697378971649
1248942738256670720
1248942885850021890
1248942940254339072
1248943011653976064
1248943036505210881
1248943209796993024
1248943266726400000
1248943333843578880
1248943447429599234
1248943488902840320
1248943584893644800
1248943643982827521
1248943644440244224
1248943780176240641
1248943783309426688
1248943799981821953