1254319307640770561
1254319311176347649
1254319348992409600
1254319354113482757
1254319356311371778
1254319521428635648
1254319622754533376
1254319882226798593
1254320340144205824
1254320404610473984
1254320506871992320
1254320718159810561
1254320781322051584
1254320855708053504
1254321102660091905
1254321106640441344
1254321391135907840
1254321438112309248
1254321580601012230
1254321585168830464
1254321983686410241
1254322008957083648
1254322096009891840
1254322302696607746
1254322419524927489
1254322945213845505
1254322975731355649
1254323178760884224
1254323221496815623
1254323238781493249
1254323252186488834
1254323700611993600
1254323889058058240
1254323984751042560
1254324014614564864
1254324020767490049
1254324076321128448
1254324227840212995
1254324257821208576
1254324258441957376
1254324286694871040
1254324293426528259
1254324453699465217
1254324636617228288
1254324787398299648
1254324835527819265
1254324941131927552
1254325083839107072
1254325112880365568
1254325182950445056
1254325317642194946
1254325328044085248
1254325453797687298
1254325516657659904
1254325557602500612
1254325587621093376
1254325592176168960
1254325796635922432
1254326003591254017
1254326014831968257
1254326020259397632
1254326124143947776
1254326135334133761
1254326282604732416
1254326424120381441
1254326537169637376
1254326568870166529
1254326572426788869
1254326778736398336
1254326881123471361
1254327276692475905
1254327481902997505
1254327571854118912
1254327720835723264
1254327789085495298
1254327981201330177
1254327987769466880
1254328068925054977
1254328229747322882
1254328586007445504
1254328745113972741
1254328795504541696
1254328838311628800
1254328903063068673
1254328930175086594
1254328946675482624
1254329072106143744
1254329148396486657
1254329195225911297
1254329311063990278
1254329444459638784
1254329642779115522
1254329759577698307
1254330159068479488
1254330167230693377
1254330606831300610
1254330625374539777
1254330793725313026
1254330846699495425
1254330870489546753
1254330879532584960
1254330980472586240
1254331072495652864
1254331114384211968
1254331212056813569
1254331415942004739
1254331433482547201
1254331475320692737
1254331648881164289
1254331841689128961
1254331854926286848
1254331870835142656
1254331883707609088
1254331905547403266
1254332062430986242
1254332171382394882
1254332201736552448
1254332294506176512
1254332406863212547
1254332473804230657
1254332501394427906
1254332616783867904
1254332976776843270
1254332997786054662
1254333212849029120
1254333279362310144
1254333302208696320
1254333447314825216
1254333450531864576
1254333744317521920
1254333795190419456
1254333845031116801
1254334059821494272
1254334084505112586
1254334121050021888
1254334290797621248
1254334322938728451