1248792892409290752
1248792910801272834
1248792926706073601
1248792947132379137
1248792954648563712
1248793064916819974
1248793101461684224
1248793119425994752
1248793173591236609
1248793216679325697
1248793274266947585
1248793320119287808
1248793364268384257
1248793373596626944
1248793467649654789
1248793495822729217
1248793543042359296
1248793605592014848
1248793810953555969
1248793823721009154
1248793823993647104
1248793870550343681
1248794030110097408
1248794071776161792
1248794247693729792
1248794289796198402
1248794335895678982
1248794373283885057
1248794399288500225
1248794443911548930
1248794445019074563
1248794477961056257
1248794554062573575
1248794574647988224
1248794583259140096
1248794681003192325
1248794695804821504
1248794713412468743
1248794727941578752
1248794789069324288
1248794789572751368
1248794860200566789
1248795019080761346
1248795099351470082
1248795346748104706
1248795455334633472
1248795553758171137
1248795667180519425
1248795778455306240
1248795805948903424
1248795893827960834
1248795904389173249
1248795988405497856
1248796265099517952
1248796373773889539
1248796398457217026
1248796436315209730
1248796471194841088
1248796491923091456
1248796528908648448
1248796630440013829
1248796651499728896
1248796680645947394
1248796764087279616
1248796784723292160
1248796890696687618
1248797020791263233
1248797061555916800
1248797183517827072
1248797435389865984
1248797510593724416
1248797587005526017
1248797599320215552
1248797620048297984
1248797812856254464
1248797858922483718
1248797930095390720
1248797960399458305
1248798001595809794
1248798044302102529
1248798219561295873
1248798236942491656
1248798248762040320
1248798436951904257
1248798459303526400
1248798529738272769
1248798857040760832
1248798907716571136
1248798908030935041
1248799180010721280
1248799192409088000
1248799201246535681
1248799229499387904
1248799301465182208
1248799453475209217
1248799709092667392
1248799774993797123
1248799805213679618
1248799808762138625
1248800035480969217
1248800055441502208
1248800111758422016
1248800174568124416
1248800311499722752
1248800545659392000
1248800599065481217
1248800712420659201
1248800786580221957
1248800832822423552
1248800846818742273
1248800874178232320
1248800874685779968
1248800988280094721
1248800996400287746
1248801014888771586
1248801101694021633
1248801189577228290
1248801210800451584
1248801223320285184
1248801255985573891
1248801415549448200
1248801553906954241
1248801734153076736
1248801754776363014
1248801776050089984
1248801780277940228
1248801816545878017
1248801839312707585
1248801889434529792
1248801923941240836
1248801968103047168
1248802129038299137
1248802238019112962
1248802255639371777
1248802263272796161
1248802304511401984
1248802317085716480
1248802341844684800
1248802467749326848
1248802594249555968
1248802677858992128
1248802703595032576
1248802808125624320
1248802987344105472
1248803084815552512
1248803357910634501
1248803600979148805
1248803693182488582
1248803726514630656
1248803772958048256
1248803806164463618
1248803932572454918
1248804092497059840
1248804229562630144
1248804305081163777
1248804393157152771
1248804465571921920
1248804540708605953
1248804586606874625
1248804733713813504
1248804741045522432
1248804871974932481
1248804942636294145
1248805018079125504
1248805025297469448
1248805131736449029
1248805219926003712
1248805236329742338
1248805479641264128
1248805547043893249
1248805597564112897
1248805693764898823
1248805718594998272
1248805735577853952
1248805857082646528
1248805895334531072
1248805907900837888
1248805915991707648
1248805945385406465
1248806037165092864
1248806051991810048
1248806067036807168
1248806067313795077
1248806176076075008
1248806226546360322
1248806248335712259
1248806306653315074
1248806377860014080
1248806612162220032
1248806645695746048
1248806683331006464
1248806738792415238
1248806741531295744
1248806781704437761
1248806838096687104
1248807011166404610
1248807023052910595
1248807036323803137
1248807155836190721
1248807270298910722
1248807304084013056
1248807309087780865
1248807548226088965
1248807614831624198
1248807722176438272
1248807760206204933
1248807766371647488
1248807787032801280
1248807799288745984
1248807824018141184
1248807899716976642