1249744154915221504
1249744156466921474
1249744278189940738
1249744358003191808
1249744412529262597
1249744437556719618
1249744457433518082
1249744466870747139
1249744548311564290
1249744567798284289
1249744706445213698
1249744710358482950
1249744740096135170
1249744785088249860
1249744793946722304
1249744823319330823
1249744876511494153
1249745048305991684
1249745104526553089
1249745247631855616
1249745392557789184
1249745431493574656
1249745472408993792
1249745495586680834
1249745603480956929
1249745666475204610
1249745679343370250
1249745917919604743
1249745935208456194
1249746005320503299
1249746042813325313
1249746055660527616
1249746140515483649
1249746165576486912
1249746195783675905
1249746199231397896
1249746203832705025
1249746256106160131
1249746316957188101
1249746425673658372
1249746463543853057
1249746463862620169
1249746522268303364
1249746534540939265
1249746557974581250
1249746614803222531
1249746615012937732
1249746707069444097
1249746727881629697
1249746735833980939
1249746803282583553
1249746824174305281
1249746836782329856
1249747095499636736
1249747134791987201
1249747142601633793
1249747188562853888
1249747268460314626
1249747437591228416
1249747502372466689
1249747524472246272
1249747650418745344
1249747692324093952
1249747729573699585
1249747742085152841
1249747821399605249
1249747914626338816
1249748153777164289
1249748161322770433
1249748233154265093
1249748275881705472
1249748308744179717
1249748343498117121
1249748350934691841
1249748417192083457
1249748469939687426
1249748878750109702
1249748912748953614
1249749021842800640
1249749030789357570
1249749181704650755
1249749205939175424
1249749214520848386
1249749428233293825
1249749445597638657
1249749466426597377
1249749491940499457
1249749626007289856
1249749630444875776
1249749892580265985
1249750053289263110
1249750092027854859
1249750175859585027
1249750267676983297
1249750280159350787
1249750280230469640
1249750620073906177
1249750658263273476
1249750687044468738
1249750718233247746
1249750813339197441
1249750860013473792
1249750959548497921
1249751220257882124
1249751307549843456
1249751592921960449
1249751616510726146
1249751704654004226
1249751715030712320
1249751731812151303
1249751752284536832
1249751764460605441
1249751803236954124
1249751810941890562
1249751836606660608
1249751854549999622
1249751911852474372
1249752025065193473
1249752145882202120
1249752242745475075
1249752345614917632
1249752345614974978
1249752364443209731
1249752394222784512
1249752448773885952
1249752485759029248
1249752511545827331
1249752532458655747
1249752606219665410
1249752756426027009
1249752984763994113
1249753019685785601
1249753060903137281
1249753165739810817
1249753165974642690
1249753166192603137
1249753230143299591
1249753296400678922
1249753406773706752
1249753425841135625
1249753447454216192
1249753500776574977
1249753505654624259
1249753689234894848
1249753864649072640
1249753933914034176
1249754021524418560
1249754123702075394
1249754285681700866
1249754298600300547
1249754604256010241
1249754823932760065
1249754927578087427
1249755023753408512
1249755153877684225
1249755162266054657
1249755265286594564
1249755305484980226
1249755354436718595
1249755428323381249
1249755462863470595
1249755486099890176
1249755531587321856
1249755539581685763
1249755581726031877
1249755653478002690
1249755678656417793
1249755733094207493
1249755858721964032
1249755875977375746
1249755942968643584
1249755961213874177
1249755966310055936
1249755971288731655
1249755985910075393
1249756131943055362
1249756194077622276
1249756219734188035
1249756248842678272
1249756265850515457
1249756286180159489
1249756286318755843
1249756295332323330
1249756296800350214
1249756370670411776
1249756462345265152
1249756569283129344
1249756592507162625
1249756651407712264
1249756684878262274
1249756785549901824
1249756827052580866
1249756865468289024
1249756869616381953
1249756882195156998
1249756896917159936
1249756903426547713
1249756920115855361
1249756932489072641
1249757123736743937
1249757242787688450
1249757247472893955
1249757331438465031
1249757356260458497
1249757364288397312
1249757414963937282
1249757439932719105
1249757448522665985
1249757544681213955
1249757628462481410
1249757632929267712
1249757702521225216
1249757753545031682
1249757833698172945
1249757838861352962
1249757897296416768
1249757913888911360
1249757914207830017
1249757964677726208
1249758037952397314
1249758059427254273
1249758145573982211
1249758164423258112
1249758245134036995
1249758463762345985
1249758465851088901
1249758471907676172
1249758555487367173
1249758794894077952
1249758891333881856
1249758914624749568
1249758937450151937
1249759051224879106
1249759054790103040
1249759080320659456
1249759084238319623
1249759226517479429