1251525938296369153
1251525938921091080
1251525955551707137
1251526014385246215
1251526106836058112
1251526106970304514
1251526236553318400
1251526356384378883
1251526509967421440
1251526513478062084
1251526576489070592
1251526626535452672
1251526683561246720
1251526800217423873
1251526979498635266
1251527053289025536
1251527114550939654
1251527209652715520
1251527301113749504
1251527336123600897
1251527461382131715
1251527490331275264
1251527541476732934
1251527574724898823
1251527578986242049
1251527721487826944
1251527754144759810
1251527772205461505
1251527780937932807
1251527788114456576
1251527819999342592
1251527821811474432
1251527985720553472
1251528011272409088
1251528014879432705
1251528241820635136
1251528325488685056
1251528330035310595
1251528509983469573
1251528526530056195
1251528585590038528
1251528627306418177
1251528669882839040
1251528730964627458
1251528891702935553
1251528987899092992
1251529017724932096
1251529147010048002
1251529168241725443
1251529209236713472
1251529289872400384
1251529376463798272
1251529443325198336
1251529504037539841
1251529520999329792
1251529529706917889
1251529579690438656
1251529613098000385
1251529680315838465
1251529717007687680
1251529759865143296
1251529760456482816
1251529803733307394
1251529960910548992
1251529990237237249
1251530007609999360
1251530011347222528
1251530012915757056
1251530027063074817
1251530092142047232
1251530279912476673
1251530305451618305
1251530468794740737
1251530497739481098
1251530510527938561
1251530603259805697
1251530670142377991
1251530695354265602
1251530724890443776
1251530879391928321
1251530879454851072
1251531056114618373
1251531056186089472
1251531140072120330
1251531173043605506
1251531202584096770
1251531228177629189
1251531249660964865
1251531303633158145
1251531366187118595
1251531374336651274
1251531374558736385
1251531512631222273
1251531525885059072
1251531529865609216
1251531572055953408
1251531597372952581
1251531621494411265
1251531714725281796
1251531823433363457
1251531974298210305
1251532027024805889
1251532156393971717
1251532272114769921
1251532310413021184
1251532519570313217
1251532528256561153
1251532561328648194
1251532641557377024
1251532662235443202
1251532754552082433
1251532767336292359
1251532888862007297
1251532892821499904
1251532985456721923
1251532998111002624
1251533186418556928
1251533224536309760
1251533316840398849
1251533417583218690
1251533433672785923
1251533438198267906
1251533445370646528
1251533467915038722
1251533544536641536
1251533681979686913
1251533716687597569
1251533764305584130
1251533777752469509
1251533851870007303
1251534118288068608
1251534172079955969
1251534184662872066
1251534251582820352
1251534262311903232
1251534273393438728
1251534323892830208
1251534428033040387
1251534519737495555
1251534537311391746
1251534612058140672
1251534617120854021
1251534637895086080
1251534646292013057
1251534666768711682
1251534772435853318
1251534906821431297
1251534944372850694
1251534976375328775
1251535174585761799
1251535191258148865
1251535244391600128
1251535247617003521
1251535255011569667
1251535260673888256
1251535295444647942
1251535316885942272
1251535325534597128
1251535404878245888
1251535472523788288
1251535611602898944
1251535639029391361
1251535654833606657
1251535711091724289
1251535942415872000
1251535961407713280
1251535983952252931
1251536063841132544
1251536092802711552
1251536139342671875
1251536202735460355
1251536214731239429
1251536293747662848
1251536348101500933
1251536348806250498
1251536412803031040
1251536545414180866
1251536579614695427
1251536591413272577
1251536689488633856
1251536779762634753
1251536953398505474
1251536977461157891
1251537141823410177
1251537141978497026
1251537219535306758
1251537301248921600
1251537305552277504
1251537473131425793
1251537525207961601
1251537582153965568
1251537644862861313
1251537720574435328
1251537829076668417
1251538047352688642
1251538060539379712
1251538077161529345
1251538219725844483
1251538225799151617
1251538370045661184
1251538416866656261
1251538476526383104
1251538487964295170
1251538573641355266
1251538651592495110
1251539193261588482
1251539238752940033
1251539293467742210
1251539404868530179
1251539411373785088
1251539696204697602
1251539767218618370
1251539912874168322
1251540019061444612
1251540073486651393
1251540120315916288
1251540178851606528
1251540188267872256
1251540208287453185
1251540236825505794
1251540287341637633
1251540291753922560
1251540500546351104
1251540531085103104
1251540551867850754
1251540627625586689
1251540765832024064
1251540850993246209
1251540899940708352
1251540911705784322
1251540929485258754
1251540987853172742
1251540987907846144