1248687191573712896
1248687191838031883
1248687192945369090
1248687240353472512
1248687318237577216
1248687326542221312
1248687350655242240
1248687351481630721
1248687354467975173
1248687405743460352
1248687418418565120
1248687439255871491
1248687636115607557
1248687636480475136
1248687644206235648
1248687660539023360
1248687688749809664
1248687735461892098
1248687762967891970
1248687770824060929
1248687813106831365
1248687841917493248
1248688001560883205
1248688005532880896
1248688039062200322
1248688044661788674
1248688068674150400
1248688190594134018
1248688228309368833
1248688257384120320
1248688287138471937
1248688416398639104
1248688458027216899
1248688559671959561
1248688760927051776
1248688763242414082
1248688771073282048
1248688878564843520
1248688945162002432
1248688949272260608
1248689012631457792
1248689159021170689
1248689175773110273
1248689184107311107
1248689222292312067
1248689226411126785
1248689234749394951
1248689335462920194
1248689336976986112
1248689390068654081
1248689550752350209
1248689649876426752
1248689683829272582
1248689771787911168
1248689843086843905
1248689943511261186
1248690056837173248
1248690085777870849
1248690119701188608
1248690123027484675
1248690203528548352
1248690203566301184
1248690304011718656
1248690332079923202
1248690368687865858
1248690563898953728
1248690565060886528
1248690819835576326
1248690857487798272
1248690874877345793
1248690903901827072
1248690945580830723
1248690968426991616
1248690979197964288
1248690979915300865
1248690984432611330
1248691004544352256
1248691042574118913
1248691120843841536
1248691122357940224
1248691153777508353
1248691167702724610
1248691193040572417
1248691199629811714
1248691205669629953
1248691205719932935
1248691285357146115
1248691310648864769
1248691357062922241
1248691361131315200
1248691380366594048
1248691434724757507
1248691540396052481
1248691595517591552
1248691610654609408
1248691620977000457
1248691655965904901
1248691664501145600
1248691734218977283
1248691746810314753
1248691926343266312
1248691945423110144
1248692011353419776
1248692011554783233
1248692016130789377
1248692036666097670
1248692051643949056
1248692090906836993
1248692098951303168
1248692136394084364
1248692218774380545
1248692229423738881
1248692265880608768
1248692288026554368
1248692342124621828
1248692342867058689
1248692353847582720
1248692425322831872
1248692451172327426
1248692623851892742
1248692726494670849
1248692790881648642
1248692887866544129
1248692993260830721
1248693248517947394
1248693254620577792
1248693315903635457
1248693340683399168
1248693448275787776
1248693495373725696
1248693503519068160
1248693504760410113
1248693656791306240
1248693718493921280
1248693722855788544
1248693723313188865
1248693734700695553
1248693794255433728
1248693867735470080
1248693882516316162
1248693906889293824
1248693961239212032
1248693968323387401
1248693969934069762
1248693987797536768
1248693988107915264
1248694024204156929
1248694024439042048
1248694036900298765
1248694044626223105
1248694054143119363
1248694121985802241
1248694126129737728
1248694238629502977
1248694259269525504
1248694280488734720
1248694284896874497
1248694330442670080
1248694368342507520
1248694502287716352
1248694523938684930
1248694621326184448
1248694664699486212
1248694666364682243
1248694679085998081
1248694779082354688
1248694792529174528
1248694867271634944
1248694897231548416
1248694984791838723
1248694997467238402
1248695004937232384
1248695127410987010
1248695250551357440
1248695351776882690
1248695480101621761
1248695584296513537
1248695602592038912
1248695609902628867
1248695631255724033
1248695714621710336
1248695748239261703
1248695824294588417
1248695831919611904
1248695849372311553
1248695865738285056
1248695872839434240
1248695909367586817
1248695924341293061
1248696095477284867
1248696129988034563
1248696194290900993
1248696258816094214
1248696281058377731
1248696385538609157
1248696423408959491
1248696428324675592
1248696480086372353
1248696599645163528
1248696746366177287
1248696843254607873
1248696868428791808
1248696897537298432
1248696929833361418
1248696981024837641
1248697004642824192
1248697069767778304
1248697086192701440
1248697203809341440
1248697224797790209
1248697274915590146
1248697283815841792
1248697283819995140
1248697371728494599
1248697404871892993
1248697418205532160
1248697548052856833
1248697565010210816
1248697569284214784
1248697883882332162
1248697908561575939
1248697937531678726
1248698010957160461
1248698039918829569
1248698043219603457
1248698427086712832
1248698432719593477
1248698508087111686
1248698541012385794
1248698545768738817
1248698659144962048
1248698663280332800
1248698706003550209
1248698743244722176
1248698879391850496
1248698888799899649
1248698974376202240
1248699061290651648
1248699091586031616
1248699137232703488
1248699259257585664
1248699278333222913
1248699335874928640
1248699429898592256
1248699528900939777
1248699585930735616
1248699653035458560
1248699687177199616
1248699759063252992
1248699858627760130
1248700034713104385
1248700034872418311
1248700038878019584
1248700073980108805
1248700144238743552
1248700194667061248
1248700195082248193
1248700207023390721
1248700219203731459
1248700269677985798
1248700391958679553
1248700404285820931
1248700449324257281
1248700463245144064
1248700572364087298
1248700655730135042
1248700718502023169
1248700798252482560
1248700910705885184
1248701137781493763
1248701209088798722
1248701413582155779
1248701415125647360
1248701427398127616
1248701461292351488
1248701469638918152
1248701516027809792
1248701563163553792
1248701610232090624
1248701618595467266
1248701673972748288
1248701687222734849
1248701712765816833
1248701793476857858
1248701817510395904
1248701880336670720
1248701892970119169
1248701993767624704
1248702077293023240
1248702191751307264
1248702207962353665
1248702225297227776