1246422267711508480
1246422305489727488
1246422313937092609
1246422417498615815
1246422425081962497
1246422429217497098
1246422439741075456
1246422442349867008
1246422476302831617
1246422554774056962
1246422558595039233
1246422637305384966
1246422722428583936
1246422733908512768
1246422762471776256
1246422804418850816
1246422842314555393
1246422918399234049
1246422943585964032
1246423035520978945
1246423094576570368
1246423102478843904
1246423134393126912
1246423165640880129
1246423178051756032
1246423270196420609
1246423270573969414
1246423286965125120
1246423354065727489
1246423367105863682
1246423379600605184
1246423413997973507
1246423492674928645
1246423547393839109
1246423572328910857
1246423614724943872
1246423660375638016
1246423731548958720
1246423739144626176
1246423760850296839
1246423771516461056
1246423795046526976
1246423846191861760
1246423848918147073
1246423849685712898
1246423870099329025
1246423912046624768
1246423950252478466
1246423954119680002
1246423994980601856
1246424012651212802
1246424018456018945
1246424075490246658
1246424079986569217
1246424105072590849
1246424112811118592
1246424190607122437
1246424201503756288
1246424205727498247
1246424260417146881
1246424337957208064
1246424350603055104
1246424365211832322
1246424384681762816
1246424398011211777
1246424410841546755
1246424419616067584
1246424435940343808
1246424489027686406
1246424490638290945
1246424545122234371
1246424591196491778
1246424600105361409
1246424629243080706
1246424641482227713
1246424650101424128
1246424679268536322
1246424700307161088
1246424742225199109
1246424787171397634
1246424801507500032
1246424805433368587
1246424842124931074
1246424855559405568
1246424889172676608
1246424939999236096
1246424982244265989
1246424990318239744
1246425018898223104
1246425048845627393
1246425124561018882
1246425157671030791
1246425178701258754
1246425190998757378
1246425278995406849
1246425337841553409
1246425371836366850
1246425380619268096
1246425388538114050
1246425463930552321
1246425485355167744
1246425573095886853
1246425594163793921
1246425646416318465
1246425656826748929
1246425665072586752
1246425666544734214
1246425731657355264
1246425762095390720
1246425789601591298
1246425795259707394
1246425799659405313
1246425887551127556
1246425933562642433
1246425963073855488
1246426084784119808
1246426093558480896
1246426101192286209
1246426210378436609
1246426214853533700
1246426231563784192
1246426239973371904
1246426268205228032
1246426273649504256
1246426302405586951
1246426332399112192
1246426333082771456
1246426365743824896
1246426420026445825
1246426445636747266
1246426474904784896
1246426479250026499
1246426483612139520
1246426558148960258
1246426583801495559
1246426587882553345
1246426679297228800
1246426684372307968
1246426727192109056
1246426728110661632
1246426898437201921
1246426969945718784
1246427006943875079
1246427016003555329
1246427017052073986
1246427024832499713
1246427103358312450
1246427109712637954
1246427191719743493
1246427225915785216
1246427245805285376
1246427256400076800
1246427369793077248
1246427494326157314
1246427518686691328
1246427523648499713
1246427565016965122
1246427600546721793
1246427602992148481
1246427619614228481
1246427729219571716
1246427778917990407
1246427843216715776
1246427892474679297
1246428047873650688
1246428177775259648
1246428235883298816
1246428252983513090
1246428257555222528
1246428257756446720
1246428320536952832
1246428328871026689
1246428353810386944
1246428384835457025
1246428412572512256
1246428425507700745
1246428462878846988
1246428471666057222
1246428479245160449
1246428492851335168
1246428528435957760
1246428538342912002
1246428569007312896
1246428629984317440
1246428631066435591
1246428656420958208
1246428678638260224
1246428682647822338
1246428685411987457
1246428710527471617
1246428840035000320
1246428849627430912
1246428891037732868
1246428965130186752
1246428970658066432
1246428992015495173
1246429016690544641
1246429024085323776
1246429024987029508
1246429054296883206
1246429217627074567
1246429300527595520
1246429347155755008
1246429373529559040
1246429376683610113
1246429407545344003
1246429477808115714
1246429512956551168
1246429527879925760
1246429534452408320
1246429541121155072
1246429569747423235
1246429628966846464
1246429641293860864
1246429738316500992
1246429750316449793
1246429784940445698
1246429859401826304
1246429876376055814
1246429918113566720
1246429935394152449
1246430002507366408
1246430017485037568
1246430073923788801
1246430081259577344
1246430099714519041
1246430140273483776
1246430224364929024
1246430258292809734
1246430287413817344
1246430379302621184
1246430506108866571
1246430577160605700
1246430635641757697
1246430656785199108
1246430678251646976
1246430717942411264
1246430744454541317
1246430756819185664
1246430791569195008
1246430814394560512
1246430845340016641
1246430933336698880
1246430979113119744
1246431016702685185
1246431028282945537
1246431079789191174
1246431092502073350
1246431138626887680
1246431158876942337
1246431172227465216
1246431277005320193
1246431283783352321
1246431373373722625
1246431378020818944
1246431420114964481
1246431457679224834
1246431528684597250
1246431566630236171
1246431595482972161
1246431650122252298
1246431707903021056
1246431718078328832
1246431732263460865
1246431763443986439
1246431805617537024
1246431814249406464
1246431889390473216
1246431986480267264
1246432043849977857
1246432094751985670
1246432111411654656
1246432166227017728
1246432254483738630
1246432292492492801
1246432307734511616
1246432309269557248
1246432328924233729
1246432330107011072
1246432342354169857
1246432434842935297
1246432485065601024
1246432524483432448
1246432573351514112
1246432632327401472
1246432665483567105
1246432674266349572
1246432699239272448
1246432749650497538
1246432844437762048
1246432845482131457
1246432871688126464
1246432883587203074
1246432883650088962
1246432954601082880
1246433021886111746
1246433022221733897
1246433034301292544
1246433173464125441
1246433193756184577
1246433281664409602
1246433294830321665
1246433297724555265
1246433307711148032
1246433445670203398
1246433448925036548
1246433546308390912
1246433580064157701
1246433663472058368
1246433715905060864
1246433811354681350
1246433811539394560
1246433848210018304
1246433857391529984
1246433894158815233
1246433957190615046
1246433971920990209
1246434011767083009
1246434020247900160
1246434071271616513
1246434082214510595
1246434116364468226
1246434211063570433
1246434242785153024
1246434246207713280
1246434309105426432
1246434310061727745
1246434364184875009
1246434414734774273
1246434422540226567
1246434477833883649
1246434498709008386
1246434502307700737
1246434603289714690
1246434655613489153
1246434728477102081
1246434771095478273
1246434776719994880
1246434783434960896
1246434816901427200
1246434825881387009
1246434827722776576
1246434854553747459
1246434884257800197
1246434926255312897
1246434935231188992
1246434945209446406
1246435000351961088
1246435005880041473
1246435064877113344
1246435150931488774
1246435193520611328
1246435227922292737
1246435232233865217
1246435261740957697
1246435307722948609
1246435325041393664
1246435375280783362
1246435399255416832
1246435404422811648
1246435408818438145
1246435438124052486
1246435450669195266
1246435459334639619
1246435618474745856
1246435644018057216
1246435689874558977
1246435702369288193
1246435710036516865
1246435777887657984
1246435782451245056
1246435790877581314
1246435828655677441
1246435838491123712
1246436050257526788
1246436067860975618
1246436091533590528
1246436134525251586
1246436136383283205
1246436172118872064
1246436217912201216
1246436272731807745
1246436373244129288
1246436406462840834
1246436415594024962
1246436423697219587
1246436431737827335
1246436474297483264
1246436507637952515
1246436520250269697
1246436531713212417
1246436541087571974
1246436550075912192
1246436587640180736
1246436595751948289
1246436655373914112
1246436672058916865
1246436717202046977
1246436775830134787
1246436841315807232
1246436947670810624
1246436960962519040
1246436964628381703
1246436977563570176
1246437002595229696
1246437003601883136
1246437010807685120
1246437081414500354
1246437099101978625
1246437208137043970
1246437267180113920
1246437323174182912
1246437336877076480