1248324808015843328
1248324810066681856
1248324844460048384
1248324849933717507
1248324854484545536
1248324864936534016
1248324922906050561
1248325058239410176
1248325063830634506
1248325088618962945
1248325093677084672
1248325105543008257
1248325257246752768
1248325298929766401
1248325427762008066
1248325726140534784
1248325848513404930
1248325892863963136
1248325973554184192
1248325982655844354
1248325982705999872
1248326044915879936
1248326045259923465
1248326119524360195
1248326198159179779
1248326343789608962
1248326448324022272
1248326472051200000
1248326474404429829
1248326577990983680
1248326578141978624
1248326653123506176
1248326753929568256
1248326875937533953
1248326901011116038
1248326934976659456
1248327066933747713
1248327191055593472
1248327232214491136
1248327269740720128
1248327508824596482
1248327679704784897
1248327693814374401
1248327703268225024
1248327794238656512
1248327837204938752
1248327840942026752
1248327962543489026
1248327983380692995
1248328092130705413
1248328207939469312
1248328222271553537
1248328342106861568
1248328400101617666
1248328431181238273
1248328432607510528
1248328493420687361
1248328566804230149
1248328616779362305
1248328654028972039
1248328734198784002
1248328853472399360
1248328927279558657
1248328985756475398
1248329057327935490
1248329115100471303
1248329116069347331
1248329129474183168
1248329191172354048
1248329216485031936
1248329220540989440
1248329309258907649
1248329337687945216
1248329404088016896
1248329539668803584
1248329610628136968
1248329823233216512
1248329924475305985
1248330000589193217
1248330039340433409
1248330084039012352
1248330114519056384
1248330206873518082
1248330315266998281
1248330350151045120
1248330515578486790
1248330529814052865
1248330579461804033
1248330676228755458
1248330680251056128
1248330818776444928
1248330825537597440
1248330833359966214
1248330852725129216
1248330986246541312
1248330999479631872
1248331113556295683
1248331272260169729
1248331374907535363
1248331561063178240
1248331827212963843
1248331839661412352
1248331918078164992
1248331959278931972
1248332100031385600
1248332107820208135
1248332131077697537
1248332140456153089
1248332378717577217
1248332445931487238
1248332601301045248
1248332604815945729
1248332702010540032
1248332718578032640
1248332752522526720
1248332890502389760
1248332891018465280
1248333079908884482
1248333096560332802
1248333243356549121
1248333271706087427
1248333289493946369
1248333322981433344
1248333447845691393
1248333509980291073
1248333515684483072
1248333559246417925
1248333636606230528
1248333679803260928
1248333695901036544
1248333711705280514
1248333763123326979
1248333842412441604
1248334073480740864
1248334116082331661
1248334124965912581
1248334132213678080
1248334224052097024
1248334224152723458
1248334227885654017
1248334275163959301
1248334358534070272
1248334397570498562
1248334441426157568
1248334497155817477
1248334523462348800
1248334537966456834
1248334539430166537
1248334616857100288
1248334824298946570
1248334896881455112
1248334932662837248
1248334974593298432
1248335083506995206
1248335205741367298
1248335270824546304
1248335294371332097
1248335403540779009
1248335467281559559
1248335521081950209
1248335541629747202
1248335545538957312
1248335557861748738
1248335570725675009
1248335584885686274
1248335697049780226
1248335776154255373
1248335793543921666
1248335944819675136
1248335969767604228
1248336015753969670
1248336040940707840
1248336087052935170
1248336111862251520
1248336142568763392
1248336166094622721
1248336216589828097
1248336308969357312
1248336317034962944
1248336384412262400
1248336414124752901
1248336472656302080
1248336480789028869
1248336624347426816
1248336775078121479
1248336831281680385
1248336895941066753
1248336938316320771
1248336938437718016
1248336989151203329
1248337009413890048
1248337060068503557
1248337210694221824
1248337244643110912
1248337351841112065
1248337353766252544
1248337441603358729
1248337508624031744
1248337626261848064
1248337680691335169
1248337764485148673
1248337790363774976
1248337802493919232
1248337818235088897
1248337876422623234
1248337877898891264
1248337894277816321
1248337911142998016
1248338045448806400
1248338096275537926
1248338100155297792
1248338100528582658
1248338268057473025
1248338351201140737
1248338369009971201
1248338377017036800
1248338482138759168
1248338565936943104
1248338603865931777
1248338645616070657
1248338651064516608
1248338675798175744
1248338679627681792
1248338687928262656
1248338709046530050
1248338766793768964
1248338801027616768
1248338851334107138
1248338863405359110
1248338902957645826
1248338909450211329
1248339018586226690
1248339140296531972
1248339160999563264
1248339161213554690
1248339207724113922
1248339304394481666
1248339350523346947
1248339423177117699
1248339429548326912
1248339549702500352
1248339577711915008
1248339611966935041
1248339727977074688
1248339732045668353
1248339803608842240
1248339820558069765
1248339844972994561
1248339861578354689
1248339894512103424