1245304936612507654
1245305052060733440
1245305167597178880
1245305350015909888
1245305412867547136
1245305522154242049
1245305534670045185
1245305676336947201
1245305745312288768
1245305848748015616
1245306098074124288
1245306167192059904
1245306171688443907
1245306172191711232
1245306214344470529
1245306300650508290
1245306428073574400
1245306465407074307
1245306523938676746
1245306587306131458
1245306715404488710
1245306717245710338
1245306993855868928
1245307178153578498
1245307191168557057
1245307296990683136
1245307438640713734
1245307528067645440
1245307648473354241
1245307720275804160
1245307731977912320
1245307807517335552
1245307816451112960
1245308028628262913
1245308043946065920
1245308085339656192
1245308143258816512
1245308172983848960
1245308292097859586
1245308332530794497
1245308520930725888
1245308599552761856
1245308603403251712
1245308698643378176
1245308760551239680
1245308822899441664
1245308923831255040
1245309024062427136
1245309032702906369
1245309154291580929
1245309212919562240
1245309275691499520
1245309393408851970
1245309432512339968
1245309452107960325
1245309502242488321
1245309531573366785
1245309590398533632
1245309648825131009
1245309672220999683
1245309674565570562
1245309678113996801
1245309724481875968
1245309795256512512
1245309796091334659
1245309829700345856
1245309992615522304
1245310050807267329
1245310144226848770
1245310240389726218
1245310262003093504
1245310718569668608
1245310724924039170
1245310831782432769
1245311003702833153
1245311062637006849
1245311288605052928
1245311616301875201
1245311616951947264
1245311876554199040
1245311918270808064
1245311939078754305
1245311941297475585
1245312039733596160
1245312160848281603
1245312274484662274
1245312446190903297
1245312453178806274
1245312518026940417
1245312555742040066
1245312660201246720
1245312749074173952
1245312749120507905
1245312794842419202
1245313019816677381
1245313027207049216
1245313294103085057
1245313331981737984
1245313344128421889
1245313369516781569
1245313386356846594
1245313432561344512
1245313478115692544
1245313589478449157
1245313726003150849
1245313788934533120
1245313831649370118
1245314225033170944
1245314308931796992
1245314373779890177
1245314400308932610
1245314421938892802
1245314451995230208
1245314636267675648
1245314731830697986
1245314739934244864
1245314745093292033
1245314770397528064
1245314854090674177
1245314900416704512
1245315017794338817
1245315020705026049
1245315021925687297
1245315163965796353
1245315176901083136
1245315178796707843
1245315189731241984
1245315227526279168
1245315261487448064
1245315300582703105
1245315466299609088
1245315546066886656
1245315618653573120
1245315688954126336
1245315697263214592
1245315704393433088
1245315785012068352
1245315789865050114
1245315865614209032
1245315985172623362
1245316048796012546
1245316057419649024
1245316166349926401
1245316170883964929
1245316210004119552
1245316258964344834
1245316292816654341
1245316338656165888
1245316447762604033
1245316598879092742
1245316620093964289
1245316683864199169
1245316716160262144
1245316850608680961
1245316965985660928
1245316972453249024
1245316998021533696
1245317060760080384
1245317068934860801
1245317320207142919
1245317340897710081
1245317404097499136
1245317408337903618
1245317432035741697
1245317450322685953
1245317504798318592
1245317542308175873
1245317619361755137
1245317652240666625
1245317739914248192
1245317819329327104
1245317865441570816
1245317887402729476
1245317949986127872
1245318072447250437
1245318222313897984
1245318259693572110
1245318272175595520
1245318276688855040
1245318284838195201
1245318305864450048
1245318326865276928
1245318558399238144
1245318562035589120
1245318624438620161
1245318624811708416
1245318748023803904
1245319017776152577
1245319044049391616
1245319216552652801
1245319243735990274
1245319308240093184
1245319749212475398
1245319778484531201
1245319782871773190
1245319817223168001
1245319851939332097
1245319861510832129
1245319928523165708
1245319954007801857