1247252739337236481
1247252739782033411
1247252756471205888
1247252759985954818
1247252790310776832
1247252803657052166
1247252823663878146
1247252827925340163
1247252833453383680
1247252874721198080
1247252895235522560
1247252958460260352
1247253013355470849
1247253050454130689
1247253142414209026
1247253171048558592
1247253393808261121
1247253415421509632
1247253427710640128
1247253457221926913
1247253465803509768
1247253570392653826
1247253637686087680
1247253653565640706
1247253746821861383
1247253806410235906
1247253806972362756
1247253842833661956
1247254038908997635
1247254086115827714
1247254088825348098
1247254233327349763
1247254245763670023
1247254296229490688
1247254363766173699
1247254396788002823
1247254442786906112
1247254566317338626
1247254749122084866
1247254942240268288
1247254988864270337
1247255138940719104
1247255172906127360
1247255211070160898
1247255369115676674
1247255382604615687
1247255394809982977
1247255410396061696
1247255416087687168
1247255441173872640
1247255453844647941
1247255492763754500
1247255769566896139
1247255961481420806
1247255973892423686
1247255984109649920
1247256041278058496
1247256095715766272
1247256205069897728
1247256294731456513
1247256313714716674
1247256317850456064
1247256459915800581
1247256547287355392
1247256552685404166
1247256594494226432
1247256598931632128
1247256729399603200
1247256745602215936
1247256787318902785
1247256838849974272
1247256867602079746
1247256883645370372
1247256888087121922
1247256904373620742
1247256950619934720
1247256971776012289
1247257009528999937
1247257051908145152
1247257102185185280
1247257190324490246
1247257224017326081
1247257278513926144
1247257303385919489
1247257320452534274
1247257323858518017
1247257352723730432
1247257398269616131
1247257416342712320
1247257419245387784
1247257492456747008
1247257555098796033
1247257567484616705
1247257613219385344
1247257626317967360
1247257916362629121
1247257972578889730
1247258184554815490
1247258203987103750
1247258251286241280
1247258369120968713
1247258380584071169
1247258431360286721
1247258434875121664
1247258461139861505
1247258510443806726
1247258545000558597
1247258591368749057
1247258607768309760
1247258654769909767
1247258763163103232
1247258763230433287
1247258784432521224
1247258798517030912
1247258871883870208
1247258904339165186
1247258950711599104
1247258960530477056
1247259006072049664
1247259046488530951
1247259052150796289
1247259056018018311
1247259099839868928
1247259102188908545
1247259173995327495
1247259189216514055
1247259278869540868
1247259445777674240
1247259534759952384
1247259584974278657
1247259610186219520
1247259635452653573
1247259642960494600
1247259647968448514
1247259710857687040
1247259731288305665
1247259773118144514
1247259838435848192
1247259839576838145
1247259883138842635
1247259963422052352
1247259966504927235
1247259967293468672
1247259983965798400
1247260134692106241
1247260184944283651
1247260205643108353
1247260235267440642
1247260244654329856
1247260372299649027
1247260432160653313
1247260567594770432
1247260604294934528
1247260608376045570
1247260608405426176
1247260629246685185
1247260641850806276
1247260658703294465
1247260673756758019
1247260751280123904
1247260860474699783
1247260914321166337
1247260998735663106
1247261014078390275
1247261065626267648
1247261065718759426
1247261120131248131
1247261258476400642
1247261342513262592
1247261346577526795
1247261363812130817
1247261365565259778
1247261367285026817
1247261401674059777
1247261418501689348
1247261427267702785
1247261438156189708
1247261452689444870
1247261493055221760
1247261653105872897
1247261666615549952
1247261737008508934
1247261862204518401
1247261964029526017
1247262093356732417
1247262126999207938
1247262319392051201
1247262368125550592
1247262370545545222
1247262428481466369
1247262428875730947
1247262443811766274
1247262572975247360
1247262630072528896
1247262680085340162
1247262794073899013
1247262944481570817
1247262981118976000
1247263065151856640
1247263147226025986
1247263208743874565
1247263364717383682
1247263431650050048
1247263452957011968
1247263505767677956
1247263590433857543
1247263643345051648
1247263677973180417
1247263785082998784
1247263842259918850
1247263934467444737
1247263946333196289
1247264062653825033
1247264071113736192
1247264253494657026
1247264310788673537
1247264406016147456
1247264527340769281
1247264568050581506
1247264584806928384
1247264683406565376
1247264761051561988
1247264866580213766
1247264936809713665
1247265099527655424
1247265192431534080
1247265264237858817
1247265319883649024
1247265343740968964
1247265427836854284
1247265524188356610
1247265570430615552
1247265591221764097
1247265617666887687
1247265694682615808
1247265717214306304
1247265816913088519
1247265876790960128
1247265941320318976
1247265947511148545
1247266023373406212
1247266112976322561
1247266140990160897
1247266149001302024
1247266178386423808
1247266241192099841
1247266325396959232
1247266497497427968
1247266535518896131
1247266601407299590
1247266674778222592
1247266833151000582
1247266909105553416
1247266949198786566
1247267008976236544
1247267063833530370
1247267088923684865
1247267100088872960
1247267101892640769
1247267157039173632
1247267181286457344
1247267239734083584
1247267256301543424
1247267293979172866
1247267302053158912
1247267302510395393
1247267323972591622
1247267327839780866
1247267353345380352
1247267375717769218
1247267398102568960
1247267558853574657
1247267603913072640
1247267629678690304
1247267652235485185
1247267659026026496
1247267699383767040
1247267818502062080