1252718755869790209
1252718779215368194
1252718824371019778
1252718876346978306
1252718966457368583
1252719024699555841
1252719134368022529
1252719176285696000
1252719176671690759
1252719188516442112
1252719453290315782
1252719453730508801
1252719491487850497
1252719654965051394
1252719713840320512
1252719717523079168
1252720028866183170
1252720037581864960
1252720060856258561
1252720166326206465
1252720179475349505
1252720258533789698
1252720328855261185
1252720343250276358
1252720363810820098
1252720376427184129
1252720451450789888
1252720468647346181
1252720474620133376
1252720614789378048
1252720657286094849
1252721336721563650
1252721425183584263
1252721445916086275
1252721512433369088
1252721625558106117
1252721710081740800
1252721785470177286
1252721827178258433
1252721882765250560
1252722008208494592
1252722041607897092
1252722259044839424
1252722279190089729
1252722422924574721
1252722544819535874
1252722552776032262
1252722732032286723
1252722918024450054
1252722955781472257
1252722995811909632
1252723068973322240
1252723123599765505
1252723156638412802
1252723181862948866
1252723224137392130
1252723299177517058
1252723383676125195
1252723521647771648
1252723558918303746
1252723701218410498
1252723722819194882
1252723795716079625
1252723857749954560
1252723861734322177
1252723932815339542
1252724089153662976
1252724167927042048
1252724168761782278
1252724367374467072
1252724398944956416
1252724474409037831
1252724486920642562
1252724548656599041
1252724662267711496
1252724688368721921
1252724845730770954
1252724859408232448
1252724863489306624
1252725199214006275
1252725221372473344
1252725234190319617
1252725572662247426
1252725589519327232
1252725594074288130
1252725689700122624
1252725862702686208
1252725962543955974
1252726021473869831
1252726088989630465
1252726164231200768
1252726213761576960
1252726256988065793
1252726431689342981
1252726642784579584
1252726730328080386
1252726735017213957
1252726769938911234
1252726810342821890
1252726814499377153
1252726856622542849
1252727309456506880
1252727443519008769
1252727758159073282
1252727799879778305
1252727813012062209
1252728047826067460
1252728235147878409
1252728395445698560
1252728525372751876
1252728588455026688
1252728698056441867
1252728710106677249
1252728739429056514
1252728779262361602
1252728798510022657
1252728798937833476
1252728866638123009
1252728946396807168
1252729083252797440
1252729096334979074
1252729104111042561
1252729108401815554
1252729385339293707
1252729526699917313
1252729544630513668
1252729556643037186
1252729792174186496
1252729838693232643
1252729905181319171
1252730075843375109
1252730081329532931
1252730135998054400
1252730220399915008
1252730228952178688
1252730244156407809
1252730339652485126
1252730391523459075
1252730491591102465
1252730609606295555
1252730618166861824
1252730663679266817
1252730723364036608
1252730788212166656
1252730852959752195
1252730866586972160
1252730886987984896
1252730975647338496
1252731117892808704
1252731201187713026
1252731210004037632
1252731365365354497
1252731557736898561
1252731571326550018
1252731704340393984
1252731721348526080
1252731755003621376
1252731831000186882
1252732036160393218
1252732121187155968
1252732250002583552
1252732266901635072
1252732275588038656
1252732322140418049
1252732380474822656
1252732422690488320
1252732503321743360
1252732548167450624
1252732552227500040
1252732623388119041
1252732699388907524
1252732913327788034
1252732942054539264
1252732979622883330
1252733139685965826
1252733240391225344
1252733344397299714
1252733439821873160
1252733474630512644
1252733533325492225
1252733655018958848
1252733738255028225
1252733831104397324