1251556165277884422
1251556175335866370
1251556246429274112
1251556257544253440
1251556259658108929
1251556268038213632
1251556271792234496
1251556298585452545
1251556313974353922
1251556384015032320
1251556439954505729
1251556452340322304
1251556572297408517
1251556645290770434
1251556662000959493
1251556683261702145
1251556724185747461
1251556729164369923
1251556736231596033
1251556741797548032
1251556750001442816
1251556754795741184
1251556816967909377
1251556962317275136
1251556977412538369
1251556997104676865
1251557023235346433
1251557052209602563
1251557064754823169
1251557094127538177
1251557109700927489
1251557115727998976
1251557190541946880
1251557227044802560
1251557253821464581
1251557274688110592
1251557458830639104
1251557613944397825
1251557656021610496
1251557710371438592
1251557710509867011
1251557847298715657
1251557903586164740
1251557949123842048
1251557970938343424
1251558058590789634
1251558118208798722
1251558264959098886
1251558359972503553
1251558402871963648
1251558406004981760
1251558410346213376
1251558432638984193
1251558529049264130
1251558571013103616
1251558603678334987
1251558636251463681
1251558638000443394
1251558649928900615
1251558696716509184
1251558855537876993
1251558878761889793
1251558931702349826
1251559057770582019
1251559082059878402
1251559090255310849
1251559119808577536
1251559123096940545
1251559145133740033
1251559170463215622
1251559183322943489
1251559195385749509
1251559245650239488
1251559266781220864
1251559459207491584
1251559514471424006
1251559517558538257
1251559530745520136
1251559606444273664
1251559632117600256
1251559657388281859
1251559673888677890
1251559911756042240
1251559916243951616
1251559988297859074
1251559992559370241
1251560041683062784
1251560114781171714
1251560118434574338
1251560206535974916
1251560376669540352
1251560406075822081
1251560428376858625
1251560576930713600
1251560654751903745
1251560766001631233
1251560772225732608
1251560777301008387
1251560835392077828
1251560952325079046
1251561003495632902
1251561016665792512
1251561083875311616
1251561091236106245
1251561095665500163
1251561104280629251
1251561226032857088
1251561230113935367
1251561343011995649
1251561379678638082
1251561399337263109
1251561474062983170
1251561477003247616
1251561510456918020
1251561565167464448
1251561602924589056
1251561645513605121
1251561662106136576
1251561840766844930
1251561871787900928
1251561905057075204
1251561914829848577
1251561965605945344
1251562262608764933
1251562312093270016
1251562350705967104
1251562400165183488
1251562711160442881
1251562733444706304
1251562743834062854
1251562802956980228
1251562895063740417
1251562928517648384
1251562973828722688
1251562995320344577
1251563000168775681
1251563012105949184
1251563020695810049
1251563066904514561
1251563071308394496
1251563152120197120
1251563155517554689
1251563159434989568
1251563171548200962
1251563175402786816
1251563225772163074
1251563280696348672
1251563448347045899
1251563574578700289
1251563629553451008
1251563644615364615
1251563681927901189
1251563923544956928
1251563989554933762
1251564046207389698
1251564069393498114
1251564140654743554
1251564346649587715
1251564380199817217
1251564458486362113
1251564493093711873
1251564791430144000
1251565001048981509
1251565268167524354
1251565270767976459
1251565327575666690
1251565495070986242
1251565751456002048
1251565768459915266
1251565969211895809
1251566053378994177
1251566116696195072
1251566145196392448
1251566219628609536
1251566253803819008
1251566405440462850
1251566414101692422
1251566498046304256
1251566590593622019
1251566728397512704
1251566849998745600
1251566908647899139
1251566927085891585
1251567081172152321
1251567114550296579
1251567198876962818
1251567273627856902
1251567362374905862
1251567386899202048
1251567403621920768
1251567505765617664
1251567554386001920
1251567579174367232
1251567635264729088
1251567743528206338
1251567831323258880
1251567953465794561
1251568162753122307
1251568222047887360
1251568250804207619
1251568289290960896
1251568409583800320
1251568670792396808
1251568900967284736
1251568926032527363
1251568955539353602
1251568997096730625
1251569110720237568
1251569127849787392
1251569144199147520
1251569174415118338
1251569174494748672
1251569224671268865
1251569312373960705
1251569341285490688
1251569388110483456
1251569459451625474
1251569463125618689
1251569471246012416
1251569610383593472
1251569631141089287
1251569754952871943
1251569906241409026
1251569962369474561
1251569973144760320
1251569997442420741
1251570033341263873
1251570075515211776
1251570081403977728
1251570310903627777
1251570428281270272
1251570499076984833
1251570499227918336
1251570527480750080
1251570557604081664
1251570573978660864
1251570638592098304
1251570688588042240
1251570826283016192
1251570868167356416
1251570874777350144
1251570909317599245
1251571124724535296
1251571145398259712
1251571162376634370
1251571166201946119
1251571180491833344
1251571181855084546
1251571187559391234