1250363233711656960
1250363329501106176
1250363512922267653
1250363643235127297
1250363785426034688
1250363793009455105
1250363936580317184
1250364091170009088
1250364099986444288
1250364243196530689
1250364431135051776
1250364510021603328
1250364603625656320
1250364620042170369
1250364715798151168
1250364913240797185
1250365140823953409
1250365161535188992
1250365195068698627
1250365396684640257
1250365406830886913
1250365477836161024
1250365567741165568
1250365668773543937
1250365690361479168
1250365811060965376
1250365929797693440
1250366088388337664
1250366272325509120
1250366294169288704
1250366381499047942
1250366427162279937
1250366499044249600
1250366524289961984
1250366550059692032
1250366641407283201
1250366722105839621
1250366762895527936
1250366763151155201
1250366976721145856
1250367006475460608
1250367044073279488
1250367193688219649
1250367614649540609
1250367640763281408
1250367677463396353
1250367710980009987
1250367723768631296
1250367724686999553
1250367782861983745
1250367958582525953
1250368260891185152
1250368286287683584
1250368340134170624
1250368440034119681
1250368483340111873
1250368504601051136
1250368613778784256
1250368822915338248
1250368856838864896
1250368956478570496
1250369003257761793
1250369015303692289
1250369063639027712
1250369129506164736
1250369195851812865
1250369213467963392
1250369397673406469
1250369475582533632
1250369548118876160
1250369808337645570
1250369942320549894
1250369943025172480
1250369955003953153
1250370002164867073
1250370073417658369
1250370295682064387
1250370295719800838
1250370427819614208
1250370572539834368
1250370592265691138
1250370638809681921
1250370731738791936
1250370790366863360
1250371209709137921
1250371280781619200
1250371299186221057
1250371368388104193
1250371440345563139
1250371527146536963
1250371646336065539
1250371671279702016
1250371680137961475
1250371813810540544
1250371847532580864
1250372048691458049
1250372102500294656
1250372291722002432
1250372371606900736
1250372413625454593
1250372484148363264
1250372709046943749
1250372744828424192
1250372778760507392
1250372819143327745
1250372832317579264
1250372852940820481
1250372878748585985
1250372902597378048
1250373053676216320
1250373101038309377
1250373159703982081
1250373249889972224
1250373251899035649
1250373272610304002
1250373301853093891
1250373453166903296
1250373582452129794
1250373613540253697
1250373667915259904
1250373717542092802
1250373784542068741
1250374040444981249
1250374204639383552
1250374544294137857
1250374595044970498
1250374681884008448
1250374736871174145
1250374765916946438
1250374858384404481
1250374879402131456
1250374896561111041
1250374962101268480
1250375109698703360
1250375114115493894
1250375214359175171
1250375214363316225
1250375348145065984
1250375354209972224
1250375458237165569
1250375567339380741
1250375957338349568
1250376033578160128
1250376089727164417
1250376124632371207
1250376259181346816
1250376272682921984
1250376285035118592
1250376305083891713
1250376347299577856
1250376523011346434
1250376557622751233
1250376611364569089
1250376758714683394
1250376760799178755
1250376821440483331
1250377203214401536
1250377227306512385
1250377262395994112
1250377282947956736
1250377291219304448
1250377517271261186
1250377529782829059
1250377538494500866
1250377659915386884
1250377689372004354
1250377723031191552
1250377752332697600
1250377899271749633
1250377949553078274
1250377949980889088
1250377979131289601
1250378071288545280
1250378071506595841
1250378079689527296
1250378091958022144
1250378117019041792
1250378134001717249
1250378176494219264