1248883494308069378
1248883521046880256
1248883529234239490
1248883548788064261
1248883587514015744
1248883594942021632
1248883608921575424
1248883615297085441
1248883636947976192
1248883732368384000
1248883757744107520
1248883798994849792
1248883844968640513
1248883977600954369
1248884119146319873
1248884136640753665
1248884166969757696
1248884180710092802
1248884215149506560
1248884285714485249
1248884366455058435
1248884382737354752
1248884426274222083
1248884433681293312
1248884508503330817
1248884518137683968
1248884593878581249
1248884758496641024
1248884836149809152
1248885036041945088
1248885058758303745
1248885255521497088
1248885303013670912
1248885336739987461
1248885369115938816
1248885372538499073
1248885426556821505
1248885506022105089
1248885526079262726
1248885546010603520
1248885648922042374
1248885654559363072
1248885740953464832
1248885784360423425
1248885788231602176
1248885809958223873
1248885859316834306
1248885866719670272
1248885895500935169
1248885929579655168
1248886086128058379
1248886177446256642
1248886392115073024
1248886427355688960
1248886464173178885
1248886493348679682
1248886721531400196
1248886724173807618
1248886753068339200
1248886758957174784
1248886893556592641
1248886954852261889
1248886966814248962
1248887039237533698
1248887138722238464
1248887258264080384
1248887516490616834
1248887555073937408
1248887759365763074
1248887779297091586
1248887824339939328
1248887852102037509
1248887872507318273
1248887901225549824
1248887981449965570
1248888013125345282
1248888095841402880
1248888142045876225
1248888262938091520
1248888405447958528
1248888418131558400
1248888445428068353
1248888456245153792
1248888485664026624
1248888490856599553
1248888501904564224
1248888527548551169
1248888535077335040
1248888632263368705
1248888703621025793
1248888724823240706
1248888779366191105
1248888800018866186
1248888895955230725
1248888896311529475
1248888956730494978
1248889040683876353
1248889056672591874
1248889281784889345
1248889401125601280
1248889415943860225
1248889672048181250
1248889726356148228
1248889764155019264
1248889770035548160
1248889823190007810
1248889863115431936
1248889990840451075
1248890026282201089
1248890078832689153
1248890217030750208
1248890340007796736
1248890385046405120
1248890567762644992
1248890591406104576
1248890606991986692
1248890615196192768
1248890669642452993
1248890741935542272
1248890773220835329
1248890863846977537
1248890963893850112
1248891053026840577
1248891111105605633
1248891182467485696
1248891192005275648
1248891238360723457
1248891245012946944
1248891290051174405
1248891363145527301
1248891576052363264
1248891651881422848
1248891682055225344
1248891727181762561
1248891748220354560
1248891756059348994
1248891840176312320
1248891861936140290
1248891877702742016
1248891907675025418
1248891911735087104
1248891983898312709
1248892028622159872
1248892075367714817
1248892136491110400
1248892304993198082
1248892310055608321
1248892366834077698
1248892370881576961
1248892393744564224
1248892435893301249
1248892438153957376
1248892675916353536
1248892688042201091
1248892842942005249
1248892859543060481
1248892968670560257
1248893102724657159
1248893124618924033
1248893212057423873
1248893228599787520
1248893253803479040
1248893299999596544
1248893366856630272
1248893413681795073
1248893489368178688
1248893517310464001
1248893577792565248
1248893615583174656
1248893619693641728
1248893687083360256
1248893689365057537
1248893690141011968
1248893749771501568
1248893887277674496
1248893941967212544
1248893968500150272
1248894100364881920
1248894170690797570
1248894398575845378
1248894420428062720
1248894525839458304
1248894542167724033
1248894554666708994
1248894629648330752
1248894630311202816
1248894787119468546
1248894860146307073
1248894885979205632
1248894886285176832
1248894958150410240
1248894965444296705
1248894991373602818
1248894992271237120
1248895028069568517
1248895082792714247
1248895114862190593
1248895237524729864
1248895246764838918
1248895376725356544
1248895464986095616
1248895543490863104
1248895588805955585
1248895594237550592
1248895618942226432
1248895623215984641
1248895646393745409
1248895704795197440
1248895787096047616
1248895854900948993
1248895873628557315
1248895972358393856
1248896010555965440
1248896014569713664
1248896131276259328
1248896209319645184
1248896270422417412
1248896273572380672
1248896295135318016
1248896411074166785
1248896438823612416
1248896451079438343
1248896457198825472
1248896466631843841
1248896487418986496
1248896487993405441
1248896634722770944
1248896638413934592
1248896642855473161
1248896661021028352
1248896681221017602
1248896945306951680
1248896974658637824
1248897012940124160
1248897044388777986
1248897062835343361
1248897142221127680
1248897209732665344
1248897293538881536
1248897363139313665
1248897578638295040
1248897669260607490
1248897679440003076
1248897825959804928
1248897826744086528
1248898073578934277
1248898098471952385
1248898194928525312
1248898237274218496
1248898253996740609
1248898379435909121
1248898383500029952
1248898388545814528
1248898433794138112
1248898467814137856
1248898539486248960