1255044098316214272
1255044176112242690
1255044202976759810
1255044205858209792
1255044316646563840
1255044414155550721
1255044482002640896
1255044503225929728
1255044847817416705
1255044851499851777
1255044855300063232
1255045366833168391
1255045446638219274
1255045485494243329
1255045560400257024
1255045664679104512
1255045728659025921
1255045756597264384
1255045765279465477
1255045782756978690
1255045875019243520
1255045937560383490
1255046005411713024
1255046025808687104
1255046046297624577
1255046051234492417
1255046134634078210
1255046159300726786
1255046309750255618
1255046310622908418
1255046338561159169
1255046406978457600
1255046494710890499
1255046550444740608
1255046626185564162
1255046633412341760
1255046662935830529
1255046729227022336
1255046789750800384
1255046980457213952
1255046982344699904
1255046986513805313
1255047003458822146
1255047035608272897
1255047094873681920
1255047155666038785
1255047242706288640
1255047527478497280
1255047542288650241
1255047626782838785
1255047634022064128
1255047636278743040
1255047775311536130
1255047783368790017
1255047866705424385
1255047920585510912
1255047942748028928
1255048089594986499
1255048106212761602
1255048244368834560
1255048273729118209
1255048532492455936
1255048546040139778
1255048715338944512
1255048772213551105
1255048962043600896
1255049172228734977
1255049197470048256
1255049225337012225
1255049293662171137
1255049308845441024
1255049570658238465
1255049578543374336
1255049731409096704
1255049767312338944
1255049855640260611
1255049981381144576
1255050002063187968
1255050106417688577
1255050348445732864
1255050365646647296
1255050535180406785
1255050653279404035
1255050698703679489
1255050790839992320
1255050823752712193
1255050853259661314
1255051033975324672
1255051038085742598
1255051073984901120
1255051175474405376
1255051201193955328
1255051243388637185
1255051253618442241
1255051295993597952
1255051424641286144
1255051431528353795
1255051464365334528
1255051514814423041
1255051544715640832
1255051683299721216
1255051762857361408
1255051926758207488
1255051960337805312
1255052051094126592
1255052133038059521
1255052145365221376
1255052622605643781
1255052625546022912
1255052703757107201
1255053145454948352
1255053164333502464
1255053190166466560
1255053210592526336
1255053227558567938
1255053344827043842
1255053349080227840
1255053431829602304
1255053491216609280
1255053533289885702
1255053548762644480
1255053549320278016
1255053618039812098
1255053660368879618
1255053729562320896
1255053801242804230
1255053916053467136
1255053990578044937
1255054013852254208
1255054112825069570
1255054117157982208
1255054120139907072
1255054147168190467
1255054195608125445
1255054292324663296
1255054397530390529
1255054473199792130
1255054674836836352
1255054683254767616
1255054712455352320
1255054772517945345
1255054932308299776
1255055038788984832
1255055257199161344
1255055349482164224
1255055437260603392
1255055482718486528
1255055500275847168
1255055520240672769
1255055577195122688
1255055726856343553
1255055916229148673
1255055928778465285
1255055944456830979
1255056100069568512
1255056141308104705
1255056184173879296
1255056262053670913
1255056289346052096
1255056373840261120
1255056377417957376
1255056477640962048
1255056535765516288
1255056629810200576
1255056659405328384
1255056691370045441
1255056732159569920
1255056746458034176
1255056753630330880
1255056910069518336
1255057042756288512
1255057049349689345
1255057053350940673
1255057153234092034
1255057195340890112
1255057261858340864
1255057270263644160
1255057308587081728
1255057385585954817
1255057454708207616
1255057480159318018
1255057615178080257
1255057620978683904
1255057621842681856
1255057685784870912
1255057805381447680
1255057911518281728
1255057928836517889
1255058254205530114
1255058313634443266
1255058357355872256
1255058394181857281
1255058403413508097
1255058574428028928
1255058584737636352
1255058600889921537
1255058636327366656
1255058776694165504
1255059003605946368
1255059070035341312
1255059075433463809