1253654941593407494
1253654997348253696
1253655021461233665
1253655052037902337
1253655109881540608
1253655156199239681
1253655201988435968
1253655337267269632
1253655341037993986
1253655342942208000
1253655370272210945
1253655411837804549
1253655429080510467
1253655500236836864
1253655522022170624
1253655902890098688
1253655998218174466
1253656017142939648
1253656067126501383
1253656078946127873
1253656109279113216
1253656230221971458
1253656448720142337
1253656511450054656
1253656632610914309
1253656675162218497
1253656694967672834
1253656935632699392
1253656964455968768
1253656973259784192
1253657113311789058
1253657216005087232
1253657232656543745
1253657382623813632
1253657383320072193
1253657387975823361
1253657445236269057
1253657668763426817
1253657761788956672
1253657875085475840
1253657878470295552
1253657974951817218
1253657979418750976
1253658017662480384
1253658521599651840
1253658609008984064
1253658634376163328
1253658687849324545
1253658698708406272
1253658742379491330
1253658747005739008
1253658868414062593
1253658943961870336
1253658973573722114
1253659003034300424
1253659224942526465
1253659246216065024
1253659342819209218
1253659360535904258
1253659415724593153
1253659518816444417
1253659632188510208
1253659753022205953
1253659767865827328
1253659816444248069
1253659820244168706
1253659912737107973
1253659927563743234
1253660097546510341
1253660348554625026
1253660537843412992
1253660672124166146
1253660735147610112
1253660793310150663
1253660933177606145
1253661152724172802
1253661167203074050
1253661234488053762
1253661274979721222
1253661376540786689
1253661393615753218
1253661443762925569
1253661456412876800
1253661480668598272
1253661498695651328
1253661530626961408
1253661544803643392
1253661632305090560
1253661708335362048
1253661741654978561
1253661758092390401
1253661762425106433
1253661775096016896
1253661850488758272
1253662029220634624
1253662037198209024
1253662064435802112
1253662253016133633
1253662491084828672
1253662542611779584
1253662576552153089
1253662600820330498
1253662604238688257
1253662621808635911
1253662679387889664
1253662773852110850
1253662848716169216
1253663033076920321
1253663067474444289
1253663112538005504
1253663222021992448
1253663330537025536
1253663429925261312
1253663473067864067
1253663473252229121
1253663751619952641
1253663754945994753
1253663901528571904
1253663985297166337
1253664031686221825
1253664090070962176
1253664159583145986
1253664227111419904
1253664245700603905
1253664274628489216
1253664274968428547
1253664446829993991
1253664505562726401
1253664509346095105
1253664539628863489
1253664577058942977
1253664610063978496
1253664756986249216
1253664849416073219
1253664890755178496
1253664933390188544
1253665231689052162
1253665251968483331
1253665419837259776
1253665441123307520
1253665583599628293
1253665637819461634
1253665785647595520
1253665826915434499
1253665843994677249
1253666086869860353
1253666128523595778
1253666338448396288
1253666338603765760
1253666367573757952
1253666510205333504
1253666619605344256
1253666855539159042
1253666901571571713
1253667113971187712
1253667130849071104
1253667176659247104
1253667240261693440
1253667328300113923
1253667416573345792
1253667433505787910
1253667463146987522
1253667714356228099
1253667734694526976
1253667835383029761
1253667859898806272
1253667868731940864
1253667877745459200
1253667902714048512
1253667936553893890
1253668016170115072
1253668066644439041
1253668084092678145
1253668099947147264
1253668150589231105
1253668229576364032
1253668262698680322
1253668309515599872
1253668360254087168
1253668452096782336
1253668465107513346
1253668587186933765
1253668588889665536
1253668589040578561
1253668696851169281
1253668705935880192
1253668750756327424
1253668796465909763
1253668880557498370
1253668922781585408
1253669014578003974
1253669022505156608
1253669047490588674
1253669114855469061
1253669135780769793
1253669186657714177
1253669194341789696
1253669224083423234
1253669341305933824
1253669437447843841
1253669534227222530
1253669538391969793
1253669555358052353
1253669609959575555
1253669626808012807
1253669731023945728
1253669756743282688
1253669777077342208
1253669798644506624