1254908184122273794
1254908244914507777
1254908305417224192
1254908344055316482
1254908409784274944
1254908468747788290
1254908511248625666
1254908540772286465
1254908544509448203
1254908689087070208
1254908774709682184
1254908837657796609
1254908850341371904
1254908854627901441
1254909149185552384
1254909234279522305
1254909253049028608
1254909404211789837
1254909534168113156
1254909714476994563
1254909718620856320
1254909915858173953
1254910004450201601
1254910129440464908
1254910205990748160
1254910217663295490
1254910340749332481
1254910373259431938
1254910402586185728
1254910413063557125
1254910422341296128
1254910442868109312
1254910473734160385
1254910593082855424
1254910731507687437
1254910872960540672
1254910965029707777
1254910972755537920
1254911119342350338
1254911275362066439
1254911354806419458
1254911463535398912
1254911471013658624
1254911518669488128
1254911585795088384
1254911593499914241
1254911593546121216
1254911777990758400
1254911799020969992
1254912056106659845
1254912100897624070
1254912109533712389
1254912244267311111
1254912290631159810
1254912370205474816
1254912444918648832
1254912520646606848
1254912575160156160
1254912618139136000
1254912671511711744
1254912725542567936
1254912772330196993
1254912789065240576
1254912915322351617
1254912948872654848
1254912994288361473
1254913012055638021
1254913078484856833
1254913132633391107
1254913401391845376
1254913522951237633
1254913654128029696
1254913732565762053
1254913808599887874
1254913847002988545
1254913951143546886
1254914004004323329
1254914085076025345
1254914093598806018
1254914109042278400
1254914143775268865
1254914191758065676
1254914211110584328
1254914326462369803
1254914626325590016
1254914844014198786
1254914872908922880
1254914915875291137
1254914922762375169
1254914924108746759
1254914941389344768
1254915179940384768
1254915336849076224
1254915427177824261
1254915465316466688
1254915512406073351
1254915553233301504
1254915624326828038
1254915626713247744
1254915628730920961
1254915652978200577
1254915682313125889
1254915792115818498
1254915807597015043
1254915820850987009
1254916049113243648
1254916056256307203
1254916068604284928
1254916110773821441
1254916136220741632
1254916147830554626
1254916185898070018
1254916257327054853
1254916295851675649
1254916350000140288
1254916371839844352
1254916413535461385
1254916614899806208
1254916710563381248
1254916719048613890
1254916740288520195
1254916744227012611
1254916782957133826
1254916841765572608
1254916896249569280
1254916908471721984
1254916983910543362
1254917043746463751
1254917851783151616
1254917956531863553
1254917959610335233
1254917990782570496
1254918029399355392
1254918036328505347
1254918082503548928
1254918153689272322
1254918438742622210
1254918577288892421
1254918610541215744
1254918689159368705
1254918724127281153
1254918743190376449
1254918833317478401
1254918834881990656
1254918904180162561
1254918939424911360
1254919353750794240
1254919380691009538
1254919462026870784
1254919680554385409
1254919705388875778
1254919713693536256
1254919935542923265
1254920061833396224
1254920100047659010
1254920481691635712
1254920666178076674
1254920762512809984
1254920774982524928
1254920863503339522
1254920908889886720
1254921014376620032
1254921156802383873
1254921320766287877
1254921341637140480
1254921346078965768
1254921350315216897
1254921404580954113
1254921429012938754
1254921483308142592
1254921497086513153
1254921651533332480
1254921672752160769
1254921684785811456
1254921823667585024
1254921937387585537
1254921957411258369
1254921962238939139
1254922079180222465
1254922080174268416
1254922088093224962
1254922094523056130
1254922116836843521
1254922167743066125
1254922189708701697
1254922247745220609
1254922308809981952
1254922335020363776
1254922496001871873
1254922511587987461
1254922544991408128
1254922726004924417
1254922998060060673
1254923044100935684
1254923245591171072
1254923250305576960