1252311067818110976
1252311125229817858
1252311216933961730
1252311229684736013
1252311473134723074
1252311556169269248
1252311621457850371
1252311666349481989
1252311721580072961
1252311858909974528
1252312031144947713
1252312123587297280
1252312136216457216
1252312182274035714
1252312189081456642
1252312396690886657
1252312564018614272
1252312676925145090
1252312695878987779
1252312764988579841
1252312808672374789
1252312915849478147
1252312945431851012
1252312949969936384
1252313069063073794
1252313108917387265
1252313108929867777
1252313113094959105
1252313225951092736
1252313230061514753
1252313436760965121
1252313537281691649
1252313570622177281
1252313591879020546
1252313612447879170
1252313645855498244
1252313721461866497
1252313835001622528
1252313893612986373
1252314124496838657
1252314153466777601
1252314194252165120
1252314266247577600
1252314269179207680
1252314279337816064
1252314455679082496
1252314459865055235
1252314577519415296
1252314598314774535
1252314611090624528
1252314636311019521
1252314648877117441
1252314702933196800
1252314784298606592
1252314820537389057
1252314832231182336
1252314853341048836
1252314870831370240
1252314884710293509
1252314895825043456
1252314898325024773
1252314933641035777
1252314966062923782
1252314971381346304
1252314992780759043
1252315021649932291
1252315080177393664
1252315152264953856
1252315218790801413
1252315237610672131
1252315445316579328
1252315556071583744
1252315680633806849
1252315784359088128
1252315849618325505
1252315998134456321
1252316267949809664
1252316368084643842
1252316396542976001
1252316418625896450
1252316421993963523
1252316481754247170
1252316531293392897
1252316535756132353
1252316564965060610
1252316586351955969
1252316668560367619
1252316691410845698
1252316774080577537
1252316797468016641
1252316884021710859
1252316968134365184
1252316971854692360
1252317064414584832
1252317134408970240
1252317146933321729
1252317190507966467
1252317224087543811
1252317248859115520
1252317261626396672
1252317291120861184
1252317412814475268
1252317445823459329
1252317470804697090
1252317647104065536
1252317706130341888
1252317886095470593
1252317924381032449
1252318062327537665
1252318133911764993
1252318287083569154
1252318289914724352
1252318304934428672
1252318342276362241
1252318358613176328
1252318374090194945
1252318397867712514
1252318595050344452
1252318616252538880
1252318700822241286
1252318704680878081
1252318709038772224
1252318758649114629
1252318884750860289
1252318889842741249
1252318918510874625
1252319014753189888
1252319115529740289
1252319123368968193
1252319127718551559
1252319211591958531
1252319437774114816
1252319509433782275
1252319631345401856
1252319703239987200
1252319740632150020
1252320097462620165
1252320150168059904
1252320167922671616
1252320214231814144
1252320222557753344
1252320260679544832
1252320347266977795
1252320373871345664
1252320411511066627
1252320486924705792
1252320558873751564
1252320649554604032
1252320792760725504
1252320793582882818
1252320864105881608
1252320920674488321
1252320922511577091
1252321103453790210
1252321116300832770
1252321122407849985
1252321240339099648
1252321301143961601
1252321308903424003
1252321467410403330
1252321467703885826
1252321551837429766
1252321749456375814
1252321913336143875
1252322101614149633
1252322101723377664
1252322114457210880
1252322584072531971
1252322668281356290
1252322680189022208
1252322687122395136
1252322693006782465
1252322797663260672
1252322802268614656
1252322822392856580
1252323061811953664
1252323142300770304
1252323162219520011
1252323186588467200
1252323280289234958
1252323310077128704
1252323401068417024
1252323649538846720
1252323733638971392
1252323752408465412
1252323791914573824
1252323794150199301
1252323819324399618
1252323965240033280
1252324131749670914
1252324146433757185
1252324193619914753
1252324199470977024
1252324450391003137
1252324459203174402
1252324496041816068
1252324580691021824
1252324634504179714
1252324647447691264
1252324660080816129
1252324685284548608
1252324710693601281
1252324798740393985
1252324832026390529
1252324924208951296
1252324949953523714
1252324975224094720
1252324987115102209
1252325151145897984
1252325205206274058
1252325207907291136
1252325289591361536
1252325356691996673
1252325473847214081
1252325478167388165
1252325531338584070
1252325595305959427
1252325711181832192
1252325846112768000
1252325847417204740
1252325880254173184
1252325928979464197
1252325981198725120