1251661808215248902
1251661821687332864
1251661845389344770
1251661989530742789
1251662056941449218
1251662115640762370
1251662170426925056
1251662203490631682
1251662362958073858
1251662520344961024
1251662543673634818
1251662740860497920
1251662937124745217
1251662945974697988
1251662983761211393
1251662988366491648
1251663013322657794
1251663072655269888
1251663172504862720
1251663212916772864
1251663349152169984
1251663386594512898
1251663503947071489
1251663554299781122
1251663583852683264
1251663588110016518
1251663692917354499
1251663717726662657
1251663973503635456
1251663973814013957
1251664292212064257
1251664300466266112
1251664426765352962
1251664443198640128
1251664510085021696
1251664523288862720
1251664581635776519
1251664591706304515
1251664708270096384
1251664810174935041
1251664912407048196
1251664963321524224
1251665278313869314
1251665310882516992
1251665402763120640
1251665518915923972
1251665633449631744
1251665722444406785
1251665839738232835
1251665927663505408
1251665995321815045
1251666041358467073
1251666082970193921
1251666117250224128
1251666159327477760
1251666309810491392
1251666322477518850
1251666657589604354
1251666812808257536
1251666992840560647
1251667109429608448
1251667165385801730
1251667216967307265
1251667325016772608
1251667497159442433
1251667561936273409
1251667756455321601
1251667766333104130
1251667769751408641
1251667815632965632
1251667960587943937
1251668025331396614
1251668066838216708
1251668071317680128
1251668132583878656
1251668255800004613
1251668528949796864
1251668590933073921
1251668980391120898
1251669174893473793
1251669601055911936
1251669656848326656
1251669777199902721
1251669821739106308
1251670214615408642
1251670252741636105
1251670562981711876
1251670630002339840
1251670663674212353
1251670784889638913
1251670788123561990
1251670814673571842
1251670936207704064
1251670966041796609
1251670994651136000
1251671313086910464
1251671343659012096
1251671406061867008
1251671439616249857
1251671837869817860
1251671900616634369
1251671943339626497
1251672023258071040
1251672035719352320
1251672055931482114
1251672077431685120
1251672107882184704
1251672114190364674
1251672119068569608
1251672395816955906
1251672452557651972
1251672465828446208
1251672510783000576
1251672660376981506
1251672729809334273
1251672861401427968
1251672899263647747
1251673025487024130
1251673129434468355
1251673133477756928
1251673168575516673
1251673410356346880
1251673686945468416
1251674098343837701
1251674170028630024
1251674258037567488
1251674312731394056
1251674648627957760
1251674664205783040
1251674664952193024
1251674702956773376
1251674781453373442
1251674865465274370
1251674920930603008
1251674954078265347
1251674962357706753
1251675071489495040
1251675075125874690
1251675088279277573
1251675101331849219
1251675122173444098
1251675151113916416
1251675179689926656
1251675188338425856
1251675353833107457
1251675356513345536
1251675360749551617
1251675378080514054
1251675465976348673
1251675600785375232
1251675607823380481
1251675709124284416
1251675713478053888
1251675726685880320
1251675779739652096
1251675818008489987
1251675877491929088
1251675914318086146
1251675980986486785
1251676037819305985
1251676095184883712
1251676097604919298
1251676246238539776
1251676346452934662
1251676388861640707
1251676573276626945
1251676577508843522
1251676633779638273
1251676648216412160
1251676653563940864
1251676702993870849
1251676724884111360
1251676739790503937
1251676829200592897
1251676878974398464