1255361166156562432
1255361182095028225
1255361193688080384
1255361273090449410
1255361315226476544
1255361336600678401
1255361442670432261
1255361452711518209
1255361494922989568
1255361516418797569
1255361563374034945
1255361658639220738
1255361669150236674
1255361692910915586
1255361747763986433
1255361768358137859
1255361822665957379
1255361847898841090
1255362026534289410
1255362100727341057
1255362120478228481
1255362129638670336
1255362170868641793
1255362238300520448
1255362309851095040
1255362558153969664
1255362683282522112
1255362805320073223
1255362821522706437
1255362979685699586
1255363220916838401
1255363223307661315
1255363283663683585
1255363292392050688
1255363322322485248
1255363358511042562
1255363416572792833
1255363416593780739
1255363438370488322
1255363479634169856
1255363501494861824
1255363521996566528
1255363613440737285
1255363669967462408
1255363682009317380
1255363697616343043
1255363710811623424
1255363778092380160
1255363781498146816
1255363810506018818
1255363811185434624
1255363865916911623
1255363910535991296
1255363995185315840
1255364046603325441
1255364076206727171
1255364129470189568
1255364138177527808
1255364184486957056
1255364217491935232
1255364255802671107
1255364327206531073
1255364381057187841
1255364415551156224
1255364831349276674
1255364847644094465
1255364868774998020
1255364889599791110
1255364917777047554
1255365027294597120
1255365104092295171
1255365211835584512
1255365236787462144
1255365253963157504
1255365300842835972
1255365325916442626
1255365488848310272
1255365598231629824
1255365620180439040
1255365670650490881
1255365671153733640
1255365747217498113
1255365828435939329
1255365862124597249
1255365933260046336
1255365936384794624
1255365948011425793
1255366042408321024
1255366103049658369
1255366143717629953
1255366151875461121
1255366156598284288
1255366379252985856
1255366420319342592
1255366432357003264
1255366479282941953
1255366482118299648
1255366486996201476
1255366500728406017
1255366567556194304
1255366580357279744
1255366684359249922
1255366688100491267
1255366689358782465
1255366693137907712
1255366729871626240
1255366738100838403
1255366743519789057
1255366789556572161
1255366826369974272
1255366881206247425
1255366894347042817
1255366906506289152
1255366915121393665
1255366915729604608
1255366940857638912
1255367019727380482
1255367024915644422
1255367074186252292
1255367082583171072
1255367166431551489
1255367195934314497
1255367259176013825
1255367262816612352
1255367272367034368
1255367289194635267
1255367347310931968
1255367372141219843
1255367414210007045
1255367419243245569
1255367439774253057
1255367440319623170
1255367443985371137
1255367457457557504
1255367476759744512
1255367497630572545
1255367554283065344
1255367577552982016
1255367593961103360
1255367598864322561
1255367612575494146
1255367639867801601
1255367661980172288
1255367690362982400
1255367778795761665
1255367885066776577
1255368003878899716
1255368008178024448
1255368055334543361
1255368224570572803
1255368256090779649
1255368277406232577
1255368300466515968
1255368429629997056
1255368450798759936
1255368505270112256
1255368546470821889
1255368593241444356
1255368647423528961
1255368659507261443
1255368701844623361
1255368706445762560
1255368748762103808
1255368861014163456
1255368864843603970
1255368941666537473
1255368970116509697
1255368974004518912
1255369000701362177
1255369050001195008
1255369060440772608
1255369091583545345
1255369163629113345
1255369183950524417
1255369185540149248
1255369191949045761
1255369259552854018
1255369336149159936
1255369426909749249
1255369475681067008
1255369523777212416
1255369527874990083
1255369540738965506
1255369541762326528
1255369596347039744
1255369695512989698
1255369797346496512
1255369800769048577
1255369852090449922
1255369873095643137
1255369885007466496
1255369910835871744
1255369951449436161
1255369992322928640
1255370050447585281
1255370052586668032
1255370055044534272
1255370169452560386
1255370195704655874
1255370235210850305
1255370282820395008
1255370290625904643
1255370329305874432
1255370355860004867
1255370476953763840
1255370592775278593
1255370607971237888
1255370659850575874
1255370703106424834
1255370724551917569
1255370786396872705
1255370841715597315
1255370887131521026
1255370967414693889
1255371005591240704
1255371046699569155
1255371134629003264
1255371206619955200
1255371227297976321
1255371232146571267
1255371301373587461
1255371302631866372
1255371315307073536
1255371349457059840
1255371355673026561
1255371408080805888
1255371452712456192
1255371462313218051
1255371487457968130
1255371591090868224
1255371759412535297
1255371894280392706
1255371952778330113
1255372024920322051
1255372056264413187
1255372125273194497
1255372522952015872
1255372535002271744
1255372539968344064
1255372635967553537
1255372696034181121
1255372733975859202
1255372787318996994
1255372829215916032
1255372854067159042
1255372888493953024
1255373021436575745
1255373072330350593
1255373201498157056
1255373214462738434
1255373257546641409
1255373287141638145
1255373440971935745
1255373588623953926
1255373598895878144
1255373599218847745
1255373646643834881
1255373684291837953
1255373741015683072
1255373755754430464
1255373814470410241
1255373843293757443
1255373898276880384
1255373907835715584
1255373944800116736
1255373949095075842
1255373965951975424
1255374019118931968
1255374026056269824
1255374128602849282
1255374132843352065
1255374133023649793
1255374150270672896
1255374151176552448
1255374155287072768
1255374179123310593
1255374263961489408
1255374314968428546
1255374315014574082
1255374323185004544
1255374327433830401
1255374360556310530
1255374506572550145
1255374573819887618
1255374605826633731
1255374670125293569
1255374737691246599
1255374826329563136
1255374901483102210
1255374926183387139
1255374956168392704
1255374989777305601
1255375157713084417
1255375236108898304
1255375282481102848
1255375362776879104
1255375415797075969
1255375442103721985
1255375496134746113
1255375664926072835
1255375826725601281
1255375844803051520
1255375854164680708
1255375945499914240
1255375964445519872
1255375970669920256
1255376016270376964
1255376027934756864
1255376029239164929
1255376034142314496
1255376037946568705
1255376041322909697
1255376100408074240
1255376110101172225
1255376121555714048
1255376192133357568
1255376250887077891