1252658372068937732
1252658388288372739
1252658441283387393
1252658480726540288
1252658752630722560
1252658773635760129
1252658837548646402
1252658942385229824
1252659017824026629
1252659116213858305
1252659536583954432
1252659556414566403
1252659789240418306
1252659835960586243
1252659864624664580
1252659923114065920
1252660108422721538
1252660132992909314
1252660151347220483
1252660293441904641
1252660334311149569
1252660370369585152
1252660402585927680
1252660477085257730
1252660555850174464
1252660607150514177
1252660640365371393
1252660720245764096
1252660736473600002
1252660796527529984
1252660841880657921
1252660880212279296
1252660921236959235
1252661085536169984
1252661110794264576
1252661148001939458
1252661257083203586
1252661260300189704
1252661373605158916
1252661450176413696
1252661716699226112
1252661727596097536
1252661794318872576
1252661819522588680
1252661836509589504
1252661911885197312
1252661965861855233
1252662247819706374
1252662289142071296
1252662414899728384
1252662473766785030
1252662683175960576
1252662687781261319
1252662719754522625
1252662734065242112
1252662763085869072
1252662771138924544
1252663001720786950
1252663199691878400
1252663240527499264
1252663299793010688
1252663304465428480
1252663455334752257
1252663487404232704
1252663923616210950
1252663987818373121
1252664009725227008
1252664013089124354
1252664051231907841
1252664079812042753
1252664134497439746
1252664264508071936
1252664340207079424
1252664377775403008
1252664426110615552
1252664508541214725
1252664621372227584
1252664630570373120
1252664659515146241
1252664713642749952
1252664721607704578
1252664723553861636
1252664730180878336
1252664779841429504
1252664812984811522
1252664834073780225
1252664889493069831
1252664902520647680
1252664965196062720
1252664990210969601
1252665133207150592
1252665327185530887
1252665329957736448
1252665389978435585
1252665395770777600
1252665441388048385
1252665455954792450
1252665611362217985
1252665668429918211
1252665724163756033
1252665748935278593
1252665749476343810
1252665840257961984
1252665907131961346
1252665988509827072
1252666097792360453
1252666273764241409
1252666341040902145
1252666417989771265
1252666426332196875
1252666475392970754
1252666609023496194
1252666663880835075
1252666670633619457
1252666675339673602
1252666690912964608
1252666760635039745
1252666827693535233
1252666882219442176
1252666902767374338
1252666944651657216
1252667070560550914
1252667078655565825
1252667124910153728
1252667133743575045
1252667163112099840
1252667226219597830
1252667243067961345
1252667304640483330
1252667343219589123
1252667372638539777
1252667414615076867
1252667502884257793
1252667666575351813
1252667682790522880
1252667758359261190
1252667878052032514
1252667886709149696
1252668022420094978
1252668022826823680
1252668038912098308
1252668044243013632
1252668064925011968
1252668148224012288
1252668156990152704
1252668290998001665
1252668295314059264
1252668297914601472
1252668400259735553
1252668436532035589
1252668580581249025
1252668611107438592
1252668719077240836
1252668869854007300
1252669167892705283
1252669193155117056
1252669280828735489
1252669351167176704
1252669394578268160
1252669428241661955
1252669546445582340
1252669721008316416
1252669774942793728
1252669800481992705
1252670036185137153
1252670132351987712
1252670144972754945
1252670170566254593
1252670194490761217
1252670245099245572
1252670295871238145
1252670362715914240
1252670488968650753
1252670493443985413
1252670501853560832
1252670673283055620
1252670674205904896
1252670749208309760
1252670832767307778
1252670883270975489
1252670934185631744
1252671000690524161
1252671101563400192
1252671320749494275
1252671331834966024
1252671357353066500
1252671361329369092
1252671396393541632
1252671457487990785
1252671533031579650
1252671533622927365
1252671617425182721
1252671621254590467
1252671646286204928
1252671717723516930
1252671927543410688
1252671961815228416
1252672087002624002
1252672087086555136
1252672162323812352
1252672187787612167
1252672233526435840
1252672266862657537
1252672359703724032
1252672401059561481
1252672543875457024
1252672619851272192
1252672687928799233
1252672795093409794
1252672931827798018
1252672944192487424
1252673005915865088
1252673055685476354
1252673071623749637
1252673072655728650
1252673076686475264
1252673160731918337
1252673249424465920
1252673295045898241
1252673356656259072
1252673406656565248