1246829959382876165
1246830088269770752
1246830108587044865
1246830108947525632
1246830117822828544
1246830181181865989
1246830196956844033
1246830199896866817
1246830394311348224
1246830400174882816
1246830436275425280
1246830448266883075
1246830470215561218
1246830584501899264
1246830600998158336
1246830601136517120
1246830730312699904
1246830743168352258
1246830770917789697
1246830847111524357
1246830935007346689
1246830944935235586
1246831004653887492
1246831006373601281
1246831044734726147
1246831112963239936
1246831167703142402
1246831224695525377
1246831258979774470
1246831287945572352
1246831296413868032
1246831312817852418
1246831313350516737
1246831451317899264
1246831473644023808
1246831548659195904
1246831560017375233
1246831566397079557
1246831568934625280
1246831580313722880
1246831593957789697
1246831615243767811
1246831653235896321
1246831656318599168
1246831696277725185
1246831710920007682
1246831771250872320
1246831795393331200
1246831820429316098
1246831833913757697
1246831853849456641
1246831857917927424
1246831876897038337
1246831877803012096
1246831959331962880
1246831993410613248
1246832017267814404
1246832111484637184
1246832210684055553
1246832225133506560
1246832249271508992
1246832410521743365
1246832418209832962
1246832440447922176
1246832449897840640
1246832533347512326
1246832554734485507
1246832568588054528
1246832752558624768
1246832860264349696
1246832879004315649
1246832881332367361
1246832919357706240
1246832920100134917
1246832961359687682
1246833052120010752
1246833082365292545
1246833182839881728
1246833230482817025
1246833288318083073
1246833419046223874
1246833440353222663
1246833455947591680
1246833477590192131
1246833585874546688
1246833604669259786
1246833851415945218
1246833917857914885
1246833970890694656
1246834060493836288
1246834063249420293
1246834194342457346
1246834224193105921
1246834249782546432
1246834257315627010
1246834393173262336
1246834517391724546
1246834542276640770
1246834555396354048
1246834599856082945
1246834622375374849
1246834811949514752
1246834815761969153
1246834839854010368
1246834861026967555
1246834886293495810
1246834886930923521
1246834950516736003
1246834985375416320
1246835004170264576
1246835004195450883
1246835016652320768
1246835026055979009
1246835029386330112
1246835150362759171
1246835160529551362
1246835225616715776
1246835226304811009
1246835296660074499
1246835360224731137
1246835371733737474
1246835507386101764
1246835528353419270
1246835554894770176
1246835567737720832
1246835594426187777
1246835670947172353
1246835751867699200
1246835758813655041
1246835762961645568
1246835765167960065
1246835779688632321
1246835779780988928
1246835785015259136
1246835801612267526
1246835808977465345
1246835845069508614
1246835884814671880
1246835945325854721
1246835955975237632
1246835957401128960
1246836050988650496
1246836089182130176
1246836130848198661
1246836165795360768
1246836186993303553
1246836217536110592
1246836383928520709
1246836396167327746
1246836412810498048
1246836421375090690
1246836522357338114
1246836604716478464
1246836706352992256
1246836783762903041
1246836786359349249
1246836876465463296
1246836899932704770
1246836926281175040
1246836971521146880
1246837085668921345
1246837113917788165
1246837139830005763
1246837151435837441
1246837169647267841
1246837193961701379
1246837194460782592
1246837214098546689
1246837306922844166
1246837324425695233
1246837499516932100
1246837549055856644
1246837600054317056
1246837617913544704
1246837630039404547
1246837631968780290
1246837778186244098
1246837797387829248
1246837830795616258
1246837860294184961
1246837872147091456
1246837962668560385
1246838015755874304
1246838191023255558
1246838194466885633
1246838305401921536
1246838498272915458
1246838599825256449
1246838653004976129
1246838682440683520
1246838774966784002
1246838779022901248
1246838787499491328
1246838807988756480
1246838808324251648
1246838871498715138
1246838879497437184
1246838883653951493
1246838883733700609
1246838884148948993
1246838892445212672
1246839002402938881
1246839068178042880
1246839068840747008
1246839085378854914
1246839116869877762
1246839126848090115
1246839206749626368
1246839237749559298
1246839257399840768
1246839261006942208
1246839298986573829
1246839306607607808
1246839345333637120
1246839371300368384
1246839550644715524
1246839555342372865
1246839787354574848
1246839839405867010
1246839853410549760
1246839932083109889
1246839940949798912
1246840026903781378
1246840150363119616
1246840167241056258
1246840322627420160
1246840327086002179
1246840366768291840
1246840378499559425
1246840387412484096
1246840516840263680
1246840544409485312
1246840546833858561
1246840628463513603
1246840754430976001
1246840822290669568
1246840851126419457
1246840876011335684
1246840927550869504
1246840976246636544
1246841059822329857
1246841060627709953
1246841125983354881
1246841153837600768
1246841165619572736
1246841182170370048
1246841207373869056
1246841400303538176
1246841488941690882
1246841501453352962
1246841518981296130
1246841542972563461
1246841685616873473
1246841727585050625
1246841773479071746
1246841840734797825
1246841874360532994
1246842041541279746
1246842150966329344
1246842188358651905
1246842214057205761
1246842261544960000
1246842262698541058
1246842298949754881
1246842324937818113
1246842469808914432
1246842470073274368
1246842486884048902
1246842561932730370
1246842562146701313
1246842574142349313
1246842574691844105
1246842625560379394
1246842717503721472
1246842720489844736
1246842723174252550
1246842726571802625
1246842780829302785
1246842838953996288
1246842859774513153
1246842872814391297
1246842889713451009
1246842890526969857
1246842890698948608
1246843012476555266
1246843149898506240
1246843153719545856
1246843257822183430
1246843258619207690
1246843258640064512
1246843334347362310
1246843400910811136
1246843435618684928
1246843468141469696
1246843472482422784
1246843476425281536
1246843536508624898
1246843560223215618
1246843577113677829
1246843588043886592
1246843606469611520
1246843612425408512
1246843702619881475
1246843703156752391
1246843869485879297
1246843904223318023
1246843935172915201
1246843962888867840
1246844055251812353
1246844184964677634
1246844239645982721
1246844277734420483
1246844298898952193
1246844346365698048
1246844364514566147
1246844374517981191
1246844534874460163
1246844630253088772
1246844638050336768
1246844654953336834
1246844711307849729
1246844840467283968
1246844906682945536
1246844936256962560
1246844949808779264
1246844984298557440
1246845020491190273
1246845032474316800