1253609626811039745
1253609668976340992
1253609729991102465
1253609875566968832
1253609896030978050
1253609896538443776
1253610152969867265
1253610272901627908
1253610487381663744
1253610533070217218
1253610579178201088
1253610751178268672
1253610817079164928
1253610900260413441
1253610990526238720
1253611073007058947
1253611127273119744
1253611330042335238
1253611482178355200
1253611485739184128
1253611503116222469
1253611527732690944
1253611535827599361
1253611681965539334
1253611712269467648
1253611732964122624
1253611922374656000
1253612045095837696
1253612047612489729
1253612206912126977
1253612270610866176
1253612288243904513
1253612392157712385
1253612438311714816
1253612471123767299
1253612545031766016
1253612546189213696
1253612631023251456
1253612753366986752
1253612798262882304
1253612886590660610
1253612957541347328
1253613155235790848
1253613167554572289
1253613234231414784
1253613326333997056
1253613394734854145
1253613473956638720
1253613474057420801
1253613507410419712
1253613641695363072
1253613953822818306
1253613964459741184
1253614047997632512
1253614055803191298
1253614147776008192
1253614149411708929
1253614174271201280
1253614212141613058
1253614291552354304
1253614681157185536
1253614738103287808
1253614821167300608
1253614866331398146
1253615159484067840
1253615184565997569
1253615217717547008
1253615352224743424
1253615415760089089
1253615418964471808
1253615570983038976
1253615636862791680
1253615713446739969
1253615721394864128
1253615734283960323
1253615947773956096
1253615990505648128
1253616040635858944
1253616431503155200
1253616435668148224
1253616485194510336
1253616562378022915
1253616579364876288
1253616627402170368
1253616670767288321
1253616812035473408
1253616854091862022
1253616976657674240
1253616993279848448
1253617176667357186
1253617201401270274
1253617302768988160
1253617366174318593
1253617386281766913
1253617395098284032
1253617415814033411
1253617539772379137
1253617617333518336
1253617752125984769
1253617874364751872
1253617929096065025
1253617964974252034
1253617966517833736
1253618047891443717
1253618129210675200
1253618259611447298
1253618269631598594
1253618341882683392
1253618382110371841
1253618460359262218
1253618507285217280
1253618576679813122
1253618640446009344
1253618766421909504
1253618955375255552
1253618963700953088
1253619128440586240
1253619140482514944
1253619199118913544
1253619261718712327
1253619282203860992
1253619387363233793
1253619399887634432
1253619462214828032
1253619563834589184
1253619639545999361
1253619644025495552
1253619819536158720
1253619832152604675
1253619886162616320
1253619924590833664
1253620130678013953
1253620196545384448
1253620238861635584
1253620256649641986
1253620265159929856
1253620294763327494
1253620554273185792
1253620563135696897
1253620583767646210
1253620586703654912
1253620754945585152
1253620799967236097
1253620821744144384
1253620830208229378
1253620834645704704
1253620995207974912
1253621372615606272
1253621469193465862
1253621534997921794
1253621622700998656
1253621698039029760
1253621699251064832
1253621757434572800
1253621795304833024
1253621822182080512
1253621845749719040
1253621849310629888
1253621868776394752
1253622114332139531
1253622400412835840
1253622496068276224
1253622743133818880
1253623050203017216
1253623108809961479
1253623111968325632
1253623117060214785
1253623184038916097
1253623199629099009
1253623276309483522
1253623355732869121
1253623519239380993
1253623547764764674
1253623629964869632
1253623699720171521
1253623750228148224
1253623754607001605
1253623862870323201
1253623980940017670
1253623995041230848
1253623997004210176
1253624093003460609
1253624118852767744
1253624323711086592
1253624504758292485
1253624525570355201
1253624595967508480
1253624641962119168