1252628198074040323
1252628265027674116
1252628319415275520
1252628335571722241
1252628336284708865
1252628352684433412
1252628449455476736
1252628495362072591
1252628565440393216
1252628570368860160
1252628625947414529
1252628656587001857
1252628739009249280
1252628819044896770
1252628860228730883
1252628873264525313
1252628973630226432
1252629035584282625
1252629112067444743
1252629120757846016
1252629134993428480
1252629187384483841
1252629221404532736
1252629281571733506
1252629331458887680
1252629372244242435
1252629406012411904
1252629448102498304
1252629477361741824
1252629556898541576
1252629762184544256
1252629775371382786
1252629837732368386
1252629908783869952
1252629927175827456
1252630026475970560
1252630038844932108
1252630085506609152
1252630102678155265
1252630223532830723
1252630253027184642
1252630265651884032
1252630274019438593
1252630336653201409
1252630373692997633
1252630420463722501
1252630476612939776
1252630479230156801
1252630509177524226
1252630523547201536
1252630525786894336
1252630559194525697
1252630593155760128
1252630655340556288
1252630663913779201
1252630668737118208
1252630684860022785
1252630693143875584
1252630849805144064
1252630922161201160
1252630991346307072
1252631015090053120
1252631025089490947
1252631095851520001
1252631183990697984
1252631218237124609
1252631226436988928
1252631238537592838
1252631356082970628
1252631540485382147
1252631557845680135
1252631573997838338
1252631595573325824
1252631602326200320
1252631628582543360
1252631657112272899
1252631712749826053
1252631779594457093
1252631876814110720
1252631943105167365
1252631947425259524
1252631985601884160
1252632006107824129
1252632071329189892
1252632095555379200
1252632111422615552
1252632161540284418
1252632165424087041
1252632224135970816
1252632350439047169
1252632396501078017
1252632417392906242
1252632454826913793
1252632454843654144
1252632487169331201
1252632522250432514
1252632616051884036
1252632626743001093
1252632680753172482
1252632721454759936
1252632799049375744
1252632827276996608
1252632916007493640
1252633151278473216
1252633159742734336
1252633172157882370
1252633221495431169
1252633263883108352
1252633276713512960
1252633278152146944
1252633356602355715
1252633423572852737
1252633624991510529
1252633713248292868
1252633817778737154
1252633830802022403
1252633864117219329
1252633868198277122
1252633951761584129
1252633985949118465
1252634031725989889
1252634111966994432
1252634119936315396
1252634140593266694
1252634191625404418
1252634208239063051
1252634233128050699
1252634249653411842
1252634459683373056
1252634560015278081
1252634582001897474
1252634631557562368
1252634665552404483
1252634728022376449
1252634833198735362
1252634837351116802
1252634915906162690
1252634992892473344
1252635022282100738
1252635215190728704
1252635219208921088
1252635307293446144
1252635340617273344
1252635437258031104
1252635451921321985
1252635486641774592
1252635697422520320
1252635716963766273
1252635729588637696
1252635751814225921
1252635875785261056
1252635965211975682
1252636024653508608
1252636150130450434
1252636179557728256
1252636242925191170
1252636255017291779
1252636278333550593
1252636297677746176
1252636351561785346
1252636359682129929
1252636367751753728
1252636669615812608
1252636724649394180
1252636804534145027
1252636812880809985
1252636926374318086
1252636988240531456
1252637097485369345
1252637140032393219
1252637202946895872
1252637208407953408
1252637211922554881
1252637212321001473
1252637241157058563
1252637286128332806
1252637341522505732
1252637386493718528
1252637471873081344
1252637538839220225
1252637564223315975
1252637597446189056
1252637664555106304
1252637693860814848
1252637712038887425
1252637836076965888
1252638012560887809
1252638252839964678
1252638276978200576
1252638322557702146
1252638326672306177
1252638452459454465
1252638460759900161
1252638520071655424
1252638520121995270
1252638528485437441
1252638625357070338
1252638694902763521
1252638771633242113
1252638779971690502
1252638784652337152
1252638935349702658
1252638960754491393
1252639220285550592
1252639274744381441
1252639279093821448
1252639384144404486
1252639431678291968
1252639464297553922
1252639610146115587
1252639644291870723
1252639679733731329
1252639681784799233
1252639728349982723
1252639743097081858
1252639757026328576
1252639790572408835
1252639866128674816
1252639895924797440
1252640030042046464
1252640105279315968
1252640197445115905
1252640251560046593
1252640289958879232
1252640327724400640
1252640333680312321
1252640348934897664
1252640365938642947
1252640487179268099
1252640654603292672
1252640725885468674
1252640767023239179
1252640954026209282
1252640964805570561
1252641296335937536
1252641426359218177
1252641430792798208
1252641476225437697
1252641497880690695
1252641866765533184
1252641980498145285
1252641996738568193
1252642017340866561
1252642045832937482
1252642056259932162
1252642089613000704
1252642110202839041
1252642135322566658
1252642139147849728
1252642158672326659
1252642207133286410
1252642236543754247
1252642359466213379
1252642382618734594
1252642390575329281
1252642403766370305
1252642433302757379
1252642454680899586
1252642592581246976
1252642617562738697
1252642702405099521
1252642759892103168
1252642983033188352
1252643000137560065
1252643100457160704