1246512873330954243
1246512903869607942
1246512965781786624
1246512977248911360
1246513028021043203
1246513042835243011
1246513054272983040
1246513137811173378
1246513200805351424
1246513255826239488
1246513272016289797
1246513347354296330
1246513497418215424
1246513527147229184
1246513531215904768
1246513531664633859
1246513600749060102
1246513624157478912
1246513733251235840
1246513825622433793
1246513840944295936
1246513871524954114
1246513954383212546
1246513996934463488
1246514135711600647
1246514173686747138
1246514194691821581
1246514218360242177
1246514269945987073
1246514269958451201
1246514277961302017
1246514278338711555
1246514287373438977
1246514439412563968
1246514498120200193
1246514508291608578
1246514622472937472
1246514684926267393
1246514685085487104
1246514695554699270
1246514718895988737
1246514819387269122
1246514823598419969
1246514898160324608
1246514957522481157
1246515024748670976
1246515051604971521
1246515066633142272
1246515078398181377
1246515117509885952
1246515155359404037
1246515157750161411
1246515163521523712
1246515171868082176
1246515284946685955
1246515316294901761
1246515335039029253
1246515339027861504
1246515397785874432
1246515406388572160
1246515439821340674
1246515620549496832
1246515632872488962
1246515654171283459
1246515728834088960
1246515776003112960
1246515788435066880
1246515808119009284
1246515892827181063
1246515909977608192
1246515929816522752
1246516039841484800
1246516047861014528
1246516111035838467
1246516140324474880
1246516140639059970
1246516141175869440
1246516178467672064
1246516217545994241
1246516222805659648
1246516358420054019
1246516405874225152
1246516418725720066
1246516488284131329
1246516522714988544
1246516538825375747
1246516558115082242
1246516627400777729
1246516637513052162
1246516669087956992
1246516732287746048
1246516769356787712
1246516799140769793
1246516826802204675
1246516828148338688
1246516853737844737
1246516924965683202
1246517016854499334
1246517059057582081
1246517116079091718
1246517151642472449
1246517209888890882
1246517231049048064
1246517247708925952
1246517252146397184
1246517335692726272
1246517340507955200
1246517445071757313
1246517457852026881
1246517537455644676
1246517574764019717
1246517582271741953
1246517628408967168
1246517642044809222
1246517646616489984
1246517646838976513
1246517655017668608
1246517768058535938
1246517843241439232
1246517860257669125
1246518124448489475
1246518132560113664
1246518199463694338
1246518212709085184
1246518339330965505
1246518419488456705
1246518451276886017
1246518566834393089
1246518965897236481
1246518978312392704
1246519048680157184
1246519094851129347
1246519154083016706
1246519178854457345
1246519354600181761
1246519521697042432
1246519544354492416
1246519955174109187
1246520072220209152
1246520501834412032
1246520632243892225
1246520668335697920
1246520724715683841
1246520835931856897
1246521170477760513
1246521263952146433
1246521283220779012
1246521425445478402
1246521446198915079
1246521528566657025
1246521574246756353
1246521834977275905
1246521900282425344
1246521910747430913
1246521934453583874
1246521947279650816
1246521990565056518
1246522096982712321
1246522432070078464
1246522461983817731
1246522524692774918
1246522589322903560
1246522654053543937
1246522780268531719
1246522784089608201
1246522834756739072
1246522922291912705
1246522951844818945
1246522956152541185
1246522963463155712
1246523077980229633
1246523082170302465
1246523128471269376
1246523186050727938
1246523303239602178
1246523334235435014
1246523547478044672
1246523576875765760
1246523631452196871
1246523694069026817
1246523699022516233
1246523719784091648
1246523728353095680
1246523757470121985
1246523912780787714
1246523946230517760
1246523963477458944
1246524042615627777
1246524119123886081
1246524143710978050
1246524239680847872
1246524251605270528
1246524357062602753
1246524390830981121
1246524440739004417
1246524466110365697
1246524525191131137
1246524540596912128
1246524555486732290
1246524562944274434
1246524705068265473
1246524734830981122
1246524842679001088
1246524885540749321
1246524969393123329
1246525028696576001
1246525070698147840
1246525095658557440
1246525105045475330
1246525196485505032
1246525267138555909
1246525301116547072
1246525334972817408
1246525417449754632
1246525436437372928
1246525493832224769
1246525512773709825
1246525640939048961
1246525669074296832
1246525951489515523
1246525959743762432
1246525962700886018
1246526043609014278
1246526115029626888
1246526185321959424
1246526315634626562
1246526320101789697
1246526425324085248
1246526517523501062
1246526546514452482
1246526613459697664
1246526651829125120
1246526659995545601
1246526676626034689
1246526697845018630
1246526751242694656
1246526865722019842
1246526936987418624
1246527054067019776
1246527188092018692
1246527243205185537
1246527287719231489
1246527330442522624
1246527343528751105
1246527469319884800
1246527485539422209
1246527486147457026
1246527545417310209
1246527594880569344
1246527607572697089
1246527629529841665
1246527666662133765
1246527687772028933
1246527695237918722
1246527712526663680