1255512196785876992
1255512210190725120
1255512222312345601
1255512272644030464
1255512343712276484
1255512360451813379
1255512373949091851
1255512419176243200
1255512423336984576
1255512635870773249
1255512649439358978
1255512849805434880
1255512965316521984
1255513021910331394
1255513104068358145
1255513162121699335
1255513166898962433
1255513342304813057
1255513350240419840
1255513388110708739
1255513392581955584
1255513413465276433
1255513505236766722
1255513556356923392
1255513584689438723
1255513795419607048
1255513832815865856
1255513933756149762
1255513941603766274
1255514001389375489
1255514010772013059
1255514025116516352
1255514137926524929
1255514142955495426
1255514151939702785
1255514193824022533
1255514214858403842
1255514256180752396
1255514393825198080
1255514398598332419
1255514483067432960
1255514495142825988
1255514596313530369
1255514659043631107
1255514745437904896
1255514772105240578
1255514772168204290
1255514874492465154
1255514902476853248
1255514937549557760
1255515035490754560
1255515050602835969
1255515086938144772
1255515099621621765
1255515120358305794
1255515271583973377
1255515347324731392
1255515380941979661
1255515397417316358
1255515408876146688
1255515426404040704
1255515449376280576
1255515493609373703
1255515527725953027
1255515581761097729
1255515594335621124
1255515619862228992
1255515644805681155
1255515703664394240
1255515727911665668
1255515729857839109
1255515749541699587
1255515779128274947
1255515817204162566
1255515822245720065
1255515875416985601
1255515885986512896
1255515921403326467
1255515946707492866
1255515982338105344
1255516001355149315
1255516072767369216
1255516079243374594
1255516206704013312
1255516240837324800
1255516259904610306
1255516294826332162
1255516296294383619
1255516319878983680
1255516332445110272
1255516353093607424
1255516443761872900
1255516475126939648
1255516479258333185
1255516542705577985
1255516588633137159
1255516748205473793
1255516748763234306
1255516783911620609
1255516789049561093
1255516819470901248
1255516848633888768
1255516855416086531
1255516933161697280
1255516949242679297
1255516957417385990
1255517037067227136
1255517062287548416
1255517108659683330
1255517154427965441
1255517167820341254
1255517178293608448
1255517238515376130
1255517251345752067
1255517284883476481
1255517339409420288
1255517372678635521
1255517510725558273
1255517515268177921
1255517544288587776
1255517586244198400
1255517628883521538
1255517716989063170
1255517737625026562
1255517821376790529
1255517910400811008
1255518014784626693
1255518049840648192
1255518056362782723
1255518136444600322
1255518425784496128
1255518429097967617
1255518434689011712
1255518622509862913
1255518630525239296
1255518685441261574
1255518754412417024
1255518824197128195
1255518883215224833
1255518945588674561
1255518979399069696
1255518983010295810
1255519004447342593
1255519060177178624
1255519067714117632
1255519105077121034
1255519176094957568
1255519255690383362
1255519281275691008
1255519313878007810
1255519323331932163
1255519353556041728
1255519382358417409
1255519392726757376
1255519478487699456
1255519480790351880
1255519529200947201
1255519591826145282
1255519627934867457
1255519679982043136
1255519712236240897
1255519737746018304
1255519738643525633
1255519812710776834
1255519939663990784
1255520036535631873
1255520124200779776
1255520132178350080
1255520155058216966
1255520279524237313
1255520304815837186
1255520354874859527
1255520493597339649
1255520505110638593
1255520665270132737
1255520673210011651
1255520753023401984
1255520770429771777
1255520773952978950
1255520868484222977
1255520872175153152
1255520903724761090
1255520921672126464
1255520927540039680
1255520935748214792
1255521033416839169
1255521046125576193
1255521130766569473
1255521130955313153
1255521164761407488
1255521167668117505
1255521177025392640
1255521235838132231
1255521252145537026
1255521308483477506
1255521445666488321
1255521645978161160
1255521655541190660
1255521689552764935
1255521730241708032
1255521734754799616
1255521738915565568
1255521789096136706
1255521910202470402
1255521919614541827
1255521973012234242
1255521977961533441
1255522049629523969
1255522120559464452
1255522125370327041
1255522186065920000
1255522227753070593
1255522243423199237
1255522267431395330
1255522267913650180
1255522434561835008
1255522511422459904
1255522515339948032
1255522619367075841
1255522645057118209
1255522658084683781
1255522757531652097
1255522934598352896
1255522947235827712
1255523023073009664
1255523060284866563
1255523148675588096
1255523198386479108
1255523295367135238
1255523508383293443
1255523521570181125
1255523578159796226
1255523597256396800
1255523660124782594
1255523706035675138
1255523714906587141
1255523807214911488
1255523870565699584
1255523965965144065
1255524108823154688
1255524117085925377
1255524131656937476
1255524205652819973
1255524213760372736
1255524234593472529
1255524289148850187
1255524307964477441
1255524321151287300
1255524373072617472
1255524406010527746
1255524419319091203
1255524452965724160
1255524544804249601
1255524569277960196
1255524615948042244
1255524685275684866
1255524818130173954
1255524850749169664
1255524910266494977
1255524931380658186
1255524977341861888
1255524986330263552
1255525031322570753
1255525243051008003
1255525254115602440
1255525279046533121
1255525358524346373
1255525460815069186
1255525472710152194
1255525610597875714
1255525617489055744
1255525660778532864
1255525735403532288
1255525736267616260
1255525841448116229
1255525891494592514
1255525977779830784
1255525984272613378
1255525989389611008
1255526004300406784
1255526004581445633
1255526097413967875
1255526132046336000
1255526160257204227
1255526235993767936
1255526365614522373
1255526444874301440
1255526554182004740
1255526588134744065
1255526705017638918
1255526767747612672
1255526799771144192
1255526801469816835
1255526801968955395
1255526839491100674
1255526868863901696
1255526952989003776
1255526994311249922
1255527250482651141