1252447133153636354
1252447158277636096
1252447272492847108
1252447293049049088
1252447451006431233
1252447658913882112
1252447695815368704
1252447766355345411
1252447939638644736
1252448106161078277
1252448289330532353
1252448446637764608
1252448502040465413
1252448581803323394
1252448647679078400
1252448909135314945
1252449033685274625
1252449101775601664
1252449106548703233
1252449113632899072
1252449134180798464
1252449137003544577
1252449139259891714
1252449215063764992
1252449276103397377
1252449323486330883
1252449512112693248
1252449599173918720
1252449633370091520
1252449650222804996
1252449685421412352
1252449780380372994
1252449818745671684
1252450000585371648
1252450057288179718
1252450090578579457
1252450157964247042
1252450224813101057
1252450247722143744
1252450489611939840
1252450581580521472
1252450729077411841
1252450879099158528
1252450951232917504
1252451063984259084
1252451145710264320
1252451232226119680
1252451488414269440
1252451548812193794
1252451566990299136
1252451575831973889
1252451576326881280
1252451689090539520
1252451726424190978
1252451735081107458
1252451764537876482
1252451785870057472
1252451831638142976
1252451836331798528
1252451876404187142
1252451899032440832
1252451915071438852
1252451961330454528
1252452062379589632
1252452122978742272
1252452171599228928
1252452205921103873
1252452208769146880
1252452313840660481
1252452356274487296
1252452361131319297
1252452447521513473
1252452523732017154
1252452612508704768
1252452758852075521
1252452791517417473
1252452976280690689
1252453040268800000
1252453102826840064
1252453291906215948
1252453295349739520
1252453299548291073
1252453333845135360
1252453379403644928
1252453379407785984
1252453479936909312
1252453619368108037
1252453630453538816
1252453677023006720
1252453685327732741
1252453710812327936
1252453730844368903
1252453786083299329
1252453820040450049
1252453832350629890
1252453939498201089
1252453991604158466
1252454033392091137
1252454196818980865
1252454272765132802
1252454323352743936
1252454351995645952
1252454352339550214
1252454403203911680
1252454415430270976
1252454482266386434
1252454512079634433
1252454663032655872
1252454729449451523
1252454789394378753
1252454818502840320
1252454901810167808
1252454905538895872
1252454922357964801
1252454997989773312
1252455006801932290
1252455048275247104
1252455052029165568
1252455078604267527
1252455153866805248
1252455162205147137
1252455169738055692
1252455229431349250
1252455309198659584
1252455435036061696
1252455459942027264
1252455472843669504
1252455479948738565
1252455644143194113
1252455719787393025
1252455904278122501
1252455929586606088
1252455933483065345
1252455979498627072
1252456020825329670
1252456093382594561
1252456096884756485
1252456164605870080
1252456219807105024
1252456220017012736
1252456297741471744
1252456361637613569
1252456363596357634
1252456911120695297
1252456969996087299
1252457044986167297
1252457299991384067
1252457310141722624
1252457327749447686
1252457380354367491
1252457410708402177
1252457607123492864
1252457644574437376
1252457650438066177
1252457695300501504
1252457724388016130
1252457783921958912
1252457793623392257
1252457820961767425
1252457885050822656
1252457889177972736
1252458014046662656
1252458055423451136
1252458076977999874
1252458077040734210
1252458106900164613
1252458164655656967
1252458223912837125
1252458240597778432
1252458245047767040
1252458273615360002
1252458288563847168
1252458353462149121
1252458425419792385
1252458425780326400
1252458631271940096
1252458663345893377
1252458675588874246
1252458726877016064
1252458748007743488
1252458765187719169
1252458772532015104
1252458777556762625
1252458789720244224
1252458827385102336
1252458887053299713
1252458966212382720
1252458987691208704
1252458995501105158
1252459011984801795
1252459096953040896
1252459143098707974
1252459155912179712
1252459192792670209
1252459319024648202
1252459327488692224
1252459370266398720
1252459494367428609
1252459511895543809
1252459515729100800
1252459520107753474
1252459549048504320
1252459553310072832
1252459624608997377
1252459700744073219
1252459721644290061
1252459737830043648
1252459809343000576
1252459909813112833
1252459934693851137
1252459935507628033
1252459952066760705
1252459952112717824
1252460010375962624
1252460063924654082
1252460149253472259
1252460153447866368
1252460174150979584
1252460191272120321
1252460208368091138
1252460266345779200
1252460297169879040
1252460310499414016
1252460346100482048
1252460393022337024
1252460450920501248
1252460480943345666
1252460497313632261
1252460513344262151
1252460527063719936
1252460607246413826
1252460618281517060
1252460656407838726
1252460673931640832
1252460810061799424
1252460941700202497
1252460967465713672
1252461012747419649
1252461084465934338
1252461234810732553
1252461236308127744
1252461291928764420
1252461301986664449
1252461364989374464
1252461411911053312
1252461429418012676
1252461440608468992
1252461504554770434
1252461524666527744
1252461541548580865
1252461612977524737
1252461642849423360
1252461793131114497
1252461889977638912