1251571262331158531
1251571278290415617
1251571288625287172
1251571325761499136
1251571446855413760
1251571455160209410
1251571463099953152
1251571598223642625
1251571719887892485
1251571724254154753
1251571833008271368
1251571879380426752
1251572013182967808
1251572042970697728
1251572256578232321
1251572277830758402
1251572441375051776
1251572447553429505
1251572559000322049
1251572571595776002
1251572634430537728
1251572663925030914
1251572756015022081
1251572772486209539
1251572897967222791
1251572915574734848
1251572932104634377
1251572935581667328
1251572935988514818
1251572984734724096
1251573137176555520
1251573225475227648
1251573263291027456
1251573276029136896
1251573464441462789
1251573481101238273
1251573549195812865
1251573573925449728
1251573661217067013
1251573716309458947
1251573720721903619
1251573787864100864
1251573917120159746
1251574018110566401
1251574052130631687
1251574131700744193
1251574278237102080
1251574308029202433
1251574324273844237
1251574474669002761
1251574542973063168
1251574714255933441
1251574756232458240
1251574802873278464
1251574857214513154
1251574966283190273
1251575000374456321
1251575130284855300
1251575232697114625
1251575318474784770
1251575327345737728
1251575343305183235
1251575354797539330
1251575381045452802
1251575434019397632
1251575461978738694
1251575486372810754
1251575494857949184
1251575553661874176
1251575671106740232
1251575882369716224
1251575889126703111
1251575905991962624
1251575920088973312
1251576048413802496
1251576144526221315
1251576193389940736
1251576211572092928
1251576226466033664
1251576257856385024
1251576279075295248
1251576358913937408
1251576400257011712
1251576404904296449
1251576421396480002
1251576462420979712
1251576538987978753
1251576661981741057
1251576683431211008
1251576757615984641
1251576865090871297
1251576883017326592
1251576982808285186
1251577033727119361
1251577146826534915
1251577197371944961
1251577209543954432
1251577315492073473
1251577360849100800
1251577453044273152
1251577475412439042
1251577566357569537
1251577613337784321
1251577705155493895
1251577851998015493
1251577914782560261
1251577931337531392
1251577935745757186
1251578007103442946
1251578045112205312
1251578045552398336
1251578082546384896
1251578191216381954
1251578351556472834
1251578529449422848
1251578556829757441
1251578640611106823
1251578693182459904
1251578724929146880
1251578727655452674
1251578739923783683
1251578747750436864
1251578786967101443
1251578828671123456
1251578909130477569
1251578942865182736
1251578996774617088
1251579051325755394
1251579269379129345
1251579307253735424
1251579348941000704
1251579354196344833
1251579374001938432
1251579399264239617
1251579635571331081
1251579739002806273
1251579780841029632
1251579953235193857
1251580237768527874
1251580344307941378
1251580360644792320
1251580439556390913
1251580461069058050
1251580478395543552
1251580507306881029
1251580657546997760
1251580909838405632
1251580925865078784
1251580984820187139
1251581001966510080
1251581052746899457
1251581076499312641
1251581114075897856
1251581127363624961
1251581152936161280
1251581153171181569
1251581222293299201
1251581236293885953
1251581296024977414
1251581299548131329
1251581385426509824
1251581412513402880
1251581443823845377
1251581484537917440
1251581496059662337
1251581639232274432
1251581714670985217
1251581769209360384
1251581786477473794
1251581878299029505
1251581907885854720
1251582138836803587
1251582181954277382
1251582295456256006
1251582347214032896
1251582360371544065
1251582367921319936
1251582389798739976
1251582415044333568
1251582490113949699
1251582492877914119
1251582528655327233
1251582615825666050
1251582628983169024
1251582745924571142
1251582879278104577
1251582896940466176
1251582900237197314
1251582918083973121
1251583036065484802
1251583061499744256
1251583136820891648
1251583207818047489
1251583207939674113
1251583266680967169
1251583407395606529
1251583615126781952
1251583687654813696
1251583707141431296
1251583776645435394
1251583797738401793
1251583802230669312
1251583811621662737
1251583996485668873
1251584107881979904
1251584168829607936
1251584246222897158
1251584249381089280
1251584269312540676
1251584289868832772
1251584294289584135
1251584318687887361
1251584449617309697
1251584495356121088
1251584520798834689
1251584604823326721
1251584797031444481
1251584801615876099
1251584938719285250
1251584964921098243
1251584996671963137
1251585040863170562
1251585040984784898
1251585044679995392
1251585078532202497
1251585158496452608
1251585286104064003
1251585498155569152
1251585682805571587
1251585740959551488
1251585745237803009
1251585783208660992
1251585804390064129
1251585850552524800
1251585859175936001
1251585913039261698
1251585919007756289
1251585955376640002
1251586001752985600
1251586118648123392
1251586201460461568