1245138989872529408
1245139041298681856
1245139146433159168
1245139150833057793
1245139192511946759
1245139217786773505
1245139270211375104
1245139399500800000
1245139492043882496
1245139696142999553
1245139809561128966
1245139968567259138
1245140039581007873
1245140060162404352
1245140064826462208
1245140102327595009
1245140178173333506
1245140190357790722
1245140273539305474
1245140460798124032
1245140580826398720
1245140656269524992
1245140667325648896
1245140710493425664
1245140778369892353
1245140789958782977
1245140798967963648
1245140840437231618
1245140869876981760
1245140924553777152
1245141000634404865
1245141021266042886
1245141135296790529
1245141188912599044
1245141256268808193
1245141283443793920
1245141532082147328
1245141686784643073
1245141746775982080
1245141817030578180
1245142027744018432
1245142044839829504
1245142057057804288
1245142069510836225
1245142132605755392
1245142137076715520
1245142246074310657
1245142267125432323
1245142296183652353
1245142317427838978
1245142433811202062
1245142497770319873
1245142568385511424
1245142631434334211
1245142644478619657
1245142790561923072
1245142795012263936
1245142829204221952
1245142854986498050
1245143000943955970
1245143028756594690
1245143055092547584
1245143185703055360
1245143343740354562
1245143344860127232
1245143395237937152
1245143474875367424
1245143483695808512
1245143574108426241
1245143701237555200
1245143794497945600
1245143847992283137
1245143961355849728
1245143999196823553
1245144063138988033
1245144107888115713
1245144191728062467
1245144305565646848
1245144343071076352
1245144346002931717
1245144460884754432
1245144519055532032
1245144523031941120
1245144548684300294
1245144947545833480
1245145001413218309
1245145436639412224
1245145450358939655
1245145459091484674
1245145777950900224
1245145832065622016
1245146023535624192
1245146249809899520
1245146263814909953
1245146332458815489
1245146362917736449
1245146363320569859
1245146377174335489
1245146389790756869
1245146392944836608
1245146435626164229
1245146438092406788
1245146471386750976
1245146599879143424
1245146628832583680
1245146692451741701
1245146696155156480
1245147030910939136
1245147047499530241
1245147087722831872
1245147111458516994
1245147249174339584
1245147266127560704
1245147359228710912
1245147610203250690
1245147732676919296
1245147738561343488
1245147819960348673
1245147869704683520
1245147921152172032
1245147955868270594
1245147985929011201
1245148105210646529
1245148193345671170
1245148218716979200
1245148227541667841
1245148273595174912
1245148482626883584
1245148513949724672
1245148851943739393
1245148912765132800
1245149057519140867
1245149061314949120
1245149175257477122
1245149217447968769
1245149450525425665
1245149649138319360
1245149684651503621
1245149787013480449
1245149856844279808
1245149973743730688
1245149999408840704
1245150018270625792
1245150244867727362
1245150260923596800
1245150353391095813
1245150576360464391
1245150664814182400
1245150759680978945
1245150802282414080
1245150890350333954
1245151041475117057
1245151391737249792
1245151393251561472
1245151397882011649
1245151426944200704
1245151519227310080
1245151544711868416
1245151653889703936
1245151959998296064
1245152077069733888
1245152097240301570
1245152114852220930
1245152242522566656
1245152281370275840
1245152332649725952
1245152333526380550
1245152503597056000
1245152517543071746
1245152533363838976
1245152673252478977
1245152735512743937
1245152765199945731
1245152944196128769
1245152990874546180
1245153000227627008
1245153050924175360
1245153117643190273
1245153172068478976
1245153180452884487
1245153302129659904
1245153636377866240
1245153775914045440
1245153801256022016
1245153897985069056