1250212241070153728
1250212245012914180
1250212249488084992
1250212271504207872
1250212383504478209
1250212387317092353
1250212585569427457
1250212640091254785
1250212740322471942
1250213184809488385
1250213239000047617
1250213348739858439
1250213368067239936
1250213424111292416
1250213478901542913
1250213490960236545
1250213522216116224
1250213629334401024
1250213687568318469
1250213721747701761
1250213730102673413
1250213780291633152
1250213831227342848
1250213846733787136
1250213893198286848
1250213906632437760
1250214065462370304
1250214149570744320
1250214272057118721
1250214300578349056
1250214341112139776
1250214481302601729
1250215177510887424
1250215181344542721
1250215218216497152
1250215277456846848
1250215327792656386
1250215329323761665
1250215330367991810
1250215624019709954
1250215739388239873
1250215747701411841
1250215780660076546
1250215865527742465
1250215936193212417
1250215957668257792
1250216019693625344
1250216032318492672
1250216056662212608
1250216098567520257
1250216204494606337
1250216259075092481
1250216345171423233
1250216506337746944
1250217148565389312
1250217259043340295
1250217304543113217
1250217350386810885
1250217501327101953
1250217666444312578
1250217672987549696
1250217673063104517
1250217752293343232
1250217810967609345
1250217937153265667
1250217965980659713
1250217986885124098
1250218066673315841
1250218138312093700
1250218142703456257
1250218289583861762
1250218380835119110
1250218490679578624
1250218628588261376
1250218834507661312
1250218884264652800
1250218943253557249
1250219061163638784
1250219198090862592
1250219206630469632
1250219439427117060
1250219614476394500
1250219723528310789
1250219769791483904
1250219781824884737
1250219789131407361
1250219813525270528
1250219820118917121
1250219827937120256
1250219949777457154
1250219949949214720
1250220130799202304
1250220349389590528
1250220534589243398
1250220591749226496
1250220592055365632
1250220634006867971
1250220637903347712
1250220731662618625
1250220805390307333
1250220931386970113
1250220961430769664
1250220972856180737
1250221081866039296
1250221086475780097
1250221493008637952
1250221544439234562
1250221661250441217
1250221938728783872
1250222049894817800
1250222051182268418
1250222068316221448
1250222181365067776
1250222193893683200
1250222244745404417
1250222331907182593
1250222374965952514
1250222399108386816
1250222403008905222
1250222475494830081
1250222495942217729
1250222760791605248
1250222813220352001
1250222835466784769
1250222894530973697
1250223025300983809
1250223036697128960
1250223070553477121
1250223385264762881
1250223544371417089
1250223607185358849
1250223632770449409
1250223838127775744
1250223842154262528
1250223889915039745
1250223959586586624
1250224094496210944
1250224228395343872
1250224262260101122
1250224274717249536
1250224404895694853
1250224518213308417
1250224539151335427
1250224681275346945
1250224840264626178
1250224970556264449
1250225029771661314
1250225096737935360
1250225164341538816
1250225389974302725
1250225431753654273
1250225519452278785
1250225780048592896
1250225780359139328
1250226061633376256
1250226111868538881
1250226125739081730
1250226141144760320
1250226153412947968
1250226287810998272
1250226505701036032
1250226778238603265
1250226800455753731
1250226887181381633
1250226916860162048
1250226979120590853
1250226984388628485
1250227087920762882
1250227139372363779
1250227280900734976
1250227307136065541