1251979200782905345
1251979229710802944
1251979304549912576
1251979313575944192
1251979401169903619
1251979447785455616
1251979670502940672
1251979746516373504
1251979796239826949
1251979798940770304
1251979817454624768
1251979858390978560
1251979881690300418
1251979888812318720
1251979900845776908
1251980081075011585
1251980342296109056
1251980374764187648
1251980445908074497
1251980496398999552
1251980563688407045
1251980694127026181
1251980717824892930
1251980769167175681
1251980798036754438
1251981012755787787
1251981150651772928
1251981193123377153
1251981306168295425
1251981311616696323
1251981436095279113
1251981461017722880
1251981734414938112
1251981747186593792
1251981808985653250
1251981824743501824
1251981864539168768
1251981867286315008
1251981909346988032
1251981919354449920
1251981960177745924
1251982170060660736
1251982170870222849
1251982372100345856
1251982418011131912
1251982673729462279
1251982787504029696
1251982890302345219
1251982916940414978
1251982980387651586
1251983049673318405
1251983185908502532
1251983369442902025
1251983512812638215
1251983520475615232
1251983537315688455
1251983579741118465
1251983587957751808
1251983600695869446
1251983705666617345
1251983848004517893
1251983873501618176
1251983912966000643
1251983969278713861
1251984017358041092
1251984066460688385
1251984221423403009
1251984388671365126
1251984443474149382
1251984609233047552
1251984682880827399
1251984779265769472
1251984799906045952
1251984921608011777
1251985261048868871
1251985395316920320
1251985424819671043
1251985564443779072
1251985768802930688
1251985792412651534
1251985835496439808
1251985847714447362
1251985957798232065
1251986053474459648
1251986066459914240
1251986121011142664
1251986137658392576
1251986183040782336
1251986230146891779
1251986293082513410
1251986430139695107
1251986493700288518
1251986758813638657
1251986804720492545
1251986851516350466
1251986876581453829
1251986905165524992
1251986935586992133
1251986946336985093
1251986956071944195
1251986976972169219
1251986993325551616
1251986996970401792
1251987103069679619
1251987165136986112
1251987209818963970
1251987483958677506
1251987518020554755
1251987567219814400
1251987605941518344
1251987678893047809
1251987685746585603
1251987706223169537
1251987752469528577
1251988056233705478
1251988096389992450
1251988130179305472
1251988185103597568
1251988281350328323
1251988373264359430
1251988377190178816
1251988381996900356
1251988432093507584
1251988570849435648
1251988650650451973
1251988840950226945
1251988907044069377
1251989053072748545
1251989099499720705
1251989111914799105
1251989207712698368
1251989408657506304
1251989477003874304
1251989560713773058
1251989657736359940
1251989809960308737
1251989913408593920
1251989933788729345
1251989957415243779
1251990019016982529
1251990041372643328
1251990175275724801
1251990478720917504
1251990608643686400
1251990609075863555
1251990743557853184
1251990856929689600
1251990881328078849
1251990889754435589
1251990936797671426
1251991003667378176
1251991070822596612
1251991099369029634
1251991128934502401
1251991159305617410
1251991179945705478
1251991276259610636
1251991290306334721
1251991498108764160
1251991533051678721
1251991690853875715
1251991691336183808
1251991822261293056
1251991897301647360
1251991992055275522
1251992125945851904
1251992274025754625
1251992308779712512
1251992353604341760
1251992366363394050
1251992453873389568
1251992471011241986
1251992474496761856
1251992529828024320
1251992579689742336
1251992622488412160
1251992656198070272
1251992747696947203
1251992805884526594
1251992811102072833
1251992894933569536
1251992936763531268
1251992961010843650
1251993096826609669
1251993247293083649
1251993318613024773
1251993351123066882
1251993422476595200
1251993429783052306
1251993461806546946
1251993510611386369
1251993511580205056
1251993612272844800
1251993641402478592
1251993687640416256
1251993758188670976
1251993804565032960