1254500553591267331
1254500631706046465
1254500653109514241
1254500661531750401
1254500732188966916
1254501008899821569
1254501264785911810
1254501280627785729
1254501375452594184
1254501428355309575
1254501533141606402
1254501555010588672
1254501613160423425
1254502015297712128
1254502057668521985
1254502129609342981
1254502296446271488
1254502389253537794
1254502506215936000
1254502540621893638
1254502565301141505
1254502648524365824
1254502653595435009
1254502744242548736
1254502808323338240
1254502824672727041
1254502850710798337
1254502884336709632
1254502887796797440
1254503009624694785
1254503031338459136
1254503068764258304
1254503312222826502
1254503383580307456
1254503554267701249
1254503627147874305
1254503655723511809
1254503663827062785
1254503777882779648
1254503786183303169
1254503972725014534
1254504150236307456
1254504191919378440
1254504442382163973
1254504666882142208
1254504704576491521
1254504725002715136
1254504738827259908
1254504889230618624
1254504924475342848
1254505043585187840
1254505077483724801
1254505120047534081
1254505128087949317
1254505161772478467
1254505199684603905
1254505266785202176
1254505509761277957
1254505672978415616
1254505855954739201
1254505857716494336
1254505908438274048
1254506210335821824
1254506323171053568
1254506361301479427
1254506386500677635
1254506411377164288
1254506428024401920
1254506474841276416
1254506583024963592
1254506591807770628
1254506818585235456
1254507012102160384
1254507069190922240
1254507094750965762
1254507102665613312
1254507183057833984
1254507589838139392
1254507598386204672
1254507662538084356
1254507711389147136
1254507803600924672
1254507926053687297
1254507955413712899
1254507955501715457
1254508004684201984
1254508038813188096
1254508299061530630
1254508446289817600
1254508487259959296
1254508744156815361
1254508949912596480
1254508963447615489
1254508990580559872
1254509100362326016
1254509208797659136
1254509246626041860
1254509378427916296
1254509474401996806
1254509585655881728
1254509628932730880
1254509700269461507
1254509795379490817
1254509838660444163
1254509951713591296
1254509977789771776
1254510174213214212
1254510231884873728
1254510382456156160
1254510445295255553
1254510573225684993
1254510592943104000
1254510624266207232
1254510845310230531
1254510987945877506
1254511000285560833
1254511024935333888
1254511075812352008
1254511217227567105
1254511537580118016
1254511935778885637
1254511968553222151
1254511998244663297
1254512099184820225
1254512119569158147
1254512330219458560
1254512861998542848
1254512916759564288
1254512951605620736
1254513084485394432
1254513089069883393
1254513206766288896
1254513252513599490
1254513273904521219
1254513281370292230
1254513299011616770
1254513335925714948
1254513341726326784
1254513416565395456
1254513794425946112
1254513859811069953
1254513865284608000
1254513890425212929
1254513906841645056
1254514133103513601
1254514208848384002
1254514233791873028
1254514318478938112
1254514338372751362
1254514363949559810
1254514553284673538
1254514686491365377
1254514750077067265
1254514786630602753
1254514788035514368
1254514997834788867
1254515014393790466
1254515061667688448
1254515260448559105
1254515504493891585
1254515504795881472