1245365468422012928
1245365519844143104
1245365533689532417
1245365550286540807
1245365618066575362
1245365630230028288
1245365680142274560
1245365879258390531
1245365946677637124
1245365975819505669
1245365999475609600
1245366007759159296
1245366104479891456
1245366127707844612
1245366175296442368
1245366284931551233
1245366330657824770
1245366398349717510
1245366472089747462
1245366685739233294
1245366746229493761
1245366816756707330
1245366826822963200
1245366840936878085
1245366865507082246
1245366900420423680
1245367030758457344
1245367049725018112
1245367115357421568
1245367140183670791
1245367161239019520
1245367201965760515
1245367211411324930
1245367312418570240
1245367480224059392
1245367534553088000
1245367609807310849
1245367863579258885
1245367974854344705
1245368266756747270
1245368306086768640
1245368327200886784
1245368354434691073
1245368376861413377
1245368402488819713
1245368447988641794
1245368465583718402
1245368641731715072
1245368650154102784
1245368792839884801
1245368818089832448
1245368876625510400
1245368938730586113
1245369026878099456
1245369086189514753
1245369119706353665
1245369224274554888
1245369408882651137
1245369522514690053
1245369565162262529
1245369648285200385
1245369710826283008
1245369728241152003
1245369736734445568
1245369832482185216
1245369911318384640
1245369917081300992
1245369977303162881
1245369977324154880
1245370030436515841
1245370042335854592
1245370056323690496
1245370109008293888
1245370178348519425
1245370338617237506
1245370549125165061
1245370659066253312
1245370777056292869
1245370944572600326
1245370957180567555
1245370965288054785
1245371013573066753
1245371033932017664
1245371065972543488
1245371167747133441
1245371393044168704
1245371451177234432
1245371472891326464
1245371482403815431
1245371546224472066
1245371593985085441
1245371619675160576
1245371648615874562
1245371715921702912
1245371730941620228
1245371895429685251
1245372019413266437
1245372206521004032
1245372206982422529
1245372253027491840
1245372261571260417
1245372347848298497
1245372379091656704
1245372412423802881
1245372520959639552
1245372731656462336
1245372745510158337
1245372815852875781
1245372855795269632
1245372912393224193
1245372936799879168
1245373124834664452
1245373178890915840
1245373204153143301
1245373234750590977
1245373293294694400
1245373343689105408
1245373385519005698
1245373494726144000
1245373661546074113
1245373901275791361
1245374014337486848
1245374030754058240
1245374124203089922
1245374144704905217
1245374144914620418
1245374228901195776
1245374256021680129
1245374313848504327
1245374530480214016
1245374536444411904
1245374614299119619
1245374811519541250
1245374979304296448
1245375046769504257
1245375059440603136
1245375076071022592
1245375126213996545
1245375130341015553
1245375175316639750
1245375180412723200
1245375323258130438
1245375385765908480
1245375403524587520
1245375428208050177
1245375453457551360
1245375494566092806
1245375620709785600
1245375623738114048
1245375680029659136
1245375776138178568
1245375906237091840
1245375947194302466
1245375966718951424
1245375999153295367
1245376025611177990
1245376060319031296
1245376069823156224
1245376122642194434
1245376164161622020
1245376261557563394
1245376286475849729
1245376291877957633
1245376344042672128
1245376379517947906
1245376468869246978
1245376478470176769
1245376682959286273
1245376698473779206
1245376728408576000
1245376820796628994
1245376845723226112
1245376859409350657
1245376886433349636
1245377085188816896
1245377105896116228
1245377210627866629
1245377216625676288
1245377328441630720
1245377353179713536
1245377353641009153
1245377391020724224
1245377454157357058
1245377473103253506
1245377483643457537
1245377508825911296
1245377626006380550
1245377663449137155
1245377860682035201
1245377912548753416
1245377953103478790
1245378059265597441
1245378080945799170
1245378087228821504
1245378141864026112
1245378142270885889
1245378174860419072
1245378313998209024
1245378346554478593
1245378376480763905
1245378519410057217
1245378531720396802
1245378532534038529
1245378612309766147
1245378655749959680
1245378702780911617
1245378727862611968
1245378788092981249
1245378812927451147
1245378926525833216
1245378946570620941
1245378993827663872
1245379012651651072
1245379278922895364
1245379425052418048
1245379442077286402
1245379501531353095
1245379513745170433
1245379559580712963
1245379689905975296
1245379756008374272
1245379863420088321
1245379869866749952
1245379903551410179
1245379905132658689
1245379966159724547
1245380156048519169
1245380187786600453
1245380247417163777
1245380309497131008
1245380364601679873