1251797734698426369
1251797751115001857
1251797784321114113
1251797852067594240
1251797964328103936
1251797977326387201
1251797993889693696
1251798078509780992
1251798141050839040
1251798200232497155
1251798237608054785
1251798259124916224
1251798304469299201
1251798511114305537
1251798594966994946
1251798635290988544
1251798666320285696
1251798694963351552
1251798875100217345
1251798890405396480
1251798987759386625
1251799266164686848
1251799401489727494
1251799950566002692
1251800058502230016
1251800201733591042
1251800634552127488
1251800678583816192
1251800699618447360
1251800865138073600
1251800916988006401
1251801145149882373
1251801223570825218
1251801265891209217
1251801321646088203
1251801345335549954
1251801396158103554
1251801899961126912
1251801949520846848
1251802326874062849
1251802497959833601
1251802520617283586
1251802684279136256
1251803472329994240
1251803534690926594
1251803631998943233
1251803690551218182
1251804075483693056
1251804117590147078
1251804424550244352
1251804830777200641
1251804931528421377
1251805078417268741
1251805095089635328
1251805515337908224
1251805539761340416
1251805668312403970
1251805720963502080
1251805888253505536
1251805909577129984
1251806072115023872
1251806189664587776
1251806198862659584
1251806344832745472
1251806476613701632
1251806499929591808
1251807024158924800
1251807200269369345
1251807267164491776
1251807272998592513
1251807397875777537
1251807407782707201
1251807590474027010
1251807712394043393
1251808043010056193
1251808057153241088
1251808065009020928
1251808106725638154
1251808111263977472
1251808307867602945
1251808651989315585
1251808778279780353
1251808812773801985
1251808930658992130
1251808967342383104
1251809071910584323
1251809178236182532
1251809193218187264
1251809268426211329
1251809319378653184
1251809360969228288
1251809378220548096
1251809390258196481
1251809398390812673
1251809465562656768
1251809559141908480
1251809694558990337
1251809918799110148
1251810040383541248
1251810362732818432
1251810523370475522
1251810795232600064
1251810899490484224
1251810910597001221
1251811026477166598
1251811038703562752
1251811205431394304
1251811306698682368
1251811333290459138
1251811562739781632
1251811563700396033
1251811592574033921
1251811660177846273
1251811830760001536
1251811986326851585
1251812074205982720
1251812099304480769
1251812267278004225
1251812298940874757
1251812313071521794
1251812463621914624
1251812557460869120
1251812636699889664
1251812704895021058
1251812707881410560