1253685126761865221
1253685154217955331
1253685198337835012
1253685211268812800
1253685351136321536
1253685480878510081
1253685493511917568
1253685495424565254
1253685535023005697
1253685556103577603
1253685656989184000
1253685762094182400
1253686416720179200
1253686448836001794
1253686894543745026
1253686957294735360
1253687026240479232
1253687181782265856
1253687209447677952
1253687238162100225
1253687322538844160
1253687344110211073
1253687407007764480
1253687429359255555
1253687481561645056
1253687515460050944
1253687560972443648
1253687641104678912
1253687696666607616
1253687708016402432
1253687790656782336
1253687860047360002
1253687974300172288
1253687993627480064
1253688094248837122
1253688173697302529
1253688190197567489
1253688214939938816
1253688228030427136
1253688254001528833
1253688286138085378
1253688371328757761
1253688404451221507
1253688433517760522
1253688442296438788
1253688442560577536
1253688527721824256
1253688563842994177
1253688809604157445
1253688811264962561
1253688836388827137
1253688941657698305
1253689184021250049
1253689222361346049
1253689310253105153
1253689430705090560
1253689507527962625
1253689633961062400
1253689825997148160
1253689920427896836
1253689973754277888
1253689976010821632
1253690156281761797
1253690221507547136
1253690283881046017
1253690427741372417
1253690456136806401
1253690474650456065
1253690532569776131
1253690590342103041
1253690626777821184
1253690686358065154
1253690749163573248
1253690870748065792
1253690885604327432
1253690921075511296
1253690921197228033
1253691035890442240
1253691311087144960
1253691433149661186
1253691470831329281
1253691520655515652
1253691575495950337
1253691591853854720
1253691822246957057
1253691894065963009
1253692011246428160
1253692163008991233
1253692204465508352
1253692296752758785
1253692396732321792
1253692519344246784
1253692787414925312
1253692934936866817
1253693360625168391
1253693408893382656
1253693417110089728
1253693458897940483
1253693491399491584
1253693495505715207
1253693495904104448
1253693701706088448
1253693721402474497
1253693865816657921
1253693873223864321
1253694057785757697
1253694218289262597
1253694301994987520
1253694595172630532
1253694713049370626
1253694801259769857
1253694855106134023
1253695040263684096
1253695183138553856
1253695270325551106
1253695329385566210
1253695413372063745
1253695492254429185
1253695552061149185
1253695620436709376
1253695648244707329
1253695656390201348
1253695700396838913
1253695763462356993
1253695833016598531
1253695866256252928
1253695958967353351
1253696008825044995
1253696058431098880
1253696080123961347
1253696109630951425
1253696155646599168
1253696344084094979
1253696373834334210
1253696398609932289
1253696399180472321
1253696447351975944
1253696467451199489
1253696497465483264
1253696508395810816
1253696532869758976
1253696538733355015
1253696561697046528
1253696604596432897
1253696709512888320
1253696815901429762
1253696863506595840
1253696985904922629
1253697179358642176
1253697208492478467
1253697241673588736
1253697292223131653
1253697296329572353
1253697357797101568
1253697606976286724
1253697640560295938
1253697699007922178
1253697785343303680
1253697820999254017
1253698017749843968
1253698093620629504
1253698105985433601
1253698113786830848
1253698193365270531
1253698217713135619
1253698282368442369
1253698373670121472
1253698390501670912
1253698391151988737
1253698450534944775
1253698511456989184
1253698647511851008
1253698865829761029
1253698886289539080
1253699112781975552
1253699393984872449
1253699401723326464
1253699469562052610
1253699616324808706
1253699641591435264
1253699649770328065
1253699710096900096
1253699728941953025
1253699780762464256
1253699928800530432
1253699976548368386
1253700077152899078
1253700085684137985
1253700103015034881
1253700220442931201