1249170464737550336
1249170522509901826
1249170615636037632
1249170732967432192
1249170774814007296
1249170824650731520
1249170862567292928
1249170863385124867
1249170903197515779
1249170952979648512
1249171015554543622
1249171043190812676
1249171333038120962
1249171388461654024
1249171548877004801
1249171647615111168
1249171692569665536
1249171698181648385
1249171702719881216
1249171707396579330
1249171962338967556
1249172078655410178
1249172121084977152
1249172308981317633
1249172393425350658
1249172393723072515
1249172514825265152
1249172575009288193
1249172645167484929
1249172684073832449
1249172741389012997
1249172884918059010
1249173030313607170
1249173257653272578
1249173325714259968
1249173450859646979
1249173483487145987
1249173504794247170
1249173597219889158
1249173597773594627
1249173710772322315
1249173717940387840
1249173983527919620
1249173995179606017
1249174007498276864
1249174096178446338
1249174101241081858
1249174113819807745
1249174205654065155
1249174213518340097
1249174524781871107
1249174574106894337
1249174831813230592
1249175061409468418
1249175085996531720
1249175099342835712
1249175274652131330
1249175275541315590
1249175342692159494
1249175403811479553
1249175632346562563
1249175837271904257
1249175919748624388
1249175952946593799
1249176168655437832
1249176470641139714
1249176561099603971
1249176665252560897
1249176680104710144
1249176763864879104
1249176839664406530
1249176871251726338
1249176948036821000
1249176974238588930
1249176995654701064
1249177027976015873
1249177036838535169
1249177049283145729
1249177202903732227
1249177304946872321
1249177352183177216
1249177355731566594
1249177385179774977
1249177386635100161
1249177453836337152
1249177481783005187
1249177535725875202
1249177724662493190
1249177809068703744
1249177855248007168
1249177892162068480
1249177928551800834
1249177953591873538
1249177993156706306
1249178218281799687
1249178324456345600
1249178336464683009
1249178373793951744
1249178567885426689
1249178735326236679
1249178739461820416
1249178903064850437
1249179003367362560
1249179217671192581
1249179385439150085
1249179946968375297
1249180086068219906
1249180123519205377
1249180157279076352
1249180174370947080
1249180331514761216
1249180354293960705
1249180358786121728
1249180550641995781
1249180555888988160
1249180644179169287
1249180710361092096
1249180790770012162
1249180841210757122
1249180966461026304
1249181004503359488
1249181017249890305
1249181194710921217
1249181230127513601
1249181255406682115
1249181300306649089
1249181485892059137
1249181532725694465
1249181633007292427
1249181646609317888
1249181830261112833
1249181928663715841
1249182003196497924
1249182111967346689
1249182241625903105
1249182295971463168
1249182327558885379
1249182510266888192
1249182778639429633
1249183055253835776
1249183239484387328
1249183283562319872
1249183446204928000
1249183616913084418
1249183676556087305
1249183688593637376
1249183768117723136
1249183781652758530
1249183839399882753
1249183843472588801
1249183852481916929
1249183923457982466
1249184175376252929
1249184213611544576
1249184250479415296
1249184280762290176
1249184288903487489
1249184317584138242
1249184351536975876
1249184451516661760
1249184539966148609
1249184601815351297
1249184707956428814
1249184846167015425
1249185035162353666
1249185044599578624
1249185169849888769
1249185194910855170
1249185211327356928
1249185291149217792
1249185344517476352
1249185358987890688
1249185441577828356