1253322799965323272
1253323239624896530
1253323249275899905
1253324424075448320
1253325223283195904
1253325302794604546
1253325728969420801
1253325759411679232
1253326208097378309
1253327011361120266
1253327168861384705
1253328497524658177
1253329215287484423
1253329625582727169
1253329989686050817
1253330132476981248
1253330286110097417
1253330286806364160
1253330351478337540
1253330906711855104
1253331281099624448
1253331412435918855
1253332194036084739
1253332869172191238
1253333268537040897
1253333346970554368
1253333369145835522
1253333434233090049
1253333480919822336
1253333717415690240
1253333837318258695
1253333869228470275
1253334031615193090
1253334531840434177
1253335051929939971
1253335066341568512
1253335140907905024
1253335528717443073
1253336004569657347
1253336293439725568
1253336710030610434
1253337114705461248
1253337607347425287
1253337672224960512