1250619943198040066
1250619981894569984
1250619982309994497
1250620116406075394
1250620186878607363
1250620199822295041
1250620221506777088
1250620242738511872
1250620291497127936
1250620342919462912
1250620481918521344
1250620712898793472
1250620745627193344
1250620758109360128
1250620882554363906
1250620938120572929
1250621055195967488
1250621149496541184
1250621302462976006
1250621381257166848
1250621432977076225
1250621437825757184
1250621470822133761
1250621610031267840
1250621635037626372
1250621690897408001
1250621885299036161
1250621979175956480
1250622096155312128
1250622157291470849
1250622234017673221
1250622371704135681
1250622395506802688
1250622460887805954
1250622477362884608
1250622500830093312
1250622528827113472
1250622552801570817
1250622556866064384
1250622649950244872
1250622746481942528
1250623069544157184
1250623143527559168
1250623190218477568
1250623199332544513
1250623216336371719
1250623472545468416
1250623707917279233
1250623794105942016
1250623849072406528
1250623894643507200
1250623940948406278
1250623996233682951
1250624052651327489
1250624188953563137
1250624234671362049
1250624386509557760
1250624389139378179
1250624415890583555
1250624465270198272
1250624622191611905
1250624678634250240
1250624784829800448
1250625098605670400
1250625210350329858
1250625212435087361
1250625245557321730
1250625386184089600
1250625388285313024
1250625744897748993
1250626059176775681
1250626072623943680
1250626090508316673
1250626202533941248
1250626205939793920
1250626231093133314
1250626252412780547
1250626290320695297
1250626323678199808
1250626403675996160
1250626684241543168
1250626699860926464
1250626753141366796
1250626810360074242
1250626881256374273
1250626902487961601
1250626910738157570
1250626990673199105
1250627057379237888
1250627162710765568
1250627191525658625
1250627292474245122
1250627499740069888
1250627515275763712
1250627518798811137
1250627551405518849
1250627641037619202
1250627655830888451
1250627846008999937
1250627887482404864
1250627959150567424
1250628102075621377
1250628105674403840
1250628177401184258
1250628448680370176
1250628500194615297
1250628677181661184
1250628702364450817
1250628752956182529
1250628868618063879
1250628966609612800
1250629104904187905
1250629230905483265
1250629255362379776
1250629260160544769
1250629331648421888
1250629616932474880
1250629641892696066
1250629768036450304
1250629838894845952
1250630006285492229
1250630111788969984
1250630123696599048
1250630161843867648
1250630455084417027
1250630602484854785
1250630816096555008
1250630891174428672
1250631093046272002
1250631178056396803
1250631307119308800
1250631334139244544
1250631335997255683
1250631449042182145
1250631537600626688
1250631546052239360
1250631562753830912
1250631717796356099
1250631764185362437
1250631839040958464
1250631848847278080
1250631923178840064
1250631930439036930
1250632038371094528
1250632128930471938
1250632238154149888
1250632258744053760
1250632365174636544
1250632388612362240
1250632673317588992
1250632924774518784
1250633067892441088
1250633198180032513
1250633239917666309
1250633282317766658
1250633361652985856
1250633404066017280
1250633638556782592
1250633688859070464
1250633688976629762
1250633692797526016
1250633871114158083
1250633919973724160
1250633920829247488
1250633967994195968
1250634003008360448
1250634036357271552
1250634419020283904
1250634448519008259
1250634451467591680
1250634480999632896
1250634592069058561
1250634737795739649
1250634767311265793
1250634834042552322
1250634865936003074
1250634931258060801