1245018035771117569
1245018060840415232
1245018302751166464
1245018396623855618
1245018467016867841
1245018487304736769
1245018516543000577
1245018530740920322
1245018539024699394
1245018547992084487
1245018694037540867
1245018737373335553
1245018882865332226
1245018903748554752
1245019155444752385
1245019536719597574
1245019536979607553
1245019595964063744
1245019642000822273
1245019838579433473
1245019869248139265
1245019932724617216
1245020070092271616
1245020082608070656
1245020099074863105
1245020124505092097
1245020138086240256
1245020178942955521
1245020288124727303
1245020342743117826
1245020430076973058
1245020457583005696
1245020497840128009
1245020581617156096
1245020619730714624
1245020640408735745
1245020654593880065
1245020678073372676
1245020730854494208
1245020790585806848
1245020795572604928
1245020812354056193
1245020996777570305
1245021034757206016
1245021078545727489
1245021131918028800
1245021223458729984
1245021578909437952
1245021609192083456
1245021705745117187
1245021952109993985
1245021972209094658
1245022062042906628
1245022071786217472
1245022100047433728
1245022103402876928
1245022149393301504
1245022283980255236
1245022296667873280
1245022347603726342
1245022498141306885
1245022498418278401
1245022880037027852
1245022959850475522
1245023045971922945
1245023056151687169
1245023186179088389
1245023190625050625
1245023269515751424
1245023338126336004
1245023345965510656
1245023429662658561
1245023681325092864
1245023741404471298
1245023765131558913
1245024025262329856
1245024192728367108
1245024217835245568
1245024260164288516
1245024317685055492
1245024385716629509
1245024528675160069
1245024553715326982
1245024585197772802
1245024731750899712
1245024773912092674
1245024788227203072
1245024788575326208
1245024864198692864
1245024924650983428
1245024953642242053
1245025053667885059
1245025077785243649
1245025079110651905
1245025140754317312
1245025170533814274
1245025218457776129
1245025418328981504
1245025463828955137
1245025496477437959
1245025497500782592
1245025564164947970
1245025665134583808
1245025682146471938
1245025818084081664
1245025874572988421
1245026022694633473
1245026071336140801
1245026088671158275
1245026198234824705
1245026328849637376
1245026378241564673
1245026498890936320
1245026512644067329
1245026559657947137
1245026562598207492
1245026717925650432
1245026780941082624
1245026843964723202
1245026910783950848
1245026948394426368
1245026952550821888
1245027049342939138
1245027072449241088
1245027270047051777
1245027360828805122
1245027592861818880
1245027593109352448
1245027623887081472
1245027695479730176
1245027766631690242
1245027838589272064
1245027844964503552
1245027976510443520
1245028089316311045
1245028219318927360
1245028219943821313
1245028232111493120
1245028361094610944
1245028385396580352
1245028424684580864
1245028429503791111
1245028436923559944
1245028508914651136
1245028509212278784
1245028647012048897
1245028704624902145
1245028726993301510
1245029037178789891
1245029087309115393
1245029108867682304
1245029114613878784
1245029121077411840
1245029264077885442
1245029321443553282
1245029368889516037
1245029373025140736
1245029375982133250
1245029393891721217
1245029459826298881
1245029528268873729
1245029540398686209
1245029582744334336
1245029938488643589
1245029986085543936
1245030011645464577
1245030056327602176
1245030110857768963
1245030148858155011
1245030178104827904
1245030179564589058
1245030182475436037
1245030203526651905
1245030262146293760
1245030309483118592
1245030354462834689
1245030395332169734
1245030434104209408
1245030447031169028
1245030517990477830
1245030633899831296
1245030688702599170
1245030727923703822
1245030750048714754
1245031075966930945
1245031184779948032
1245031273027915776
1245031378082770945
1245031528847028224
1245031531535613952
1245031610963185668
1245031633369075713
1245031679988768769
1245031705167233025
1245031746598588418
1245031766655631361
1245031896284717056
1245031897987788807
1245031918493630464
1245032039398637578
1245032174719578113
1245032377912643585
1245032552244658176
1245032703289741312
1245032833430806531
1245033042806259713
1245033064004308993