1242481312109416448
1242481445781639177
1242481516870955016
1242481605958082560
1242481660563726336
1242481821155295232
1242482256041541634
1242482490721349633
1242482662650064896
1242482693805420545
1242482881231908870
1242483092142600194
1242483149822513154
1242483262594916355
1242483283482382336
1242483308937842688
1242483349870055424
1242483363199377415
1242483501653299200
1242483518262788096
1242483580753731585
1242483631605583872
1242483677843484674
1242483678313426945
1242484285522804736
1242484307211534336
1242484316233437185
1242484316619386880
1242484709646622721
1242485035493502978
1242485237948416000
1242485304319041537
1242485384891809797
1242485390235271169
1242485753776496641
1242485765642354688
1242485779122786305
1242485814132539392
1242485837998120962
1242486039014301702
1242486294011244546
1242486312050946048
1242486399925768193
1242486417705406465
1242486524635209729
1242486596005498880
1242486689458565122
1242486710119825408
1242487000193785856
1242487164493090818
1242487175855214595
1242487213558038532
1242487238669275138
1242487356139208711
1242487427681394690
1242487452469620736
1242487452708876288
1242487603661856768
1242487940317495296
1242488022882570240
1242488073272930304
1242488148917022720
1242488214977269762
1242488631207636993
1242488667169591296
1242489155474665475
1242489647059439616
1242489772570030081
1242489986152198145
1242490471672414208
1242490538047287301
1242490607630721025
1242490690736701442
1242490692275822592
1242490699116937216
1242490782965215232
1242490842968973313
1242491084904767490
1242491160339177472
1242491231483187201
1242491332389744642
1242491490791800835
1242491689668767745
1242491693078851586
1242491970154565634
1242492142586601472
1242492213369671680
1242492351924383747
1242492532027777024
1242492536087818242
1242492680929771521
1242492699912990727
1242492756481712128
1242492779260833792
1242492804695068672
1242492829919657985
1242492917970845698
1242493085763813376
1242493152012926977
1242493324885405697
1242493488400404483
1242493492598689792
1242493588010872833
1242493659477471233
1242493789257650176
1242493903120596992
1242494040777474049
1242494254955384835
1242494486653161473
1242494599794319361
1242494806074499073
1242494886395461632
1242494945937719297
1242495247873171457
1242495574739484674