1244308367750737920
1244308413888282626
1244308480980328450
1244308619916533761
1244308788930400261
1244308828100968450
1244308869960142852
1244308878981869568
1244309007642374145
1244309198923616258
1244309238316437505
1244309613748662274
1244309697340919808
1244310196383551488
1244310318513258499
1244310371059499011
1244310406002176000
1244310460083683328
1244310809020424193
1244311081402671105
1244311082568744965
1244311148679139328
1244311190760800260
1244311248763846656
1244311557779197956
1244311618487549953
1244311748628361223
1244311823270232064
1244311907659583488
1244312038840524801
1244312113163710465
1244312435898679299
1244312478810595331
1244312510704095233
1244312682536337409
1244312734243700736
1244312810701467648
1244312830884667394
1244312834454011906
1244312868121489408
1244313167800369153
1244313313439289346
1244313446965022720
1244313543479947264
1244313577428836355
1244313598098321408
1244313648480178177
1244313828562817027
1244313908728549376
1244314005323169792
1244314050437222409
1244314067969417216
1244314088873828355
1244314267181932545
1244314396995858432
1244314398925049857
1244314416339968000
1244314424745304066
1244314487521447937
1244314715003801604
1244314717851549697
1244314746012172289
1244314798566690816
1244314973586821120
1244314990942785542
1244315017450848260
1244315103744458754
1244315154231197697
1244315267087425539
1244315324020748289
1244315334502428673
1244315338638012423
1244315363006873601
1244315368132231170
1244315434473656322
1244315527574585349
1244315610802081792
1244315675331637250
1244315740754178048
1244315997902962689
1244316201217482758
1244316223967506443
1244316495988936704
1244316533851131905
1244316611827437568
1244316672405778433
1244316706014547970
1244316710393516033
1244316886382317572
1244316914849132549
1244317164422811649
1244317271977340942
1244317498943496192
1244317549552193542
1244317566291439616
1244317868231135233
1244318052117667840
1244318103103668227
1244318112096219138
1244318220414263303
1244318273010716673
1244318539424477184
1244318606550278145
1244318647818031105
1244318801988116483
1244319134151827457
1244319148810702848
1244319261662871554
1244319399177326597
1244319571399622661
1244319726014279682
1244319818184101888
1244319819920543744
1244319875327090688
1244319965412548608
1244320038141689858
1244320091178557441
1244320292501102593
1244320317884907520
1244320330065141761
1244320368027811845
1244320455080554496
1244320500345532417
1244320501939482626
1244320703719051275
1244320759088021509
1244320837626408962
1244320938050686977
1244321164534546433
1244321248450154500
1244321290330107905
1244321885917270023
1244321927159635968
1244322145578242048
1244322171385794562
1244322205132980226
1244322250947526656
1244322354551021575
1244322439061897217
1244322531852423168
1244322674588991492
1244322674798555137
1244322702942298112
1244322775516545024
1244322837667569664
1244322978675990529
1244323031163506688
1244323089225138176
1244323119055192071
1244323136620965888
1244323295241142274
1244323337653886977
1244323365172674560
1244323383988367362