1243915826446635008
1243915944759570432
1243915965815021570
1243916011339804676
1243916015492194304
1243916141522636800
1243916191787151362
1243916249979027457
1243916290143793152
1243916339120488448
1243916376852574210
1243916600480276480
1243916615672086533
1243916706394845185
1243916749336203266
1243916757682671617
1243916828407103488
1243916841942159361
1243916841954795521
1243916976289792003
1243917007516585993
1243917412275236865
1243917531154460675
1243917593087373312
1243917752215179266
1243917811044343810
1243917936877686784
1243917946444853254
1243917957664628736
1243918021686484994
1243918033237704704
1243918051675955200
1243918183259451392
1243918326704885761
1243918411110821890
1243918423135944704
1243918464953262081
1243918473794932736
1243918687964364801
1243919019331194880
1243919236906377216
1243919297963077632
1243919316522643456
1243919329046827010
1243919421724213248
1243919453122899969
1243919455383687169
1243919472060055553
1243919526749765637
1243919551177334785
1243919732190990336
1243919784707870722
1243919932510912513
1243919992212656134
1243920025410510848
1243920042959327232
1243920152988651522
1243920273247698945
1243920315073224705
1243920482740703232
1243920514252443653
1243920520518737920
1243920755282382848
1243920894537457672
1243920923050287107
1243921020077125633
1243921133252030465
1243921138553675778
1243921153862840320
1243921183210340352
1243921216869666818
1243921284158885888
1243921338579873793
1243921345458692097
1243921559896514561
1243921760975716352
1243921942064836608
1243921954945499136
1243921983324033024
1243922155508809731
1243922173347213318
1243922416209928195
1243922475530010624
1243922499739533316
1243922564189048835
1243922609395380224
1243922612738240515
1243922665242529793
1243922697362513920
1243922720573677570
1243922854749429763
1243922923997417473
1243923238582968321
1243923250884812810
1243923288969170946
1243923341381173249
1243923401925775362
1243923418799464448
1243923428652040192
1243923481890304000
1243923619694010368
1243923662119620609
1243924082858606592
1243924126441410560
1243924345799335936
1243924523797417985
1243924550322135040
1243924673718628353
1243925166083543040
1243925698705862656
1243925702493138945
1243926410995138563
1243926684526616576
1243927156952006657
1243927453627592706
1243927779185434624
1243927799896977409
1243928120694112257
1243928223395852288
1243928351695241223
1243928460483072001
1243928590489505792
1243928636098412547
1243928682571403265
1243928813291089922
1243928930404331520
1243928979330838528
1243929022813409281
1243929415538692097
1243929425449754624
1243929550863597568
1243929650985828355
1243929672838234112
1243929681130332162
1243929697366540289
1243929701917364224
1243929717708816384
1243929758825578496
1243929826429251584
1243929860931645442
1243929887368454145
1243929894259576833
1243929896268726272
1243929948416552961
1243930161160097792
1243930222086574080
1243930402550452230
1243930419440967681
1243930596541444097
1243930666032435202
1243930670755348482
1243930695954649088
1243930733653221376
1243930738107584513
1243930738153730049