1241032205020758018
1241032411971977220
1241032771490869248
1241032905889058825
1241032964483493889
1241033115252002816
1241033227223121921
1241033438964191239
1241033539023335431
1241033861913440256
1241033908399026177
1241033995741204485
1241034109876666369
1241034125911502851
1241034348645584897
1241034368895901697
1241034424273297409
1241034449300664320
1241034462852452354
1241034469995245568
1241034499682689026
1241034503734218752
1241034738887823362
1241035017926496262
1241035020577525760
1241035066026921991
1241035423792558080
1241035431040303107
1241035461713252352
1241035682379747328
1241035713518473217
1241035812474478592
1241035827402113024
1241036118939906048
1241036184475795458
1241036357339721728
1241036437363077125
1241036454157000707
1241037091795922945
1241037762813444096
1241037919927832580
1241038637359337472
1241038840355323904
1241039386990596099
1241039430053326849
1241039524664422400
1241039935118819330
1241040080766218240
1241040601577074702
1241040965554638850
1241041008676220929
1241041026502057985
1241041107737346048
1241041118181105667
1241041127706427392
1241041352176988161
1241041583853776897
1241041684399632384
1241041718977474560
1241041734810959873
1241042099924918272
1241042338786332672
1241042536082239488
1241042739233525760
1241042820644982784
1241042849719652352
1241042911745249285
1241043001494736896
1241043017500409856
1241043071212630018
1241043254365368321
1241043355393351684
1241043357939490816
1241043546817298434
1241043794218213378
1241043931913166849
1241044041686368256
1241044109122363393
1241044260662755331
1241044561855725570
1241044764226699265
1241044909991161856
1241045300027981826
1241045400829587456
1241045409486852098
1241045802388090882
1241045993916948480
1241046134702784512
1241046151589216257
1241046235106115590
1241046268857679873
1241046453428027398
1241046482914066441
1241046499397529601
1241046689298788352