1244867060892647424
1244867168686178311
1244867321400705027
1244867355160674304
1244867426593861633
1244867514787680257
1244867607443931137
1244867632957763587
1244867733214265346
1244867913015648256
1244868047317413888
1244868181799448576
1244868185402327047
1244868185897066496
1244868228238753795
1244868362657624064
1244868408643993601
1244868734612889600
1244868782029287424
1244868886949851136
1244869016671391744
1244869116566986752
1244869150616571905
1244869288521072640
1244869406750134272
1244869415805452294
1244869475054190592
1244869520210022402
1244869675734798337
1244870132167557121
1244870233979928576
1244870287734104064
1244870320252760064
1244870341693968385
1244870371326615553
1244870845014503425
1244870845723553792
1244870855831588865
1244870938895757312
1244870950580932610
1244871378299432960
1244871529139060736
1244871545337663489
1244871584269176833
1244871680238989312
1244871826582405120
1244871859130306560
1244871877236887553
1244872036809351169
1244872127397888001
1244872250160893952
1244872380716965888
1244872456336289792
1244872460312416256
1244872472572432385
1244872535394652160
1244872799325286404
1244872802844307456
1244872852739739652
1244872900374679554
1244873062291570688
1244873088941973505
1244873160903753728
1244873190196699142
1244873297906540544
1244873376721707008
1244873668506914817
1244873731173998593
1244873752132890634
1244873856788992001
1244873869162360840
1244874015983861760
1244874020836671490
1244874081507454976
1244874091955286016
1244874092009963520
1244874279906209794
1244874455727230978
1244874607263281153
1244874617363132417
1244874746023428096
1244874817779703808
1244874968623722496
1244875039717175296
1244875081060192258
1244875081349828609
1244875119656394752
1244875187180335104
1244875189063581696
1244875420832391170
1244875496971591681
1244875715029471234
1244875848588472320
1244875917232500736
1244875992801243137
1244876067413856259
1244876195625234432
1244876301816619009
1244876333726998528
1244876452580876289
1244876544692142081
1244876668491063302
1244876717413396481
1244876788557385729
1244876866198134784
1244876867837898754
1244876872393121799
1244876916374614016
1244876955981197313
1244876989909078017
1244876991427379200
1244877115708846082
1244877129642172416
1244877291890470914
1244877293673238530
1244877300350345218
1244877320839516161
1244877328762785792
1244877396559327232
1244877492982251520
1244877590126456832
1244877606056386563
1244877665426911238
1244877720862875648
1244877747333152769
1244877753393876992
1244878055170072576
1244878084689530880
1244878189316407301
1244878193628233728
1244878399820226560
1244878604221083651
1244878688149073923
1244878755983654912
1244878911068082177
1244878917099556864
1244878952725770240
1244879129306112000
1244879129381666817
1244879271195283456
1244879337876115461
1244879472601575424
1244879523109314560
1244879704609316865
1244880001146617858
1244880012597014528
1244880193962905600
1244880224371736582
1244880279791075328
1244880416340918272
1244880457847586817
1244880542052618240
1244880760319836160
1244880780800622592
1244880911650435073
1244880913630023683
1244880933058228230
1244880966276931585
1244881014331248645
1244881116894498817
1244881209487810560
1244881251531710465
1244881255990284288
1244881423540129798
1244881603836268544
1244881789924962304
1244881875606179841
1244881875610374144
1244881875635564544
1244881875945975808
1244881875958525952
1244881875975331843
1244881985853685760
1244882033777741825
1244882103273172992