1242541882430767104
1242541952425394176
1242541986109890562
1242541988471283714
1242542124530307073
1242542129819332609
1242542174614573061
1242542245162758144
1242542393867419648
1242542494715244544
1242542519587459072
1242542807367237637
1242542868058652673
1242542888900349953
1242542918319169536
1242543002083397632
1242543156874358792
1242543199215812608
1242543362923622400
1242543964793851905
1242544079994576901
1242544139335393280
1242544222793801728
1242544395074723840
1242544433612173312
1242544557583187968
1242544670552571905
1242544696515125249
1242544708250816512
1242544839146823683
1242544887603527681
1242545082697273344
1242545334397669377
1242545504803749892
1242545740532064257
1242545916525109248
1242545959118049281
1242546112289894402
1242546566361157632
1242546747609669632
1242546844535787521
1242546862802042880
1242547036819533826
1242547167027433472
1242547322246094850
1242547699800563717
1242547873272811520
1242548072565137409
1242548110745915394
1242548329029840896
1242548412622557184
1242548458990510080
1242548617438732291
1242548782199459841
1242548948285431809
1242549129965903873
1242549142112567297
1242549247490359298
1242549281690660864
1242549335616864256
1242549431871746048
1242549497311436801
1242549604094054401
1242549976254705664
1242550111650992128
1242550136603054081
1242550615517081601
1242550635335204866
1242550667975237632
1242550677521543168
1242550794957832197
1242551335435808771
1242551395175280650
1242551629674680322
1242551839628742656
1242551923644837889
1242551977814310912
1242552103756795909
1242552149797736450
1242552468820627462
1242552477259640832
1242552527134097415
1242552896736112641
1242552984426463232
1242553173446819841
1242553500489281536
1242553575974174720
1242553664792858633
1242553698989084673
1242553718014447617
1242554169480921089
1242554205111386112
1242554562092904448
1242554773347467264
1242556787775004672