1244383836160634880
1244383929035038725
1244383930125447168
1244384083809107968
1244384137840136194
1244384141237510147
1244384142076370944
1244384226524487680
1244384234351005701
1244384276344422401
1244384318585065472
1244384357403496448
1244384398172094464
1244384456636428288
1244384532821880833
1244384665009610760
1244384693954310144
1244384867481260037
1244384867539812352
1244384871692337152
1244384905116684289
1244384968349974528
1244385024440438784
1244385123820158977
1244385140568133632
1244385145957867521
1244385161325625344
1244385274546794498
1244385286773227520
1244385379907702789
1244385389332160512
1244385429564141570
1244385497062895618
1244385518214959104
1244385551828111361
1244385564574593025
1244385618622328833
1244385685898964994
1244385721529634817
1244385727753773056
1244385740072448000
1244385786348199936
1244385806791344132
1244386034152099841
1244386269011906561
1244386309625524225
1244386378508644357
1244386436549423112
1244386493600272384
1244386513493938177
1244386602333265921
1244386709296394240
1244386734005088256
1244386780222291968
1244386805295742976
1244386915253714951
1244386921960411136
1244387023860842496
1244387166358327298
1244387221093748739
1244387405752221697
1244387413994209287
1244387468335550466
1244387522312048645
1244387639987515392
1244387736666001410
1244387741095215104
1244387795709448192
1244388019827642368
1244388024273776642
1244388081010192387
1244388093244796929
1244388155798798340
1244388296463171584
1244388358161420288
1244388402528751616
1244388404009275397
1244388433180704768
1244388475056644108
1244388488658681858
1244388537950240774
1244388592098709506
1244388743429185537
1244388759950548992
1244388827072004097
1244388853852655616
1244389000695238657
1244389032567717888
1244389213069590528
1244389238436704257
1244389265552924674
1244389353629061120
1244389355793403904
1244389528334409733
1244389620202131457
1244389678456999939
1244389719045058561
1244389775513010177
1244390006048714752
1244390007303004160
1244390039855005699
1244390060058750977
1244390140077846531
1244390141977747456
1244390152795029505
1244390219757031425
1244390329349894144
1244390534564675584
1244390542944940032
1244390685387743239
1244390844544634881
1244390882599530496
1244390898429034497
1244391075541929984
1244391276042166273
1244391384791920640
1244391540748943361
1244391574907183104
1244391763541807104
1244391763562946560
1244391977438695424
1244392026805866497
1244392174189453315
1244392179814014976
1244392237393252353
1244392283790888961
1244392312949673984
1244392376107503617
1244392380196966401
1244392571872243712
1244392656890810368
1244392690097283073
1244392794963226626
1244392844485431297
1244393063851622400
1244393067894820866
1244393180973260800
1244393189404037120
1244393250313682946
1244393281812922374
1244393330907271169
1244393416034844684
1244393432484687872
1244393466357936129
1244393554060775424
1244393583257325568
1244393666757758976
1244393705483591680
1244393881443205121
1244394145470439439
1244394170644680706
1244394307458445312
1244394326333014017
1244394342715994118
1244394447540031489
1244394523444330496
1244394573390139400
1244394594177089537
1244394732689768448
1244394765967331330
1244394778588037126
1244394857935671296
1244394938730549248
1244394967683956737
1244395106536472578
1244395214749536262
1244395277936664576
1244395441187323904
1244395573429653504
1244395634469113856
1244395781668229120
1244395814790803456
1244395942100557825
1244396150532321282
1244396263853961219
1244396271948959744
1244396284636790786
1244396422973227009
1244396423157649408
1244396531966341120
1244396561368371200
1244396716830404609
1244396767317086209
1244396837068513283
1244396881540575233
1244396924670803968
1244397049656881157
1244397102714834945
1244397228300492800
1244397370063769600
1244397586938761219
1244397830707359744
1244397878665232384
1244397920515960832
1244398101227606017
1244398139118882827
1244398189232431109
1244398260275437568
1244398545874059271
1244398588341477377
1244398648693272580
1244398667076780033
1244398691554902021
1244398729341423617
1244398751105650690