1244247940874539009
1244248015856193539
1244248055605420032
1244248104284631040
1244248108466405381
1244248199935799302
1244248301442121730
1244248309956517888
1244248315270582272
1244248380827631617
1244248440374202369
1244248441695461378
1244248649099612161
1244248762869932032
1244248908437450754
1244249035386519552
1244249756714532864
1244249883076366338
1244249987774648320
1244250047916761089
1244250071572582404
1244250075548643330
1244250201784758272
1244250222886346752
1244250226032082944
1244250259829686275
1244250285066903552
1244250407553183747
1244250477908430848
1244250511748063234
1244250528143626240
1244250567720960000
1244250650793385984
1244250670858985472
1244250931061035012
1244250970273480704
1244251048979595264
1244251078155276290
1244251203791474688
1244251271164395521
1244251543534264322
1244251543768952833
1244251556293328896
1244251694655066116
1244251703219826688
1244251791484538880
1244251937425575937
1244251971604885505
1244252114853007362
1244252248005378048
1244252428272369665
1244252448388046852
1244252473897955329
1244252901427601408
1244253577754873860
1244253716783476736
1244253833288613889
1244253900510806016
1244253926184103936
1244254051602247680
1244254542990057476
1244254755926478848
1244254794094534657
1244254941209862144
1244254952890957824
1244255070922866690
1244255104183787522
1244255214120681479
1244255254650204160
1244255346690064386
1244255547106316293
1244255565758345216
1244255892922601472
1244256112460906496
1244256187022893056
1244256320645144576
1244256543266295808
1244256593648197636
1244256691098705922
1244257054434496515
1244257054878871552
1244257112978608130
1244257130590416896
1244257214556016641
1244257239428284417
1244257308202467329
1244257352670482438
1244257380000546819
1244257587798966273
1244257704346030081
1244257717633646594
1244257721819566082
1244258032474865666
1244258128729903106
1244258400998998017
1244258555797975040
1244258665726717953
1244258670000640000
1244258694969184256
1244258857037094919
1244258938293542912
1244259122809393152
1244259136600244224
1244259148713394179
1244259224647094276
1244259340988579841
1244259403651481601
1244259953147179009
1244260072932294657
1244260397839978497
1244260868931682307
1244260977627070465
1244261188692848642
1244261223710982147
1244261479987232772
1244261559398010881
1244261612082483200
1244261617522663424
1244261811731312641
1244261895542095873
1244261948595802112
1244262310065197056
1244262662655090689
1244262666761310208
1244262710470205441