1244429185214492674
1244429684391030786
1244429948204400640
1244430001497346050
1244430266870857728
1244430308696604673
1244430330091704321
1244430357866430465
1244430586631974912
1244430720501596160
1244430957056155649
1244431257032777728
1244431466655776768
1244431605017374723
1244431621660356608
1244431722143457281
1244431835565703169
1244432448282296321
1244432543451172871
1244432586648121346
1244432615815380994
1244432972226281474
1244433043588354048
1244433173766901760
1244433173968293889
1244433224077541377
1244433240934486017
1244433328608067584
1244433356822941696
1244433467468742657
1244433882130157568
1244434050602782720
1244434115484618752
1244434331667439622
1244434381504217092
1244434654377021443
1244435002701385729
1244435166010933250
1244435287498874881
1244435291126902787
1244435548376358912
1244435625937235968
1244435929181196288
1244436003802284033
1244436123490926597
1244436432581623808
1244436507852599297
1244436515880566785
1244436549791514626
1244436562290466819
1244436754079375361
1244436856407613440
1244436865664638977
1244436915115315200
1244436956919939073
1244437250785431552
1244437405563621376
1244437646673211392
1244437699303481346
1244437752176939008
1244437801778601984
1244437831256281089
1244437850415915009
1244437890190299137
1244437988831924224
1244438160286851075
1244438215911780352
1244438311676137472
1244438419117355008
1244438447542108160
1244438523643604993
1244438747598315521
1244438844277022721
1244438844377837569
1244438898698313730
1244438928175837186
1244439029145313282
1244439136699891713
1244439246816989186
1244439354422046720
1244439754344628227
1244439895814344708
1244439993541672962
1244440001695191042
1244440008645201920
1244440027251212294
1244440194683736066
1244440446421438464
1244440585190035457
1244440607940100107
1244440820004028419
1244440836647116801
1244440906385821696
1244441020781211650
1244441092835012609
1244441297915543552
1244441368971210752
1244441415070797824
1244441533052420096
1244441599855202310
1244441600454950917
1244441632461803526
1244441642033123334
1244441646558777344
1244441650795069441
1244441768097021954
1244441868600881153
1244441956664479746
1244442107831447553
1244442127825694725
1244442146343706624
1244442178727768064
1244442261221453824
1244442262798557184
1244442271233294338
1244442421737467906
1244442455086444544
1244442489160753152
1244442510031814656
1244442512711766016
1244442648720470017
1244442690726408192
1244442711370788864
1244442740592717825
1244442854488858626
1244442872646004736
1244442908788428800
1244443214616109056
1244443250745802752
1244443286464417793
1244443399442305028
1244443489678450688
1244443713381617664
1244443768603824128
1244443871674843136
1244443942994599936
1244444087001976833
1244444112402755585
1244444145734651905
1244444149744422913
1244444175338266629
1244444179821809664