1244731141296402439
1244731304802947073
1244731319764094977
1244731328731512832
1244731429927387145
1244731531458797569
1244731537825939456
1244731656877101057
1244731962897686528
1244732093168357376
1244732138454487043
1244732588285100034
1244732713514434560
1244732810419724288
1244732915423924225
1244732957182570502
1244733033367744512
1244733040947068933
1244733067811360768
1244733140872171523
1244733263605723136
1244733313979420685
1244733322351251463
1244733355716829184
1244733528203550727
1244733541042262019
1244733678305116164
1244733686961958912
1244733692439920645
1244733737423769601
1244733796714336257
1244733832777158656
1244733854818037760
1244733951186354176
1244734135744094208
1244734295278669824
1244734463197605888
1244734507078606849
1244734593124753408
1244734685395046400
1244734689518276608
1244734715610923009
1244734772007456768
1244734773530148866
1244734790500220930
1244734873899880449
1244734907865161729
1244734911799386112
1244734981898792960
1244735163344420864
1244735264443924480
1244735314398150657
1244735364310257665
1244735444572680193
1244735520124493824
1244735624713834497
1244735637196025861
1244735637527412741
1244735809099628545
1244735809296744448
1244735997981720576
1244736184720535552
1244736186633064450
1244736202009391105
1244736228496478208
1244736283060158472
1244736354484879363
1244736435724443650
1244736496600563713
1244736518658326529
1244736549440434176
1244736568771973120
1244736617866317825
1244736711231406084
1244736757310066688
1244736882472337410
1244736996544778240
1244737028132155393
1244737053960650752
1244737055889985536
1244737115507888128
1244737187041751043
1244737252716134407
1244737323163693056
1244737327999733765
1244737386384416768
1244737402033356807
1244737578827419649
1244737759622967298
1244737855529910274
1244737881572335616
1244737998345760768
1244738011419549696
1244738489754595328
1244738540153368576
1244738708408074240
1244738754142777344
1244738779488727040
1244738870652088321
1244738975203557378
1244739156636508167
1244739315625836544
1244739336660287491
1244739512158367746
1244739537621766144
1244739756245876736
1244739811694403585
1244740005098070018
1244740041622118400
1244740493289889792
1244740637255176192
1244740702728146945
1244740741915717632
1244740971239268354
1244741492922515457
1244741497158803456
1244741647126212613
1244741694123278344
1244741752566644736
1244741864793747459
1244741886675476487
1244742026370916352
1244742070763323393
1244742112219992067
1244742184471060482
1244742306592407552
1244742545730658310
1244742552080855045
1244742562570743821
1244742805039329280
1244743069389541385
1244743069876064257
1244743140839321600
1244743153879482374
1244743298348191745
1244743338198106112
1244743506255663105
1244743548571795456
1244743563721637888
1244743617010438145
1244743887245238272
1244743959081037827
1244744285444100097
1244744449491697673
1244744479417839617
1244744580865671168
1244744582866194432
1244744634351472647
1244744835543654400
1244744856460722184
1244744890002661376
1244744982398935041
1244745036895584257
1244745040921952256
1244745128285278208
1244745322540216324
1244745326335942657
1244745339040681987
1244745405713260544
1244745449543585792
1244745480757796864
1244745506640846848
1244745576962576384
1244745761251717120
1244745863324405760
1244745972971864065
1244746022326276097
1244746083441532928
1244746106715734017
1244746156254560259
1244746175867166732