1242134023318704128
1242134126926475268
1242134164809408512
1242134212217647104
1242134324603842567
1242135470986817544
1242135651438465024
1242135668110716935
1242135714411819010
1242135751728357377
1242135781751357442
1242136177207119872
1242136205556248579
1242136276595175425
1242136446376574976
1242136449798959104
1242136712224047112
1242136715550175246
1242136758676082693
1242136876095606787
1242137010418180097
1242137060657393672
1242137085538172931
1242137116072706051
1242137207307038723
1242137245261455366
1242137707029110788
1242137731666411520
1242137831545454592
1242138322266230785
1242138449005535232
1242138462737838087
1242138577850585088
1242138621051895809
1242138775905542145
1242139072300187651
1242139245168537600
1242139286109138947
1242139522546073600
1242139542716588043
1242139602246414339
1242139790448955392
1242139802784403457
1242140155986632704
1242140260861173761
1242140399285796866
1242140508119429126
1242140575576424448
1242140593796636679
1242140835333967876
1242141150128959498
1242141181758377984
1242141210740846600
1242141241862770693
1242141267376640000
1242141439212933121
1242141539524100096
1242141577767612419
1242141758210875396
1242141786706866178
1242142000008196103
1242142143944306692
1242142236168589322
1242142294444101632
1242142389483057152
1242142647298461697
1242142879461621761
1242142890693816320
1242142974814965766
1242143020268449792
1242143101482930178
1242143195661660160
1242143352017039363
1242143471776886784
1242143532393140224
1242143837881020427
1242143845183176705
1242143875914805249
1242143985306669056
1242143997872746496
1242144204148654081
1242144375485980672
1242144404640370688
1242144435938435087
1242144474073108484
1242144500685791232
1242144525549699080
1242144551890030592
1242144581082402816
1242144773739286528
1242144778092867584
1242144973606322179
1242144983534141440
1242145093273993217
1242145121874980870
1242145156322689025
1242145196965593088
1242145399311413248
1242145642161377281
1242145689389256706
1242145721735774209
1242145784704966656
1242145794490318851
1242146086656954373
1242146153593856000
1242146247496130564
1242146249438085126
1242146413875732480
1242146423094808583
1242146472633737218
1242146614908612608
1242146648589041665
1242146833419419655
1242146932212019202
1242147177306238976
1242147198000943106
1242147237511168000
1242147287205371910
1242147340007309312
1242147391026991106
1242147575475642376
1242147739825328129
1242147818879340546
1242147869508976640
1242147953868931080
1242147995237388294
1242147999578566656
1242148106680049666
1242148201269952512
1242148242592124928
1242148443897856001
1242148565138518016
1242148592191598592
1242148625624547328
1242148772257255424
1242148963794530306
1242149020946108418