1243297027984850944
1243297205861130240
1243297459691978758
1243297808251322370
1243297921249849344
1243298040053673984
1243298181812826112
1243298320635908098
1243298538844348418
1243298708034170880
1243298752636600320
1243298765248835590
1243298836690481152
1243298848933634053
1243298999576268802
1243299302107156482
1243299369232850945
1243299407103029248
1243299449880711168
1243299461343793152
1243299528570212353
1243299585952346112
1243299735613706240
1243299892740710400
1243300044759015425
1243300056960307200
1243300144617005065
1243300262392918016
1243300361240301568
1243300635753304065
1243300690027372544
1243300790061711363
1243301398537596929
1243301622849179649
1243301764268515330
1243302255069147137
1243302578957570053
1243302598792249345
1243302683043180544
1243303339921510401
1243303749558448137
1243304471905501186
1243305010970136576
1243305071854542848
1243305201370529793
1243305507135184896
1243305695811973129
1243306285329723394
1243306338794508289
1243306706945429504
1243306915955949568
1243306921551069184
1243306980342730752
1243307103512440832
1243307325873676289
1243307422481088512
1243308160418369536
1243308230425468929
1243308248725368832
1243308328303951872
1243308358091882502
1243308411632189442
1243308491659513857
1243308504422768640
1243308607686479875
1243308788129484800
1243308890596544514
1243309033127170049
1243309035119620103
1243309216078671873
1243309339278020610
1243309522648592384
1243309603347185664
1243309729331302400
1243309846746648576
1243310911756140546
1243311451856678914
1243311768551804931