1243900677325312000
1243900710439325697
1243900894904639490
1243900901120770054
1243900908066484224
1243901079051481089
1243901094222278661
1243901109518905345
1243901314804772868
1243901608347369472
1243901608510939136
1243901684167905280
1243901922953719808
1243902082555564033
1243902112154738692
1243902229171572740
1243902371874381825
1243902484508102657
1243902527021518848
1243902631589736450
1243902656080273408
1243902740872466433
1243902889522692097
1243902983664021504
1243903131483856896
1243903329958154241
1243903334836088833
1243903425512902658
1243903446006276096
1243903449495932929
1243903489203245061
1243903494723174402
1243903667482374144
1243903684427370496
1243903772729864193
1243903953026330626
1243903956759326722
1243903978204622848
1243903979010080772
1243904213635092480
1243904301333872640
1243904448218509313
1243904536051429378
1243904561313714176
1243904618406404097
1243904737684193280
1243904749931507712
1243904837835767809
1243904867544031232
1243904962960035840
1243905064684662787
1243905096833847298
1243905096846659584
1243905283698688000
1243905311037104128
1243905350345969664
1243905392893218822
1243905421707968513
1243905460077498368
1243905559671250947
1243905576779812864
1243905710427115521
1243905794040422401
1243905802743746563
1243905945299755011
1243906061884678147
1243906251680935936
1243906410645196802
1243906499149250561
1243906557248765957
1243906561740865542
1243906708574961669
1243906729081024512
1243906742280491008
1243906939463053318
1243906945674702848
1243906960438763522
1243907090483236866
1243907150897909761
1243907174159405057
1243907175132651520
1243907191557566464
1243907228702253058
1243907248759472128
1243907288949305344
1243907321056636929
1243907357735710721
1243907433845620737
1243907517752770567
1243907576502210560
1243907581053145088
1243907593690443778
1243907629669216257
1243907685881282565
1243907749131489281
1243907887476264960
1243907942056726530
1243907971328790529
1243907986264858625
1243907996347924481
1243908201646604289
1243908289714196481
1243908511786041344
1243908558384750593
1243908663007469568
1243908696767430656
1243908743005339648
1243909039920230401
1243909049122525184
1243909091149430784
1243909098891915264
1243909209453805574
1243909426597318657
1243909468808765441
1243909607959003136
1243909661398630400
1243909666024747015
1243909712707325953
1243909759553634305
1243909913430175745
1243910026345005057
1243910168859074560
1243910190795292672
1243910211888246785
1243910235829477376
1243910240363479046
1243910255085584386
1243910341219753990
1243910375533244418
1243910408597049344
1243910592689291264
1243910651254202368
1243910676713746432
1243910731143221249
1243910805910736897
1243910809706586112
1243910810965065729
1243910837225566208
1243910894725156864
1243911066507046912
1243911087952506883
1243911100091043840
1243911335357939713
1243911351694737408
1243911363224907776
1243911532486037505
1243911599200624643
1243911612215558145
1243911662253625345
1243911702749601794
1243911716808855552
1243911729202860032
1243911769673863168
1243911809020702720
1243911864272195584
1243911876334870536
1243911897113657352
1243912115569786884
1243912165339340802
1243912207202729991
1243912278480752641
1243912316221100032
1243912316648853507
1243912320574685198
1243912321199747072
1243912354045329409
1243912362878533634
1243912374467399682
1243912400660766723
1243912423830179841
1243912601869967360
1243912652071383040
1243912666898403329
1243912702646517760
1243912794799362053
1243912806602334209
1243912849078079488
1243912857349050369
1243912975846641666
1243912991818514435
1243913025607929856
1243913109024264194
1243913201617690624
1243913231141240833
1243913322925178882
1243913339392200709
1243913411483832320
1243913468065054720
1243913555105255424
1243913560721444868
1243913654514388992
1243913688332922881
1243913703990362112
1243913859867574273
1243913865529831425
1243914044009938944
1243914432817893376
1243914489503899653
1243914602930483201
1243914702884913153
1243914709268561927
1243914870703247365
1243915130741624839
1243915136596836354
1243915155844616193
1243915198068555776
1243915344906842112
1243915440532774913
1243915603766906881
1243915641020653574