1240654431928176641
1240654494800785409
1240654793493770242
1240655003389317120
1240655004697948167
1240655191709368326
1240655429224542209
1240655438971985921
1240655443673915393
1240655669755338752
1240655976304275457
1240655994822307840
1240656129685938177
1240656298414350336
1240656365313458179
1240656374658301953
1240656492363046912
1240656561954938880
1240656588114931712
1240656634679984128
1240656869732929538
1240656878285148160
1240657012268118017
1240657410819268610
1240658467821682688
1240658601980628992
1240658635409125379
1240658662840061952
1240658665063014400
1240658685472497665
1240659096946315264
1240659600250109956
1240659604981366791
1240660054707015680
1240660168943099907
1240660191483314176
1240660616760758272
1240660985763028992
1240661138980954112
1240661353481801733
1240661470662320130
1240661519349637121
1240661730855989248
1240662192061427713
1240662208981266437
1240662406050742273
1240662441509388291
1240662571188989952
1240663327077879808
1240663374817615877
1240664060904996864
1240664121311399936
1240664381727412224
1240664512304263169
1240664788511809537
1240664907063996422
1240664939322318849
1240665031769014276
1240665178255110146
1240665636629594114
1240665725980688389
1240667336669040640