1241152569331732480
1241152750714597381
1241152774529781762
1241152913147219968
1241152988644642816
1241153072224755717
1241153487989354498
1241153630205509640
1241153843758370816
1241153869285142530
1241154025078370309
1241154472790953984
1241154804816195584
1241154972676501506
1241156000071155712
1241157546771177473
1241158719641026560
1241159310110941184
1241159955593310209
1241160107641245697
1241160324977496067
1241160504891990017
1241160622374400000
1241160738770731008
1241161116320817153
1241161230355701760
1241161629410250753
1241162051923382272
1241162195754291200
1241162325609959425
1241162362838712322
1241162663763140608
1241162908010078208
1241162992558862336
1241163608819564544
1241163747399475203
1241163852030541831
1241164204414926850
1241164417905168385
1241164446535421953
1241165333999652872
1241165483510022146
1241165592658206720
1241165638908821504
1241165752138432517
1241166019638501376
1241166252871168000
1241166452423606272
1241166901285228544
1241167027072462848
1241167031518367744
1241167434356338690
1241167513930653696