1244459629708361728
1244459866439073792
1244460021812953088
1244460076154273798
1244460177031602176
1244460368728072205
1244460444904853505
1244460532721168384
1244460558524563456
1244460598592708614
1244460834090172421
1244460876868079616
1244461467828707329
1244461640453632000
1244461665581703168
1244461854207827969
1244461951805202432
1244462074761220097
1244462172354183168
1244462175999098880
1244462240033574914
1244462324372500480
1244462374213435393
1244462416345194497
1244462480119574528
1244462709929848832
1244462747997188101
1244462861138657285
1244462928364834816
1244463096141357057
1244463125165940739
1244463188017438720
1244463212499632129
1244463213204377602
1244463318066180096
1244463326924603392
1244463368955662336
1244463427071799296
1244463502452043778
1244463507288010753
1244464047447085057
1244464059682099202
1244464086005567493
1244464232130924545
1244464328348176385
1244464350003257345
1244464357389619202
1244464669126868998
1244464757308096517
1244464929052045312
1244465092344737792
1244465122158022656
1244465130366107649
1244465142819164166
1244465258778882048
1244465360662753281
1244465365226151938
1244465377058439168
1244465415708909571
1244465416816095232
1244465457031262208
1244465507778138112
1244465666951770112
1244465860107833344
1244465880710500359
1244465880802754561
1244466215625437184
1244466538653966336
1244466656581242881
1244466748750995456
1244466898139525122
1244467002170691585
1244467047213355009
1244467220194840577
1244467391125319681
1244467531047370752
1244467596436459521
1244467645304446979
1244467658247901184
1244467659959185414
1244467685360128001
1244467726476771336
1244467768084357121
1244467906471063553
1244468070690590721
1244468204258369536
1244468246561959939
1244468326048256000
1244468464267325443
1244468502062235648
1244468527404158979
1244468638867959810
1244468737073238016
1244468958268276736
1244469339316682753
1244469676366802948
1244469718666313734
1244469823590944769
1244469932374425600
1244469978788577280
1244470079334387712
1244470159219269637
1244470196955271169
1244470379474751488
1244470481853526024
1244470595560984577
1244470860137639936
1244470927758254081
1244471048029868033
1244471053012725760
1244471326787567617
1244471341597761536
1244471451287080961
1244471493372846081
1244471530131574784
1244471916435554304
1244471962707124225
1244472012954832896
1244472130848292867
1244472221885702146
1244472298519826437
1244472318774018048
1244472318862274561
1244472595644387335
1244472658663792640
1244472671385137153
1244472897810206720
1244472900293255168
1244472990353350658
1244473023052173312
1244473162370179072
1244473272881811472
1244473362904051715
1244473422240858114
1244473455438958593
1244473485344346112
1244473560552411136
1244473560686563328
1244473577245536257
1244474088829014017