1242420945484120064
1242421060924067841
1242421075654434816
1242421232462630913
1242421342386954246
1242421358895575041
1242421574088654848
1242421593470431234
1242421644154621954
1242421815856619520
1242421895779233793
1242422014830243840
1242422189501984769
1242422205050486790
1242422248184545282
1242422642579251200
1242422893843230720
1242422917201264640
1242422982070251521
1242423137616179208
1242423221489733638
1242423529699594242
1242423577359421440
1242423598851244032
1242423615175266306
1242423645001129984
1242423665653841932
1242423724172873728
1242423833468063744
1242424240055488512
1242424473309057025
1242424524643041282
1242424552396734470
1242425095018008576
1242425104182571009
1242425170956091392
1242425251557822464
1242425330675011587
1242425360475664385
1242425532139974662
1242425552998285312
1242425609453780992
1242425641070243841
1242425728764915714
1242425933081919496
1242426042842624005
1242426064892317697
1242426174242000896
1242426177853112320
1242426325937410051
1242426366957465600
1242426574093160451
1242426647430565895
1242426996057165824
1242427281395658752
1242427304464318464
1242427323086852096
1242427512321454085
1242427541031473152
1242427583167225856
1242427624896380930
1242427633587159044
1242428098886471681
1242428167916269569
1242428468102680577
1242428527200350208
1242428585421336579
1242428870676090881
1242428979627397120
1242429047000281088
1242429130311778306
1242429227313647618
1242429260893126662
1242429541823455232
1242429886326661121
1242429889698869252
1242429906644086792
1242430066199429120
1242430366423474176
1242430913369141253
1242430941534081024
1242430960928526336
1242430964002951168
1242431026435145734
1242431064263389184
1242431213748531206
1242431219570180096
1242431232585224194
1242431248594698241
1242431316693372928
1242431441905922049
1242431559434559489
1242431658269249537
1242431824116076545
1242431838167203840
1242431964008726528
1242431986259709952
1242432121148305409
1242432138487758850
1242432210642153473
1242432285129027584
1242432314979876865
1242432331102576641
1242433444107468801
1242433530904231938
1242434681011720193
1242435051947610112
1242435723795533824
1242435866569498626