1244897217078390784
1244897223047086080
1244897260481269763
1244897294417145856
1244897315778965504
1244897378970165248
1244897425388683264
1244897776384774145
1244897784655802368
1244897840234524672
1244897893149966337
1244898007511900160
1244898012419084288
1244898125933760512
1244898128135958528
1244898200223285249
1244898263708225536
1244898292825296896
1244898305211056128
1244898359917400064
1244898473113260034
1244898753615560704
1244898766588502016
1244898825917120512
1244898833915674624
1244898993466982401
1244899274619379712
1244899278268403715
1244899382627045383
1244899389799202816
1244899513350815744
1244899576143843328
1244899648537604096
1244899748563128320
1244899844260597760
1244900121629818880
1244900148658003969
1244900310537179137
1244900360625381381
1244900570671931392
1244900734958809088
1244900768076816384
1244900800972931072
1244900800989499392
1244900808858013697
1244900851224846336
1244900976273903617
1244900981026050048
1244900985740210178
1244900997190778881
1244901102748946432
1244901140241629185
1244901140946235392
1244901555972816897
1244901623287009280
1244901656635965443
1244901665578397696
1244901669089009666
1244901702366629888
1244901860772888576
1244901933254610946
1244902067099111424
1244902171444785152
1244902260154314755
1244902360289288193
1244902595858247681
1244902596218957824
1244902698715095040
1244902701290274817
1244902758697730048
1244902768516661248
1244902856299171842
1244902889782378496
1244902940504186881
1244903177364705280
1244903275310116870
1244903392570413057
1244903550301409280
1244903570144722950
1244903584946434048
1244903661077237761
1244903758204563456
1244903892120289280
1244904106269040641
1244904189001687041
1244904587628122112
1244904677205921793
1244904697359552513
1244904896039735296
1244904919221645314
1244905075509780480
1244905111585001475
1244905212223127552
1244905223451271168
1244905334860386305
1244905355613634560
1244905397800050689
1244905469916803073
1244905748863148032
1244905771059404802
1244905812947898368
1244906001741910017
1244906014631231488
1244906164548030464
1244906241404608512
1244906467565744128
1244906471290265600
1244906471369969664
1244906680984506370
1244906816846409730
1244907021796859904
1244907452291624960
1244907486118678528
1244907637684219906
1244907721385807872
1244907931386208258
1244907973362647041
1244908041146748929
1244908047098507264
1244908199876141058
1244908327395459072
1244908682380369920
1244908888119324673
1244908942859223040
1244908954896994305
1244909021414359040
1244909026204430336
1244909051353366528
1244909093346783238
1244909168504471552
1244909202843119618
1244909255796224000
1244909256995995649
1244909673976713216
1244909808005742592
1244909926016827394
1244909932048236546
1244910271207882753
1244910279562891264
1244910360131334145
1244910489450065920
1244910527244951552
1244910715799994368
1244910783789707264
1244910883886764037
1244911083082530820
1244911264461193217
1244911584658386945
1244911596754939905
1244911643311603712
1244911773666418688
1244911798077149184
1244911894336548864
1244911912233529344
1244912279042306051