1243508157181288450
1243508168648351744
1243508169999089665
1243508174352601090
1243508219781058561
1243508233496604672
1243508316946534400
1243508409023877121
1243508416548687872
1243508719276736517
1243508761727139841
1243508783084703744
1243508887128543233
1243508912122482690
1243509134600830978
1243509153097814016
1243509213864718336
1243509218768011264
1243509256793571333
1243509268860424192
1243509413798981642
1243509416114126849
1243509613468753922
1243509818717061121
1243509936471998466
1243510183331913728
1243510183575379968
1243510301170864128
1243510317474181122
1243510446952517633
1243510690721267714
1243510698573017088
1243510758291505154
1243511156863643648
1243511361881231361
1243511508811874309
1243511512922275841
1243511521122099201
1243512079216193539
1243512099759849473
1243512100892422145
1243512359555121154
1243512519362326531
1243512530699419650
1243512586592641026
1243512779400593408
1243512800531660801
1243512866935918592
1243512930274021377
1243513085199073280
1243513099555983360
1243513135937523713
1243513190572388357
1243513216073961475
1243513224349265920
1243513228614754304
1243513323951394817
1243513576553398273
1243513611693076480
1243513649442050049
1243513801837817857
1243513920897368065
1243514138690805760
1243514172354134019
1243514238880153601
1243514239509299200
1243514248174567424
1243514296610328576
1243514482225303552
1243514488818630656
1243514528798662656
1243514679823040518
1243514842993983488
1243514944106225664
1243515014524239874
1243515350207139843
1243515434961268737
1243515550195646467
1243515661105664000
1243515710648791040
1243515873312161796
1243515891825999875
1243515914634563586
1243516005000888321
1243516061833666560
1243516143832305665
1243516269262974977
1243516282210856961
1243516504135647232
1243516580841095170
1243516700932407296
1243516915513004037
1243516950799691779
1243517020236328960
1243517045624324099
1243517104504090624
1243517146065444865
1243517250704982018
1243517376643190784
1243517565168541697
1243517567961948169
1243517584953270272
1243517680075694082
1243517808845017088
1243517831007756289
1243517842424807424
1243517856181932032
1243517938482712576
1243517967708704769
1243517972406251522
1243518043990392833
1243518056615284736
1243518059999969280
1243518198562996225
1243518253319819266
1243518307694710784
1243518509293813760
1243518748398473216
1243518771832279042
1243518798478692352
1243519095984832512
1243519105010995200
1243519404161327104
1243519441528389640
1243519543340937217
1243519665156038664
1243519771188121600
1243519822257741825
1243519842981986305
1243519847016718338
1243519935156031490
1243519958526701570
1243520312588697601
1243520363209818113
1243520438808043520
1243520547721482241
1243520618999529474
1243520824503676929
1243521130864009218
1243521184538472452
1243521257070563329
1243521299802132480
1243521327790583810
1243521361265524738
1243521361630420993
1243521377845551110
1243521399265857538
1243521669119049729
1243521925822820352
1243522031468998659
1243522042474967040
1243522061466775552
1243522437339283457