1242269915039641607
1242269918386585601
1242270090646532096
1242270108195700737
1242270124796608513
1242270372726177793
1242270459686580225
1242270477311066113
1242270665836765192
1242270959618293760
1242270997501202432
1242271011246137346
1242271027024900098
1242271177558700032
1242271193966624768
1242271236383744000
1242271236652027904
1242271290658037760
1242271341178490880
1242271551120117762
1242272158908178432
1242272265384759296
1242272381487308800
1242272431986933761
1242273010905755648
1242273444554833920
1242273679590993923
1242273960382746625
1242275046351155200
1242275464925888512
1242275705582387207
1242275730794221568
1242276004405620739
1242276340683788288
1242276490290421760
1242276889873403906
1242276917211992067
1242276931996966912
1242276940196839424
1242277192312057856
1242277616024875009
1242277632403628032
1242278222382927877
1242278454847868928
1242278470010503168
1242278899754696710
1242278991903383552
1242279570675392512
1242279654272073728
1242279746890686464
1242280002630168578
1242280015040921602
1242280170267889664
1242280384093491200
1242280638998171648
1242280826638827520
1242280832946995200
1242280874927960069
1242280899376345088
1242280933446815752
1242281197532823560
1242281309847924737
1242281310854344707
1242281441007820801
1242281485727608832
1242281521119137793
1242281562642751493
1242281575129047040
1242281629692944386
1242281781115662338
1242281781136486402
1242281793287417856
1242281876682764288
1242281958656204800
1242281973671964684
1242282112209674240
1242282535696183296
1242282561117851649
1242282800243490819
1242282863371804672
1242282946565824515
1242282984419409920
1242283211058581504
1242283387303256065
1242283558498115586
1242283613967671299
1242283848659898368
1242283916104544256
1242283995108216832
1242284005770383360
1242284007116570629
1242284691337732098
1242284791342469121
1242284800288919552
1242284867271847936
1242284873756409856
1242284880647434240