1242904106483638272
1242904177547923456
1242904261899382784
1242904634072739842
1242904647565639680
1242904651583848452
1242904991490342915
1242905100433215489
1242905159107133440
1242905208620974080
1242905346525593612
1242905349692313601
1242905707311063041
1242905865528754183
1242906026707431429
1242906602463621122
1242906659980279808
1242906813634424836
1242906908236886016
1242907918061764609
1242908296832520193
1242908308081725442
1242908502546427904
1242908508120649729
1242908676031221760
1242908812194902016
1242908879190622208
1242909013781680128
1242909055611330560
1242909437268045827
1242909459808161799
1242909496462184450
1242909552867147781
1242909626020085760
1242909816999366657
1242909898620522502
1242909928387477506
1242910041411219456
1242910225990066183
1242910452579012608
1242910636864143370
1242910679121547264
1242910800609775616
1242910906935382016
1242910951419965441
1242911190734589963
1242911252999032833
1242911256752709632
1242912075476762624
1242912145932607489
1242912696821055499
1242912876576284674
1242912998852706304
1242913195821608966
1242913212712071168
1242913372875689984
1242913447467257861
1242913513527533568
1242913535081906176
1242913628166201345
1242913644188438529
1242913740804313088
1242913778334924800
1242913785943339016
1242913925051621376
1242914308897607680
1242914415671939075
1242914625437515776
1242914650607489024
1242914799559811073
1242915019286892544
1242915078694932482
1242915087624486913
1242915112693805056
1242915158357352450
1242915785577656320
1242915959515615232
1242915963567247368
1242916022534819841
1242916197684789249
1242916354027663363
1242916370892967937
1242916766277345281
1242916772585578496
1242917718908719107
1242918258669424640
1242918921260478464