1242647804771622912
1242648323690913792
1242648414082551810
1242649103860809728
1242650253666529285
1242650444373131264
1242650823529771008
1242651466042507264
1242651566982615040
1242651773418057728
1242651802673111040
1242652190809997312
1242652239434403840
1242653357887688704
1242653368180453377
1242653383925907456
1242653580538101761
1242653601866092545
1242653953776484354
1242654018901397505
1242654606427066368
1242654675528269830
1242654725905907712
1242654793212067840
1242655111320686593
1242655199845429248
1242655333748592640
1242655414883422208
1242655506197549056
1242655535180050433
1242655560685805569
1242655904660676608
1242655996390117376
1242656282340777984
1242656458040172545
1242656541767077895
1242656806251442176
1242656865068204036
1242656982424858631
1242657007514955778
1242657024447578112
1242657175593455616
1242657195411439621
1242657212633399297
1242657367579185152
1242657502493208576
1242657552535621635
1242657569526763521
1242657632835391488
1242657702922387458
1242657762837848065
1242657847336259584
1242657859055255557
1242658105571213313
1242658323687669763
1242658547772674050
1242658651812356096
1242658710671032322
1242658728618283011
1242658737573126144
1242658959384883205
1242659028469075974
1242659035142381568
1242659835658661890
1242660467748868097
1242660618190180352
1242660622816497665
1242660752382504960
1242660773723242496
1242661080456998912
1242661222790512640
1242661241996402694
1242661260736356352
1242661424662376449
1242661533324197889
1242661873994039296
1242662187203616768
1242662275955204096
1242662480993751045