1240065455643074564
1240065468842545155
1240065478657179653
1240067531827625984
1240067947017764870
1240068368704638976
1240069999768846349
1240070010648887296
1240070132405358599
1240070355256897536
1240070912688427013
1240070925313290241
1240071139524784128
1240071638424662016
1240071688621920256
1240072105783263232
1240072150339465216
1240072304991899649
1240072359723360261
1240072443408113665
1240072494175969280
1240072577705562113
1240072750091337728
1240072871780798465
1240072950725742592
1240072993369468928
1240073282650542081
1240073882155069440
1240074004041474049
1240074237878165504
1240074269029064705
1240074557056258048
1240074758902906886
1240075807713824770
1240076276985020416
1240076352793055232
1240076457885474816
1240076658868092933
1240076726102716416
1240077526539685891
1240077533191774208
1240077938390962181
1240078345351704577
1240078533722017804
1240079678418890752
1240079972917743619
1240080309678465024