1242919219454410753
1242919500120498176
1242919727418269698
1242919802735296513
1242920023854845953
1242920075751034882
1242920196890918916
1242920600999538688
1242920904071557123
1242921468192870402
1242921500111486976
1242921583129382912
1242921613743415296
1242921725039435781
1242921794299924482
1242921824960368640
1242921842744201219
1242921884141801472
1242921997065015296
1242922087309881351
1242922088513646593
1242922120889470976
1242922123200466945
1242922200962715648
1242922283770904576
1242922288661528583
1242922341039915010
1242922489858097156
1242922507080019970
1242922545009102861
1242922730149654528
1242923060744851462
1242923140151308288
1242923387963486208
1242923417399111680
1242923618495012864
1242923710715133957
1242923716691943425
1242923756118368256
1242923773713514496
1242923974947995654
1242924002001195013
1242924523969806338
1242924558174146560
1242924579586281475
1242924654039367683
1242925037465862144
1242925120261443584
1242925556150214656
1242925564836659201
1242925866881036292
1242926529463681025
1242926659549966337
1242926673479122944
1242926759902928897
1242926826969862144
1242926838785044480
1242927283981225991
1242927586033963013
1242927664568172547
1242928001316052992
1242928079565205506
1242928106438103041
1242928332469125121
1242928450039689216
1242928533577457664
1242928635562131458
1242928882304430082
1242928932690657281
1242928946037096450
1242928995357900807
1242929016656424960
1242929259624017920
1242929280381788161
1242929318134714369
1242929403962839040
1242929423676067840
1242929510359674886
1242929553439424513
1242929570258595841
1242929687623589889
1242929864128311297
1242930064876068869
1242930203854168065
1242930698153058305
1242930878470328323
1242931314833133568
1242931465991708679
1242932053227778055
1242932535409115136
1242932711477653519
1242932770164400130
1242932833556918272
1242932843220733952
1242933018362331136
1242933273673768961
1242933703661084673
1242933855906127873
1242934013263634432
1242934029000814592
1242934062031011845
1242934154049867782
1242934208580014081
1242934271691689985
1242934271964262400
1242934274032091143