1242949396574044162
1242949920484732931
1242950298290831364
1242950298592849920
1242950417354387456
1242950503664779264
1242950589346123777
1242950738843762695
1242950755939647489
1242951506803830786
1242951527116894209
1242951547019018241
1242951586030256128
1242951654808227840
1242951738577031170
1242951781757464577
1242952143906074624
1242952290744455168
1242952667007254528
1242952744077594625
1242952815116353536
1242952879779921920
1242953086693498883
1242953220797935628
1242953402327248896
1242953473546747904
1242953617444761603
1242953686168502279
1242953821422342145
1242953825826279424
1242953859128889344
1242953963944714240
1242954119486242819
1242954211366596608
1242954277942951937
1242954728331411456
1242954899190624260
1242954945579618304
1242954958154104832
1242955107177771008
1242955285339287555
1242955719571374080
1242955784880865286
1242955881102245888
1242955947754033154
1242956262897221637
1242956523816529926
1242956971751272449
1242957024687796226
1242957172893417472
1242957197056921601
1242957294251507720
1242957300329058307
1242957416217575426
1242957671319437313
1242957865259634688
1242958003537694721
1242958200208527361
1242959035974012928
1242959688179818496
1242960174593257484
1242960258772996098
1242960290733531139
1242960393292730370
1242961763303374849
1242961784656367616
1242961787588411405
1242963128750690304
1242963329842393088
1242963388847751168
1242963414139285504
1242963669253648389
1242963942843928576
1242964093398650880
1242964253180559361