1241635796387540992
1241636489634680832
1241637309545697281
1241637316785045504
1241637362674708480
1241637430932865024
1241637578081800197
1241637703436951553
1241638019716636674
1241638022271184897
1241638048539893760
1241638185723031552
1241638456800899072
1241638576405860354
1241638890605182976
1241638976844451840
1241639049821073408
1241639125792567296
1241639154821156864
1241639249109086208
1241639649472385024
1241639742204186624
1241639842896908288
1241640036329615360
1241640089664589824
1241640547548303365
1241640790515830785
1241640874158612481
1241641209849720833
1241641440284983296
1241641512372297728
1241641524414181376
1241641537462648832
1241641554151739392
1241641867885842432
1241642066083336194
1241642145544425472
1241642174610989056
1241642233553616897
1241642238297268226
1241642321516453888
1241642410133749760
1241642514894819328
1241642606380978176
1241642891811807232
1241642971382120448
1241643110322417666
1241643160658489344
1241643424379527169
1241643608005984258
1241643638762815488
1241643945039237125
1241643978178453505
1241644255518568448
1241644263861112832
1241644392848424961
1241644414801530880
1241644590379061248
1241644775020703744
1241645148120838144
1241645169021079552
1241645664309829632
1241645668692713473
1241645672996225024
1241646100794277888
1241646167491932160
1241646378205548549
1241646536242507777
1241646545482788864
1241646595352834048
1241646603720687617
1241646670523195392
1241646947720667138
1241646960479801347
1241646985863544832
1241647149579984898
1241647308447444998
1241647405382029313
1241647459899551751
1241647493399502848
1241647505768697857
1241647648513200130
1241647686417178624
1241648000944033792
1241648055369293825
1241648344788860928
1241648426736992257
1241648523289882624
1241648583901736961
1241648596316897281
1241648634241986562
1241648822960492548
1241648933656395780
1241648939973124098
1241649019899637760
1241649023674507266
1241649040439128064
1241649168009121793
1241649200636604416
1241649225785462786
1241649317343039489
1241649460490321921
1241649778980610049
1241649810920202242
1241650134972162049
1241650236222771201
1241650387372957696