1240428600383303680
1240428980299165696
1240429407061278720
1240430263781298179
1240431157323288576
1240431456507162624
1240431459808272385
1240431585356374017
1240431738414936066
1240431950525014017
1240432361390723079
1240432364385456128
1240432633949179909
1240432786370109440
1240432789142601729
1240433520771653632
1240433540371644416
1240433618960502793
1240433858878877697
1240433912771489792
1240434121454714880
1240434282264514560
1240434368033808385
1240434378616029185
1240434608992329729
1240434882049757184
1240434953323778055
1240434957551427584
1240435099641905153
1240435309826854914
1240435439674195969
1240436022820982784
1240436290279165955
1240436568562847744
1240437835015917570
1240437998178562048
1240438434612862981
1240439230846902273
1240439260152381441
1240439348782383112
1240439391039954944
1240439873468694528
1240439927860535304
1240439965370081281
1240440279989137408
1240440684118560770
1240441041595105280
1240442747275730944