1242300122584637440
1242300179807473664
1242300248506028035
1242300286321881088
1242300393331326976
1242300600538116096
1242300894126862337
1242301053002870784
1242301108145385473
1242301259585146880
1242301333450788864
1242301386101911561
1242301414078103552
1242301576980475905
1242301649185456131
1242302018447749120
1242302152850042880
1242302227928121345
1242302424896770049
1242302467993411586
1242302542928805888
1242302550478651393
1242302697694322688
1242302764740468741
1242302789977378817
1242302836345647104
1242302941396074498
1242303000049119233
1242303025160417281
1242303037684801536
1242303201249906692
1242303430472982528
1242303557946109952
1242303679446700032
1242303704411172864
1242304014731141120
1242304157324697602
1242304291156590592
1242304361155493894
1242304618777935872
1242304710989643776
1242304966947110913
1242305072077266944
1242305132118683648
1242305134807449601
1242305210174717952
1242305352395350016
1242305394875097088
1242305591952863233
1242305803572273152
1242305944236609537
1242306036268027904
1242306396164468738
1242306401457733637
1242306749865930752
1242306837778587648
1242307197377204224
1242307307670773762
1242307364017123329
1242307457516335104
1242307683794874368
1242307690350514178
1242307718582435840
1242307764652670976
1242307773204815872
1242307911541338113
1242307940671016960
1242307989765337088
1242308066218889216
1242308188352856066
1242308219407458306
1242308293285953542
1242308370276769793
1242308388530184192
1242308389431984129
1242308468121333761
1242308531228835840
1242308647608147968
1242308794203299842
1242308889149755392
1242308909756383232
1242309052434198533
1242309354319163392
1242309384023261190
1242309437533982727
1242309624495108096
1242310448294195204
1242310586634911744
1242311175292858368
1242312386234572800
1242313143700697090
1242313750339710976
1242313860440358919
1242314283888685056
1242314303908114432
1242314379292442626
1242314769035649024
1242314844365156353
1242314882747256833
1242314928393826304
1242314999940464640
1242315117057978368
1242315165762064385