1240216484594532352
1240216539141419009
1240216702635270145
1240216914103635968
1240216954583109633
1240216958722666496
1240217084677836815
1240217666725351425
1240217727693926401
1240218145408847872
1240218183484633089
1240218288501805056
1240218603062001664
1240218749829070855
1240218757773119488
1240218842216845312
1240219076288446466
1240219165396480000
1240219697594937345
1240219860778528768
1240219869058084864
1240220003607158784
1240220148486811648
1240220339315105792
1240220519749816320
1240220876093571073
1240221765521084416
1240221819057188864
1240222587604484102
1240222681028595712
1240223598532591617
1240224318673559553
1240225649131995136
1240225942007508992
1240226291179065345
1240226374633152512
1240226441867993089
1240227016286162944
1240227322906714112
1240227466209366017
1240227698326167552
1240227901926039552
1240229674791219200
1240230819991564290
1240230833535008769
1240230841814364160
1240230946500206592
1240231105975824384
1240231172766158848
1240231273098022912
1240231357785075712
1240231420682887168