1242451140480045056
1242451353865240579
1242451382633771008
1242452226666266627
1242452389891837952
1242453185048051714
1242453213535592448
1242453505756913664
1242453879683342337
1242454284572266502
1242454642296074241
1242454831299731458
1242454968117997568
1242454992784506880
1242454993321340929
1242455038930210817
1242455088943292422
1242455097113632768
1242455131079098369
1242455156106481665
1242455429319397376
1242455563461636098
1242455684878422026
1242455983043084293
1242456062583885832
1242456075036766208
1242456087367909377
1242456091931430920
1242456115197157376
1242456150387437569
1242456150819237888
1242456238518079488
1242456356776525834
1242456418143424513
1242456487819194370
1242456498766217216
1242456510992732161
1242456569444474880
1242456582341955589
1242456624351965184
1242456649446678528
1242456712856166402
1242456750562971654
1242456892976140288
1242456926136434688
1242456947082878978
1242456979970445312
1242457001134882820
1242457093963051009
1242457134458998785
1242457136388608005
1242457312247382022
1242457396187987968
1242457513922002945
1242457534121816065
1242457639151448070
1242457656519831553
1242457668746346496
1242457677499899905
1242457775629668352
1242457886464315397
1242457925060304903
1242457945075572738
1242458012968603648
1242458079649660928
1242458113820819461
1242458130190962688
1242458423133900802
1242458429899366401
1242458488229580806
1242458502842351616
1242458650498621440
1242458862638120960
1242458895362162692
1242459009891938313
1242459010806226949
1242459069736038400
1242459262875557895
1242459334006759424
1242459693487808512
1242459716116082689
1242459770235293697
1242459791139557376
1242459803403710464
1242459904943763458
1242460110426963968
1242460289989140485
1242460382876352512
1242460567069220869
1242460981156024322
1242461208940290051
1242461209095372802
1242461308320186370
1242461313613193216
1242461443838140416
1242461479967903744
1242461552818753537
1242461619243954177
1242461856448401408
1242461917576388609
1242461958973972480
1242461993413402625
1242462115086004224
1242462148648787968
1242462291385356291
1242462380417667073
1242462427297525767
1242462807221768192
1242462840507830273
1242462934388916231
1242463268549124096
1242463276635545606
1242463301642133504
1242463466859794440
1242463601979318272
1242463707617247234
1242463767167787012
1242463780157693952
1242463794133172228
1242463838592622592
1242464010806669312
1242464132286148618
1242464320929148933
1242464396476997635
1242464464089182208
1242464548063285250
1242464559996096515
1242464669333221378
1242464718603747331
1242464925055889408
1242465059143659520
1242465100595752961
1242465163124465664
1242465310881374210
1242465420323385344
1242465600124801024
1242465864185548801
1242465881554333697
1242466128539971584
1242466175193317376