1244776494179782658
1244776510315094017
1244776519404326913
1244776615147601924
1244776669556224000
1244776673884753924
1244776720865136650
1244776723226468359
1244776724447088641
1244776796148641793
1244776813420843011
1244776815295594497
1244777123107258375
1244777194557190149
1244777249183879168
1244777270415409154
1244777282373177344
1244777426875330561
1244777526146273280
1244777551345733633
1244777597235535874
1244777683818557442
1244777714906734595
1244777932654096386
1244778024383414273
1244778226263654408
1244778276201074688
1244778279632097286
1244778322460098560
1244778366756179971
1244778453024550914
1244778498209624064
1244778595559649280
1244778619794268160
1244778721946583041
1244778745472389125
1244778817631088640
1244778838837657600
1244779040290082817
1244779153154609152
1244779172507025408
1244779277956063232
1244779320624787456
1244779363171741696
1244779366934097920
1244779375318519811
1244779468092145664
1244779560366772224
1244779694966235136
1244779753254653952
1244779765539708929
1244779812125843457
1244779847827599360
1244779849861890048
1244779862088286208
1244779883059912713
1244779900340449281
1244779945840312320
1244780143698219010
1244780164564701184
1244780205719371779
1244780209812967426
1244780210064678916
1244780438142341120
1244780453917274112
1244780635656511489
1244781078881034241
1244781158304550913
1244781174540529664
1244781259198431232
1244781304291504128
1244781342950395906
1244781380107714561
1244781418447663104
1244781628070731776
1244781747855712257
1244781795637260288
1244781820635418628
1244781879695417344
1244781959332724737
1244781959387242498
1244781993151336463
1244782135828865024
1244782178627698689
1244782274069102594
1244782299247529984
1244782374904385537
1244782434752684032
1244782597248413696
1244783008449773570
1244783028766982145
1244783117027639302
1244783217783255042
1244783217946681344
1244783230340837377
1244783264038031363
1244783291808378880
1244783450210648064
1244783763126513666
1244783817581367296
1244783859507617796
1244783947550281737
1244783970832637953
1244784034351210497
1244784202748485632
1244784245391986695
1244784324240687104
1244784517438672903
1244784568797769728
1244784878748647426
1244784920393732096
1244785046575341574
1244785247159488514
1244785427774672898
1244785444505649152
1244785646293504000
1244785692183584769
1244785709392596992
1244785817618239489
1244785931883876353
1244785977979211776
1244786242086043649
1244786271135739904
1244786304916717568
1244786409766105088
1244786509686980609
1244786724594683904
1244786749156610049
1244786774657777664
1244786842660040705
1244786938365849600
1244786971555192832
1244787000491700224
1244787097011183616
1244787127000297472
1244787256197550080
1244787273385889798
1244787394508992513
1244787487400173568
1244787499882463233
1244787516978454529
1244787760256258048
1244787761275682817
1244787860558888960
1244788073864531969
1244788196417900544
1244788251258310657
1244788284015943681
1244788284544315392
1244788505747873795
1244788557501390848
1244788592599158784
1244788622836064259
1244788629198630912
1244788639990779904
1244788884032102401
1244788997794168832
1244789060230660097
1244789073060954112
1244789073065193474
1244789102764888069
1244789114743947265
1244789177973125129
1244789193387237376
1244789216720162816
1244789386987712512
1244789477974740992
1244789488657641472
1244789517502029824
1244789542504128513
1244789551207514119
1244789687501422599
1244789777557336066
1244789810394431490
1244789811254145024
1244789966464565249
1244790121376948230
1244790293376851969
1244790323110449152
1244790448943771649
1244790490307969024
1244790637343526915
1244790809196548096
1244790851685044225
1244791220628369408
1244791384273489920
1244791437235027968
1244791442435956737
1244791442473541632