1241288439686889473
1241288494074355717
1241288494548426753
1241288498147180546
1241288540429987841
1241288557026836480
1241288716708085760
1241288729312014337
1241288974246830082
1241289147836280833
1241289337578217472
1241289379508699136
1241289576494141441
1241289602494640128
1241290331523514368
1241290339782098944
1241290419750797313
1241290545978204160
1241290800551485440
1241291182464012289
1241291404334129153
1241291459623620610
1241291513541214208
1241291724108042240
1241291749034733568
1241291862104780803
1241292156289105920
1241292247619919873
1241292330721611777
1241292352662077440
1241292365136121857
1241292369820971008
1241292598725218304
1241292608472743936
1241293048228663296
1241293091023327232
1241293103010471936
1241293186053492737
1241293209302487042
1241293271906660352
1241293372352090112
1241293699654373377
1241293834157514752
1241293867502063622
1241293871792836608
1241294529719947264
1241294618567667712
1241294877679407104
1241295012609941504
1241295016888172545
1241295332702449664
1241295583094194177
1241295756696391680
1241295848278913026
1241295892734300161
1241295981376761861
1241295981393711104
1241296517815627781
1241296543174582272
1241296673378316288
1241296740160098310
1241296748850499584
1241296753497903104
1241297734331588609
1241298574702333952
1241298707963764737
1241299687916728320
1241300124510240769
1241300262003884033
1241301019612581893
1241301399998214144
1241301576901447682
1241301808099790848
1241301846754562049
1241302226628268032
1241302293724762113
1241302423731347458
1241302432140922880
1241302503179685888
1241302507017601024
1241302656930516993
1241302737138126850
1241302881367703552
1241303157914906627
1241303178416660481
1241303199627259904
1241303308456902656
1241303312357568513
1241303480347828229
1241303527097393153