1241243159335583744
1241243298012020737
1241243560231555073
1241243596403007488
1241243690573737984
1241243757913214976
1241244017926393858
1241244247652798465
1241244663538782209
1241244774977372160
1241244890526371840
1241245539112554496
1241245611510435840
1241245657823883264
1241245796214939648
1241245796583923715
1241246043993452545
1241246139053039617
1241246584676872193
1241246664200871936
1241246698233647104
1241246785827303425
1241246877669941249
1241247083727851521
1241247248928759808
1241247528068059136
1241247855836364800
1241247996097884163
1241248023184736256
1241248065861742594
1241248233642315781
1241248300369657857
1241248433064706048
1241248664657580033
1241248815790907394
1241248883193323522
1241248959122661376
1241249034569990144
1241249092719632385
1241249143542210562
1241249185589891075
1241249214631313408
1241249314187423744
1241249322424909824
1241249537890684928
1241249846331240449
1241250000878727170
1241250319687987200
1241250688908382209
1241251786586853377
1241251968179265537
1241252932831625217
1241253657787559937
1241254222928187392
1241254227395174400
1241254302372581377
1241254512175742976
1241254531150774272
1241254532249763840
1241254574607892481
1241254910965862400
1241255006335950848
1241255068814290944
1241255262805204992
1241255266982608896
1241255412260843526
1241255532486426625
1241255618926821376
1241255858270429184
1241255961538387968
1241256043390238720
1241256156112097280
1241256302946349063
1241256391005949952
1241256462472617984
1241256562582155264
1241256659776921600
1241256717993807878
1241257100522684417
1241257183855218693
1241257326562033664
1241257561216737281
1241258027384213505