1240503337688145920
1240503605842583554
1240503660347613190
1240504136560336896
1240504348037152769
1240505503744221186
1240505749966635010
1240506017827287041
1240507544830758913
1240507722061074433
1240508265609318400
1240508399772520448
1240508441833152518
1240508512905486336
1240508576184950785
1240508601023815680
1240508621336637442
1240508723094671360
1240508770972626944
1240509155682615296
1240509175748341760
1240509267196760065
1240509574672560128
1240510261976539138
1240510426237960194
1240510513894785024
1240510966804164608
1240511419306725376
1240511591658881025
1240511642326175745
1240512030618066945
1240512396973821953
1240513343317737472
1240513491087298562
1240513646066675712
1240513757178028033
1240513865223462915
1240513885762981888
1240514725340798981
1240514794945273857
1240514939833311232
1240514981235482624
1240515064630849537
1240515477996072960
1240515512833990661
1240515753377439744
1240516601314754560
1240516805258440704
1240517122146500609
1240517329294782465
1240517434332725248
1240517476116357120
1240517879142875141