1242496398538477569
1242496562204250112
1242496604017266689
1242496685865123841
1242496889901191169
1242497368622166016
1242497805798735873
1242498167989510152
1242498428602650631
1242498647910121473
1242498928077135877
1242499079101239297
1242499414758998019
1242499985163370498
1242500005577048066
1242500241057894402
1242500253775007745
1242500515042226178
1242500549372792843
1242501027284180992
1242501087015448582
1242501188056223745
1242501256096038913
1242501532869951489
1242501671948861447
1242502061327081472
1242502090599084036
1242502095279980549
1242502356811440130
1242502459806932993
1242502577331159041
1242502934954479621
1242503386416566272
1242503533791981569
1242503961598242816
1242504006997405701
1242504020037488640
1242504205732020224
1242504403082293248
1242504720561983488
1242504934383386629
1242505014565896192
1242505055321739264
1242505232254304256
1242505499511271433
1242505760929656832
1242505913354854400
1242506315919835137
1242506856020525057
1242506901713301511
1242506937977180162
1242506964686553088
1242507461673746432
1242507664929648640
1242507715366150144
1242507760987549696
1242507950314229761
1242508101959315456
1242508193508372480
1242508279227518977
1242508303080534017
1242508382231121920
1242508524732723201
1242508579287871488
1242508702545891328
1242508927461359617
1242508927503413249
1242509028296712193
1242509036563595265
1242509053428826113
1242509200422580229
1242509304751509504
1242509483361947654
1242509509937041410
1242509568132837376
1242509858705829888
1242509933989543937
1242510160213336064
1242510328316878848
1242510397518819338
1242510557305024513
1242510710015430657
1242510714264223744
1242510772996935682
1242510931558633473
1242511389299806208