1243870679864193025
1243870692183027713
1243870809829134336
1243870818398019584
1243870905949814786
1243870948115152897
1243871048728113155
1243871065446600705
1243871203498037249
1243871238491176960
1243871246279991296
1243871257675698179
1243871455303081985
1243871480959598594
1243871518746128384
1243871531924688896
1243871564787068928
1243871568540741637
1243871778507808769
1243871853564870657
1243872340116717568
1243872478557954049
1243872609009352704
1243872664013246472
1243872710259871749
1243872772830478337
1243872827801063426
1243872936215236608
1243872981090271233
1243873104398626816
1243873153950068737
1243873159012651008
1243873452383182850
1243873582490570752
1243873586630311936
1243873624257249280
1243873662089953280
1243873791580819457
1243874169152065536
1243874190060445696
1243874198855942144
1243874357648080901
1243874411867803648
1243874542973575168
1243874639387987974
1243874702029991936
1243874706165555203
1243874811367096322
1243874842526363648
1243874995845181440
1243875012857270278
1243875189252698112
1243875269338947586
1243875406370881536
1243875418765176832
1243875457512210432
1243875557928046592
1243875825264611331
1243875834978603011
1243875835775455232
1243875855358668800
1243875861083967488
1243875906126589952
1243876041195548674
1243876073101824001
1243876090273243136
1243876195336249344
1243876224201453569
1243876258800427013
1243876269114249228
1243876300256940034
1243876535632834561
1243876644340862977
1243877121895915520
1243877582975700992
1243877818943012866
1243878029547323392
1243878042709213184
1243878094928326656
1243878525742067712
1243878811420299266
1243878850230026245
1243878875744141313
1243878900754722816
1243879084926656512
1243879294583083015
1243879378938978304
1243879576285167617
1243879978879668224
1243880129668861954
1243880154880806912
1243880184350195714
1243880311567667201
1243880431101018113
1243880473639579650
1243880712572289024
1243880817706840067
1243881044769677312
1243881127481352193
1243881165653753856
1243881555585572865
1243881689962532864
1243881895235973127
1243881915599351808
1243882084025810945
1243882126212321289
1243882167886897153
1243882230860177408
1243882285239169025
1243882303606206464
1243882436481540099
1243882481272541185
1243882511425515520
1243882532745043969
1243882713146249218
1243882792754262019
1243883010606284801
1243883048694878209
1243883069834170369
1243883191628443651
1243883241934712832
1243883300747268096
1243883462647590916
1243883577244291072
1243883687143452672
1243883817418579970
1243883953913815041
1243883959060180993
1243883983579926530
1243883992098562048
1243884000327819270
1243884059454918658
1243884176824287233
1243884508308373504
1243884575912271873
1243884757798268931
1243884877029785601
1243885040234266624
1243885074556358661
1243885444561088513
1243885485652615170