1243341969482539011
1243341991817011200
1243341993847259139
1243342025652609025
1243342071609450496
1243342151561252864
1243342155705352198
1243342591891877889
1243342686779838469
1243342759920128000
1243342808834072576
1243342839049682944
1243343028183597056
1243343099251675136
1243343120546201601
1243343141437968384
1243343200082964484
1243343203090280448
1243343236523069444
1243343413791150080
1243343426084536320
1243343460998041600
1243343531223191553
1243343623749427200
1243343694066880512
1243343747493974016
1243343808022151172
1243344185446608897
1243344316396965891
1243344408805851136
1243344440963497990
1243344961032073220
1243345024047333377
1243345245070376960
1243345457067114496
1243346067208286213
1243346199496798216
1243346307575615488
1243347036818325510
1243348260384837633
1243348402865405960
1243348763600654336
1243348871666970626
1243348954172936192
1243348983935729666
1243349084741623809
1243349113804070913
1243349168472670208
1243349218410070017
1243349294037585924
1243349588137979905
1243349663438245891
1243349705368596481
1243349769877098498
1243349788898156546
1243349801552326657
1243349822356303875
1243350099624853504
1243350107782664192
1243350145762131968
1243350320077553667
1243350325819367424
1243350343360172032
1243350355322138624
1243350384900329472
1243350447500361728
1243350456220475393
1243350476755742720
1243350514865225729
1243350615335432193
1243350699259330567
1243350767785787392
1243350791068569611
1243350808323735552
1243350929761423361
1243350946681221120
1243350955481083906
1243351068374757376
1243351236016918528
1243351374261346304
1243351445497245696
1243351542381580288
1243351596651679748
1243351605027758081
1243351614049714176
1243351776537063425
1243352137905639424
1243352506920509440
1243352666308112384
1243352833904254977
1243353016054329345
1243353044269641728
1243353219973001216
1243353537616191489
1243353690582454273
1243353793112059904
1243354354394058753
1243354629452292096
1243354881580077058
1243355845926121472
1243356132938117121
1243356304367710210
1243356612644835329