1241681144430473216
1241681174084321282
1241681219273674752
1241681801904603136
1241681802198220800
1241681815506546688
1241681831965097984
1241681996969058305
1241682221758656514
1241682389538975744
1241682425245126659
1241682427652775936
1241682981384671238
1241683191003377665
1241683346431737856
1241683563499720705
1241683597767127040
1241683650158231560
1241683744404066310
1241683794744283136
1241683820497317890
1241684062726524929
1241684063817052161
1241684067881541632
1241684155643109382
1241684163427622917
1241684306386472961
1241684493787729920
1241684599647997952
1241684897762164736
1241684940258865152
1241684969795268609
1241684992243249152
1241684994084368384
1241685031405289472
1241685036878843906
1241685263325245440
1241685477297729536
1241685572961406976
1241685598231904258
1241685619451052035
1241685866738786304
1241686248458203138
1241686264635686913
1241686309397245958
1241686344981610496
1241686513429037057
1241686559386206209
1241686669771845639
1241686860721803265
1241686898541621248
1241687020432490497
1241687040476852224
1241687213319942144
1241687234429976578
1241687242701225985
1241687255585918978
1241687321709146114
1241687363941576704
1241687729093726209
1241687916415307776
1241689213009043457
1241689379657170945
1241689384572702720
1241689433889484800
1241689507956764672
1241690271261380608
1241691393434611712
1241691423449153537
1241692023305965570
1241692164414779394
1241692434628636672
1241692590526906371
1241692748488433665
1241692796638990336
1241692885805867008
1241692959415742464
1241693081088516099
1241693201930391553
1241693311775256576
1241693454545104901
1241693527278596096
1241693543170637825
1241693758325960705
1241693978791235585
1241694012454719489
1241694023158501376
1241694185285136389
1241694280361496576
1241694322480701441
1241694750358503429
1241694877064331264
1241694935021047809
1241695408465690625
1241695509737160704
1241695576741289985
1241695673399083009