1243447831475687426
1243447886890668036
1243447954070880256
1243448040591167488
1243448158585151490
1243448174796103681
1243448347177799682
1243448368044466177
1243448413791936512
1243448627688865792
1243448628313612289
1243448653034835968
1243448820731539456
1243448929598898177
1243448946372030464
1243449029264056320
1243449046754185216
1243449106267164674
1243449169576177665
1243449228145418241
1243449307044278273
1243449357321400320
1243449362224533508
1243449466788540422
1243449529984303106
1243449546660872192
1243449588490448896
1243449601308479488
1243449911288442880
1243449995384090624
1243450142352494592
1243450181867040768
1243450331570343937
1243450464185667585
1243450509178044422
1243450616677982208
1243450779320627200
1243450897335586816
1243450968085168128
1243450980840222720
1243450993666338817
1243451081893351424
1243451226970357761
1243451463373815808
1243451646845181953
1243451647180881920
1243451701882806273
1243451710363725825
1243451785542418433
1243451789740896257
1243451878702080000
1243452075620605952
1243452184655581184
1243452264985083904
1243452318932242434
1243452403736813573
1243452425647927296
1243452524717207558
1243452734361104384
1243452952024682496
1243453023793356800
1243453212495097856
1243453354556051456
1243453552292319233
1243453566733467648
1243453809621270530
1243453813790363648
1243453900234952704
1243454240787316736
1243456783060000768
1243457324473176064
1243457960325644288
1243458397418196992
1243458509192278016
1243458522572042241
1243458584840568833
1243458639580413953
1243458752897888256
1243458786427166721
1243458871110373377
1243459096566784001
1243459117571665920
1243459146671771648
1243459362791751681
1243459533034274816
1243459561245347842
1243459645965922304
1243459688433438720
1243459723036258304
1243459813859680256
1243460146493157376
1243460260129628161
1243460372213923840
1243460615961640961
1243460634483625984
1243460635897131009
1243460758068842502
1243460896359407616
1243461001023897600
1243461099585859585
1243461209178787840
1243461328758423552
1243461514532540416
1243461686033633280
1243461726273708032
1243462079450877957
1243462171515850758
1243462348150464512
1243462675256008704
1243462730729717761
1243462730750754817