1241862312815923202
1241862341807013889
1241862379635273730
1241862441866113024
1241862499764301825
1241862539115409408
1241862584493584392
1241862596812091395
1241862612041768961
1241862978292666368
1241863020751409152
1241863486914940930
1241863801592569856
1241864003145445376
1241864566331428864
1241864640700637184
1241864883756359680
1241865165068333056
1241865185855442944
1241865261591875584
1241865274774740995
1241865327648092162
1241865349168918533
1241865945162842121
1241865978444754953
1241866007867584512
1241866038813364227
1241866158837383168
1241866247081361409
1241866280635789312
1241866371253899274
1241866456729620483
1241866853535932418
1241867214275264512
1241867274585243653
1241867614282006532
1241867643130466304
1241867706292252672
1241867777755041802
1241867782112735238
1241867807131873280
1241867928959516673
1241868191954923520
1241868247177351174
1241868298096201728
1241868403201183747
1241868427993714691
1241868453172195328
1241868523938271232
1241868627852136451
1241868849491968006
1241869090588778496
1241869116170022915
1241869132733337600
1241869170339389446
1241869279634604036
1241869858796535808
1241869862412189698
1241869895718948864
1241869921132429315
1241870038799388680
1241870130864406528
1241870140305702912
1241870439288385536
1241870521102487555
1241870741902995456
1241870817530482690
1241870831543889920
1241870917485109251
1241871422349172736
1241871481258119169
1241871506570989577
1241871829561561089
1241871876453998592
1241872186073219074
1241872319955578881
1241872450385629184
1241872706259353602
1241873087731249161
1241873158686355456
1241873429890039808
1241873549112954881
1241873633196171264
1241873763815297030
1241874355946127367
1241875134224437248
1241875212125253637
1241875233679826944
1241876303814569985
1241876458974466048