1241530030053896193
1241530176477028353
1241530702371401728
1241531317617078272
1241531520592089090
1241531559628374016
1241532710369333256
1241533055640023040
1241533185865003011
1241533312398692357
1241533358108106753
1241533637624877056
1241534171354238976
1241534263163584525
1241534477475741699
1241534581876146177
1241534758925905923
1241534967743561731
1241535079006044161
1241535147767476224
1241535291355095041
1241535367146278917
1241535430878572546
1241535458905067522
1241535522138279937
1241535697808494592
1241535759519297536
1241535802317783041
1241535902981263362
1241536059051143170
1241536084120567816
1241536129003712512
1241536196926410752
1241536283958218752
1241536364908347394
1241536440636338178
1241536633255661568
1241536726075465729
1241536830274539520
1241536873073446917
1241537025888489473
1241537086349606913
1241537271372738560
1241537488927117314
1241537581562634241
1241537837029351426
1241537917681577984
1241538076066881537
1241538294300565504
1241538314475163648
1241538407202844673
1241538424357687297
1241538776725213194
1241538806295277568
1241538810472792069
1241538915363774465
1241539028144529409
1241539040542851072
1241539171224879115
1241540022140121088
1241540056176877568
1241540312234971136
1241540353771081728
1241540403154882561
1241540769200013312
1241540815089840128
1241540874015662080
1241540937114742787
1241541427433287682
1241541498702671872
1241541511654838272
1241541553014935553
1241541715988754432
1241541758368055297
1241542014996557826
1241542374561443841
1241542391762497537
1241542472238387200
1241542710781251584
1241542962221330437
1241543717502291968
1241543897932632065
1241543909844471810
1241544032167366658
1241544078430482433
1241544183409606657
1241544287914844161
1241544720074981376
1241544870147362818