1243175891691323392
1243177723637436417
1243177757170896896
1243177952675860480
1243178435855314945
1243178467547664386
1243178830858199046
1243178844363689986
1243180046468001792
1243180265041780737
1243180467936849922
1243181662944604160
1243181930041896962
1243182080151953410
1243182783515840512
1243183137460543490
1243183425487433729
1243183485537353728
1243185146771243008
1243186109955309571
1243188038932422656
1243188133216301073
1243188914170597378
1243189300985913344
1243189810468175872
1243189982417899521
1243190518286344196