1241771782769541121
1241771838285496323
1241771846019809283
1241771975544012800
1241771983840428032
1241772076601454593
1241772089985716226
1241772092854583297
1241772149058056193
1241772215097372677
1241772304989859841
1241772377803034625
1241772668539584512
1241772703406841856
1241772747862179841
1241772792892272646
1241772841504313344
1241772881941606400
1241772905928761351
1241772942268211201
1241773070991294464
1241773259349282817
1241773403146579968
1241773431047065601
1241773506741694464
1241773521908400130
1241773523439403008
1241773636610121731
1241773686862028802
1241773686954364936
1241773717564334082
1241774202337853441
1241774219735609345
1241774244930785280
1241774286819471362
1241774287045799937
1241774341374664704
1241774434006044672
1241774747060441096
1241774848881410049
1241774979093377024
1241775234795085825
1241775247604342784
1241775310330163205
1241775429230505984
1241775458464776194
1241775482246287360
1241775695946227713
1241775767278817280
1241775849730379777
1241775952088018945
1241775968978702338
1241776220318007302
1241776404838187008
1241777043236364289
1241777461676761088
1241777653218238464
1241778542934994946
1241778750800396289
1241779048956690433
1241779541783306242
1241780671934337034
1241780873831251968
1241780918122983424
1241781009940537346
1241781052282150914
1241781412681764864
1241781513391398914
1241781545230352384
1241781769420124161
1241781823954472969
1241781928833044481
1241781953906401280
1241782000463368196
1241782100770148357
1241782183699890176
1241782476122570755
1241782535132151818
1241782734197940225
1241782927244972032
1241782956118679556
1241783072779055104
1241783317160251393
1241783358813696001
1241783427470426114
1241783614192443392
1241783786997559296
1241783790420320256
1241784076526407682
1241784130637045760
1241784141261221888
1241784227286282240
1241784277844365312
1241784285457047553
1241784315563798529
1241784529217417216
1241784664978649089
1241784898719027203
1241784901806022656
1241784919313047553
1241784923423416320
1241784995460583425
1241785028381675520
1241785063718694912
1241785277439508482
1241785287866490881
1241785338848215041
1241785619690532871
1241785745607704576
1241785770630770689
1241785905117085696
1241785913346273280
1241785980299833344
1241786079063289862
1241786102131748865
1241786493917683714
1241786521780228096
1241786680799043586
1241786702009597952