1244580196583231488
1244580247380676608
1244580343690211328
1244580430860484614
1244580457842343938
1244580477698269184
1244580570904092672
1244580604164931590
1244580658456002562
1244580775737151488
1244580779478450176
1244581081027760130
1244581131778953216
1244581148853854209
1244581254076530688
1244581274523582464
1244581476051693568
1244581525363904512
1244581535279452163
1244581552912121864
1244581727789596672
1244581769124274178
1244581825667837954
1244581835935375360
1244582044342071296
1244582057025523712
1244582109148327948
1244582159039565824
1244582204950237185
1244582249816883201
1244582452959621120
1244582471817146368
1244582599986577410
1244582724381204480
1244582738474254336
1244582745331900417
1244582763703001088
1244582923715506176
1244583130834632704
1244583212162019331
1244583237034414082
1244583247725633538
1244583260321169408
1244583275659747330
1244583308392124416
1244583326209511425
1244583610730065920
1244583707647901697
1244583745077665792
1244583769702531072
1244583791345029122
1244583803462529024
1244584013940928517
1244584017602756614
1244584076478230528
1244584185681117190
1244584194270879746
1244584265561411584
1244584288424792065
1244584366359052289
1244584514254336001
1244584521279799296
1244584541638889472
1244584793280569344
1244584822825046018
1244584839870906370
1244584948822089736
1244584999241711616
1244585003230658560
1244585051762962432
1244585059937652737
1244585364376829953
1244585389198684161
1244585699950632960
1244585708846628864
1244585733014327300
1244585997339447296
1244586077299474433
1244586194454720514
1244586324646080512
1244586454661107714
1244586475712176128
1244586592884248577
1244586621351100416
1244586632394813440
1244586671330349057
1244586676627832832
1244586694189486081
1244586886313553925
1244586916231516162
1244586924230262785
1244587075208347651
1244587322697383938
1244587394340392967
1244587395892338688
1244587517971759105
1244587811946106882
1244587901444411397
1244587910671802368
1244587934751297536
1244587977164103680
1244588132181344256
1244588228667203585
1244588262838026242
1244588357163704327
1244588357935480832
1244588421680484354
1244588421818904577
1244588442891112449
1244588480111562754
1244588504857956353
1244588530782928896
1244588601012150274
1244588676572577793
1244588677445099521
1244588701549821952
1244588803236470784
1244588849260625922
1244588849612738560
1244588899839574017
1244589122347507712
1244589298629980160
1244589347862536194
1244589466242572288
1244589517798948864
1244589536564273154
1244589579153420288
1244589591773843456
1244589597947883520
1244589692672081925
1244589705448116226
1244589712146194432
1244589758610911235
1244589897941385216
1244589936646340609
1244590036273770496
1244590132235206656
1244590202942828549
1244590206096900097
1244590257384960000
1244590274522877953
1244590472443637760
1244590506920771585
1244590531545452544
1244590585706459136
1244590689024958466
1244590735011299331
1244591102474280961
1244591160955469824
1244591227435012103
1244591269663440896
1244591676485746688
1244591738166988801
1244591910972350464
1244592004450959361
1244592124810743809
1244592297590874112
1244592298710753282
1244592305333559297
1244592310131793920
1244592444026556416
1244592458757033991
1244592465446764545
1244592939344388096
1244592951512227841
1244593043833053187
1244593053031071744
1244593137395412999
1244593182119038976
1244593236628275201
1244593266076585984
1244593387354951681
1244593467902136320
1244593542590345216
1244593622542094337
1244594046409904128
1244594118359220226
1244594286290776064
1244594298235940864
1244594331278815233
1244594516214059008
1244594519502454784
1244594524208291840
1244594629334327296
1244594658828857346
1244594741880057858
1244594801233793025
1244595012572233729