1241514930177794048
1241515058133270530
1241515426393309189
1241515435683508224
1241515796074987520
1241515833819627520
1241515835220463621
1241516029840207873
1241516117799120899
1241516296233275392
1241516303829143552
1241516353829437440
1241516417079541761
1241516446481633281
1241516563523604480
1241516594389450752
1241516839689166854
1241517251699720192
1241517373376606218
1241517503110615043
1241517847467171842
1241518061980725249
1241518191244759040
1241518429355552769
1241518489493536768
1241518494794960896
1241518622922555393
1241518669206654976
1241518711447719939
1241518807920840710
1241518823515336707
1241519041119952898
1241519175224287235
1241519244128309248
1241519323547566082
1241519604272435205
1241519768034660352
1241519977603174401
1241520175213469697
1241520211091742723
1241520347578544128
1241520569130024960
1241520669675921409
1241520884189462528
1241521429000212481
1241521567382683648
1241521744080334849
1241521873608937473
1241522331010256901
1241522394205913088
1241522402275872770
1241522414821015553
1241522498497216512
1241522661991297026
1241522687513690114
1241522741674561536
1241522758850351111
1241522775531159559
1241523331821494272
1241523495248379909
1241523508913602567
1241523873654374401
1241524037446230016
1241524092165111808
1241524205419716608
1241524482487078912
1241524674347089921
1241524960432136192
1241525170524864512
1241525174375043072
1241525271280226304
1241525292226826240
1241525371603947520
1241525517704024064
1241525650189672449
1241525811804434433
1241525933917589505
1241526109788753920
1241526256459546624
1241526374084427776
1241526412605108237
1241526629777715200
1241526672039374848
1241526697247342592
1241526713885982720
1241526814352138242
1241527039821328386
1241527066211704832
1241527099854221312
1241527141843587074
1241527179520774145
1241527185355096066
1241527292800589824
1241527455845769216
1241527468936265735
1241527497801564161
1241527653338738688
1241527904892260354
1241527984613240833
1241528108726906882
1241528160736301058
1241528497647976448
1241528581945253888