1245033189011263488
1245033205100675073
1245033277666103298
1245033462387671040
1245033551554400256
1245033604888969217
1245033793825542146
1245033953339355136
1245033957206474753
1245033990886744066
1245034062349307905
1245034112802377728
1245034181991829512
1245034259359956992
1245034259934523394
1245034699061420032
1245034733253406720
1245034734721400835
1245034775326404609
1245034796469846016
1245034907132403713
1245035091367256065
1245035134186704897
1245035160564891648
1245035358770753541
1245035366375133186
1245035551679336448
1245035605483851777
1245035609749626882
1245035626501726209
1245035685242744838
1245035703186198528
1245035707447443456
1245035743929663489
1245035848963325952
1245035887718576128
1245035916281802753
1245035949769347072
1245036041544667136
1245036058670059521
1245036289285636098
1245036378095828993
1245036400153710597
1245036426632314882
1245036444609019909
1245036457523384321
1245036461302386694
1245036495666327552
1245036625152925698
1245036734196453378
1245036830598107137
1245036947246112768
1245036955974369281
1245037068448915456
1245037092511666178
1245037165622501384
1245037488969863171
1245037510515814400
1245037648554659842
1245037719719305217
1245037745829023751
1245037782554337280
1245037807762104320
1245037904142843904
1245037933649747968
1245038151707623424
1245038189057699840
1245038226831794176
1245038238936576001
1245038336164524033
1245038364711161858
1245038378153848832
1245038436752347136
1245038663941136386
1245038876667895809
1245039036542173185
1245039095207821317
1245039150069211137
1245039325777145857
1245039338456375301
1245039346744524806
1245039363710488576
1245039380521238528
1245039387408101378
1245039540466634753
1245039744632778753
1245039757878575110
1245039780234215426
1245039782519955457
1245039787372838921
1245039791491743747
1245039894386200576
1245039946756263937
1245039950854344705
1245040093288636418
1245040100372893696
1245040118718558209
1245040135709786115
1245040160594472963
1245040362059698176
1245040370427273217
1245040404103180288
1245040449414365184
1245040563453222913
1245040722572709890
1245040815057051650
1245041083291250688
1245041148827242496
1245041162932473856
1245041234424598530
1245041378993766407
1245041426922078208
1245041502889193478
1245041670925639683
1245041817575448578
1245041944868163584
1245042036664946689
1245042039617540096
1245042062963150848
1245042140771766274
1245042150938537986
1245042189400408066
1245042227220549634
1245042358875496448
1245042429801058306
1245042432011407360
1245042711574515713
1245042798463778822
1245042807540027393
1245042828272717825
1245042870308003840
1245042900813168640
1245042918609608706
1245043075623223297
1245043398702178304
1245043402082844672
1245043459179687936
1245043516482277376
1245043541287538689
1245043578813939713
1245043595767418883
1245043637060136961
1245043667343003649
1245043748658167809
1245043903499132933
1245043935111757824
1245043985644769280
1245044065244188672
1245044130205650944
1245044191270506496
1245044208353685505
1245044254172483585
1245044421638475776
1245044430513545218
1245044488730443784
1245044593802072065
1245044682314432514
1245044770537234437
1245044790040899584
1245044820474765314
1245044879643860993
1245044891706691587
1245045038641483776
1245045135861321729
1245045177208705027
1245045202114547713
1245045252668473347
1245045318128893952
1245045436903231488
1245045452497727493
1245045516255334400
1245045585150758912
1245045592033759236
1245045602934800386
1245045624803860480
1245045650812780544
1245045667560595456
1245045685784735744
1245045698426548224
1245045827183284225
1245046007504580608
1245046015943757832
1245046024235814912
1245046086974275588
1245046116602822657
1245046122579726341
1245046184114188288
1245046203852754944
1245046234055835658
1245046234198368256
1245046254951747591
1245046289940615168
1245046404562780160
1245046520673689600
1245046578219487240
1245046653746393089
1245046791940141056
1245046817399726080
1245046963856265216
1245047080923672577
1245047244790865921
1245047307348766723
1245047408498630656
1245047441134628865
1245047480120565761
1245047630515900419
1245047807066525696
1245047852163911682
1245047920254042112
1245047975753072642
1245047987014950912
1245047991255384065
1245048001308942338
1245048191596343299