1243976148779970560
1243976178743955471
1243976199619014663
1243976225397166081
1243976256019988480
1243976270880182272
1243976491760619524
1243976560983539714
1243976644894883842
1243976879515684868
1243976904878616578
1243977068234207232
1243977154456457220
1243977219162230787
1243977235956142082
1243977236312539141
1243977265467158528
1243977273943957506
1243977324413894663
1243977386800099328
1243977409650659329
1243977441296687104
1243977441455902721
1243977445801418753
1243977466441617410
1243977517117005832
1243977651385012224
1243977685014949888
1243977919317204993
1243978124922171395
1243978174968606722
1243978381911343104
1243978515437027328
1243978649147146240
1243978767078285312
1243979031176826881
1243979168896843776
1243979169773408257
1243979216112111616
1243979227818373121
1243979249393913856
1243979266901127168
1243979392201535488
1243979410044121090
1243979538410819585
1243979538821873664
1243979583797342210
1243979953378676738
1243979987025137664
1243980071620227073
1243980209851961344
1243980216076324864
1243980320459739136
1243980356581236738
1243980411312750593
1243980469747802113
1243980545194778626
1243980662442426372
1243980742297878528
1243980771637047296
1243980834878574603
1243980926767382528
1243980931209314307
1243980985638752257
1243981275054006277
1243981287699943424
1243981593909137409
1243981644807262210
1243981694388129793
1243981832690921474
1243981836721754113
1243981870351765506
1243981878580912128
1243981937376706561
1243982059804057601
1243982071997087745
1243982089386627073
1243982170089066496
1243982354919690240
1243982357146656775
1243982605231538176
1243982717701758976
1243982755781885952
1243982898518163457
1243982969544617984
1243983020320686081
1243983284243226627
1243983414547689472
1243983443911827456
1243983451864338433
1243983561180377089
1243983586111324161
1243983615610011649
1243983708668841986
1243983871579848712
1243983896041025539
1243983946695585792
1243983967872663558
1243984265685004301
1243984287088558086
1243984307779141635
1243984310216122369
1243984370228174849
1243984440541564928
1243984557533204480
1243984590483664900
1243984596112302080
1243984660557975555
1243984857358725120
1243984894771867653
1243985026984873984
1243985049764200449
1243985096006406145
1243985114805256193
1243985121092534272
1243985149987115009
1243985167405940736
1243985272322301952
1243985293218164739
1243985565525118976
1243985686333620225
1243985689772843013
1243985715844853761
1243985733972606976
1243985818508648449
1243985834212126720
1243985842969829379
1243985892517097472
1243985911005806593
1243985956224589824
1243985968580812802
1243985972250976258
1243986207400484867
1243986847816089600
1243986870612049921
1243986874273640450
1243986976400760832
1243987079614402560
1243987264776126465
1243987306597330945
1243987411467730944
1243987532783616000
1243987617156222976
1243987713759555589
1243987729982971905
1243987800682369026
1243987881414311936
1243987931775328259
1243987977606500352
1243987990109700096
1243988061416914944
1243988132569243649
1243988148729851905
1243988196016488448
1243988307459145731
1243988384579633152
1243988433934172162
1243988451478953986
1243988679430778880
1243988716017737728
1243988765770543105
1243988913183752192
1243988929906237442
1243988942023585794
1243988954270928896
1243989105546944513
1243989206449319936
1243989321381797889
1243989333385887746
1243989462360576000
1243989546242461696
1243989751717408768
1243989756230410243
1243989776988020736
1243989904935333890
1243990015656333312
1243990077929394176
1243990079233839104
1243990106911969281
1243990385031966721
1243990446239555585
1243990593023422465
1243990599344275456
1243990616658214918
1243990678100570112
1243990708429651969
1243990708559785985
1243990762561458178
1243990793603485697
1243990863530856449
1243990892966481920
1243990926143471616
1243990934469120001
1243990950243958784
1243991039037149188
1243991067063533570
1243991088966307841
1243991161292886016