1244852037675819009
1244852054532730880
1244852286209179648
1244852293981188098
1244852318723624961
1244852382183407616
1244852392199323649
1244852574538412032
1244852640393113602
1244852834656534528
1244853035127443457
1244853120464826369
1244853132586188805
1244853232951836673
1244853233492754432
1244853308700995586
1244853453286862850
1244853475847991301
1244853710204747776
1244853819386867713
1244853870737666049
1244853984273117184
1244854080075264001
1244854173293776897
1244854183141896195
1244854303124324353
1244854409957343232
1244854411446243329
1244854874237362176
1244854893527085056
1244855066584125440
1244855106756964353
1244855124842799106
1244855208540241920
1244855280514416640
1244855347183050753
1244855434336329728
1244855523566067718
1244855611222867968
1244855653702586435
1244855658182103042
1244855669917798401
1244855747680206849
1244855775316439040
1244855821399248896
1244855870212710401
1244855942736478208
1244855976659992577
1244856031345127424
1244856072701005824
1244856198605631489
1244856291278966784
1244856517838262272
1244856660134264833
1244856752283291650
1244856773514838016
1244856790480637952
1244856889541713920
1244856905572343810
1244857028826132481
1244857034509635584
1244857045905358849
1244857071184629763
1244857148103888896
1244857325212622848
1244857510911041536
1244857591634644997
1244857632474550273
1244857658596708354
1244857725344870401
1244857759297765377
1244857922829422592
1244857982145277952
1244858019445383169
1244858040110788610
1244858052517531649
1244858126672658432
1244858250195079168
1244858371322327040
1244858400397090823
1244858509801316352
1244858657214431232
1244858710884671489
1244859121947611136
1244859256207073280
1244859486805864448
1244859527238991872
1244859919511126017
1244859920232534018
1244859973504393218
1244860128169308161
1244860199774507008
1244860342620041217
1244860414460116992
1244860472005783554
1244860522823970816
1244860556919492608
1244860627723497473
1244860639962484736
1244860703946629120
1244860717855133697
1244860771399598080
1244860840676700161
1244861382782304257
1244861412196917248
1244861508976177152
1244861546276081668
1244861626169384960
1244861642673770496
1244861758134562818
1244861768486313985
1244861873389842432
1244861898551525376
1244861974027964416
1244862112809259009
1244862144484687872
1244862456331030530
1244862476237377536
1244862678914367488
1244862736347140101
1244862757872242689
1244862787953651713
1244862815376003072
1244862817317949440
1244862868236820480
1244862968015265797
1244863073157955586
1244863286878900229
1244863362384695298
1244863410078011392
1244863437911588865
1244863445771550721
1244863505347551234
1244863604882636800
1244863627229827073
1244863722415362052
1244863722952118273
1244863726735540225
1244863824202731521
1244863828484952064
1244863928779386880
1244864063391367172
1244864095570079744
1244864183713202177
1244864196652806145
1244864268098572288
1244864293738147840
1244864394145611778
1244864402647474176
1244864899483910144
1244864951627288577
1244865279160504320
1244865325675446272
1244865438913159168
1244865502503153664
1244865610342948871
1244865779423539200
1244865780971266050
1244865890899779584
1244865955282419712
1244865984118341636
1244866252973076482
1244866416211365892
1244866420221063168
1244866446049583104
1244866482938380288
1244866600106262530
1244866633232986112
1244866730540896256
1244866878155247617
1244866919263395840