1243478399584096259
1243478486263549952
1243479128705314816
1243479131993649152
1243479377343655936
1243479950918901760
1243480443220942853
1243480644329574401
1243480805940375552
1243481053794308096
1243481091484286976
1243481368472018946
1243481421030834176
1243481536596500480
1243481563834310656
1243481621354778625
1243481729077305344
1243481729899343872
1243481884509650946
1243482026528956417
1243482296033800192
1243482315990413313
1243482460643606528
1243482497322602496
1243482524506079232
1243482669096329216
1243482719645917185
1243482879843274753
1243482958301999105
1243483012660109313
1243483016770568192
1243483213114134530
1243483314662436871
1243483369029206018
1243483524465938432
1243483591578877952
1243483617222787072
1243483680942829568
1243483734252220417
1243483875742855170
1243483893321232384
1243483939471101952
1243484166630629376
1243484543677579265
1243484703031689221
1243485041352572928
1243485219493015552
1243485248534401024
1243485331665620992
1243485444525797376
1243485487253291008
1243485605478240256
1243485618174337030
1243485789000019969
1243485886177632257
1243485983296937984
1243486116050653185
1243486150272172037
1243486163026857984
1243486181460856832
1243486313480847360
1243486389351538688
1243486435178676224
1243486541915336705
1243486549183995904
1243486552111620097
1243486737084669952
1243486758299471875
1243486774153949185
1243486975006515201
1243486985261428737
1243487027141754880
1243487035404451840
1243487043457605633
1243487152580648961
1243487248391245824
1243487248592580608
1243487394910867456
1243487429148823552
1243487438086930432
1243487504877129733
1243487505787359233
1243487689602502656
1243487781575430146
1243487819462406146
1243487997162635265
1243488129169809408
1243488180478840833
1243488358887763970
1243488402122706947
1243488510880944129
1243488557496438784
1243488559471845376
1243488708910694401
1243488795179331585
1243488961013710848
1243489203163484160
1243489212302872576
1243489324735385602
1243489433908686848
1243489522882695168
1243489585029681152
1243489589710532608
1243489694534467586
1243489827926020096
1243489847706337281
1243490084093136898
1243490164099465216
1243490189852409856
1243490407159402496
1243490453871304705
1243490781756784640
1243490805978890241
1243490860454432768
1243490953148710913
1243491270552674309
1243491374709817344
1243491535490093062
1243491581732229127
1243491764473864197
1243491824326660097
1243491913304608769
1243491996867543040
1243492143362191361
1243492212983267334
1243492284546650113
1243492338695114753
1243492411202056192
1243492470543056896
1243492600885190658
1243492656791027713
1243492720821354497
1243492793798078464
1243492931429949441