1242632398522576897
1242632792778760193
1242633435484692480
1242633452085637120
1242633535137202177
1242633884396851202
1242634089699504129
1242634193051340800
1242634571394371584
1242634674020720640
1242634772326670336
1242634958268551168
1242635016762462208
1242635109217468421
1242635247436664835
1242635339249766401
1242635545785913345
1242635984103247873
1242636350232203265
1242636352694427650
1242636409623556101
1242636522664361986
1242636576317816832
1242636723760304128
1242636725458857985
1242636737114853383
1242636857889841153
1242636865443753984
1242636946263945217
1242637386464534535
1242637436624048128
1242637442596798466
1242637474439938049
1242637592035643392
1242637851927425025
1242638242312159232
1242638355369578496
1242638665983148032
1242638774820978689
1242638917544767489
1242638972058296320
1242638997719056384
1242639231081562113
1242639250262241281
1242639639040495617
1242639714391404551
1242639742778261504
1242639899137904641
1242639929445888000
1242639953835823104
1242640041681342468
1242640065634824192
1242640238863884294
1242640485979742213
1242640633426149376
1242640727596650496
1242640733993144322
1242640749981646850
1242640750581403648
1242640880797757440
1242641005989384197
1242641106874945536
1242641165524119558
1242641266187350018
1242641455534882816
1242641496181862401
1242641790764756993
1242641878253699072
1242641927314345984
1242642160056438784
1242642283272396801
1242642550021906432
1242642550197870592
1242643091040985094
1242643124586983424
1242643232519008257
1242643518910279680
1242643822292520964
1242643955239358465
1242643996108681216
1242644022520238080
1242644047455571973
1242644371016527878
1242644445247361025
1242644569503588354
1242644638583754752
1242644731034841100
1242644762869616640
1242644815231086594
1242645137529786368
1242645214428364806
1242645418082816000
1242645711797334019
1242645748170268672
1242645817657298944
1242646295996534784
1242646349515874306
1242646483062509571
1242646516117929990
1242646891109715968
1242646923909025793
1242647121725194242
1242647184274677760
1242647328311463938