1242828621238149121
1242828654838788099
1242828793720582146
1242828946288369665
1242828975526862848
1242828977133228032
1242829049355014151
1242829056359321603
1242829113758384128
1242829121333473286
1242829211242545154
1242829221237530624
1242829234009190405
1242829358101925890
1242829381992660997
1242829465350176769
1242829567720435712
1242829586246725634
1242829676914995200
1242829686872387584
1242829716220006404
1242829787342819334
1242830001482936323
1242830080231059456
1242830148061351940
1242830445458399233
1242830488152215559
1242830512009314304
1242830743002365954
1242830752460550149
1242830869514969089
1242830870114758658
1242831036398043138
1242831074524200961
1242831422835945474
1242831570119032834
1242831633193017351
1242831641497788417
1242831773811105793
1242831910050635783
1242831959602221057
1242832035577806848
1242832039897960448
1242832085951426561
1242832190800457735
1242832509060120577
1242832566085877760
1242832612852297730
1242832690124140546
1242832954855809025
1242833008706473985
1242833017330008069
1242833058157539329
1242833126147207168
1242833210465116161
1242833406041309185
1242833667359047680
1242833787148533764
1242833872594669568
1242833927305342977
1242833961585446920
1242834082037456896
1242834098571395072
1242834148986765313
1242834279719149568
1242834347071279112
1242834435994554368
1242834903093219329
1242835686811668480
1242835873483362305
1242835935999524864
1242836264019267594
1242836528092635136
1242836713812221953
1242836927163895808
1242836967177494530
1242837030004043780
1242837316865003522
1242838059886030849
1242838138923429889
1242838400799047682
1242838704240164869
1242838767616102405
1242838873530454028
1242839291970998272
1242839333478043653
1242839455620165633
1242839489036169216
1242839526742962178
1242839568304521216
1242839668141494273
1242839904075149312
1242839984278769665
1242839996421287936
1242840055246393346
1242840133298241537
1242840462152663041
1242840608802320384
1242840666750631942
1242840789358526464
1242840818429366272
1242840949643853830
1242841057462644737
1242841060595740672
1242841145949880321
1242841169295532033
1242841193375039488
1242841459843141632
1242841464725557248
1242841628173316096
1242841804166348801
1242842051491893256
1242842089915920385
1242842113563406349
1242842261412622340
1242842441524240384
1242842592951316482
1242843054995836936
1242843087782715392
1242843137275564035
1242843473344151552
1242843626822160386