1241560259237498880
1241560517510156288
1241560718006255617
1241560738067435520
1241560755004211202
1241560867918860288
1241560926941089795
1241560977159737349
1241561173754970113
1241561342542090240
1241561393620496385
1241561799981289473
1241562046816063488
1241562059470286856
1241562321886916609
1241562369513287681
1241562382138302464
1241562533363961858
1241562572815400961
1241564137551007745
1241564515885596673
1241565275788640256
1241565789540569088
1241566097150746629
1241566932970725377
1241567281076936704
1241567361007747072
1241567427902599172
1241567466204958720
1241567532948975621
1241567535759122437
1241567796556959747
1241567947916746753
1241568459135344642
1241568506031804417
1241568623656927233
1241568661476909056
1241568959515721728
1241569407480070145
1241569693112172545
1241569730642599936
1241569852361490433
1241570133102989314
1241570263570862080
1241570368088731649
1241570372723580928
1241570532090359808
1241570532811657216
1241570636775821312
1241570670527553537
1241570686902001664
1241570703905828864
1241570726802579456
1241570775804583942
1241570779034275841
1241570780854603778
1241570891735035904
1241570938132422662
1241571135638007810
1241571538920452096
1241571633749528576
1241571827530563584
1241572041225949184
1241572122465533953
1241572142191448064
1241572146792431616
1241572347254943744
1241572356323258369
1241572368805269505
1241572473214316545
1241572905428955138
1241572987377045504
1241573324762894337
1241573413287845890
1241573517596020736
1241573627046367233
1241573803794276364
1241573821410246658
1241573854188691457
1241573899617202176
1241573976888856576
1241574383824576513
1241574709545721857
1241575241996001286