1244082127148326918
1244082266000760833
1244082271541436417
1244082442278965249
1244082492212117507
1244082498801467393
1244082759913615360
1244082801948819456
1244082941321453568
1244083021051039745
1244083065942671360
1244083079184109578
1244083212868960257
1244083419312775174
1244083620425449478
1244083855365111809
1244084086257287168
1244084220378505216
1244084476164087809
1244084500952272896
1244084702895579136
1244084753462108160
1244084761854951424
1244084883338616832
1244084937155805184
1244085138331484163
1244085170938040328
1244085181025304576
1244085263355138048
1244085403193413638
1244085434935701506
1244085654386085888
1244085721838706688
1244085783914397696
1244085923324637185
1244086070024835074
1244086108272672769
1244086244679663616
1244086246357389312
1244086351278080000
1244086426557247488
1244086449344921600
1244086900224212992
1244087025784979457
1244087034748325889
1244087256966561793
1244087525364432903
1244087546180755457
1244087676409483265
1244087797658550272
1244087814494404608
1244087852121485312
1244087866571063297
1244087911357665280
1244087915199606784
1244087948997316608
1244088192447332352
1244088220767391747
1244088233991921664
1244088452259471361
1244088666118643717
1244088801863118851
1244088971715624966
1244089035322093571
1244089089986625538
1244089106612645890
1244089131719745536
1244089362049953793
1244089386469191680
1244089590526480386
1244089599992811520
1244089631244570629
1244089672805974016
1244089904046329859
1244089923692449793
1244089962187952131
1244089974196260865
1244090015652573186
1244090061282357249
1244090213858607104
1244090304334123009
1244090406507347968
1244090811815546880
1244090817859465218
1244090960834945024
1244090988215390208
1244091094897315840
1244091157375782914
1244091162752761857
1244091198446460929
1244091212107091974
1244091258349461505
1244091499060563969
1244091585761026049
1244091860370337792
1244091912857976833
1244091916435836929
1244092268958625792
1244092389590999041
1244092479051378694
1244092525155057666
1244092562517917696
1244092765123702784
1244093020204666880
1244093023983734784
1244093053595340800
1244093120737935362
1244093252589871104
1244093393065644034
1244093577573150721
1244093690471219201
1244093713569071104
1244093829285904384
1244093904615542789
1244094026346881025
1244094294627176452
1244094429427838981
1244094576379322368
1244094596994543619
1244094705815687168
1244094713109626880
1244094743329431553
1244094820747890688
1244095003556745218
1244095062662840322
1244095074788610048
1244095088042676234
1244095821794205696
1244095926781779969
1244096308173926400
1244096358711283713
1244096563800084481
1244096719383601152
1244096757090283520
1244096845485408258
1244096853421043713