1244836967063457792
1244837063960047616
1244837207233331201
1244837265223888896
1244837362649178114
1244837512343719936
1244837516945039360
1244837575833128962
1244837582929715201
1244837597521874945
1244837718380515328
1244837731135565827
1244837781513351169
1244837797539659777
1244837827168305152
1244837932688494592
1244837973931122688
1244838046379302912
1244838113186365440
1244838149890572288
1244838360247656448
1244838364978663424
1244838386046820352
1244838398239617032
1244838498458316801
1244838557384146944
1244838732479389697
1244838775542427648
1244838779686289408
1244838871558316033
1244838872699240453
1244838983479091203
1244839014420500480
1244839056430649346
1244839065314381826
1244839069546426368
1244839110843523079
1244839190572875776
1244839211871752192
1244839219932983296
1244839224706138113
1244839263792848897
1244839367366946817
1244839690131460097
1244839946965463040
1244840058839896065
1244840079710879744
1244840268446253058
1244840284933898240
1244840390387089408
1244840528841080833
1244840560621490179
1244840642120953857
1244840780310515712
1244840830495387649
1244840893162696708
1244840910816448512
1244840952184913922
1244840952365297665
1244840985420414977
1244841174298497024
1244841421758136320
1244841433670000640
1244841459766849536
1244841526733279234
1244841619754541057
1244841648217088001
1244841661479317504
1244841749039714304
1244841780178124801
1244841828836233217
1244841988135911425
1244842021438849024
1244842038358654976
1244842151902679041
1244842340260462592
1244842445415776256
1244842475061006337
1244842498557497345
1244842538000842753
1244842668783357952
1244842806583181312
1244842814606901248
1244842909725163520
1244843097470586881
1244843191070863360
1244843192039677953
1244843263254806531
1244843265725280256
1244843379055300608
1244843426803118080
1244843493874380800
1244843565521362944
1244843658211463168
1244843796551983106
1244843796778700800
1244843895524970496
1244843896464650240
1244843938277621762
1244844010168029187
1244844022788771840
1244844185959698432
1244844215768477696
1244844236350070787
1244844253597048833
1244844307745513472
1244844368567119874
1244844379224694784
1244844386044841987
1244844433725505536
1244844601413943296
1244844660062703618
1244844670074552321
1244844689196552193
1244844693122207744
1244844783656288256
1244845074954870785
1244845108589023232
1244845217829621763
1244845255125581824
1244845255536431104
1244845490287435783
1244845704264257537
1244845742268674051
1244845762409832450
1244845851442372610
1244845905892671490
1244846037233172486
1244846044254371840
1244846149141315584
1244846152161193984
1244846396269715457
1244846908339712000
1244846962865831939
1244847176779325441
1244847197914464256
1244847302784811008
1244847310820917250
1244847604703395843
1244847713654657025
1244847902280896512
1244847952813670401
1244848011022385154
1244848150151434241
1244848171949289472
1244848619913490433
1244848774687551494
1244848803267698690
1244848841612025858
1244848988265701376
1244849080867655680
1244849093903605761
1244849135230033922
1244849210551185409
1244849264192376833
1244849303249707015
1244849395616690240
1244849420505477121
1244849500511928320
1244849559165009920
1244849609135939584
1244849634784108544
1244849928716734466
1244850004075991040
1244850405411962880
1244850439889260544
1244850485800194048
1244850514262667268
1244850539814322176
1244850699982127105
1244850792588288000
1244850897659854850
1244851041952239622
1244851051909398528
1244851240682401797
1244851354176233472
1244851364867366912
1244851463072841730
1244851500855279617
1244851602030288896
1244851649874722817
1244851685983313920
1244851912446341120