1242118914810580994
1242118948809838592
1242119150576812033
1242119225134714888
1242119260165586945
1242119348086587401
1242119419536519168
1242119505737908225
1242119518849249280
1242119561983307788
1242119733995921408
1242119893257867265
1242119897536176136
1242119901709402112
1242120038250770433
1242120119742074886
1242120258087006210
1242120397786660865
1242120456448225287
1242120610425126913
1242120623041794048
1242120748958965760
1242120943998296066
1242121071802888192
1242121339848155136
1242121461008977920
1242121563756871681
1242121670908948487
1242121679972769793
1242121742690201603
1242121779616899075
1242121834700644355
1242121881517527042
1242121994566434817
1242122124451442691
1242122323093667841
1242122390810718208
1242122397261545473
1242122397286830081
1242122494674436096
1242122514446368774
1242122543860830208
1242122771511083008
1242123231756029952
1242123360760446981
1242123403773071371
1242123442712907781
1242123529279152129
1242123626146480128
1242123657373257735
1242123703401537536
1242123735114661889
1242123768849457153
1242123869336592385
1242124100287574021
1242124269771018240
1242124292948541440
1242124390973747202
1242124392974307329
1242124397630107649
1242124507185209344
1242124632595017731
1242124967694794755
1242125018613628931
1242125106370899968
1242125211690053638
1242125256774414336
1242125409149280257
1242125450526236681
1242125677010313217
1242125853120757760
1242126067139096576
1242126214195798017
1242126268553924611
1242126280767737859
1242126319028072452
1242126461571661825
1242126549706371074
1242126675351142400
1242126792900648960
1242126805382856709
1242126851968864256
1242126938170417155
1242127128256081922
1242127270984085505
1242127510625816581
1242127593735929861
1242127636530413568
1242127644851867649
1242127660119187456
1242127678167285768
1242127721045667842
1242127787311288320
1242127822799372292
1242127911097860097
1242127936766930944
1242128071853051905
1242128105499586560
1242128203457556494
1242128293756719104
1242128361725575169
1242128402687102976
1242128495745986560
1242128496165617666
1242128793684209667
1242128839565852672
1242129034315792384
1242129179535126528
1242129258744442880
1242129288360423424
1242129378617761801
1242129394539180032
1242129645060993024
1242129716494073858
1242129799943872513
1242129875588259840
1242129934165958666
1242130004412170246
1242130059034415104
1242130139766538247
1242130173358735360
1242130285640245252
1242130374047625216
1242130437830365185
1242130655544332289
1242130857269309441
1242131110416527361
1242131140057550848
1242131264884355073
1242131664928747524
1242131674206474240
1242131697510027267
1242131723871289354
1242131852053405701
1242131905509801984
1242132382188048384
1242132399405875209
1242132863052419072
1242133011786842113
1242133396555542529
1242133477333426176
1242133626826846225