1241469792655212547
1241470038890045440
1241470241814671360
1241470247103647744
1241470598372642819
1241470740680986626
1241470752735420417
1241470837213073408
1241470921258369024
1241470970965221376
1241471079786385408
1241471080050692101
1241471177194754048
1241471277572984834
1241471382745157633
1241471470531993600
1241472183290994688
1241472384508534784
1241472477173182466
1241472741326217216
1241473047313428480
1241473353464102913
1241473379061780480
1241473406668886017
1241473576026464256
1241473631865253888
1241473748366241793
1241474087572160515
1241474528146075650
1241474587218477056
1241474595095326720
1241474637340401664
1241474922423214081
1241474931067621376
1241474935190466560
1241475181928804354
1241475300229292033
1241475409490763777
1241475463333195776
1241475589736927245
1241475694200270855
1241475786814693377
1241476047150907393
1241477040395747336
1241477169433513985
1241478557131513859
1241478932265828354
1241479470608871425
1241479571461083138
1241480073728884737
1241480217501274112
1241480278385627136
1241480500830560258
1241480534309482496
1241480928926498817
1241480932151808000
1241480932785139712
1241480941501140994
1241480979459391488
1241481046371094528
1241481088884789251
1241481386105671687
1241481423627808768
1241481662761971713
1241481688032649223
1241481763681120256
1241481815551905792
1241481996691521541
1241482136881893378
1241482212333072384
1241482310043815943
1241482367220338690
1241482470895337475
1241482572951101441
1241482841155928067
1241483583770034179
1241483588069208064
1241483669140721664
1241483747394031616
1241484091041734657
1241484185086201856
1241484535797362688
1241484552973045762
1241484643771256833