1244006403620167680
1244006470519119880
1244006513053597697
1244006641948749824
1244006654728744961
1244006687922683904
1244006730175930369
1244006786589474816
1244006796408369154
1244006856248274944
1244006929766264834
1244007028470747137
1244007093516079105
1244007170741432321
1244007689966850048
1244007705255317511
1244008501162188803
1244010269652779012
1244010326145880064
1244010867789688838
1244012287670792194
1244013986871267328
1244014009646493696
1244014237262974976
1244014303805612032
1244014517790662659
1244014829037371392
1244014901992910848
1244015173091954688
1244015412758622209
1244015765684129794
1244015767726764035
1244016050401955842
1244016267255824385
1244016551348432896
1244017073061273600
1244017689745600514
1244018207964397568
1244018466299858947
1244019176794030081
1244019257123442688
1244019447863508993
1244019678055469056
1244020523664842752
1244020567663161345
1244020578639581184
1244020675679072257
1244020968629997580
1244021048334409728