1241575338511130625
1241575443171381248
1241575565183901697
1241575619470807040
1241575791390941185
1241575845849976833
1241575883846103040
1241576009427640321
1241576072262479872
1241576204144119819
1241576290576216064
1241577179374182402
1241577242485907459
1241577578663559169
1241577737875316739
1241577801754398720
1241577922114117634
1241578261756272640
1241578291074482177
1241578375656816642
1241578568162787329
1241578593592852481
1241578836346769408
1241578966886031360
1241579046627995651
1241579176047476736
1241579209983528961
1241579499910766592
1241579574992842752
1241579795068026881
1241580385621819393
1241580660961222662
1241581001727512578
1241581992015040512
1241582067982491648
1241582904645476352
1241582908504244225
1241582935775408128
1241582939126648833
1241583449401507842
1241584303139504129
1241584518353440771
1241584653842165766
1241584658355232768
1241584930595000326
1241585077425000449
1241585173566799872
1241585177601560582
1241585706666950658
1241585975035219969
1241586025933217793
1241586126319738880
1241586266061197312
1241586343437840384
1241586528557715456
1241586577752686592
1241586718035197952
1241586904232939520
1241587048596766720
1241587221154553856
1241587510209163264
1241587548046196736
1241587585027166208
1241587694687236096
1241587812153122816
1241587920164622336
1241588120258334720
1241588235773435905
1241588342132744195
1241588567073157120
1241588609167302657
1241588903036874752
1241588961354690562
1241588961698406400
1241589057743982592
1241589100332777472
1241590045040996352
1241590046312017922
1241590111151599618
1241590119540199424
1241590283030032385
1241590365750087681