1240729829491826689
1240730297077039105
1240730399975899138
1240730618243104768
1240730815157452808
1240730903439126530
1240730968882925576
1240731054442524672
1240731217793867779
1240731360437903375
1240731933690089472
1240731947644551168
1240732165714980866
1240732236103798788
1240732275093827584
1240732324947472392
1240732509979074560
1240732681840795650
1240733159857065984
1240733453605318662
1240733541622788104
1240733993684746240
1240734225327722496
1240734270924173324
1240734298711433222
1240734317619433476
1240734677985636358
1240734938338668546
1240734971939168258
1240735193847250945
1240735438496768003
1240735638682513409
1240735726871994368
1240735902592204800
1240735974277038080
1240736325382205440
1240736363621822468
1240736543259721730
1240736658535747584
1240736812471123969
1240737506733240321
1240737664409702400
1240737761222701056
1240738008351027211
1240738037690036225
1240738103993614336
1240738146847010816
1240738574296731648
1240738729741955076
1240739040195825664
1240739098874261508
1240739321080135680
1240739344907894785
1240739497408638982
1240740323770413069
1240740627366776833
1240741452709343232
1240741754359275520
1240743117889966082
1240743377257160704
1240744231267905544
1240744533303783424
1240744754356330497
1240744846513537025