1240805570682040325
1240805720653623297
1240805758272405506
1240805767193788416
1240805931316903936
1240806525645586433
1240806928785100800
1240806984145711104
1240807038210408454
1240807671646822400
1240807756505874432
1240807762126426112
1240807780912517120
1240807818640293889
1240808107388870658
1240808251542790144
1240808304844161030
1240809317416103942
1240809378313310208
1240809497985257473
1240809584354193408
1240809647180783616
1240809815187894280
1240809823425294336
1240809861287276544
1240809995546947584
1240810070792962048
1240810175805571072
1240810229454888962
1240810586746671104
1240810675104108554
1240810682594897921
1240811044001452034
1240811086229708800
1240811329058828289
1240811614284025856
1240811974314864640
1240812008443744256
1240812096821948417
1240812138161221635
1240812532979228672
1240812629490196480
1240812703645495299
1240812877067345920
1240812927227060225
1240813161881595904
1240813342241034240
1240813392677326848
1240813577092485122
1240813644549484545
1240813665345056768
1240813724153364480
1240813749100883968
1240813950545154055
1240814026617053184
1240814080278933506
1240814130757591042
1240814135144824835
1240814315298570242
1240814490716966912
1240814646879272960
1240815951307837440
1240815975676686341
1240816606957035520
1240817315442307072
1240817432853393409
1240817870503723014
1240818002234351616
1240818007594565633
1240818220824768512
1240818702892687360
1240819403249397761
1240819508048060416
1240819767797149697
1240819973846532097
1240820066016358401
1240820240025600001