1244444401742602241
1244444435284398080
1244444443798720512
1244444611713462273
1244444808967368704
1244444812859842565
1244444847009865730
1244444888122265600
1244444986483113984
1244445014580703234
1244445165806329857
1244445227546554371
1244445584444006400
1244445887067127808
1244445915986800641
1244446075865292803
1244446171805990912
1244446180404269061
1244446182828421120
1244446390568267779
1244446547225407488
1244446553122562050
1244446620818780167
1244446804848119819
1244446897407918081
1244446989632274435
1244447249536618496
1244447392629313536
1244447504999071745
1244447526750539777
1244447635697786882
1244447803595730945
1244447887368556544
1244447895744581634
1244447986215763969
1244448003689033728
1244448176511299584
1244448299861471232
1244448352726441987
1244448382543790082
1244448554032041984
1244448587624349696
1244448679852937221
1244448839479820290
1244448899529453572
1244448976725610496
1244449065737187328
1244449087312650241
1244449200521261056
1244449464192032769
1244449606324441088
1244449608799043586
1244449732610732033
1244449808443637766
1244449850017660932
1244449896914092034
1244450127064043520
1244450524851773440
1244450549191278593
1244450570301108224
1244450739507744768
1244450756230602755
1244450843417612288
1244450906923397120
1244450913059852290
1244450947125981187
1244450974673989633
1244451029023932419
1244451267486928896
1244451407970754561
1244451418704150528
1244451444293382145
1244451667820584960
1244451854123220992
1244451859214958593
1244451893209858048
1244452067625897986
1244452106897100802
1244452111774937089
1244452220021735425
1244452392147566602
1244452417661546496
1244452471990145024
1244452626407796737
1244452652467003392
1244452710008700930
1244452711220772865
1244452782599548929
1244452807006019586
1244453280865865728
1244453317733908480
1244453407433396237
1244453608122245121
1244453700992749569
1244453806814842881
1244453880718675969
1244453948699881473
1244454057454043136
1244454092392599552
1244454149456003077
1244454191814361088
1244454241386692608
1244454648792178689
1244454820074999808
1244454887477280768
1244455152440029189
1244455570242859008
1244455664484864001
1244455675381420032
1244455831094964224
1244455996006621186
1244456007511785472
1244456083206410241
1244456104379154433
1244456266803666945
1244456443949895680
1244456527710355456
1244456650494349323
1244456691954933761
1244456766437494785
1244457318143623168
1244457380164694016
1244457407792713730
1244457454752194561
1244457496846180353
1244457507302412289
1244457549719408640
1244457668124835840
1244457735413882880
1244457890511032321
1244457920361791490
1244457943971627009
1244458050041319425
1244458117540335616
1244458133864488960
1244458163073474560
1244458339850911744
1244458351997513733
1244458581333663747
1244458733901680643
1244458852034232321
1244459250216316928