1244293423449989126
1244293500331372545
1244293502982189057
1244293779252637696
1244293796831154176
1244293842913955845
1244293880763334658
1244293947909795840
1244294012409872387
1244294035784646657
1244294506003996673
1244294523360067585
1244294728063082502
1244294983403950085
1244295027469070337
1244295076236242944
1244295117873258498
1244295218851205120
1244295339978510338
1244295347909713922
1244295713917468672
1244295771979231234
1244295785061199875
1244295943987421185
1244295982055149573
1244296376227225601
1244296441901662208
1244296497899986959
1244296514828042240
1244296560885862402
1244296611746000897
1244296795611676674
1244296830285832192
1244296920639705099
1244297116991868929
1244297311896961029
1244297381253767173
1244297478121250817
1244297690655137792
1244297764608983041
1244297809358139392
1244297873690447872
1244297897832833025
1244297899065966594
1244297899527114754
1244297970352304128
1244297987221684224
1244298008063135744
1244298043630833665
1244298104419028995
1244298204948004864
1244298259549560832
1244298326570422272
1244298644846546947
1244298680531910659
1244298724446064640
1244298737658335235
1244298738111320066
1244298822135599104
1244299199262281734
1244299258095960064
1244299263858835457
1244299486068903937
1244299580700626944
1244299672031760390
1244299854131736576
1244300021132152836
1244300084537417731
1244300113310183424
1244300130079121408
1244300269166493698
1244300297855479809
1244300482383839233
1244300516202602500
1244300688550592512
1244300730334351360
1244300746876579840
1244300859930009600
1244301108077563904
1244301153858437121
1244301182543122433
1244301299694415873
1244301440891473922
1244301551272951811
1244301569157365760
1244301605668782080
1244301614908706816
1244301736921178112
1244301757376684033
1244301806659874821
1244302205693419520
1244302478314737669
1244302483150831619
1244302612712865803
1244302626084315139
1244302696976244737
1244302802060337152
1244302810440765442
1244303044063322112
1244303187810512897
1244303192453595136
1244303196073459712
1244303204571058176
1244303204575297537
1244303263152975872
1244303313652207617
1244303406195490817
1244303545622503424
1244303624542568448
1244303750229045248
1244303784341315585
1244303867103318019
1244303887147958272
1244304001207689219
1244304001362870274
1244304059986665473
1244304257504784386
1244304324190179328
1244304411620454400
1244304555774545920
1244304559629107200
1244304836205649927
1244304881172742147
1244304919563288579
1244305205383983109
1244305209691525120
1244305348028227586
1244305383373537282
1244305633102487555
1244305658696159234
1244305676471500800
1244305683098435585
1244305714312409088
1244305727256178688
1244305796608991232
1244305996438286336
1244306072422232068
1244306161974882304
1244306230949998592
1244306329562419205
1244306589403635715
1244306711353139200
1244306757524094978
1244306971223666688
1244307075871752193
1244307080061779968
1244307126828158976
1244307248035164161
1244307280423604225
1244307297905659911
1244307424057511937
1244307629834481670
1244307663036375041
1244307710566445057
1244307919056916481
1244307944134651906
1244308095758749698
1244308149831680001
1244308195797016581
1244308291699666946