1241167643983388672
1241167664543707136
1241167715194339329
1241167749629476865
1241167766243225601
1241168583926796288
1241168919110594566
1241169043739951104
1241169282270138369
1241169282769334272
1241169283209662466
1241169283490689032
1241169522788167680
1241169648583946242
1241169761616056320
1241169992382545920
1241170041724235776
1241170260612370432
1241170272595726338
1241170462018805761
1241170688070877184
1241170773018136576
1241170876709494784
1241171699749531648
1241171837947531264
1241171928532090882
1241172008924090368
1241172323908157441
1241175068778127360
1241175198398918659
1241175729859178496
1241175750876647426
1241176321721434113
1241176506182668288
1241176694381133824
1241176722516496384
1241176820801658885
1241176892205600769
1241177457451053056
1241177558940450817
1241177647528292352
1241178020846723072
1241178355367632897
1241178458589298689
1241178509881397248
1241178540822810624
1241179075676274688
1241179102423457795
1241179235512758272
1241179375279599616
1241179487460524032
1241179902608637954
1241180088487612416
1241180130342387713
1241180138794082304
1241180643784089600
1241180809664630790
1241180817826680840
1241180831030394881
1241181371457929217
1241181634579369986
1241181737394323457
1241181874812334080
1241181883083427841
1241181975773208576
1241182046384513029
1241182067888738305
1241182093196984321
1241182122087514112
1241182143381770241
1241182172645474304
1241182332540854278
1241182605065752579